filename,label
train/0.jpg,(0+0)+9=9
train/1.jpg,9*8+6=78
train/2.jpg,1+7+0=8
train/3.jpg,5+4+9=18
train/4.jpg,7-(1*7)=0
train/5.jpg,4-1+0=3
train/6.jpg,(0*7)+0=0
train/7.jpg,(2*8)*8=128
train/8.jpg,(4+9)*4=52
train/9.jpg,3+8+8=19
train/10.jpg,(6+2)+0=8
train/11.jpg,(1*4)-8=-4
train/12.jpg,1-(0-8)=9
train/13.jpg,6+(7*2)=20
train/14.jpg,1+7*3=22
train/15.jpg,(7+2)+2=11
train/16.jpg,6*1-6=0
train/17.jpg,(6*3)*8=144
train/18.jpg,(6+5)*5=55
train/19.jpg,2-(8+0)=-6
train/20.jpg,(4-5)+9=8
train/21.jpg,8+9+8=25
train/22.jpg,4-6*5=-26
train/23.jpg,7-(8+7)=-8
train/24.jpg,3*(1+9)=30
train/25.jpg,5*9-4=41
train/26.jpg,(7*8)+3=59
train/27.jpg,(0*3)-2=-2
train/28.jpg,(9-5)*0=0
train/29.jpg,1*1*0=0
train/30.jpg,(4-5)+2=1
train/31.jpg,4-(6+3)=-5
train/32.jpg,1*2*3=6
train/33.jpg,(0*3)*0=0
train/34.jpg,8-5-6=-3
train/35.jpg,8-(1+9)=-2
train/36.jpg,1*3*5=15
train/37.jpg,3*1-9=-6
train/38.jpg,(5-2)-1=2
train/39.jpg,9+8*0=9
train/40.jpg,(7+3)+4=14
train/41.jpg,(1-8)-0=-7
train/42.jpg,7+(3-0)=10
train/43.jpg,5-(8-3)=0
train/44.jpg,(5-5)*3=0
train/45.jpg,(4-5)*3=-3
train/46.jpg,(1-8)+3=-4
train/47.jpg,7-1+5=11
train/48.jpg,3-3+3=3
train/49.jpg,(1*3)-9=-6
train/50.jpg,5-(9-6)=2
train/51.jpg,(5-2)*6=18
train/52.jpg,4*5+0=20
train/53.jpg,(6-8)+9=7
train/54.jpg,8*(6+5)=88
train/55.jpg,5+6-6=5
train/56.jpg,(0+5)+8=13
train/57.jpg,7-(7-8)=8
train/58.jpg,(0+8)*2=16
train/59.jpg,2-(4+0)=-2
train/60.jpg,(8-0)+9=17
train/61.jpg,1+(2*2)=5
train/62.jpg,3+5-2=6
train/63.jpg,9-4-5=0
train/64.jpg,(6+5)+5=16
train/65.jpg,6+7-9=4
train/66.jpg,3+(3-2)=4
train/67.jpg,8-(8+7)=-7
train/68.jpg,3+(2+5)=10
train/69.jpg,1+3*3=10
train/70.jpg,0*2-8=-8
train/71.jpg,1+(2-4)=-1
train/72.jpg,3-7+6=2
train/73.jpg,(3+4)-4=3
train/74.jpg,(0*7)+4=4
train/75.jpg,(3-2)+0=1
train/76.jpg,2-(5+4)=-7
train/77.jpg,6-3+8=11
train/78.jpg,1*(8*7)=56
train/79.jpg,3+(1*8)=11
train/80.jpg,3*8-2=22
train/81.jpg,1+9-0=10
train/82.jpg,(4+8)-3=9
train/83.jpg,(6-3)*6=18
train/84.jpg,(2*3)*9=54
train/85.jpg,9+3+7=19
train/86.jpg,8+(4+7)=19
train/87.jpg,(2-1)-0=1
train/88.jpg,5*(6-8)=-10
train/89.jpg,5+4+8=17
train/90.jpg,1+(6+3)=10
train/91.jpg,(3*0)-0=0
train/92.jpg,(0+6)-8=-2
train/93.jpg,0-(4*4)=-16
train/94.jpg,7+6*6=43
train/95.jpg,(1-7)*7=-42
train/96.jpg,(4-6)-1=-3
train/97.jpg,1+1*5=6
train/98.jpg,0+(8+8)=16
train/99.jpg,8*3*7=168
train/100.jpg,3*1*8=24
train/101.jpg,(1+6)*0=0
train/102.jpg,9+8-8=9
train/103.jpg,(7*0)+4=4
train/104.jpg,(8+9)*5=85
train/105.jpg,(0-8)*4=-32
train/106.jpg,(8+4)+0=12
train/107.jpg,5*(8-4)=20
train/108.jpg,9-(1-4)=12
train/109.jpg,1-1*2=-1
train/110.jpg,0+(2+7)=9
train/111.jpg,4*6*5=120
train/112.jpg,0-(8-9)=1
train/113.jpg,1*3*7=21
train/114.jpg,5*7+2=37
train/115.jpg,4*(6+9)=60
train/116.jpg,6+4+2=12
train/117.jpg,7+(5-7)=5
train/118.jpg,5*8+3=43
train/119.jpg,5*(5*8)=200
train/120.jpg,7+(1*1)=8
train/121.jpg,6*9+4=58
train/122.jpg,(8+9)-8=9
train/123.jpg,(1-8)-4=-11
train/124.jpg,(2+6)*9=72
train/125.jpg,1-2*0=1
train/126.jpg,4*9+9=45
train/127.jpg,7*(0*0)=0
train/128.jpg,2*(7-6)=2
train/129.jpg,3*7+3=24
train/130.jpg,6-(0*0)=6
train/131.jpg,7*(1*8)=56
train/132.jpg,0+(5-3)=2
train/133.jpg,(0*9)+8=8
train/134.jpg,2*(7-1)=12
train/135.jpg,6-(1+8)=-3
train/136.jpg,0+(9*1)=9
train/137.jpg,6+4-5=5
train/138.jpg,9*0*9=0
train/139.jpg,1*7+6=13
train/140.jpg,6*8-6=42
train/141.jpg,8+(0*4)=8
train/142.jpg,(9-3)-6=0
train/143.jpg,9-(4*3)=-3
train/144.jpg,4-5*3=-11
train/145.jpg,7+7+7=21
train/146.jpg,(1-9)+6=-2
train/147.jpg,(1*7)*4=28
train/148.jpg,(4-2)-0=2
train/149.jpg,(7+8)+1=16
train/150.jpg,5-(2+6)=-3
train/151.jpg,(6+3)+7=16
train/152.jpg,4*(5-9)=-16
train/153.jpg,0-(2-2)=0
train/154.jpg,(2-6)*2=-8
train/155.jpg,6-4+6=8
train/156.jpg,6+(1*9)=15
train/157.jpg,1+(7-3)=5
train/158.jpg,(0*5)-8=-8
train/159.jpg,3*4+0=12
train/160.jpg,1+4*2=9
train/161.jpg,1*2+2=4
train/162.jpg,(6*6)*6=216
train/163.jpg,5-1*4=1
train/164.jpg,(3*0)+0=0
train/165.jpg,5*6-0=30
train/166.jpg,9*7*3=189
train/167.jpg,8+(9+9)=26
train/168.jpg,1+7+3=11
train/169.jpg,(9+1)-9=1
train/170.jpg,6-6-8=-8
train/171.jpg,(8*6)+7=55
train/172.jpg,(9-1)+0=8
train/173.jpg,(7*0)*7=0
train/174.jpg,1-(2*4)=-7
train/175.jpg,5*(5*1)=25
train/176.jpg,(9*7)*7=441
train/177.jpg,1-(8+3)=-10
train/178.jpg,4-2*6=-8
train/179.jpg,4+8-7=5
train/180.jpg,(0*9)+9=9
train/181.jpg,3-6*7=-39
train/182.jpg,6+(6-5)=7
train/183.jpg,(1*1)*8=8
train/184.jpg,(5+3)+7=15
train/185.jpg,(5+5)+8=18
train/186.jpg,(8-6)-5=-3
train/187.jpg,3+(4*5)=23
train/188.jpg,(3+7)+2=12
train/189.jpg,9-3*4=-3
train/190.jpg,0+(2+0)=2
train/191.jpg,(3-1)*3=6
train/192.jpg,(4*9)-6=30
train/193.jpg,1*(7*5)=35
train/194.jpg,6+5*3=21
train/195.jpg,4-(5*1)=-1
train/196.jpg,(5-3)+4=6
train/197.jpg,(2-1)+8=9
train/198.jpg,1+6+0=7
train/199.jpg,9*(0-0)=0
train/200.jpg,7+2-1=8
train/201.jpg,9+(7-9)=7
train/202.jpg,4*4-3=13
train/203.jpg,6+3*7=27
train/204.jpg,4-(4*2)=-4
train/205.jpg,(0*7)*7=0
train/206.jpg,2*(8*8)=128
train/207.jpg,(3*7)-6=15
train/208.jpg,0+(0*0)=0
train/209.jpg,2-(7+7)=-12
train/210.jpg,4*(0+4)=16
train/211.jpg,(6+3)+3=12
train/212.jpg,(9-3)-3=3
train/213.jpg,5-(8-3)=0
train/214.jpg,4-(3*3)=-5
train/215.jpg,6*(8*3)=144
train/216.jpg,1-(5+3)=-7
train/217.jpg,(2*9)-3=15
train/218.jpg,6+8*4=38
train/219.jpg,(1+6)-3=4
train/220.jpg,2-1-3=-2
train/221.jpg,5-8*2=-11
train/222.jpg,8+(1+2)=11
train/223.jpg,2-(4+1)=-3
train/224.jpg,8-(0-3)=11
train/225.jpg,5-(8*3)=-19
train/226.jpg,(9-5)*4=16
train/227.jpg,4*8-0=32
train/228.jpg,9*8-3=69
train/229.jpg,2*2-3=1
train/230.jpg,(3+9)*4=48
train/231.jpg,(2*1)+1=3
train/232.jpg,(8-9)-5=-6
train/233.jpg,(8*6)*7=336
train/234.jpg,(9*5)-2=43
train/235.jpg,4+8-0=12
train/236.jpg,1*(2*3)=6
train/237.jpg,(6+5)-1=10
train/238.jpg,7*6-7=35
train/239.jpg,4*(2-0)=8
train/240.jpg,2+(7*7)=51
train/241.jpg,(7-0)+4=11
train/242.jpg,(6-6)+2=2
train/243.jpg,8-(0*9)=8
train/244.jpg,(5+3)*8=64
train/245.jpg,6-7-3=-4
train/246.jpg,2*(1*1)=2
train/247.jpg,2+(9-4)=7
train/248.jpg,0*4-0=0
train/249.jpg,5*2-1=9
train/250.jpg,6-9+4=1
train/251.jpg,(9*0)*9=0
train/252.jpg,(1-3)-9=-11
train/253.jpg,9+(4*4)=25
train/254.jpg,(2*8)+1=17
train/255.jpg,(8*0)-7=-7
train/256.jpg,0+1*8=8
train/257.jpg,4+(3-5)=2
train/258.jpg,6+8*6=54
train/259.jpg,6*7-1=41
train/260.jpg,7+(8*7)=63
train/261.jpg,7+(6*7)=49
train/262.jpg,1*7+6=13
train/263.jpg,(4+1)*8=40
train/264.jpg,7+(6*8)=55
train/265.jpg,1*(0*5)=0
train/266.jpg,(6-9)*1=-3
train/267.jpg,8+(5*5)=33
train/268.jpg,9+6*0=9
train/269.jpg,(4*0)+5=5
train/270.jpg,8-4+4=8
train/271.jpg,1-6*8=-47
train/272.jpg,7+9+0=16
train/273.jpg,5*(7*0)=0
train/274.jpg,5*8-8=32
train/275.jpg,4+1+7=12
train/276.jpg,0*3-3=-3
train/277.jpg,(1*8)-9=-1
train/278.jpg,(5*9)*4=180
train/279.jpg,8*8*1=64
train/280.jpg,(0-7)-6=-13
train/281.jpg,2*3*4=24
train/282.jpg,4+5-5=4
train/283.jpg,2*(9+5)=28
train/284.jpg,7-8*1=-1
train/285.jpg,(5*6)-1=29
train/286.jpg,6-(6*6)=-30
train/287.jpg,1+(3-5)=-1
train/288.jpg,1*5+6=11
train/289.jpg,5*2-3=7
train/290.jpg,5-4-6=-5
train/291.jpg,4*(8*2)=64
train/292.jpg,4-1-5=-2
train/293.jpg,0-(3-9)=6
train/294.jpg,(0+2)*0=0
train/295.jpg,7-(6-3)=4
train/296.jpg,4+(0+3)=7
train/297.jpg,2-(1-1)=2
train/298.jpg,(0-9)-7=-16
train/299.jpg,4+6+2=12
train/300.jpg,1*9-9=0
train/301.jpg,7+5+8=20
train/302.jpg,(7-2)-2=3
train/303.jpg,8+(2+0)=10
train/304.jpg,(0*8)+8=8
train/305.jpg,(1+1)*6=12
train/306.jpg,(0-8)-8=-16
train/307.jpg,(6*7)-5=37
train/308.jpg,9+2+2=13
train/309.jpg,3+(8-8)=3
train/310.jpg,0*(8+3)=0
train/311.jpg,0*(6*2)=0
train/312.jpg,(5*5)+8=33
train/313.jpg,2-1+3=4
train/314.jpg,0*2-8=-8
train/315.jpg,(1+0)+9=10
train/316.jpg,(1*5)-5=0
train/317.jpg,2+6*4=26
train/318.jpg,6+(1+2)=9
train/319.jpg,6-0+2=8
train/320.jpg,(3-3)-5=-5
train/321.jpg,(3-9)+6=0
train/322.jpg,(5+3)+3=11
train/323.jpg,2*(8+5)=26
train/324.jpg,(4*7)-1=27
train/325.jpg,7+(2+4)=13
train/326.jpg,2-(8+4)=-10
train/327.jpg,(4*7)-3=25
train/328.jpg,(3-4)*6=-6
train/329.jpg,(2-4)+5=3
train/330.jpg,(8*4)*7=224
train/331.jpg,(9-2)+9=16
train/332.jpg,2*(8+9)=34
train/333.jpg,3+9-5=7
train/334.jpg,9*(0+1)=9
train/335.jpg,2-(3-6)=5
train/336.jpg,3+6+1=10
train/337.jpg,(9*0)-3=-3
train/338.jpg,3+(4+1)=8
train/339.jpg,(5+0)*2=10
train/340.jpg,(5*5)+7=32
train/341.jpg,(2*2)*4=16
train/342.jpg,(3+6)-9=0
train/343.jpg,0*9+8=8
train/344.jpg,3+(9*7)=66
train/345.jpg,2*(4-9)=-10
train/346.jpg,3*2+2=8
train/347.jpg,7-1-9=-3
train/348.jpg,3+7*5=38
train/349.jpg,0*(7*2)=0
train/350.jpg,3-(2-9)=10
train/351.jpg,(1+7)+1=9
train/352.jpg,4*4*4=64
train/353.jpg,5*(8*0)=0
train/354.jpg,9*7-5=58
train/355.jpg,(6*2)*9=108
train/356.jpg,3-6*6=-33
train/357.jpg,9-3+3=9
train/358.jpg,3*0-6=-6
train/359.jpg,(8-6)-5=-3
train/360.jpg,8+4-6=6
train/361.jpg,4-8+5=1
train/362.jpg,3-1+4=6
train/363.jpg,7*(9-9)=0
train/364.jpg,6+3-0=9
train/365.jpg,0*2+4=4
train/366.jpg,(0*4)-1=-1
train/367.jpg,(1-5)-6=-10
train/368.jpg,3*8-0=24
train/369.jpg,(3-5)-8=-10
train/370.jpg,(7*1)+8=15
train/371.jpg,(1+7)-7=1
train/372.jpg,2-3*2=-4
train/373.jpg,3+4*5=23
train/374.jpg,(5+6)-2=9
train/375.jpg,(7+5)+0=12
train/376.jpg,1-(0-5)=6
train/377.jpg,8-1*3=5
train/378.jpg,4+3-1=6
train/379.jpg,2+(5+4)=11
train/380.jpg,0+(2+9)=11
train/381.jpg,(6+9)-4=11
train/382.jpg,(0*7)-3=-3
train/383.jpg,9-(3*2)=3
train/384.jpg,3*0*8=0
train/385.jpg,(1-1)*7=0
train/386.jpg,1-3+5=3
train/387.jpg,4*(3-4)=-4
train/388.jpg,3-(9+5)=-11
train/389.jpg,(6-3)+8=11
train/390.jpg,2-(6+2)=-6
train/391.jpg,3+(0+5)=8
train/392.jpg,7-(3*5)=-8
train/393.jpg,(5+2)*0=0
train/394.jpg,(0-4)*8=-32
train/395.jpg,5-9+3=-1
train/396.jpg,8*4*1=32
train/397.jpg,9+(0-8)=1
train/398.jpg,(9-1)*9=72
train/399.jpg,2*8+3=19
train/400.jpg,9*1*8=72
train/401.jpg,9+(0-1)=8
train/402.jpg,6*(9+1)=60
train/403.jpg,(3*9)+3=30
train/404.jpg,6+4*1=10
train/405.jpg,6+4*5=26
train/406.jpg,4-(0+1)=3
train/407.jpg,(9*0)+5=5
train/408.jpg,6-(5-2)=3
train/409.jpg,3*9+3=30
train/410.jpg,6+(0-3)=3
train/411.jpg,2*(7+6)=26
train/412.jpg,(6+9)*7=105
train/413.jpg,3+8-7=4
train/414.jpg,(3-2)-8=-7
train/415.jpg,8+(3+6)=17
train/416.jpg,6-2*1=4
train/417.jpg,1*(4-0)=4
train/418.jpg,4-6-4=-6
train/419.jpg,0-0-9=-9
train/420.jpg,1+4+5=10
train/421.jpg,(0+6)-5=1
train/422.jpg,2-(1*1)=1
train/423.jpg,6*3+9=27
train/424.jpg,(1*2)+6=8
train/425.jpg,(1-1)+7=7
train/426.jpg,(5+0)+5=10
train/427.jpg,5*0-6=-6
train/428.jpg,(4*8)*8=256
train/429.jpg,4*(6*5)=120
train/430.jpg,(7-2)*8=40
train/431.jpg,2*4*8=64
train/432.jpg,(0+9)*5=45
train/433.jpg,7*(2+3)=35
train/434.jpg,3+(1+9)=13
train/435.jpg,6+7+6=19
train/436.jpg,(7*4)*7=196
train/437.jpg,(7-3)-6=-2
train/438.jpg,8+(0+1)=9
train/439.jpg,0*0-3=-3
train/440.jpg,(1*9)*0=0
train/441.jpg,7*9-3=60
train/442.jpg,5*0+4=4
train/443.jpg,6*9*2=108
train/444.jpg,(8*7)+1=57
train/445.jpg,5+8+4=17
train/446.jpg,8-(1+0)=7
train/447.jpg,2-9*2=-16
train/448.jpg,(3+5)+9=17
train/449.jpg,(4-5)*6=-6
train/450.jpg,0-(7*6)=-42
train/451.jpg,(7*5)*3=105
train/452.jpg,0-4*8=-32
train/453.jpg,9-(9-0)=0
train/454.jpg,7-(0*4)=7
train/455.jpg,0*(7+6)=0
train/456.jpg,(2-3)-6=-7
train/457.jpg,(3*9)+4=31
train/458.jpg,2+(3+5)=10
train/459.jpg,5*(8+4)=60
train/460.jpg,1*(6+9)=15
train/461.jpg,(6-7)*4=-4
train/462.jpg,4+(4*5)=24
train/463.jpg,(1+3)*7=28
train/464.jpg,3-(2-2)=3
train/465.jpg,8-9*0=8
train/466.jpg,(0-1)+6=5
train/467.jpg,8-(0-9)=17
train/468.jpg,4*(6+4)=40
train/469.jpg,(3-0)-2=1
train/470.jpg,9+(1*9)=18
train/471.jpg,7+1-6=2
train/472.jpg,(1-3)+5=3
train/473.jpg,3*(4*7)=84
train/474.jpg,0*(2*1)=0
train/475.jpg,(0*6)*3=0
train/476.jpg,0*9+1=1
train/477.jpg,(7+1)-1=7
train/478.jpg,2*(7-3)=8
train/479.jpg,3*(3-4)=-3
train/480.jpg,0-(7*1)=-7
train/481.jpg,(3*1)*8=24
train/482.jpg,(3-1)-2=0
train/483.jpg,9-(8+8)=-7
train/484.jpg,(7*7)-2=47
train/485.jpg,(9*5)-0=45
train/486.jpg,8-6*0=8
train/487.jpg,0-(5+8)=-13
train/488.jpg,(0*3)*9=0
train/489.jpg,(8+1)*0=0
train/490.jpg,8*(4-0)=32
train/491.jpg,0-(8*5)=-40
train/492.jpg,(2*1)+4=6
train/493.jpg,(2*3)+6=12
train/494.jpg,6-(4-5)=7
train/495.jpg,(4+0)+9=13
train/496.jpg,3+2*7=17
train/497.jpg,4+(9*3)=31
train/498.jpg,(6+8)+3=17
train/499.jpg,(6*9)-0=54
train/500.jpg,(3-9)+1=-5
train/501.jpg,(3-1)+7=9
train/502.jpg,2*0-6=-6
train/503.jpg,5+(6+4)=15
train/504.jpg,7*(2+6)=56
train/505.jpg,(6*4)*5=120
train/506.jpg,(2-4)-3=-5
train/507.jpg,4-(6*4)=-20
train/508.jpg,5+(1+0)=6
train/509.jpg,(1+2)*0=0
train/510.jpg,(4*7)-2=26
train/511.jpg,7*(2+2)=28
train/512.jpg,2+5-9=-2
train/513.jpg,5-(2-4)=7
train/514.jpg,(2+6)-1=7
train/515.jpg,(4+5)+1=10
train/516.jpg,(2+6)-8=0
train/517.jpg,9+7+7=23
train/518.jpg,9-(4+5)=0
train/519.jpg,2*9*5=90
train/520.jpg,(1*4)*7=28
train/521.jpg,(7*5)-5=30
train/522.jpg,7-(5*3)=-8
train/523.jpg,(0*5)*6=0
train/524.jpg,1*(8*1)=8
train/525.jpg,(4+1)*4=20
train/526.jpg,0+6+2=8
train/527.jpg,7-7-5=-5
train/528.jpg,(1-8)*2=-14
train/529.jpg,(7*0)+1=1
train/530.jpg,3*8-2=22
train/531.jpg,4+(0*8)=4
train/532.jpg,5-(2-2)=5
train/533.jpg,4-3-4=-3
train/534.jpg,8+7-0=15
train/535.jpg,(5*5)-3=22
train/536.jpg,9-3*4=-3
train/537.jpg,(7*9)*2=126
train/538.jpg,(0-2)+5=3
train/539.jpg,(6-5)-5=-4
train/540.jpg,0*2+4=4
train/541.jpg,6*7+2=44
train/542.jpg,(9+2)+4=15
train/543.jpg,0*(6*9)=0
train/544.jpg,5*4+3=23
train/545.jpg,8+1+1=10
train/546.jpg,8-0+5=13
train/547.jpg,5*(0*6)=0
train/548.jpg,5*(1-2)=-5
train/549.jpg,5*(1*2)=10
train/550.jpg,4+5+4=13
train/551.jpg,1*(5-4)=1
train/552.jpg,(1+8)*5=45
train/553.jpg,(7+6)+9=22
train/554.jpg,4-6+8=6
train/555.jpg,8+5+3=16
train/556.jpg,(6-5)-0=1
train/557.jpg,6*2+9=21
train/558.jpg,2*9*6=108
train/559.jpg,(1*7)*1=7
train/560.jpg,7*4-3=25
train/561.jpg,5+(7*7)=54
train/562.jpg,(0*3)*7=0
train/563.jpg,2+(2-1)=3
train/564.jpg,(8+0)-4=4
train/565.jpg,(0+8)*3=24
train/566.jpg,5-(4-1)=2
train/567.jpg,(7+1)*1=8
train/568.jpg,2-(8*2)=-14
train/569.jpg,4-(4*2)=-4
train/570.jpg,(0+6)*7=42
train/571.jpg,8*1-8=0
train/572.jpg,(0+2)+3=5
train/573.jpg,(2-3)+1=0
train/574.jpg,(9+3)+6=18
train/575.jpg,(4*8)-2=30
train/576.jpg,(3-1)*8=16
train/577.jpg,7*2-1=13
train/578.jpg,1+4-0=5
train/579.jpg,3+(0-4)=-1
train/580.jpg,1+7*3=22
train/581.jpg,(6*0)+2=2
train/582.jpg,8+9*1=17
train/583.jpg,3*5-3=12
train/584.jpg,7-(7+6)=-6
train/585.jpg,8*(6*6)=288
train/586.jpg,3-(5*3)=-12
train/587.jpg,8+(1+4)=13
train/588.jpg,(9-3)+7=13
train/589.jpg,6+(9+6)=21
train/590.jpg,(8-7)*7=7
train/591.jpg,1*1*6=6
train/592.jpg,(1+6)*3=21
train/593.jpg,(9-9)+3=3
train/594.jpg,6-(2-1)=5
train/595.jpg,0-3*0=0
train/596.jpg,(5+1)-4=2
train/597.jpg,(5-5)*9=0
train/598.jpg,(3*9)*2=54
train/599.jpg,(4*7)-5=23
train/600.jpg,8+2*2=12
train/601.jpg,1*8-1=7
train/602.jpg,9-1-2=6
train/603.jpg,(4-2)-1=1
train/604.jpg,4-7*2=-10
train/605.jpg,9+(0*9)=9
train/606.jpg,(3*9)+9=36
train/607.jpg,0*1*0=0
train/608.jpg,(0*7)-7=-7
train/609.jpg,(1*4)*5=20
train/610.jpg,1-2*4=-7
train/611.jpg,(3*7)+6=27
train/612.jpg,(0-3)*8=-24
train/613.jpg,3+4*3=15
train/614.jpg,(0-3)*1=-3
train/615.jpg,8-3-6=-1
train/616.jpg,(9+9)-8=10
train/617.jpg,(6*5)*0=0
train/618.jpg,7-1+5=11
train/619.jpg,(9-4)+0=5
train/620.jpg,(6+0)-3=3
train/621.jpg,(5+5)-2=8
train/622.jpg,(3*4)*4=48
train/623.jpg,5-4*1=1
train/624.jpg,8+(4+0)=12
train/625.jpg,5-(0-0)=5
train/626.jpg,3+2*0=3
train/627.jpg,2*8*2=32
train/628.jpg,(5-7)*7=-14
train/629.jpg,(1-6)-9=-14
train/630.jpg,7-(5-2)=4
train/631.jpg,0*1-9=-9
train/632.jpg,1*(2*9)=18
train/633.jpg,1+3*4=13
train/634.jpg,(1-6)-2=-7
train/635.jpg,1+4+0=5
train/636.jpg,1+1+7=9
train/637.jpg,(7*3)+7=28
train/638.jpg,8*(4+9)=104
train/639.jpg,2+(5*2)=12
train/640.jpg,4-4-6=-6
train/641.jpg,2-(8+4)=-10
train/642.jpg,1+0-8=-7
train/643.jpg,0-(2*5)=-10
train/644.jpg,(8+9)+2=19
train/645.jpg,3*(9+5)=42
train/646.jpg,3+(8*3)=27
train/647.jpg,3+(0+2)=5
train/648.jpg,(5-1)+5=9
train/649.jpg,4-(5*6)=-26
train/650.jpg,5-2+3=6
train/651.jpg,(4+0)+4=8
train/652.jpg,0*(4*6)=0
train/653.jpg,7-3-3=1
train/654.jpg,1*(1-7)=-6
train/655.jpg,8-(5+5)=-2
train/656.jpg,1+(9-2)=8
train/657.jpg,5*(3-8)=-25
train/658.jpg,5*(4+6)=50
train/659.jpg,(8*2)-5=11
train/660.jpg,9*(2-2)=0
train/661.jpg,0*2+7=7
train/662.jpg,(1*3)-0=3
train/663.jpg,3+(7+2)=12
train/664.jpg,0*(4-6)=0
train/665.jpg,8*(1+1)=16
train/666.jpg,(4-6)*6=-12
train/667.jpg,5*8-7=33
train/668.jpg,(8*6)*5=240
train/669.jpg,3+(1+4)=8
train/670.jpg,8+1-3=6
train/671.jpg,0-1*2=-2
train/672.jpg,8*6*4=192
train/673.jpg,3+7+0=10
train/674.jpg,1*6+7=13
train/675.jpg,1-4+9=6
train/676.jpg,(1-3)*1=-2
train/677.jpg,4-6+7=5
train/678.jpg,(3+0)*8=24
train/679.jpg,(1-6)+5=0
train/680.jpg,(4*0)*0=0
train/681.jpg,(0-1)-7=-8
train/682.jpg,(0-2)-1=-3
train/683.jpg,8+7*9=71
train/684.jpg,8*8*6=384
train/685.jpg,3*(5-9)=-12
train/686.jpg,3-0+8=11
train/687.jpg,7+(3-1)=9
train/688.jpg,0-6*1=-6
train/689.jpg,0+(9-0)=9
train/690.jpg,(1*3)-0=3
train/691.jpg,7-(5-1)=3
train/692.jpg,7+8+2=17
train/693.jpg,6+(2*6)=18
train/694.jpg,5-0+4=9
train/695.jpg,4-9-8=-13
train/696.jpg,6*0-0=0
train/697.jpg,1-6+8=3
train/698.jpg,5+8-8=5
train/699.jpg,9-4*9=-27
train/700.jpg,7-(8*9)=-65
train/701.jpg,(6+5)*9=99
train/702.jpg,8*6-5=43
train/703.jpg,(6*5)+3=33
train/704.jpg,(5-7)*3=-6
train/705.jpg,(0-0)-8=-8
train/706.jpg,4*5*3=60
train/707.jpg,(1-5)*6=-24
train/708.jpg,(9-3)-1=5
train/709.jpg,4*(8+6)=56
train/710.jpg,9-(9+0)=0
train/711.jpg,5-8-0=-3
train/712.jpg,(8*3)*0=0
train/713.jpg,(2-6)+0=-4
train/714.jpg,(2*5)+4=14
train/715.jpg,9-2+3=10
train/716.jpg,(4-2)*9=18
train/717.jpg,(5-9)+8=4
train/718.jpg,(1+6)-2=5
train/719.jpg,(4+9)*3=39
train/720.jpg,7-(8*4)=-25
train/721.jpg,3*4-8=4
train/722.jpg,(5-0)+7=12
train/723.jpg,4*4+4=20
train/724.jpg,6*3+8=26
train/725.jpg,1+(7-6)=2
train/726.jpg,2*4+2=10
train/727.jpg,(2-7)-0=-5
train/728.jpg,(8*5)+5=45
train/729.jpg,2-(9-4)=-3
train/730.jpg,9+(4*7)=37
train/731.jpg,(6-5)+2=3
train/732.jpg,(8*9)-6=66
train/733.jpg,8+1*5=13
train/734.jpg,(1-7)*5=-30
train/735.jpg,(9+7)-0=16
train/736.jpg,(5+3)*8=64
train/737.jpg,0*(8*9)=0
train/738.jpg,7+(1*6)=13
train/739.jpg,4*(9-4)=20
train/740.jpg,9-3-6=0
train/741.jpg,(6+3)+1=10
train/742.jpg,1-6*6=-35
train/743.jpg,5-(2+8)=-5
train/744.jpg,0*2-8=-8
train/745.jpg,5+7-7=5
train/746.jpg,7-7+6=6
train/747.jpg,7*1*0=0
train/748.jpg,8*(0*8)=0
train/749.jpg,0-(5+0)=-5
train/750.jpg,4-8+1=-3
train/751.jpg,0-(5-6)=1
train/752.jpg,4*1-9=-5
train/753.jpg,(9-0)+7=16
train/754.jpg,(0*3)-4=-4
train/755.jpg,(3+0)*9=27
train/756.jpg,(1-1)-7=-7
train/757.jpg,8-(9*3)=-19
train/758.jpg,3+(1-3)=1
train/759.jpg,2+(2+4)=8
train/760.jpg,0+(2*4)=8
train/761.jpg,(3-5)+9=7
train/762.jpg,7-6*7=-35
train/763.jpg,(9-1)*1=8
train/764.jpg,1*(5*7)=35
train/765.jpg,4+(8*1)=12
train/766.jpg,6-8-9=-11
train/767.jpg,(4-1)-9=-6
train/768.jpg,(4-8)-6=-10
train/769.jpg,5-4+5=6
train/770.jpg,5+(0*0)=5
train/771.jpg,3+(5-7)=1
train/772.jpg,5+6*7=47
train/773.jpg,3+0-3=0
train/774.jpg,(3-1)+7=9
train/775.jpg,(4-1)*7=21
train/776.jpg,4-(6+5)=-7
train/777.jpg,0+2*7=14
train/778.jpg,5*2-0=10
train/779.jpg,(2-5)-1=-4
train/780.jpg,7+(0-5)=2
train/781.jpg,(7+1)*7=56
train/782.jpg,9-2*1=7
train/783.jpg,4+7+8=19
train/784.jpg,9-1-5=3
train/785.jpg,7+0-8=-1
train/786.jpg,9*7+2=65
train/787.jpg,6-(8*4)=-26
train/788.jpg,8+0-9=-1
train/789.jpg,2+(0-8)=-6
train/790.jpg,3+(4*1)=7
train/791.jpg,5+8-9=4
train/792.jpg,(0*5)-6=-6
train/793.jpg,0*0+0=0
train/794.jpg,(1*8)-1=7
train/795.jpg,(3-0)*8=24
train/796.jpg,6-(1+6)=-1
train/797.jpg,4+(0-6)=-2
train/798.jpg,3+(6-6)=3
train/799.jpg,5-(7-0)=-2
train/800.jpg,6+4+3=13
train/801.jpg,5*(0*6)=0
train/802.jpg,9*(7+2)=81
train/803.jpg,5+(9+4)=18
train/804.jpg,2*9*9=162
train/805.jpg,9-5-6=-2
train/806.jpg,(7*4)-2=26
train/807.jpg,4-1*6=-2
train/808.jpg,1-9+3=-5
train/809.jpg,7-2+6=11
train/810.jpg,(4+4)*1=8
train/811.jpg,6+(8*7)=62
train/812.jpg,9*(5*9)=405
train/813.jpg,(7*5)+6=41
train/814.jpg,3*1+7=10
train/815.jpg,3+8*6=51
train/816.jpg,(6*3)-8=10
train/817.jpg,(1+9)*7=70
train/818.jpg,8*(8+3)=88
train/819.jpg,(4+4)-3=5
train/820.jpg,1*5-2=3
train/821.jpg,9-(3*7)=-12
train/822.jpg,7*5+9=44
train/823.jpg,3*4*1=12
train/824.jpg,5+(6-4)=7
train/825.jpg,(9-6)+2=5
train/826.jpg,6-(6*2)=-6
train/827.jpg,7-5-8=-6
train/828.jpg,0*3-0=0
train/829.jpg,0+(2+8)=10
train/830.jpg,1+9-9=1
train/831.jpg,(4*6)+6=30
train/832.jpg,(5*8)*3=120
train/833.jpg,(1-2)-4=-5
train/834.jpg,3*1*7=21
train/835.jpg,0+(2*2)=4
train/836.jpg,0-3+6=3
train/837.jpg,(2*9)+5=23
train/838.jpg,1+(2-7)=-4
train/839.jpg,2*(3+4)=14
train/840.jpg,1-6+7=2
train/841.jpg,(6+4)-1=9
train/842.jpg,0-9-7=-16
train/843.jpg,(8-7)-8=-7
train/844.jpg,(2+7)+9=18
train/845.jpg,8-(2+8)=-2
train/846.jpg,(5+4)*3=27
train/847.jpg,0+4*6=24
train/848.jpg,(3-1)*1=2
train/849.jpg,6*2+6=18
train/850.jpg,5+(8*2)=21
train/851.jpg,8+8*2=24
train/852.jpg,(1+7)-6=2
train/853.jpg,(8+8)-7=9
train/854.jpg,(6+6)-6=6
train/855.jpg,7+(1*6)=13
train/856.jpg,6+(0*1)=6
train/857.jpg,0*6-2=-2
train/858.jpg,4-0*0=4
train/859.jpg,7*(9*1)=63
train/860.jpg,5*9-1=44
train/861.jpg,9*(4+0)=36
train/862.jpg,(4+8)+7=19
train/863.jpg,(7-2)*8=40
train/864.jpg,0+(2-8)=-6
train/865.jpg,0+(0-5)=-5
train/866.jpg,4*4*2=32
train/867.jpg,3-(7*3)=-18
train/868.jpg,4-(2*4)=-4
train/869.jpg,9-(7+5)=-3
train/870.jpg,(4+4)*8=64
train/871.jpg,2*0*9=0
train/872.jpg,(5-1)+3=7
train/873.jpg,4+3-2=5
train/874.jpg,3*6-5=13
train/875.jpg,4+(1-1)=4
train/876.jpg,(4*4)*1=16
train/877.jpg,7*(2-4)=-14
train/878.jpg,1+9+6=16
train/879.jpg,6-2+0=4
train/880.jpg,(1-6)-7=-12
train/881.jpg,(2-3)-5=-6
train/882.jpg,(9+3)*2=24
train/883.jpg,5+6-2=9
train/884.jpg,9-(1+8)=0
train/885.jpg,6-4+3=5
train/886.jpg,0*(6*1)=0
train/887.jpg,4-(6-6)=4
train/888.jpg,6+(5-1)=10
train/889.jpg,8+(6-7)=7
train/890.jpg,(1-5)+7=3
train/891.jpg,0*6*9=0
train/892.jpg,(8+5)-7=6
train/893.jpg,(0+7)+1=8
train/894.jpg,(6-6)-3=-3
train/895.jpg,3*(3-1)=6
train/896.jpg,(6*7)*4=168
train/897.jpg,(4*2)*1=8
train/898.jpg,(4*2)+5=13
train/899.jpg,(7-8)*3=-3
train/900.jpg,4-1-5=-2
train/901.jpg,(9+7)+6=22
train/902.jpg,4*(7-8)=-4
train/903.jpg,6*7*5=210
train/904.jpg,5-2*0=5
train/905.jpg,4+2*8=20
train/906.jpg,9+4+4=17
train/907.jpg,6-(5*7)=-29
train/908.jpg,8*(1-3)=-16
train/909.jpg,(0-3)-4=-7
train/910.jpg,9*8*0=0
train/911.jpg,(1*0)-0=0
train/912.jpg,(2*5)+5=15
train/913.jpg,7+0+9=16
train/914.jpg,1*0-0=0
train/915.jpg,(1+2)*3=9
train/916.jpg,4+3+1=8
train/917.jpg,0*2*4=0
train/918.jpg,0-1*4=-4
train/919.jpg,0-1-8=-9
train/920.jpg,9+(8*0)=9
train/921.jpg,(1-6)-6=-11
train/922.jpg,1+2*2=5
train/923.jpg,3*4-2=10
train/924.jpg,7+5-2=10
train/925.jpg,(3-8)-6=-11
train/926.jpg,7-5+8=10
train/927.jpg,0*6-4=-4
train/928.jpg,(8+8)*8=128
train/929.jpg,(1+9)+2=12
train/930.jpg,8+7*0=8
train/931.jpg,(2*2)+0=4
train/932.jpg,4-(3*0)=4
train/933.jpg,(9+5)*9=126
train/934.jpg,3*0*2=0
train/935.jpg,3*(7-2)=15
train/936.jpg,9+3+4=16
train/937.jpg,(1-2)-5=-6
train/938.jpg,3-1+0=2
train/939.jpg,4-(4*8)=-28
train/940.jpg,9*3*4=108
train/941.jpg,(3*5)*8=120
train/942.jpg,(9-8)*6=6
train/943.jpg,(4+1)-0=5
train/944.jpg,6+8-2=12
train/945.jpg,(2-9)-3=-10
train/946.jpg,0-(4+0)=-4
train/947.jpg,4-(6-6)=4
train/948.jpg,1-(4-3)=0
train/949.jpg,(0*7)+3=3
train/950.jpg,7*(1+1)=14
train/951.jpg,6-2-7=-3
train/952.jpg,9+7+2=18
train/953.jpg,(1*3)*5=15
train/954.jpg,8+1-1=8
train/955.jpg,9+(8-1)=16
train/956.jpg,1*7+7=14
train/957.jpg,4*(5*3)=60
train/958.jpg,3*(4-0)=12
train/959.jpg,(8-3)+0=5
train/960.jpg,2+1*0=2
train/961.jpg,(9*7)*5=315
train/962.jpg,6*7-8=34
train/963.jpg,7*(1+4)=35
train/964.jpg,5-1+3=7
train/965.jpg,(7*1)+9=16
train/966.jpg,1-6+9=4
train/967.jpg,(3-5)*2=-4
train/968.jpg,0-(4-2)=-2
train/969.jpg,2-(4*9)=-34
train/970.jpg,(1+3)*8=32
train/971.jpg,(3-9)*6=-36
train/972.jpg,2-3+8=7
train/973.jpg,9-(6-3)=6
train/974.jpg,(7-5)*8=16
train/975.jpg,0+8*8=64
train/976.jpg,7+3-6=4
train/977.jpg,0*2+6=6
train/978.jpg,3*(9-5)=12
train/979.jpg,(6+4)+0=10
train/980.jpg,9+(9-2)=16
train/981.jpg,4-(7+6)=-9
train/982.jpg,(9+9)+4=22
train/983.jpg,(5*8)-2=38
train/984.jpg,(6-0)-0=6
train/985.jpg,4-9*4=-32
train/986.jpg,8+(2+1)=11
train/987.jpg,6-4+4=6
train/988.jpg,5+(3+3)=11
train/989.jpg,3*(4+8)=36
train/990.jpg,4*5+3=23
train/991.jpg,6-5+0=1
train/992.jpg,1-7+8=2
train/993.jpg,1+8-1=8
train/994.jpg,9+(9+2)=20
train/995.jpg,(2*6)-1=11
train/996.jpg,(7*3)-6=15
train/997.jpg,1+(8*2)=17
train/998.jpg,(2+3)+6=11
train/999.jpg,7-0-9=-2
train/1000.jpg,3+(6-3)=6
train/1001.jpg,2+3-9=-4
train/1002.jpg,9*(5-7)=-18
train/1003.jpg,(0-9)-5=-14
train/1004.jpg,7*1*5=35
train/1005.jpg,5*9-7=38
train/1006.jpg,1+2+5=8
train/1007.jpg,(8-7)*2=2
train/1008.jpg,(1-8)+1=-6
train/1009.jpg,0+0*0=0
train/1010.jpg,3+(7+2)=12
train/1011.jpg,(9+6)+8=23
train/1012.jpg,7-(2-2)=7
train/1013.jpg,0+(1*1)=1
train/1014.jpg,(7-3)-5=-1
train/1015.jpg,(6+3)-4=5
train/1016.jpg,(7-0)+6=13
train/1017.jpg,7+(1-1)=7
train/1018.jpg,(8+4)-1=11
train/1019.jpg,0*(3-8)=0
train/1020.jpg,1-(3-4)=2
train/1021.jpg,0+(8-7)=1
train/1022.jpg,5+5*1=10
train/1023.jpg,3+(8+3)=14
train/1024.jpg,8+1+1=10
train/1025.jpg,0+3*0=0
train/1026.jpg,0*(3*6)=0
train/1027.jpg,(4-2)*8=16
train/1028.jpg,2-(1+2)=-1
train/1029.jpg,(9-7)+2=4
train/1030.jpg,3*0*8=0
train/1031.jpg,(7-9)+1=-1
train/1032.jpg,(0+1)+9=10
train/1033.jpg,(2-5)*1=-3
train/1034.jpg,6+5*2=16
train/1035.jpg,(9*3)+3=30
train/1036.jpg,2-(9+8)=-15
train/1037.jpg,1-7*0=1
train/1038.jpg,(1+5)+9=15
train/1039.jpg,8-6*4=-16
train/1040.jpg,0+(8+8)=16
train/1041.jpg,4+(6-4)=6
train/1042.jpg,(7*3)-3=18
train/1043.jpg,2*(9*0)=0
train/1044.jpg,(7*1)-5=2
train/1045.jpg,9-(2-1)=8
train/1046.jpg,(9+6)-1=14
train/1047.jpg,6-6*4=-18
train/1048.jpg,(3-9)-8=-14
train/1049.jpg,5+2-8=-1
train/1050.jpg,4+9*9=85
train/1051.jpg,6-6*4=-18
train/1052.jpg,8+(4-0)=12
train/1053.jpg,8-1-4=3
train/1054.jpg,(5-7)*1=-2
train/1055.jpg,7+(3*6)=25
train/1056.jpg,(2*9)*7=126
train/1057.jpg,4*(1*1)=4
train/1058.jpg,1*(7+9)=16
train/1059.jpg,4*3+5=17
train/1060.jpg,1+(1+4)=6
train/1061.jpg,5+3+4=12
train/1062.jpg,(7+8)*0=0
train/1063.jpg,9*1*5=45
train/1064.jpg,(7+6)+6=19
train/1065.jpg,(3*5)+6=21
train/1066.jpg,3-(2-6)=7
train/1067.jpg,(1+6)-7=0
train/1068.jpg,6*2*0=0
train/1069.jpg,(6*2)-2=10
train/1070.jpg,1+6+5=12
train/1071.jpg,3*(9-8)=3
train/1072.jpg,(6+4)+1=11
train/1073.jpg,(4*4)+2=18
train/1074.jpg,5-7-5=-7
train/1075.jpg,3*(6*4)=72
train/1076.jpg,(9-6)-3=0
train/1077.jpg,(5+4)-1=8
train/1078.jpg,(8-0)*0=0
train/1079.jpg,1+9+9=19
train/1080.jpg,7-(6+1)=0
train/1081.jpg,5-(9-3)=-1
train/1082.jpg,5+(4+1)=10
train/1083.jpg,(9-9)+6=6
train/1084.jpg,(3*4)*5=60
train/1085.jpg,(1+2)+8=11
train/1086.jpg,(7*4)+6=34
train/1087.jpg,(8+7)+6=21
train/1088.jpg,6-4*5=-14
train/1089.jpg,9+0*4=9
train/1090.jpg,5+6-4=7
train/1091.jpg,2-7*7=-47
train/1092.jpg,(6*2)*8=96
train/1093.jpg,3-8+9=4
train/1094.jpg,3*3*1=9
train/1095.jpg,(0*0)-2=-2
train/1096.jpg,7-(1+7)=-1
train/1097.jpg,(6+5)-3=8
train/1098.jpg,0-2*2=-4
train/1099.jpg,0-6+6=0
train/1100.jpg,(1-3)+0=-2
train/1101.jpg,2-(5-9)=6
train/1102.jpg,2+6+3=11
train/1103.jpg,(2*5)-2=8
train/1104.jpg,(8-8)-3=-3
train/1105.jpg,7+8+8=23
train/1106.jpg,5*(3+8)=55
train/1107.jpg,5*(3+9)=60
train/1108.jpg,2+4-7=-1
train/1109.jpg,3+8*4=35
train/1110.jpg,(2*1)-9=-7
train/1111.jpg,7+(9+6)=22
train/1112.jpg,(5*9)-0=45
train/1113.jpg,0-7-5=-12
train/1114.jpg,4*(3-1)=8
train/1115.jpg,6*(8*6)=288
train/1116.jpg,0+(6-8)=-2
train/1117.jpg,(9+4)*6=78
train/1118.jpg,9*1*5=45
train/1119.jpg,1*4*9=36
train/1120.jpg,(6+3)-2=7
train/1121.jpg,(5*4)*3=60
train/1122.jpg,(2*8)-3=13
train/1123.jpg,7+7*4=35
train/1124.jpg,(9-1)*3=24
train/1125.jpg,(6+4)-4=6
train/1126.jpg,(4*4)-2=14
train/1127.jpg,(7*2)-5=9
train/1128.jpg,(2-7)*3=-15
train/1129.jpg,(7*1)*4=28
train/1130.jpg,(4+3)-8=-1
train/1131.jpg,(7-5)*3=6
train/1132.jpg,4+(5-1)=8
train/1133.jpg,5-6-7=-8
train/1134.jpg,(9-1)+2=10
train/1135.jpg,(8+3)+0=11
train/1136.jpg,6+1-1=6
train/1137.jpg,4*0*3=0
train/1138.jpg,5-(7*6)=-37
train/1139.jpg,1*9+3=12
train/1140.jpg,(7-5)*3=6
train/1141.jpg,(1*1)*5=5
train/1142.jpg,7+4+5=16
train/1143.jpg,(7*3)*0=0
train/1144.jpg,9+2*0=9
train/1145.jpg,(3+2)+1=6
train/1146.jpg,8-(6+2)=0
train/1147.jpg,3+3+3=9
train/1148.jpg,9+(7+2)=18
train/1149.jpg,(0+0)-0=0
train/1150.jpg,0-(4*6)=-24
train/1151.jpg,(2-4)-8=-10
train/1152.jpg,(9-5)+8=12
train/1153.jpg,(8-0)-0=8
train/1154.jpg,7+2*9=25
train/1155.jpg,(5*3)*2=30
train/1156.jpg,9*4*6=216
train/1157.jpg,2*(1-2)=-2
train/1158.jpg,9+(2*0)=9
train/1159.jpg,6-(3+4)=-1
train/1160.jpg,6*5-2=28
train/1161.jpg,7+(5-0)=12
train/1162.jpg,4*7-5=23
train/1163.jpg,8*5+9=49
train/1164.jpg,(8*1)*8=64
train/1165.jpg,(9+8)-1=16
train/1166.jpg,3*(4*5)=60
train/1167.jpg,4*(5*8)=160
train/1168.jpg,8*(6-8)=-16
train/1169.jpg,1+1-3=-1
train/1170.jpg,1+6-2=5
train/1171.jpg,(5-3)*0=0
train/1172.jpg,(2-3)-7=-8
train/1173.jpg,1*(9*7)=63
train/1174.jpg,1*5*6=30
train/1175.jpg,(6-1)-5=0
train/1176.jpg,0*3+3=3
train/1177.jpg,8+7+6=21
train/1178.jpg,4-(2-4)=6
train/1179.jpg,1*2+2=4
train/1180.jpg,5+8+7=20
train/1181.jpg,0+(1+4)=5
train/1182.jpg,4-(2-5)=7
train/1183.jpg,7+(5+8)=20
train/1184.jpg,(9*4)+6=42
train/1185.jpg,(0*0)+9=9
train/1186.jpg,3+4*1=7
train/1187.jpg,(3+6)+5=14
train/1188.jpg,(2*7)*0=0
train/1189.jpg,1+(2+0)=3
train/1190.jpg,(2+5)+0=7
train/1191.jpg,5*6+7=37
train/1192.jpg,(6-3)-9=-6
train/1193.jpg,4-(3*9)=-23
train/1194.jpg,(3-8)+6=1
train/1195.jpg,(5*1)-2=3
train/1196.jpg,(9-9)*7=0
train/1197.jpg,8-1+6=13
train/1198.jpg,4+4+0=8
train/1199.jpg,(7+2)+0=9
train/1200.jpg,(1+7)+3=11
train/1201.jpg,8+7+7=22
train/1202.jpg,5*(9+3)=60
train/1203.jpg,(6-0)+7=13
train/1204.jpg,2+(2+2)=6
train/1205.jpg,(7*0)*1=0
train/1206.jpg,(2+6)-9=-1
train/1207.jpg,3-3+0=0
train/1208.jpg,4+(6*1)=10
train/1209.jpg,3-6-8=-11
train/1210.jpg,1-(0*0)=1
train/1211.jpg,(2-8)-1=-7
train/1212.jpg,(8-2)*1=6
train/1213.jpg,6-7+7=6
train/1214.jpg,0+(4-1)=3
train/1215.jpg,(3-0)*3=9
train/1216.jpg,9+(3-3)=9
train/1217.jpg,4*6-2=22
train/1218.jpg,1-7+9=3
train/1219.jpg,7-(7*4)=-21
train/1220.jpg,6*5+8=38
train/1221.jpg,8-(1-8)=15
train/1222.jpg,0+(8*2)=16
train/1223.jpg,8-(6*4)=-16
train/1224.jpg,(1-6)+4=-1
train/1225.jpg,(3-5)*6=-12
train/1226.jpg,(7-4)-7=-4
train/1227.jpg,(8+6)*8=112
train/1228.jpg,5-(4*2)=-3
train/1229.jpg,8+1-0=9
train/1230.jpg,9*6*7=378
train/1231.jpg,3*9+3=30
train/1232.jpg,2-8*7=-54
train/1233.jpg,9*8-0=72
train/1234.jpg,4-5+4=3
train/1235.jpg,(5-2)-7=-4
train/1236.jpg,5-(0*3)=5
train/1237.jpg,(3*7)+5=26
train/1238.jpg,9+7*2=23
train/1239.jpg,4-6*5=-26
train/1240.jpg,(5+7)*1=12
train/1241.jpg,3+(4-4)=3
train/1242.jpg,2*(9*6)=108
train/1243.jpg,(5-6)*9=-9
train/1244.jpg,8+4*5=28
train/1245.jpg,(2-1)+4=5
train/1246.jpg,(1+4)+0=5
train/1247.jpg,9+0*1=9
train/1248.jpg,5-(9+7)=-11
train/1249.jpg,4-7+7=4
train/1250.jpg,9*0*7=0
train/1251.jpg,8+4+0=12
train/1252.jpg,1*1-8=-7
train/1253.jpg,7*2+1=15
train/1254.jpg,8+5+6=19
train/1255.jpg,2+2-0=4
train/1256.jpg,7+(5-1)=11
train/1257.jpg,0-(7-6)=-1
train/1258.jpg,9*(9+2)=99
train/1259.jpg,(2+2)+7=11
train/1260.jpg,(1+0)+7=8
train/1261.jpg,6*1*7=42
train/1262.jpg,(5*8)*3=120
train/1263.jpg,1*(9-1)=8
train/1264.jpg,(5*0)-5=-5
train/1265.jpg,6+4*4=22
train/1266.jpg,(9-3)+1=7
train/1267.jpg,1*8-6=2
train/1268.jpg,(1-1)-6=-6
train/1269.jpg,3-(9+6)=-12
train/1270.jpg,(0*8)*9=0
train/1271.jpg,(0*9)+8=8
train/1272.jpg,(5+3)-2=6
train/1273.jpg,(9*6)+9=63
train/1274.jpg,9+(8-8)=9
train/1275.jpg,(7*5)*3=105
train/1276.jpg,(0-5)*9=-45
train/1277.jpg,6*(8-6)=12
train/1278.jpg,(8-1)-6=1
train/1279.jpg,6-(5*2)=-4
train/1280.jpg,7-3+2=6
train/1281.jpg,5-9+7=3
train/1282.jpg,(3*3)-5=4
train/1283.jpg,3*(3-0)=9
train/1284.jpg,0-(2*8)=-16
train/1285.jpg,(0+1)*9=9
train/1286.jpg,0-(6-3)=-3
train/1287.jpg,5+(5-9)=1
train/1288.jpg,4*(1-7)=-24
train/1289.jpg,(2+4)-0=6
train/1290.jpg,(1*1)+5=6
train/1291.jpg,5*(0*3)=0
train/1292.jpg,(5-1)+3=7
train/1293.jpg,2*(8*0)=0
train/1294.jpg,6+(3-9)=0
train/1295.jpg,8-9+1=0
train/1296.jpg,8-(1-0)=7
train/1297.jpg,2+4-5=1
train/1298.jpg,2*4*5=40
train/1299.jpg,6+(7*3)=27
train/1300.jpg,6+(2-0)=8
train/1301.jpg,(5*7)*9=315
train/1302.jpg,9+(2+7)=18
train/1303.jpg,9*9+1=82
train/1304.jpg,(2-4)+3=1
train/1305.jpg,8+2*0=8
train/1306.jpg,0+7*8=56
train/1307.jpg,(6+0)-8=-2
train/1308.jpg,(4*2)-3=5
train/1309.jpg,(1-6)-2=-7
train/1310.jpg,8-4*4=-8
train/1311.jpg,3+(3+8)=14
train/1312.jpg,7*(3*7)=147
train/1313.jpg,1*6+6=12
train/1314.jpg,9+2*8=25
train/1315.jpg,0*(2-8)=0
train/1316.jpg,1+8-4=5
train/1317.jpg,8*(0+2)=16
train/1318.jpg,1-5+2=-2
train/1319.jpg,0+(1*4)=4
train/1320.jpg,2*(7+4)=22
train/1321.jpg,(0*8)+3=3
train/1322.jpg,3*6*0=0
train/1323.jpg,(2-0)-5=-3
train/1324.jpg,(8*5)*4=160
train/1325.jpg,(4*7)-8=20
train/1326.jpg,(4*7)*2=56
train/1327.jpg,6*5*6=180
train/1328.jpg,4+(7-7)=4
train/1329.jpg,(4*6)*2=48
train/1330.jpg,(8*7)+3=59
train/1331.jpg,7-(5+1)=1
train/1332.jpg,(0*5)-0=0
train/1333.jpg,8*5+9=49
train/1334.jpg,4*8-7=25
train/1335.jpg,(2*6)*5=60
train/1336.jpg,8+(3+6)=17
train/1337.jpg,1+(2-3)=0
train/1338.jpg,2-2+5=5
train/1339.jpg,8+(4-7)=5
train/1340.jpg,(9+7)-8=8
train/1341.jpg,0-(5-7)=2
train/1342.jpg,3*5*6=90
train/1343.jpg,7*(1*2)=14
train/1344.jpg,4+(8*5)=44
train/1345.jpg,5+6*3=23
train/1346.jpg,9+(8+9)=26
train/1347.jpg,0+(8*8)=64
train/1348.jpg,9+3+9=21
train/1349.jpg,2+0-7=-5
train/1350.jpg,9-(0+2)=7
train/1351.jpg,6*(7*4)=168
train/1352.jpg,3-(8*4)=-29
train/1353.jpg,(7-8)*6=-6
train/1354.jpg,3+(2*8)=19
train/1355.jpg,1+4-9=-4
train/1356.jpg,6*(0-5)=-30
train/1357.jpg,5-(0*3)=5
train/1358.jpg,(0*8)*3=0
train/1359.jpg,1+6*2=13
train/1360.jpg,0*(8*6)=0
train/1361.jpg,4+(0+6)=10
train/1362.jpg,(8+8)+6=22
train/1363.jpg,2*(6+0)=12
train/1364.jpg,(9-0)*7=63
train/1365.jpg,(2*0)*5=0
train/1366.jpg,(3+0)+9=12
train/1367.jpg,3*5+8=23
train/1368.jpg,3-3-4=-4
train/1369.jpg,9+2*2=13
train/1370.jpg,2-7*9=-61
train/1371.jpg,6+7*6=48
train/1372.jpg,3+(2+6)=11
train/1373.jpg,3*6*5=90
train/1374.jpg,6+3+7=16
train/1375.jpg,(3+2)-4=1
train/1376.jpg,9+0-3=6
train/1377.jpg,(2*0)-8=-8
train/1378.jpg,(7-2)*2=10
train/1379.jpg,6*(6*9)=324
train/1380.jpg,3-5-1=-3
train/1381.jpg,6*(1*8)=48
train/1382.jpg,7+(3-2)=8
train/1383.jpg,(4-8)*9=-36
train/1384.jpg,0*8+1=1
train/1385.jpg,7+(8-7)=8
train/1386.jpg,4-(1-4)=7
train/1387.jpg,8+7*8=64
train/1388.jpg,5+(5*0)=5
train/1389.jpg,(9*1)*0=0
train/1390.jpg,4+(9+1)=14
train/1391.jpg,7*(1*1)=7
train/1392.jpg,1+(3-6)=-2
train/1393.jpg,1+(1-1)=1
train/1394.jpg,(0-9)-7=-16
train/1395.jpg,7*(4+0)=28
train/1396.jpg,3*(3+1)=12
train/1397.jpg,(8-0)-1=7
train/1398.jpg,9*(4+0)=36
train/1399.jpg,2+0-7=-5
train/1400.jpg,0-(6-9)=3
train/1401.jpg,3-(0+9)=-6
train/1402.jpg,(3-3)-4=-4
train/1403.jpg,5*2+6=16
train/1404.jpg,5+(4+3)=12
train/1405.jpg,(9+9)+7=25
train/1406.jpg,(2-6)-2=-6
train/1407.jpg,7*(8+6)=98
train/1408.jpg,0*(3*2)=0
train/1409.jpg,5-(6+7)=-8
train/1410.jpg,1-(7*6)=-41
train/1411.jpg,2*(1*1)=2
train/1412.jpg,1*8+8=16
train/1413.jpg,(7-2)+4=9
train/1414.jpg,4*(5-6)=-4
train/1415.jpg,9+7-6=10
train/1416.jpg,(8+1)*0=0
train/1417.jpg,1*(9-3)=6
train/1418.jpg,2*(6*7)=84
train/1419.jpg,2*(9-6)=6
train/1420.jpg,7+(0*2)=7
train/1421.jpg,2*(4-2)=4
train/1422.jpg,5-0-2=3
train/1423.jpg,9+(0*6)=9
train/1424.jpg,(7+5)*7=84
train/1425.jpg,(4+3)-0=7
train/1426.jpg,(4*7)*9=252
train/1427.jpg,0+1-0=1
train/1428.jpg,2-(6*7)=-40
train/1429.jpg,3+(8+7)=18
train/1430.jpg,(7+4)*0=0
train/1431.jpg,0+(1-2)=-1
train/1432.jpg,(3+5)-1=7
train/1433.jpg,(7+8)+4=19
train/1434.jpg,1+8*3=25
train/1435.jpg,(9+9)+9=27
train/1436.jpg,3+1*5=8
train/1437.jpg,8+9+3=20
train/1438.jpg,5+5*1=10
train/1439.jpg,(9*3)*5=135
train/1440.jpg,5*9-5=40
train/1441.jpg,(8*0)*0=0
train/1442.jpg,1-6-3=-8
train/1443.jpg,(4-2)+4=6
train/1444.jpg,6+(5-7)=4
train/1445.jpg,(6+5)-5=6
train/1446.jpg,(7-0)-9=-2
train/1447.jpg,(8*6)*8=384
train/1448.jpg,7-7*8=-49
train/1449.jpg,2-(2*9)=-16
train/1450.jpg,1+8-5=4
train/1451.jpg,5-(9+2)=-6
train/1452.jpg,0*(3+8)=0
train/1453.jpg,6+1*0=6
train/1454.jpg,5+7-8=4
train/1455.jpg,(3*2)-7=-1
train/1456.jpg,8*(3*6)=144
train/1457.jpg,3+1*1=4
train/1458.jpg,5+7*8=61
train/1459.jpg,4*2*1=8
train/1460.jpg,0-2-9=-11
train/1461.jpg,8*9*3=216
train/1462.jpg,(1*4)*7=28
train/1463.jpg,3*5-1=14
train/1464.jpg,8+(0+5)=13
train/1465.jpg,6+2+2=10
train/1466.jpg,8+6+1=15
train/1467.jpg,(5+2)-3=4
train/1468.jpg,8-8*9=-64
train/1469.jpg,(6*9)*5=270
train/1470.jpg,8*2+6=22
train/1471.jpg,2+6*9=56
train/1472.jpg,6+2*6=18
train/1473.jpg,4-3*5=-11
train/1474.jpg,8-0+1=9
train/1475.jpg,1*3+2=5
train/1476.jpg,(7+9)*9=144
train/1477.jpg,9-(9*8)=-63
train/1478.jpg,0-7-5=-12
train/1479.jpg,1-(9*7)=-62
train/1480.jpg,0-5*7=-35
train/1481.jpg,8+(8-8)=8
train/1482.jpg,(5+0)+3=8
train/1483.jpg,(5*2)*0=0
train/1484.jpg,6-(9*7)=-57
train/1485.jpg,(1+5)+1=7
train/1486.jpg,7+3-2=8
train/1487.jpg,5-8*9=-67
train/1488.jpg,9+8+9=26
train/1489.jpg,9-1+0=8
train/1490.jpg,(2+2)+3=7
train/1491.jpg,0-5*5=-25
train/1492.jpg,2*(7*4)=56
train/1493.jpg,(8-5)+2=5
train/1494.jpg,(6*3)*7=126
train/1495.jpg,(7*4)-6=22
train/1496.jpg,3+0+8=11
train/1497.jpg,4*(4+3)=28
train/1498.jpg,(3+0)-7=-4
train/1499.jpg,7-(7-5)=5
train/1500.jpg,5+(7+3)=15
train/1501.jpg,(3*8)+1=25
train/1502.jpg,(3+7)-1=9
train/1503.jpg,(7*7)-2=47
train/1504.jpg,(4-5)+4=3
train/1505.jpg,2-0-7=-5
train/1506.jpg,6*0+8=8
train/1507.jpg,6+2+8=16
train/1508.jpg,8-2*5=-2
train/1509.jpg,(1-6)*4=-20
train/1510.jpg,(2*4)+1=9
train/1511.jpg,0+(7*4)=28
train/1512.jpg,9+(1+5)=15
train/1513.jpg,4+1+4=9
train/1514.jpg,(5-6)-0=-1
train/1515.jpg,0+7-2=5
train/1516.jpg,4-(0+0)=4
train/1517.jpg,(6-2)*6=24
train/1518.jpg,3-(7-8)=4
train/1519.jpg,(8*9)+5=77
train/1520.jpg,(6*7)*7=294
train/1521.jpg,0+(7*2)=14
train/1522.jpg,(4-5)-0=-1
train/1523.jpg,(9*3)*4=108
train/1524.jpg,(2-7)*2=-10
train/1525.jpg,(4+1)-4=1
train/1526.jpg,8+9-4=13
train/1527.jpg,(3*6)-2=16
train/1528.jpg,4+(9+3)=16
train/1529.jpg,1-(0+1)=0
train/1530.jpg,0-2-8=-10
train/1531.jpg,7-1-2=4
train/1532.jpg,8*5+9=49
train/1533.jpg,8*8*7=448
train/1534.jpg,(6*2)-6=6
train/1535.jpg,3+(0*0)=3
train/1536.jpg,3*(7*1)=21
train/1537.jpg,(8-2)-0=6
train/1538.jpg,5+(9+9)=23
train/1539.jpg,6-7+8=7
train/1540.jpg,(2+6)-3=5
train/1541.jpg,2+9*6=56
train/1542.jpg,(4*5)-5=15
train/1543.jpg,(4*6)*7=168
train/1544.jpg,5-5*1=0
train/1545.jpg,7*5-4=31
train/1546.jpg,8+8+3=19
train/1547.jpg,9*(0-5)=-45
train/1548.jpg,3*4-0=12
train/1549.jpg,7*3*5=105
train/1550.jpg,(7*7)-2=47
train/1551.jpg,1-9-5=-13
train/1552.jpg,(0+2)*7=14
train/1553.jpg,3+2-0=5
train/1554.jpg,2-(1+0)=1
train/1555.jpg,(0-2)-2=-4
train/1556.jpg,6+9*8=78
train/1557.jpg,8-5-8=-5
train/1558.jpg,0-7*9=-63
train/1559.jpg,2*(6-1)=10
train/1560.jpg,3-2*5=-7
train/1561.jpg,3-9+6=0
train/1562.jpg,(2-0)+8=10
train/1563.jpg,4*6+2=26
train/1564.jpg,4*(1-5)=-16
train/1565.jpg,8+(6-1)=13
train/1566.jpg,7*(1*3)=21
train/1567.jpg,5+(8+9)=22
train/1568.jpg,3+(2+8)=13
train/1569.jpg,5-3-7=-5
train/1570.jpg,1+(5-1)=5
train/1571.jpg,4*6+4=28
train/1572.jpg,8+1+0=9
train/1573.jpg,9*5-7=38
train/1574.jpg,8+1+9=18
train/1575.jpg,(5+5)*3=30
train/1576.jpg,1*(8-6)=2
train/1577.jpg,6*(6*5)=180
train/1578.jpg,2-(1*8)=-6
train/1579.jpg,2-0-2=0
train/1580.jpg,9*(3*5)=135
train/1581.jpg,(4*0)+5=5
train/1582.jpg,5*9*3=135
train/1583.jpg,(1*9)+7=16
train/1584.jpg,6*8*4=192
train/1585.jpg,8-(1+1)=6
train/1586.jpg,(8+4)+3=15
train/1587.jpg,2*(2-9)=-14
train/1588.jpg,7*(4*8)=224
train/1589.jpg,2+3*3=11
train/1590.jpg,4+4*3=16
train/1591.jpg,(2-2)-1=-1
train/1592.jpg,3+(4+9)=16
train/1593.jpg,8*(0-0)=0
train/1594.jpg,(3-9)+8=2
train/1595.jpg,7-(9-0)=-2
train/1596.jpg,2-4-5=-7
train/1597.jpg,(7*3)*6=126
train/1598.jpg,8+(5+3)=16
train/1599.jpg,(5*3)+0=15
train/1600.jpg,(3-0)-5=-2
train/1601.jpg,9*(9*0)=0
train/1602.jpg,2-(2-9)=9
train/1603.jpg,6*0+3=3
train/1604.jpg,5-9+3=-1
train/1605.jpg,8+(2+1)=11
train/1606.jpg,8-(8-2)=2
train/1607.jpg,(6-4)*3=6
train/1608.jpg,4-3-4=-3
train/1609.jpg,2+(0*1)=2
train/1610.jpg,(0+8)-3=5
train/1611.jpg,5-(4+2)=-1
train/1612.jpg,7*(3-3)=0
train/1613.jpg,(4+5)-4=5
train/1614.jpg,(4-9)-0=-5
train/1615.jpg,(8+3)+3=14
train/1616.jpg,3-8-5=-10
train/1617.jpg,(2+3)*3=15
train/1618.jpg,2*5*1=10
train/1619.jpg,1*6-3=3
train/1620.jpg,4-0-1=3
train/1621.jpg,(3+9)+9=21
train/1622.jpg,9-1-2=6
train/1623.jpg,(0+0)+9=9
train/1624.jpg,1*(6-9)=-3
train/1625.jpg,9+(0+7)=16
train/1626.jpg,6+(0*2)=6
train/1627.jpg,(8*6)*9=432
train/1628.jpg,6-(6+9)=-9
train/1629.jpg,0*(2+5)=0
train/1630.jpg,1-4-5=-8
train/1631.jpg,4*5+0=20
train/1632.jpg,0*(4-1)=0
train/1633.jpg,(1-7)+9=3
train/1634.jpg,5+0-1=4
train/1635.jpg,2+(1+2)=5
train/1636.jpg,6+(5-7)=4
train/1637.jpg,(6-2)*7=28
train/1638.jpg,7-1*3=4
train/1639.jpg,(6*5)*1=30
train/1640.jpg,8+(0-7)=1
train/1641.jpg,1+5-8=-2
train/1642.jpg,5*(6-7)=-5
train/1643.jpg,5-(3+3)=-1
train/1644.jpg,(8*4)-1=31
train/1645.jpg,1-9-0=-8
train/1646.jpg,2-6-8=-12
train/1647.jpg,1+5*8=41
train/1648.jpg,4*(2+4)=24
train/1649.jpg,(3+8)*0=0
train/1650.jpg,0+(3+0)=3
train/1651.jpg,1*9-8=1
train/1652.jpg,7+(9*3)=34
train/1653.jpg,0+2+5=7
train/1654.jpg,9-(3*6)=-9
train/1655.jpg,8*3-7=17
train/1656.jpg,4-8*0=4
train/1657.jpg,(7+5)-7=5
train/1658.jpg,0-9*8=-72
train/1659.jpg,8-(6-4)=6
train/1660.jpg,6+7*5=41
train/1661.jpg,(2+8)*0=0
train/1662.jpg,6+7+7=20
train/1663.jpg,0*(4-2)=0
train/1664.jpg,(9*6)*1=54
train/1665.jpg,(0*0)*7=0
train/1666.jpg,4+0-3=1
train/1667.jpg,0-5-7=-12
train/1668.jpg,(2-1)*9=9
train/1669.jpg,(4+4)+7=15
train/1670.jpg,1-5+1=-3
train/1671.jpg,2-(1*8)=-6
train/1672.jpg,(7+0)+6=13
train/1673.jpg,2+(4*3)=14
train/1674.jpg,7*6+2=44
train/1675.jpg,1-2+6=5
train/1676.jpg,(4+9)+6=19
train/1677.jpg,5*7+3=38
train/1678.jpg,9+(4+2)=15
train/1679.jpg,(2*6)+2=14
train/1680.jpg,8-(6+0)=2
train/1681.jpg,(9-9)-8=-8
train/1682.jpg,9+7*7=58
train/1683.jpg,9-(3*1)=6
train/1684.jpg,(4-7)*4=-12
train/1685.jpg,3-0-9=-6
train/1686.jpg,4*9-8=28
train/1687.jpg,8*6*3=144
train/1688.jpg,7*7+8=57
train/1689.jpg,2-(4+0)=-2
train/1690.jpg,(5+6)+9=20
train/1691.jpg,5+8+8=21
train/1692.jpg,5*(9*2)=90
train/1693.jpg,8*1+9=17
train/1694.jpg,9-(4-3)=8
train/1695.jpg,8+(4*2)=16
train/1696.jpg,9+(9*4)=45
train/1697.jpg,(9+7)+6=22
train/1698.jpg,1+0*0=1
train/1699.jpg,1+(8-2)=7
train/1700.jpg,(3+7)+2=12
train/1701.jpg,8+(3+1)=12
train/1702.jpg,0-9-2=-11
train/1703.jpg,8*(4+9)=104
train/1704.jpg,9+(9+9)=27
train/1705.jpg,9-(1+2)=6
train/1706.jpg,(3*7)*3=63
train/1707.jpg,4-(5+5)=-6
train/1708.jpg,(3*4)+8=20
train/1709.jpg,4-(0+7)=-3
train/1710.jpg,8*(9*0)=0
train/1711.jpg,(5*8)+2=42
train/1712.jpg,9-(1-8)=16
train/1713.jpg,8*3+0=24
train/1714.jpg,0-(6-0)=-6
train/1715.jpg,9-(1*4)=5
train/1716.jpg,7*(9+3)=84
train/1717.jpg,9+(8*4)=41
train/1718.jpg,2-(2+9)=-9
train/1719.jpg,0+(4+4)=8
train/1720.jpg,2*9*9=162
train/1721.jpg,6+1-1=6
train/1722.jpg,(0+1)*7=7
train/1723.jpg,(6*2)-1=11
train/1724.jpg,8+(6+5)=19
train/1725.jpg,(2-1)*2=2
train/1726.jpg,3*2-7=-1
train/1727.jpg,0*9-2=-2
train/1728.jpg,3-(7+3)=-7
train/1729.jpg,9+(5*9)=54
train/1730.jpg,5*5-6=19
train/1731.jpg,9-(5-2)=6
train/1732.jpg,(9+2)-2=9
train/1733.jpg,(7+3)+2=12
train/1734.jpg,8-9+5=4
train/1735.jpg,6-(9+5)=-8
train/1736.jpg,9+4*8=41
train/1737.jpg,2-(3*9)=-25
train/1738.jpg,1*2*8=16
train/1739.jpg,(5+1)*4=24
train/1740.jpg,(9-2)-8=-1
train/1741.jpg,6*9-9=45
train/1742.jpg,4*(1*5)=20
train/1743.jpg,4+(8*0)=4
train/1744.jpg,9-6*7=-33
train/1745.jpg,9+4*5=29
train/1746.jpg,(7*6)-4=38
train/1747.jpg,3+(8*4)=35
train/1748.jpg,9*9-5=76
train/1749.jpg,3-0-9=-6
train/1750.jpg,4+4*5=24
train/1751.jpg,9+3+6=18
train/1752.jpg,(7-8)-8=-9
train/1753.jpg,5-(6+5)=-6
train/1754.jpg,(8-4)-7=-3
train/1755.jpg,6-(7+7)=-8
train/1756.jpg,9+(8-9)=8
train/1757.jpg,7+(3+2)=12
train/1758.jpg,9*0+0=0
train/1759.jpg,2+(4*2)=10
train/1760.jpg,0*8-4=-4
train/1761.jpg,7*(2+7)=63
train/1762.jpg,(3-5)-7=-9
train/1763.jpg,5-(6+6)=-7
train/1764.jpg,8-9-4=-5
train/1765.jpg,6-(5+9)=-8
train/1766.jpg,(0*5)+3=3
train/1767.jpg,0+8*8=64
train/1768.jpg,3-6-4=-7
train/1769.jpg,4-(1-5)=8
train/1770.jpg,(4-2)*9=18
train/1771.jpg,(1*1)*6=6
train/1772.jpg,(8+4)-9=3
train/1773.jpg,3+5+0=8
train/1774.jpg,9-7-3=-1
train/1775.jpg,9+(7-0)=16
train/1776.jpg,0*(2-9)=0
train/1777.jpg,(9-4)+1=6
train/1778.jpg,4-8-9=-13
train/1779.jpg,8+0-4=4
train/1780.jpg,7-(7*7)=-42
train/1781.jpg,0*(8*2)=0
train/1782.jpg,9-(1*5)=4
train/1783.jpg,9-(4+5)=0
train/1784.jpg,3+5+9=17
train/1785.jpg,6-(0-6)=12
train/1786.jpg,0+1*6=6
train/1787.jpg,1+(0*4)=1
train/1788.jpg,2+1*0=2
train/1789.jpg,0*7-0=0
train/1790.jpg,4*1*3=12
train/1791.jpg,4-(5-1)=0
train/1792.jpg,2-5-2=-5
train/1793.jpg,(6*4)*8=192
train/1794.jpg,1*6-0=6
train/1795.jpg,9-(3+8)=-2
train/1796.jpg,(7+9)+1=17
train/1797.jpg,(3*0)+3=3
train/1798.jpg,4-5*3=-11
train/1799.jpg,1-2*3=-5
train/1800.jpg,9+6+0=15
train/1801.jpg,0*6-6=-6
train/1802.jpg,(5+7)+3=15
train/1803.jpg,(3*1)+7=10
train/1804.jpg,9-0*5=9
train/1805.jpg,8-(8-3)=3
train/1806.jpg,7+(7+6)=20
train/1807.jpg,(1-0)*5=5
train/1808.jpg,7+(2*8)=23
train/1809.jpg,(2-5)*5=-15
train/1810.jpg,0*(8-5)=0
train/1811.jpg,6-(9*6)=-48
train/1812.jpg,(3+6)-7=2
train/1813.jpg,5-(7*6)=-37
train/1814.jpg,7*(2+3)=35
train/1815.jpg,0-(5*8)=-40
train/1816.jpg,9-(7+8)=-6
train/1817.jpg,9-(6-0)=3
train/1818.jpg,2-4*8=-30
train/1819.jpg,(8*7)*8=448
train/1820.jpg,(5-7)-0=-2
train/1821.jpg,0*(5*8)=0
train/1822.jpg,9-5-1=3
train/1823.jpg,7*(1*6)=42
train/1824.jpg,(8+5)*2=26
train/1825.jpg,0*(4*3)=0
train/1826.jpg,(9-7)-2=0
train/1827.jpg,9*8*5=360
train/1828.jpg,7-0-0=7
train/1829.jpg,3*7*8=168
train/1830.jpg,4+(1+4)=9
train/1831.jpg,5*2*5=50
train/1832.jpg,0+2*2=4
train/1833.jpg,3*2*8=48
train/1834.jpg,6*3+5=23
train/1835.jpg,5*0+0=0
train/1836.jpg,8*(0-4)=-32
train/1837.jpg,6*(1+1)=12
train/1838.jpg,(0-2)*9=-18
train/1839.jpg,8*(7+1)=64
train/1840.jpg,(2*2)-2=2
train/1841.jpg,(0-9)-1=-10
train/1842.jpg,0*(0-8)=0
train/1843.jpg,8+(9*4)=44
train/1844.jpg,0*(2-6)=0
train/1845.jpg,0*4*4=0
train/1846.jpg,6*(1-3)=-12
train/1847.jpg,(3+4)+6=13
train/1848.jpg,3-(2*4)=-5
train/1849.jpg,4-(6-3)=1
train/1850.jpg,(6*7)+7=49
train/1851.jpg,(3-6)-9=-12
train/1852.jpg,2*(3*1)=6
train/1853.jpg,9*1-1=8
train/1854.jpg,1-3*4=-11
train/1855.jpg,0+8*2=16
train/1856.jpg,2*(1*7)=14
train/1857.jpg,(3-0)-4=-1
train/1858.jpg,5-8-9=-12
train/1859.jpg,8*(9+2)=88
train/1860.jpg,(4*5)-8=12
train/1861.jpg,2-(8-0)=-6
train/1862.jpg,(2-9)-1=-8
train/1863.jpg,8*(8*3)=192
train/1864.jpg,8*(6+1)=56
train/1865.jpg,4*(6-2)=16
train/1866.jpg,2+(5-3)=4
train/1867.jpg,(0+7)-8=-1
train/1868.jpg,4*(7+1)=32
train/1869.jpg,9*1*6=54
train/1870.jpg,8*(7*4)=224
train/1871.jpg,1-(5-5)=1
train/1872.jpg,1*7+1=8
train/1873.jpg,(1+8)*7=63
train/1874.jpg,2*5-7=3
train/1875.jpg,2*2+7=11
train/1876.jpg,(8-7)*3=3
train/1877.jpg,(4-4)-2=-2
train/1878.jpg,(9+2)*2=22
train/1879.jpg,1*(7+8)=15
train/1880.jpg,3+(6*0)=3
train/1881.jpg,5+(9*5)=50
train/1882.jpg,3+(3+2)=8
train/1883.jpg,(8-9)+1=0
train/1884.jpg,(2*7)-6=8
train/1885.jpg,1*5+9=14
train/1886.jpg,9+1*3=12
train/1887.jpg,5+2*3=11
train/1888.jpg,5-(8+2)=-5
train/1889.jpg,8*6*5=240
train/1890.jpg,6-5*7=-29
train/1891.jpg,5+(3+9)=17
train/1892.jpg,0+(5+7)=12
train/1893.jpg,6+(1+5)=12
train/1894.jpg,0-(8*8)=-64
train/1895.jpg,(1-9)+6=-2
train/1896.jpg,(8*5)+1=41
train/1897.jpg,2-(6-5)=1
train/1898.jpg,(5*4)*3=60
train/1899.jpg,3+8*6=51
train/1900.jpg,3-5*6=-27
train/1901.jpg,0*8*8=0
train/1902.jpg,(1*4)*1=4
train/1903.jpg,5*(5+1)=30
train/1904.jpg,9*(8+1)=81
train/1905.jpg,9-1*7=2
train/1906.jpg,4*(0*6)=0
train/1907.jpg,5-9*4=-31
train/1908.jpg,5*(0*5)=0
train/1909.jpg,7-(7-2)=2
train/1910.jpg,3*(6-3)=9
train/1911.jpg,(1-4)-7=-10
train/1912.jpg,4+(9+7)=20
train/1913.jpg,(6*1)+9=15
train/1914.jpg,5+(6*0)=5
train/1915.jpg,9*1+5=14
train/1916.jpg,1*1+9=10
train/1917.jpg,4+4*2=12
train/1918.jpg,0+7*4=28
train/1919.jpg,(7+5)+5=17
train/1920.jpg,(8-7)+1=2
train/1921.jpg,8*4+5=37
train/1922.jpg,7*(2*4)=56
train/1923.jpg,0*4+4=4
train/1924.jpg,4*8-4=28
train/1925.jpg,9+(1-9)=1
train/1926.jpg,1*2+8=10
train/1927.jpg,3+0-8=-5
train/1928.jpg,1-(0*7)=1
train/1929.jpg,9-2-1=6
train/1930.jpg,4+(2*9)=22
train/1931.jpg,2-5*5=-23
train/1932.jpg,3-4+9=8
train/1933.jpg,(9-9)*7=0
train/1934.jpg,0*(3+2)=0
train/1935.jpg,2*(7-3)=8
train/1936.jpg,4*4*9=144
train/1937.jpg,9*(7*9)=567
train/1938.jpg,5-1-6=-2
train/1939.jpg,(0*9)*1=0
train/1940.jpg,4*7*8=224
train/1941.jpg,(7*0)-8=-8
train/1942.jpg,1-3-2=-4
train/1943.jpg,(3+6)-4=5
train/1944.jpg,(8-4)+8=12
train/1945.jpg,7+(3+2)=12
train/1946.jpg,(1+4)*2=10
train/1947.jpg,6*(4*1)=24
train/1948.jpg,2-5+5=2
train/1949.jpg,7-7+5=5
train/1950.jpg,7*8+3=59
train/1951.jpg,6+(5-0)=11
train/1952.jpg,6*(6+5)=66
train/1953.jpg,4-(8+2)=-6
train/1954.jpg,9*(8+7)=135
train/1955.jpg,5*5*3=75
train/1956.jpg,(2*0)*6=0
train/1957.jpg,(3+5)+9=17
train/1958.jpg,(8+2)+1=11
train/1959.jpg,4-4-6=-6
train/1960.jpg,(1+8)+1=10
train/1961.jpg,3*(5+7)=36
train/1962.jpg,0*2-0=0
train/1963.jpg,3+(2+9)=14
train/1964.jpg,3*(9*9)=243
train/1965.jpg,4*6+4=28
train/1966.jpg,(7*7)*0=0
train/1967.jpg,1-(3*1)=-2
train/1968.jpg,2+(6*1)=8
train/1969.jpg,4+2+7=13
train/1970.jpg,(8-5)+1=4
train/1971.jpg,1-2-6=-7
train/1972.jpg,0-6+9=3
train/1973.jpg,7-(3*2)=1
train/1974.jpg,(4-3)-1=0
train/1975.jpg,0+(3-6)=-3
train/1976.jpg,5*(7*7)=245
train/1977.jpg,1-(2*6)=-11
train/1978.jpg,7+5-5=7
train/1979.jpg,(3*5)+9=24
train/1980.jpg,(1+1)*8=16
train/1981.jpg,(3*8)+6=30
train/1982.jpg,4*(6-6)=0
train/1983.jpg,4*(2+3)=20
train/1984.jpg,(2*2)+0=4
train/1985.jpg,4*5-4=16
train/1986.jpg,9*(0-6)=-54
train/1987.jpg,(0+0)+0=0
train/1988.jpg,(4-3)*7=7
train/1989.jpg,(2*6)+9=21
train/1990.jpg,1*8-1=7
train/1991.jpg,3+5+4=12
train/1992.jpg,6-6+1=1
train/1993.jpg,8-(9+9)=-10
train/1994.jpg,0-(9-2)=-7
train/1995.jpg,1*(4-7)=-3
train/1996.jpg,8-(4+4)=0
train/1997.jpg,1+0-4=-3
train/1998.jpg,(7*4)-6=22
train/1999.jpg,(3+8)*8=88
train/2000.jpg,3-(8*8)=-61
train/2001.jpg,(3-0)+7=10
train/2002.jpg,7-2+2=7
train/2003.jpg,(3-5)*7=-14
train/2004.jpg,8*7-2=54
train/2005.jpg,4+9+4=17
train/2006.jpg,7+5+2=14
train/2007.jpg,1-8*2=-15
train/2008.jpg,(8+6)*4=56
train/2009.jpg,1*(2+8)=10
train/2010.jpg,7+1+7=15
train/2011.jpg,(9+1)+0=10
train/2012.jpg,0*5-2=-2
train/2013.jpg,2*(9+4)=26
train/2014.jpg,2*6*0=0
train/2015.jpg,1-0-4=-3
train/2016.jpg,(4+1)+0=5
train/2017.jpg,8*3*8=192
train/2018.jpg,0*(1-3)=0
train/2019.jpg,3-3-4=-4
train/2020.jpg,1-(5*3)=-14
train/2021.jpg,2*(5+9)=28
train/2022.jpg,(7+2)+5=14
train/2023.jpg,7-1+8=14
train/2024.jpg,(9-2)-8=-1
train/2025.jpg,5+0-3=2
train/2026.jpg,5*4+5=25
train/2027.jpg,6+2-7=1
train/2028.jpg,2*(6-3)=6
train/2029.jpg,7-6-3=-2
train/2030.jpg,(3+2)+8=13
train/2031.jpg,7*(8*1)=56
train/2032.jpg,3+0*5=3
train/2033.jpg,6*(2*4)=48
train/2034.jpg,(3*6)*5=90
train/2035.jpg,1*(0-6)=-6
train/2036.jpg,(4-9)*7=-35
train/2037.jpg,(8*9)*5=360
train/2038.jpg,9-(1-8)=16
train/2039.jpg,(3*8)-1=23
train/2040.jpg,(8*2)-6=10
train/2041.jpg,9-2*3=3
train/2042.jpg,(3*9)*2=54
train/2043.jpg,2*(8+0)=16
train/2044.jpg,5-0*2=5
train/2045.jpg,(0*5)-6=-6
train/2046.jpg,7-(1*7)=0
train/2047.jpg,(6+4)+2=12
train/2048.jpg,3-(5+1)=-3
train/2049.jpg,(8+0)+0=8
train/2050.jpg,(1*9)+0=9
train/2051.jpg,(3-0)*0=0
train/2052.jpg,1*(8+5)=13
train/2053.jpg,(2+0)+9=11
train/2054.jpg,(1*5)-5=0
train/2055.jpg,(3+4)+7=14
train/2056.jpg,3-5+5=3
train/2057.jpg,9-(7*9)=-54
train/2058.jpg,5-7-9=-11
train/2059.jpg,(8*0)-0=0
train/2060.jpg,6-(9-9)=6
train/2061.jpg,0-3*2=-6
train/2062.jpg,9-5-6=-2
train/2063.jpg,(7+9)*3=48
train/2064.jpg,2-(1+7)=-6
train/2065.jpg,(8+1)*9=81
train/2066.jpg,9-9+9=9
train/2067.jpg,4*(5+4)=36
train/2068.jpg,(7+4)+3=14
train/2069.jpg,(1*5)-3=2
train/2070.jpg,9+(5-5)=9
train/2071.jpg,8+(9*9)=89
train/2072.jpg,(8-2)-8=-2
train/2073.jpg,4-9-4=-9
train/2074.jpg,(8*8)-5=59
train/2075.jpg,6*(8-7)=6
train/2076.jpg,5-(0*5)=5
train/2077.jpg,7*(8+6)=98
train/2078.jpg,9+5+0=14
train/2079.jpg,8*(7-0)=56
train/2080.jpg,9-5*4=-11
train/2081.jpg,3+3-5=1
train/2082.jpg,9*(3-5)=-18
train/2083.jpg,(8*8)+7=71
train/2084.jpg,1*5-8=-3
train/2085.jpg,4-(6-5)=3
train/2086.jpg,6-(3+0)=3
train/2087.jpg,(2+6)*5=40
train/2088.jpg,5-8*4=-27
train/2089.jpg,(2-6)+5=1
train/2090.jpg,(8+0)+9=17
train/2091.jpg,(4+4)-0=8
train/2092.jpg,9+8*5=49
train/2093.jpg,3-5+0=-2
train/2094.jpg,5+7*4=33
train/2095.jpg,5+7+2=14
train/2096.jpg,0+6*0=0
train/2097.jpg,3*(4-3)=3
train/2098.jpg,8-(7*4)=-20
train/2099.jpg,0*3+4=4
train/2100.jpg,(3+9)+0=12
train/2101.jpg,9*2+0=18
train/2102.jpg,(2+0)*6=12
train/2103.jpg,(8+5)+7=20
train/2104.jpg,3*0*5=0
train/2105.jpg,1+1-3=-1
train/2106.jpg,2+(3*5)=17
train/2107.jpg,(0+6)+0=6
train/2108.jpg,9-6+0=3
train/2109.jpg,7+1*3=10
train/2110.jpg,1*2+1=3
train/2111.jpg,(7-6)-6=-5
train/2112.jpg,(3-7)-3=-7
train/2113.jpg,0+(1+4)=5
train/2114.jpg,0-3*6=-18
train/2115.jpg,(7+0)*1=7
train/2116.jpg,4*0*3=0
train/2117.jpg,0*0*4=0
train/2118.jpg,5*(9-8)=5
train/2119.jpg,(7-0)*4=28
train/2120.jpg,7*(7+6)=91
train/2121.jpg,8+4+1=13
train/2122.jpg,6*4+7=31
train/2123.jpg,9+6*5=39
train/2124.jpg,2+(5+3)=10
train/2125.jpg,3*4-2=10
train/2126.jpg,3-(6+0)=-3
train/2127.jpg,5+(8*7)=61
train/2128.jpg,(0+9)*3=27
train/2129.jpg,(4*0)+9=9
train/2130.jpg,(8+4)*4=48
train/2131.jpg,(8-9)*8=-8
train/2132.jpg,8-(2*6)=-4
train/2133.jpg,(2-9)*8=-56
train/2134.jpg,0+5+6=11
train/2135.jpg,3*(6-6)=0
train/2136.jpg,9-3-1=5
train/2137.jpg,4*(1-9)=-32
train/2138.jpg,(2-7)-3=-8
train/2139.jpg,8+6-4=10
train/2140.jpg,1+(7*0)=1
train/2141.jpg,9+4-2=11
train/2142.jpg,2*7+3=17
train/2143.jpg,2+0*1=2
train/2144.jpg,4-(6*6)=-32
train/2145.jpg,7-1-2=4
train/2146.jpg,6*(3*0)=0
train/2147.jpg,(5*5)*2=50
train/2148.jpg,(6*2)-8=4
train/2149.jpg,5+(9+0)=14
train/2150.jpg,4-(2+2)=0
train/2151.jpg,8+(7*9)=71
train/2152.jpg,(9+4)*0=0
train/2153.jpg,2-(2-9)=9
train/2154.jpg,(8*2)+7=23
train/2155.jpg,(5-5)-9=-9
train/2156.jpg,3+0+3=6
train/2157.jpg,(2+3)*7=35
train/2158.jpg,(8+8)-4=12
train/2159.jpg,1*(3+8)=11
train/2160.jpg,3-(6*2)=-9
train/2161.jpg,1*(0+7)=7
train/2162.jpg,(6-9)+9=6
train/2163.jpg,8-3-2=3
train/2164.jpg,(0*0)*7=0
train/2165.jpg,(8+1)*3=27
train/2166.jpg,5-(0+1)=4
train/2167.jpg,4-9*5=-41
train/2168.jpg,4+(7+5)=16
train/2169.jpg,8*(3*9)=216
train/2170.jpg,(4-6)+0=-2
train/2171.jpg,(1-3)*4=-8
train/2172.jpg,(2-5)*3=-9
train/2173.jpg,4+0-4=0
train/2174.jpg,8*4+2=34
train/2175.jpg,5-6-9=-10
train/2176.jpg,2-(8-2)=-4
train/2177.jpg,8+4-3=9
train/2178.jpg,4-(2+8)=-6
train/2179.jpg,(8-0)*4=32
train/2180.jpg,(3*8)+1=25
train/2181.jpg,5+6-3=8
train/2182.jpg,(2+8)-3=7
train/2183.jpg,1+(7-5)=3
train/2184.jpg,1*2+4=6
train/2185.jpg,(7-2)-9=-4
train/2186.jpg,9+9-6=12
train/2187.jpg,8-0+3=11
train/2188.jpg,5*(8+4)=60
train/2189.jpg,3*1-4=-1
train/2190.jpg,5*(1-2)=-5
train/2191.jpg,(5+8)-4=9
train/2192.jpg,2-1+6=7
train/2193.jpg,(9+4)-4=9
train/2194.jpg,9-(5*1)=4
train/2195.jpg,(4+8)+2=14
train/2196.jpg,(5*8)*6=240
train/2197.jpg,4+(6*7)=46
train/2198.jpg,7+6*9=61
train/2199.jpg,4+(9*6)=58
train/2200.jpg,(1+0)+0=1
train/2201.jpg,1-(7-6)=0
train/2202.jpg,7-(9+2)=-4
train/2203.jpg,6*4+2=26
train/2204.jpg,0*(6-0)=0
train/2205.jpg,(8-3)-4=1
train/2206.jpg,8-(7+5)=-4
train/2207.jpg,(2*6)-5=7
train/2208.jpg,7+(2+1)=10
train/2209.jpg,8*9-2=70
train/2210.jpg,5+5-8=2
train/2211.jpg,1-5+2=-2
train/2212.jpg,6-8-7=-9
train/2213.jpg,3+(4-4)=3
train/2214.jpg,(2-6)-4=-8
train/2215.jpg,3+(3+0)=6
train/2216.jpg,(0-7)*0=0
train/2217.jpg,(2*7)+4=18
train/2218.jpg,(4-1)*9=27
train/2219.jpg,(4-0)*5=20
train/2220.jpg,5*2*3=30
train/2221.jpg,3*(0*0)=0
train/2222.jpg,6-6-3=-3
train/2223.jpg,5*1-1=4
train/2224.jpg,3*7*3=63
train/2225.jpg,(8-3)+8=13
train/2226.jpg,3*(7+2)=27
train/2227.jpg,(6*2)-5=7
train/2228.jpg,5+4*6=29
train/2229.jpg,(6*7)*2=84
train/2230.jpg,5+(4*4)=21
train/2231.jpg,(9-3)+0=6
train/2232.jpg,5+(0*1)=5
train/2233.jpg,(6*4)+4=28
train/2234.jpg,(5-1)-2=2
train/2235.jpg,4-(4+1)=-1
train/2236.jpg,2*(2*9)=36
train/2237.jpg,9*1*8=72
train/2238.jpg,8+(3+7)=18
train/2239.jpg,9+0-8=1
train/2240.jpg,7*(9*7)=441
train/2241.jpg,6-4-8=-6
train/2242.jpg,5-(1-0)=4
train/2243.jpg,(6+4)+3=13
train/2244.jpg,(2*9)+6=24
train/2245.jpg,0*9*8=0
train/2246.jpg,5-6-8=-9
train/2247.jpg,1*7*7=49
train/2248.jpg,4*(8*6)=192
train/2249.jpg,2*2+6=10
train/2250.jpg,1-(3-2)=0
train/2251.jpg,(8*8)*2=128
train/2252.jpg,9*(5*0)=0
train/2253.jpg,0*(1+5)=0
train/2254.jpg,(1*8)-4=4
train/2255.jpg,0*(7-9)=0
train/2256.jpg,0+(3-0)=3
train/2257.jpg,3+(3+8)=14
train/2258.jpg,(3+7)-4=6
train/2259.jpg,8*4+7=39
train/2260.jpg,9*6+7=61
train/2261.jpg,1-0+5=6
train/2262.jpg,(3-9)-3=-9
train/2263.jpg,3+5-9=-1
train/2264.jpg,(7-3)*6=24
train/2265.jpg,0-(6-2)=-4
train/2266.jpg,(9+0)*6=54
train/2267.jpg,1-9-1=-9
train/2268.jpg,8+9-2=15
train/2269.jpg,1+(5*8)=41
train/2270.jpg,0*(2*4)=0
train/2271.jpg,(6-7)+0=-1
train/2272.jpg,5*5*3=75
train/2273.jpg,(0+5)-7=-2
train/2274.jpg,1-(5+9)=-13
train/2275.jpg,(9-5)+4=8
train/2276.jpg,(6*3)-5=13
train/2277.jpg,(8-6)-3=-1
train/2278.jpg,0-(9*2)=-18
train/2279.jpg,(1+5)*5=30
train/2280.jpg,3+(2-5)=0
train/2281.jpg,1+0-5=-4
train/2282.jpg,6*(9+2)=66
train/2283.jpg,5+5+0=10
train/2284.jpg,(0-4)*2=-8
train/2285.jpg,6-(3+3)=0
train/2286.jpg,3-(8-0)=-5
train/2287.jpg,(1+4)*9=45
train/2288.jpg,9-1-6=2
train/2289.jpg,9-2*7=-5
train/2290.jpg,(1+4)+9=14
train/2291.jpg,4-(8*5)=-36
train/2292.jpg,(1*5)+5=10
train/2293.jpg,0-2-2=-4
train/2294.jpg,1-7-2=-8
train/2295.jpg,7-(7-5)=5
train/2296.jpg,8*6+6=54
train/2297.jpg,1*6-6=0
train/2298.jpg,6+6*2=18
train/2299.jpg,7+0+7=14
train/2300.jpg,2+(9+9)=20
train/2301.jpg,7*6*8=336
train/2302.jpg,(4*6)*2=48
train/2303.jpg,8*(9*4)=288
train/2304.jpg,1-(4-0)=-3
train/2305.jpg,6*(9*6)=324
train/2306.jpg,5*(5-0)=25
train/2307.jpg,8-5-3=0
train/2308.jpg,(9-4)+3=8
train/2309.jpg,1*7*5=35
train/2310.jpg,5*(7+4)=55
train/2311.jpg,2+(7*8)=58
train/2312.jpg,(2*3)-2=4
train/2313.jpg,6-(6*9)=-48
train/2314.jpg,1-1-3=-3
train/2315.jpg,(0-9)*1=-9
train/2316.jpg,8-(0*9)=8
train/2317.jpg,0+0*4=0
train/2318.jpg,(6+5)-1=10
train/2319.jpg,7*(2-3)=-7
train/2320.jpg,(0-3)*0=0
train/2321.jpg,2+4+1=7
train/2322.jpg,1-0-1=0
train/2323.jpg,7+(9+3)=19
train/2324.jpg,1+(1-4)=-2
train/2325.jpg,9-(4+7)=-2
train/2326.jpg,(6*6)*8=288
train/2327.jpg,(2+7)*9=81
train/2328.jpg,(0*5)-3=-3
train/2329.jpg,8-(1*9)=-1
train/2330.jpg,7+7*3=28
train/2331.jpg,0-(4*5)=-20
train/2332.jpg,1*(6-0)=6
train/2333.jpg,3*4+5=17
train/2334.jpg,0+(6+5)=11
train/2335.jpg,(9-4)+5=10
train/2336.jpg,5-7-3=-5
train/2337.jpg,9-2*2=5
train/2338.jpg,6-6+6=6
train/2339.jpg,(2+9)-2=9
train/2340.jpg,7-4-7=-4
train/2341.jpg,7+3-3=7
train/2342.jpg,4*(7*0)=0
train/2343.jpg,(2+6)-9=-1
train/2344.jpg,(0-6)*6=-36
train/2345.jpg,6+(5+8)=19
train/2346.jpg,(8*3)*4=96
train/2347.jpg,6+(7*8)=62
train/2348.jpg,6*9+1=55
train/2349.jpg,(4*8)+8=40
train/2350.jpg,(4+0)*4=16
train/2351.jpg,8-3*8=-16
train/2352.jpg,2-0*0=2
train/2353.jpg,(9-9)+9=9
train/2354.jpg,(3*7)*2=42
train/2355.jpg,0-(7-7)=0
train/2356.jpg,9+(2*1)=11
train/2357.jpg,(0-7)+0=-7
train/2358.jpg,6+(7*6)=48
train/2359.jpg,7+7*1=14
train/2360.jpg,7-(3-3)=7
train/2361.jpg,(7*2)+2=16
train/2362.jpg,(1+2)*0=0
train/2363.jpg,6+(8+1)=15
train/2364.jpg,8*(0-8)=-64
train/2365.jpg,5-4-5=-4
train/2366.jpg,9*(4+8)=108
train/2367.jpg,7+(5+7)=19
train/2368.jpg,1+5*9=46
train/2369.jpg,1+(0+9)=10
train/2370.jpg,6+6+7=19
train/2371.jpg,8+8-1=15
train/2372.jpg,5-7-2=-4
train/2373.jpg,(7*5)-2=33
train/2374.jpg,9+(0-9)=0
train/2375.jpg,(0-0)*8=0
train/2376.jpg,3*(7*7)=147
train/2377.jpg,(1+5)+0=6
train/2378.jpg,1-4*1=-3
train/2379.jpg,4+6-3=7
train/2380.jpg,2*(1+0)=2
train/2381.jpg,(2+2)*3=12
train/2382.jpg,(0-5)*9=-45
train/2383.jpg,6*1+8=14
train/2384.jpg,(0*2)+5=5
train/2385.jpg,2+(3-6)=-1
train/2386.jpg,3+(2+4)=9
train/2387.jpg,2-9-4=-11
train/2388.jpg,5-9-9=-13
train/2389.jpg,7-(5+7)=-5
train/2390.jpg,2+2+0=4
train/2391.jpg,7*7*9=441
train/2392.jpg,4-4+7=7
train/2393.jpg,(2-3)-5=-6
train/2394.jpg,(0*2)*8=0
train/2395.jpg,(9-9)-5=-5
train/2396.jpg,(5*8)-0=40
train/2397.jpg,6-9+7=4
train/2398.jpg,9+2*2=13
train/2399.jpg,7*0-4=-4
train/2400.jpg,4+(4+8)=16
train/2401.jpg,5+(0-7)=-2
train/2402.jpg,(4-4)*3=0
train/2403.jpg,(4+5)-2=7
train/2404.jpg,(1+0)*1=1
train/2405.jpg,9-5*3=-6
train/2406.jpg,9-6+0=3
train/2407.jpg,8-(1+2)=5
train/2408.jpg,1+(1-9)=-7
train/2409.jpg,7-(4-6)=9
train/2410.jpg,2+(8*9)=74
train/2411.jpg,(7*3)+1=22
train/2412.jpg,9-(7-9)=11
train/2413.jpg,3*9+6=33
train/2414.jpg,(8*6)-6=42
train/2415.jpg,1-8+2=-5
train/2416.jpg,3-2+7=8
train/2417.jpg,6*(3-1)=12
train/2418.jpg,2+(9+3)=14
train/2419.jpg,6*4-3=21
train/2420.jpg,(1*9)*1=9
train/2421.jpg,(2+3)-3=2
train/2422.jpg,9-5+2=6
train/2423.jpg,5+(7-4)=8
train/2424.jpg,7*(7*2)=98
train/2425.jpg,8+2+8=18
train/2426.jpg,8*(4*8)=256
train/2427.jpg,3+(0*6)=3
train/2428.jpg,9*(6*4)=216
train/2429.jpg,1+8-9=0
train/2430.jpg,2+(6+9)=17
train/2431.jpg,(9+8)*7=119
train/2432.jpg,(7-6)-8=-7
train/2433.jpg,8*1*8=64
train/2434.jpg,9-(7+9)=-7
train/2435.jpg,9+3-1=11
train/2436.jpg,9-4*9=-27
train/2437.jpg,8+3+8=19
train/2438.jpg,7*4*3=84
train/2439.jpg,(9-2)+7=14
train/2440.jpg,(9*6)*7=378
train/2441.jpg,(1+9)+1=11
train/2442.jpg,(9+3)+9=21
train/2443.jpg,5-1-8=-4
train/2444.jpg,0*5-2=-2
train/2445.jpg,3*(9-2)=21
train/2446.jpg,7-0-3=4
train/2447.jpg,(0*0)+6=6
train/2448.jpg,9+7*5=44
train/2449.jpg,8+(5-9)=4
train/2450.jpg,9+(0*8)=9
train/2451.jpg,9+7*3=30
train/2452.jpg,3+(3-6)=0
train/2453.jpg,7*7*9=441
train/2454.jpg,6-7+7=6
train/2455.jpg,6+8*0=6
train/2456.jpg,7*6-1=41
train/2457.jpg,8-3*6=-10
train/2458.jpg,(8*4)*9=288
train/2459.jpg,0*9*1=0
train/2460.jpg,4-4+3=3
train/2461.jpg,3-(4+9)=-10
train/2462.jpg,(2+0)-3=-1
train/2463.jpg,9+(1-1)=9
train/2464.jpg,2*(6-8)=-4
train/2465.jpg,(6+9)-1=14
train/2466.jpg,6+0-4=2
train/2467.jpg,(7+7)*2=28
train/2468.jpg,(5-0)+2=7
train/2469.jpg,4+1+5=10
train/2470.jpg,6*(9-4)=30
train/2471.jpg,(9*5)*5=225
train/2472.jpg,5*6-8=22
train/2473.jpg,4*1+1=5
train/2474.jpg,8-9*0=8
train/2475.jpg,(7-1)+7=13
train/2476.jpg,8-7+7=8
train/2477.jpg,(0*0)+4=4
train/2478.jpg,9-7*1=2
train/2479.jpg,1-(0*3)=1
train/2480.jpg,5+9*3=32
train/2481.jpg,0*(1+5)=0
train/2482.jpg,5+(6*2)=17
train/2483.jpg,(6-3)-2=1
train/2484.jpg,1*(3*5)=15
train/2485.jpg,(3+6)-1=8
train/2486.jpg,1-2*5=-9
train/2487.jpg,(7+6)+3=16
train/2488.jpg,6+0-1=5
train/2489.jpg,2*1+2=4
train/2490.jpg,7-(8*4)=-25
train/2491.jpg,5+2-0=7
train/2492.jpg,(2*4)+7=15
train/2493.jpg,9+9-8=10
train/2494.jpg,2*1+7=9
train/2495.jpg,6+(3-6)=3
train/2496.jpg,6+3-3=6
train/2497.jpg,(2+0)+9=11
train/2498.jpg,1-0*5=1
train/2499.jpg,0*2*6=0
train/2500.jpg,(0+6)-5=1
train/2501.jpg,1+(2*7)=15
train/2502.jpg,5-7+3=1
train/2503.jpg,1-(2*2)=-3
train/2504.jpg,(0+3)-0=3
train/2505.jpg,(2+0)-7=-5
train/2506.jpg,3*(4*4)=48
train/2507.jpg,(1+2)-3=0
train/2508.jpg,(7+9)+0=16
train/2509.jpg,1*(7*6)=42
train/2510.jpg,0-(0-8)=8
train/2511.jpg,3+9+8=20
train/2512.jpg,8-9-5=-6
train/2513.jpg,0+(3-9)=-6
train/2514.jpg,(6-1)-3=2
train/2515.jpg,(5*0)+5=5
train/2516.jpg,9+3*4=21
train/2517.jpg,(3+1)-2=2
train/2518.jpg,(6*6)*5=180
train/2519.jpg,(0*3)-9=-9
train/2520.jpg,5+(1-9)=-3
train/2521.jpg,(3*5)+7=22
train/2522.jpg,(1*0)+3=3
train/2523.jpg,6-6+2=2
train/2524.jpg,3-(8+3)=-8
train/2525.jpg,9*(9-9)=0
train/2526.jpg,9+(9*6)=63
train/2527.jpg,4-(7*0)=4
train/2528.jpg,2*(4-8)=-8
train/2529.jpg,(6-3)-5=-2
train/2530.jpg,2+8-0=10
train/2531.jpg,(2+1)-0=3
train/2532.jpg,(4-1)*9=27
train/2533.jpg,(1*1)-6=-5
train/2534.jpg,9+6*0=9
train/2535.jpg,4+(9-2)=11
train/2536.jpg,4*5+1=21
train/2537.jpg,5*(7-8)=-5
train/2538.jpg,(6-9)+8=5
train/2539.jpg,8-(5*2)=-2
train/2540.jpg,(2-1)*0=0
train/2541.jpg,4*6-1=23
train/2542.jpg,(3+6)-1=8
train/2543.jpg,4*2*3=24
train/2544.jpg,0*8*8=0
train/2545.jpg,9-(9*5)=-36
train/2546.jpg,(4-4)+2=2
train/2547.jpg,(0*8)*8=0
train/2548.jpg,3+(6-6)=3
train/2549.jpg,(3-1)-5=-3
train/2550.jpg,(5*5)+9=34
train/2551.jpg,5+(0+3)=8
train/2552.jpg,6-7+5=4
train/2553.jpg,5+(7+5)=17
train/2554.jpg,1*(2*6)=12
train/2555.jpg,9+(5-8)=6
train/2556.jpg,(1-2)-1=-2
train/2557.jpg,6-(3*6)=-12
train/2558.jpg,5*9*4=180
train/2559.jpg,(4-5)-4=-5
train/2560.jpg,(3*9)*5=135
train/2561.jpg,8-(1+1)=6
train/2562.jpg,1-(2-0)=-1
train/2563.jpg,7*5-6=29
train/2564.jpg,2*(8*1)=16
train/2565.jpg,(9-9)-8=-8
train/2566.jpg,(2*2)+7=11
train/2567.jpg,5*6*1=30
train/2568.jpg,(7-1)-9=-3
train/2569.jpg,6*(0*6)=0
train/2570.jpg,8-(4+5)=-1
train/2571.jpg,4+5-5=4
train/2572.jpg,6*(9*4)=216
train/2573.jpg,4+(3+2)=9
train/2574.jpg,9-(7*8)=-47
train/2575.jpg,3-0*3=3
train/2576.jpg,4-0+7=11
train/2577.jpg,(0-9)*0=0
train/2578.jpg,3-2*7=-11
train/2579.jpg,(8+7)*3=45
train/2580.jpg,3*(5*1)=15
train/2581.jpg,0+(8*7)=56
train/2582.jpg,5+1*4=9
train/2583.jpg,8+(6-0)=14
train/2584.jpg,7+5*6=37
train/2585.jpg,(4*2)+6=14
train/2586.jpg,(4*2)+4=12
train/2587.jpg,6*(2*5)=60
train/2588.jpg,9*9-4=77
train/2589.jpg,(6+8)*6=84
train/2590.jpg,8*3*3=72
train/2591.jpg,5*1+3=8
train/2592.jpg,6+(9-9)=6
train/2593.jpg,(9-8)*4=4
train/2594.jpg,1+(2*5)=11
train/2595.jpg,1-2-6=-7
train/2596.jpg,1-(4+2)=-5
train/2597.jpg,7*3+1=22
train/2598.jpg,5-5-8=-8
train/2599.jpg,5-(2-0)=3
train/2600.jpg,8-6+2=4
train/2601.jpg,8*4+2=34
train/2602.jpg,6-9*2=-12
train/2603.jpg,0+7+4=11
train/2604.jpg,0*9*9=0
train/2605.jpg,(5+1)-6=0
train/2606.jpg,9+(4*1)=13
train/2607.jpg,8*(9+2)=88
train/2608.jpg,1+8-2=7
train/2609.jpg,6*6-1=35
train/2610.jpg,(8+0)-3=5
train/2611.jpg,3-(3*5)=-12
train/2612.jpg,(0+3)*5=15
train/2613.jpg,5-(0*1)=5
train/2614.jpg,9*(8+4)=108
train/2615.jpg,0+9-3=6
train/2616.jpg,7*1*3=21
train/2617.jpg,6-(4+1)=1
train/2618.jpg,(4-5)+3=2
train/2619.jpg,(3*0)+1=1
train/2620.jpg,(8*5)-4=36
train/2621.jpg,(9+9)*2=36
train/2622.jpg,5+(5+9)=19
train/2623.jpg,(8*1)-2=6
train/2624.jpg,2+(8+2)=12
train/2625.jpg,3-(1-2)=4
train/2626.jpg,5+(3*3)=14
train/2627.jpg,(2-1)+2=3
train/2628.jpg,6+7*9=69
train/2629.jpg,(6-8)+0=-2
train/2630.jpg,3*(8*7)=168
train/2631.jpg,8-2+2=8
train/2632.jpg,0-(7+2)=-9
train/2633.jpg,(2*3)*7=42
train/2634.jpg,3-(6*4)=-21
train/2635.jpg,(7*7)+3=52
train/2636.jpg,6+(5+8)=19
train/2637.jpg,1+6+3=10
train/2638.jpg,(4*4)*5=80
train/2639.jpg,5*7*8=280
train/2640.jpg,8*(7*2)=112
train/2641.jpg,4+(5-8)=1
train/2642.jpg,(5-7)*2=-4
train/2643.jpg,1-(1-0)=0
train/2644.jpg,7+9-7=9
train/2645.jpg,2+(5+7)=14
train/2646.jpg,4-2-7=-5
train/2647.jpg,(4-1)+7=10
train/2648.jpg,(9+5)+7=21
train/2649.jpg,8+9+9=26
train/2650.jpg,1-(1-8)=8
train/2651.jpg,8+(4-9)=3
train/2652.jpg,(4-1)*9=27
train/2653.jpg,(9*2)+5=23
train/2654.jpg,1-(7+2)=-8
train/2655.jpg,8+7+8=23
train/2656.jpg,3-5-2=-4
train/2657.jpg,4+(2+6)=12
train/2658.jpg,(6+9)-1=14
train/2659.jpg,4+(2+7)=13
train/2660.jpg,(0-0)*7=0
train/2661.jpg,4*(8-8)=0
train/2662.jpg,2-(8*0)=2
train/2663.jpg,5-(6-6)=5
train/2664.jpg,8+(2-0)=10
train/2665.jpg,0-1-1=-2
train/2666.jpg,1*(4*1)=4
train/2667.jpg,6+(7-6)=7
train/2668.jpg,8-9+8=7
train/2669.jpg,9+3-0=12
train/2670.jpg,2-2-3=-3
train/2671.jpg,7+5*7=42
train/2672.jpg,7+6*0=7
train/2673.jpg,7+(1-2)=6
train/2674.jpg,0-0-6=-6
train/2675.jpg,3+(4+8)=15
train/2676.jpg,8*(3+8)=88
train/2677.jpg,(5*3)+0=15
train/2678.jpg,(0-5)+7=2
train/2679.jpg,(9*5)-1=44
train/2680.jpg,2+(5*8)=42
train/2681.jpg,(5+9)+2=16
train/2682.jpg,9+2+0=11
train/2683.jpg,5-(1*6)=-1
train/2684.jpg,1+(5-2)=4
train/2685.jpg,7-3+7=11
train/2686.jpg,5*8+8=48
train/2687.jpg,(9*0)*8=0
train/2688.jpg,1+7+8=16
train/2689.jpg,9+4-4=9
train/2690.jpg,(5*1)*9=45
train/2691.jpg,6-(6*3)=-12
train/2692.jpg,(1*0)*2=0
train/2693.jpg,(9+9)-4=14
train/2694.jpg,(3+5)+3=11
train/2695.jpg,9-0*6=9
train/2696.jpg,(7-2)*4=20
train/2697.jpg,4*5-9=11
train/2698.jpg,0-5-2=-7
train/2699.jpg,6-3-4=-1
train/2700.jpg,1*9+8=17
train/2701.jpg,1-(2-7)=6
train/2702.jpg,(7*3)-9=12
train/2703.jpg,(8+1)-3=6
train/2704.jpg,7*8+7=63
train/2705.jpg,7+(7-1)=13
train/2706.jpg,5-4+6=7
train/2707.jpg,1-2-1=-2
train/2708.jpg,9+(9*5)=54
train/2709.jpg,(2*2)-4=0
train/2710.jpg,(1-9)*0=0
train/2711.jpg,6+5*5=31
train/2712.jpg,4*(6+2)=32
train/2713.jpg,0-(9-8)=-1
train/2714.jpg,(5-2)-1=2
train/2715.jpg,(0+7)+1=8
train/2716.jpg,(4+8)+1=13
train/2717.jpg,(5*6)*5=150
train/2718.jpg,9+(4-4)=9
train/2719.jpg,(3-2)-2=-1
train/2720.jpg,5+7+3=15
train/2721.jpg,(1-6)+7=2
train/2722.jpg,2+(7*1)=9
train/2723.jpg,4+8*2=20
train/2724.jpg,(3*7)+1=22
train/2725.jpg,0*9+0=0
train/2726.jpg,(5-1)*8=32
train/2727.jpg,5+2*3=11
train/2728.jpg,5*(8*8)=320
train/2729.jpg,2-(9*4)=-34
train/2730.jpg,4*(5+6)=44
train/2731.jpg,2+0*3=2
train/2732.jpg,(5*3)-0=15
train/2733.jpg,(7+8)+4=19
train/2734.jpg,7+3*0=7
train/2735.jpg,(1-1)-1=-1
train/2736.jpg,(9-3)-1=5
train/2737.jpg,3-1-0=2
train/2738.jpg,(0-3)+6=3
train/2739.jpg,5+5-3=7
train/2740.jpg,8-(8+1)=-1
train/2741.jpg,5-6+3=2
train/2742.jpg,4*5+6=26
train/2743.jpg,3-(8-2)=-3
train/2744.jpg,3+5-5=3
train/2745.jpg,3-3-0=0
train/2746.jpg,(4*1)+1=5
train/2747.jpg,(1-2)+3=2
train/2748.jpg,6*(6+1)=42
train/2749.jpg,2*(9-1)=16
train/2750.jpg,(2*6)+7=19
train/2751.jpg,7-7-5=-5
train/2752.jpg,(4-1)+4=7
train/2753.jpg,9-(7-0)=2
train/2754.jpg,(1*3)+2=5
train/2755.jpg,(5+2)-5=2
train/2756.jpg,5-5*7=-30
train/2757.jpg,1*1-8=-7
train/2758.jpg,1*(7*8)=56
train/2759.jpg,(6+5)-3=8
train/2760.jpg,(1+6)*1=7
train/2761.jpg,7+(7+4)=18
train/2762.jpg,(0-8)*9=-72
train/2763.jpg,(7*8)-3=53
train/2764.jpg,9+7-8=8
train/2765.jpg,7+6-1=12
train/2766.jpg,(9-1)+8=16
train/2767.jpg,(6+2)-3=5
train/2768.jpg,0*(6*7)=0
train/2769.jpg,7*(5+0)=35
train/2770.jpg,3-(5*3)=-12
train/2771.jpg,8-9*7=-55
train/2772.jpg,(4+4)*4=32
train/2773.jpg,(1+9)+4=14
train/2774.jpg,4+(2-8)=-2
train/2775.jpg,8-(0+0)=8
train/2776.jpg,(2*1)*5=10
train/2777.jpg,4+7-1=10
train/2778.jpg,4*4-7=9
train/2779.jpg,9-(3-4)=10
train/2780.jpg,(9*5)-5=40
train/2781.jpg,4+9*5=49
train/2782.jpg,(7+0)*8=56
train/2783.jpg,2+8-3=7
train/2784.jpg,8-3+1=6
train/2785.jpg,(7*9)+5=68
train/2786.jpg,7+(8-0)=15
train/2787.jpg,3+(0-4)=-1
train/2788.jpg,5+(1-4)=2
train/2789.jpg,3-(9*0)=3
train/2790.jpg,6+(7-6)=7
train/2791.jpg,3-(9*6)=-51
train/2792.jpg,1*(0+0)=0
train/2793.jpg,(9-2)-3=4
train/2794.jpg,(2-7)-0=-5
train/2795.jpg,3+(4+8)=15
train/2796.jpg,4*(8+9)=68
train/2797.jpg,1-3-9=-11
train/2798.jpg,4-(6*4)=-20
train/2799.jpg,8*(5*9)=360
train/2800.jpg,2-(3*6)=-16
train/2801.jpg,(0*7)-2=-2
train/2802.jpg,(3+1)-0=4
train/2803.jpg,8+3*3=17
train/2804.jpg,5-(3+2)=0
train/2805.jpg,(7+6)*7=91
train/2806.jpg,1-(2+3)=-4
train/2807.jpg,0-(0*6)=0
train/2808.jpg,4+(3*1)=7
train/2809.jpg,8-3+1=6
train/2810.jpg,(9*9)+8=89
train/2811.jpg,2+(8-4)=6
train/2812.jpg,5*(9*6)=270
train/2813.jpg,5+2*7=19
train/2814.jpg,7+(7*2)=21
train/2815.jpg,3*(0-6)=-18
train/2816.jpg,7*9*4=252
train/2817.jpg,(3*8)+4=28
train/2818.jpg,(0+5)*9=45
train/2819.jpg,5*(5+2)=35
train/2820.jpg,2-(9+7)=-14
train/2821.jpg,1*9+2=11
train/2822.jpg,5-(4+2)=-1
train/2823.jpg,(8-6)-1=1
train/2824.jpg,8-6+0=2
train/2825.jpg,9+8-8=9
train/2826.jpg,3+5+1=9
train/2827.jpg,(2-7)*1=-5
train/2828.jpg,3+(4+3)=10
train/2829.jpg,(7*3)-1=20
train/2830.jpg,9-1*7=2
train/2831.jpg,7*(4-1)=21
train/2832.jpg,2*6-8=4
train/2833.jpg,9*1*7=63
train/2834.jpg,5-1-9=-5
train/2835.jpg,(9-6)-2=1
train/2836.jpg,2-(9-4)=-3
train/2837.jpg,2-8-8=-14
train/2838.jpg,7+1*5=12
train/2839.jpg,4*(1-2)=-4
train/2840.jpg,3+3*5=18
train/2841.jpg,9+7-5=11
train/2842.jpg,0+(9*3)=27
train/2843.jpg,0-(9*3)=-27
train/2844.jpg,5+(4-9)=0
train/2845.jpg,(1+3)*3=12
train/2846.jpg,(2-7)+7=2
train/2847.jpg,8-(0-7)=15
train/2848.jpg,(4*7)*0=0
train/2849.jpg,(2-1)*1=1
train/2850.jpg,8*1-4=4
train/2851.jpg,7+4+3=14
train/2852.jpg,(9-6)-8=-5
train/2853.jpg,(1*5)+5=10
train/2854.jpg,(9+9)*8=144
train/2855.jpg,(4+5)*9=81
train/2856.jpg,9-8+0=1
train/2857.jpg,(1+8)*5=45
train/2858.jpg,2-2-8=-8
train/2859.jpg,(9*5)+0=45
train/2860.jpg,2+4*0=2
train/2861.jpg,(6*0)*8=0
train/2862.jpg,(1*3)+6=9
train/2863.jpg,4*3*7=84
train/2864.jpg,0*(5-0)=0
train/2865.jpg,6*2+3=15
train/2866.jpg,(4-2)-3=-1
train/2867.jpg,7+7*0=7
train/2868.jpg,3*(0-9)=-27
train/2869.jpg,(4+7)+9=20
train/2870.jpg,(9*9)*1=81
train/2871.jpg,1*(4-0)=4
train/2872.jpg,1-6+0=-5
train/2873.jpg,3+(2+7)=12
train/2874.jpg,8+(5*1)=13
train/2875.jpg,(1-3)*0=0
train/2876.jpg,2-(3*7)=-19
train/2877.jpg,5+6-3=8
train/2878.jpg,3-5-9=-11
train/2879.jpg,0+7*3=21
train/2880.jpg,(9+4)-1=12
train/2881.jpg,7*0*8=0
train/2882.jpg,(6-7)*8=-8
train/2883.jpg,8-1*3=5
train/2884.jpg,5-(4+6)=-5
train/2885.jpg,9*(5+3)=72
train/2886.jpg,(0-1)*3=-3
train/2887.jpg,4+2-6=0
train/2888.jpg,(1*5)*9=45
train/2889.jpg,(2-9)-4=-11
train/2890.jpg,6+3-5=4
train/2891.jpg,(7-4)*9=27
train/2892.jpg,(6+1)-1=6
train/2893.jpg,8-(2-3)=9
train/2894.jpg,8*(2-4)=-16
train/2895.jpg,1+9*7=64
train/2896.jpg,(5*0)+9=9
train/2897.jpg,5+(2*9)=23
train/2898.jpg,(6*0)+4=4
train/2899.jpg,(9*7)+7=70
train/2900.jpg,(4-0)*4=16
train/2901.jpg,(3+0)*9=27
train/2902.jpg,0-(0*6)=0
train/2903.jpg,(4*1)*2=8
train/2904.jpg,0+0*0=0
train/2905.jpg,(5*9)+9=54
train/2906.jpg,(3+6)-3=6
train/2907.jpg,4*(7-3)=16
train/2908.jpg,(2*5)+3=13
train/2909.jpg,4-(5+5)=-6
train/2910.jpg,2-8+7=1
train/2911.jpg,(6*8)*4=192
train/2912.jpg,(8*9)*9=648
train/2913.jpg,9*(3*3)=81
train/2914.jpg,5-8*8=-59
train/2915.jpg,(2*6)+0=12
train/2916.jpg,1+3*8=25
train/2917.jpg,4*9-5=31
train/2918.jpg,3-8+2=-3
train/2919.jpg,4-(0+3)=1
train/2920.jpg,5*(0+8)=40
train/2921.jpg,7-(6+6)=-5
train/2922.jpg,3-4*1=-1
train/2923.jpg,(4+2)*2=12
train/2924.jpg,7-8+7=6
train/2925.jpg,1+(1+9)=11
train/2926.jpg,(3+2)+0=5
train/2927.jpg,8+(2*6)=20
train/2928.jpg,8-(2*4)=0
train/2929.jpg,7+(8-9)=6
train/2930.jpg,1+5-2=4
train/2931.jpg,7-7+4=4
train/2932.jpg,(2*7)*4=56
train/2933.jpg,1-2-9=-10
train/2934.jpg,(3+1)-8=-4
train/2935.jpg,(3+2)*2=10
train/2936.jpg,2+(1-0)=3
train/2937.jpg,4*(6-5)=4
train/2938.jpg,9*(8-4)=36
train/2939.jpg,(1+4)-2=3
train/2940.jpg,(6+1)+1=8
train/2941.jpg,(5*1)*5=25
train/2942.jpg,(8+6)*1=14
train/2943.jpg,4+(5*5)=29
train/2944.jpg,1*(2*0)=0
train/2945.jpg,(9*8)+6=78
train/2946.jpg,7-0-1=6
train/2947.jpg,3*(4+6)=30
train/2948.jpg,7-(2+5)=0
train/2949.jpg,5+5-9=1
train/2950.jpg,(0-2)-8=-10
train/2951.jpg,6-0-3=3
train/2952.jpg,5-(4*2)=-3
train/2953.jpg,0-0*6=0
train/2954.jpg,(0-9)-8=-17
train/2955.jpg,2-2-4=-4
train/2956.jpg,(8+9)*6=102
train/2957.jpg,(4*3)-1=11
train/2958.jpg,(6-9)+9=6
train/2959.jpg,9+(0+7)=16
train/2960.jpg,1*(4+3)=7
train/2961.jpg,8+(2-8)=2
train/2962.jpg,7+(2*5)=17
train/2963.jpg,3*0+5=5
train/2964.jpg,(4-9)+1=-4
train/2965.jpg,(7+7)+8=22
train/2966.jpg,8*(2-4)=-16
train/2967.jpg,2-2+3=3
train/2968.jpg,(1*6)*6=36
train/2969.jpg,(3+5)*9=72
train/2970.jpg,9+9-5=13
train/2971.jpg,2+(9*9)=83
train/2972.jpg,0-(4-5)=1
train/2973.jpg,9*(0-7)=-63
train/2974.jpg,6+5*3=21
train/2975.jpg,9+(2+6)=17
train/2976.jpg,2-1+4=5
train/2977.jpg,2*(4*8)=64
train/2978.jpg,(2-5)*3=-9
train/2979.jpg,1*(4+5)=9
train/2980.jpg,(5*1)*8=40
train/2981.jpg,(7-5)*9=18
train/2982.jpg,(4-2)-1=1
train/2983.jpg,(4*1)-2=2
train/2984.jpg,0-(2+5)=-7
train/2985.jpg,0-3+7=4
train/2986.jpg,3-(9+8)=-14
train/2987.jpg,4*(5+3)=32
train/2988.jpg,9+9*8=81
train/2989.jpg,4+8+8=20
train/2990.jpg,(4-2)+4=6
train/2991.jpg,0*(8+0)=0
train/2992.jpg,1*6*7=42
train/2993.jpg,(1*0)*4=0
train/2994.jpg,4+7-4=7
train/2995.jpg,6*8+6=54
train/2996.jpg,9-(5-6)=10
train/2997.jpg,1-2+9=8
train/2998.jpg,0+(8*6)=48
train/2999.jpg,9*4+4=40
train/3000.jpg,2+6+7=15
train/3001.jpg,5+9*2=23
train/3002.jpg,0*(4+5)=0
train/3003.jpg,7*(3*1)=21
train/3004.jpg,1*6+2=8
train/3005.jpg,7*(6-7)=-7
train/3006.jpg,(3+2)-5=0
train/3007.jpg,(1*6)-5=1
train/3008.jpg,8-5*9=-37
train/3009.jpg,7+1-4=4
train/3010.jpg,(5+8)+4=17
train/3011.jpg,(4+0)-3=1
train/3012.jpg,2-(2*6)=-10
train/3013.jpg,0-8*3=-24
train/3014.jpg,0+8+4=12
train/3015.jpg,7+8-2=13
train/3016.jpg,8*(9-3)=48
train/3017.jpg,(9*1)+2=11
train/3018.jpg,3-2-5=-4
train/3019.jpg,(4+9)+0=13
train/3020.jpg,(1+6)+6=13
train/3021.jpg,4+5-3=6
train/3022.jpg,7*5+9=44
train/3023.jpg,(5+8)-0=13
train/3024.jpg,(5+9)+5=19
train/3025.jpg,1-0+7=8
train/3026.jpg,6-2*3=0
train/3027.jpg,9*8-0=72
train/3028.jpg,2-4-4=-6
train/3029.jpg,1*(2+4)=6
train/3030.jpg,(6+7)+3=16
train/3031.jpg,5+7+4=16
train/3032.jpg,3+3+7=13
train/3033.jpg,(4-3)*0=0
train/3034.jpg,7*(0*2)=0
train/3035.jpg,(3-7)*8=-32
train/3036.jpg,5*(0*9)=0
train/3037.jpg,(2-7)*7=-35
train/3038.jpg,6-(5-4)=5
train/3039.jpg,4-(6*9)=-50
train/3040.jpg,6*9*6=324
train/3041.jpg,(3-4)+9=8
train/3042.jpg,7+6*2=19
train/3043.jpg,6*(7-3)=24
train/3044.jpg,4+(7*5)=39
train/3045.jpg,4-6-5=-7
train/3046.jpg,3*6+9=27
train/3047.jpg,9*(3-5)=-18
train/3048.jpg,3-7-3=-7
train/3049.jpg,3-(7*5)=-32
train/3050.jpg,8-4-5=-1
train/3051.jpg,5*0*9=0
train/3052.jpg,2-7+8=3
train/3053.jpg,1-(1-5)=5
train/3054.jpg,7*(7-5)=14
train/3055.jpg,1-1-9=-9
train/3056.jpg,1+7-8=0
train/3057.jpg,(6+3)-1=8
train/3058.jpg,(0*4)-1=-1
train/3059.jpg,0-6+7=1
train/3060.jpg,1*(6*6)=36
train/3061.jpg,8*(3-2)=8
train/3062.jpg,(2*4)-7=1
train/3063.jpg,(4+5)-6=3
train/3064.jpg,8-3-0=5
train/3065.jpg,(1+0)-3=-2
train/3066.jpg,1*(8-5)=3
train/3067.jpg,(0-7)-2=-9
train/3068.jpg,(9-5)+4=8
train/3069.jpg,4-7+1=-2
train/3070.jpg,(7*9)*9=567
train/3071.jpg,(6-6)+5=5
train/3072.jpg,(1*6)+3=9
train/3073.jpg,0-(1-0)=-1
train/3074.jpg,(3+1)*8=32
train/3075.jpg,8*(8+5)=104
train/3076.jpg,8+(6*6)=44
train/3077.jpg,(3+2)*6=30
train/3078.jpg,(3+5)-0=8
train/3079.jpg,(7-0)-2=5
train/3080.jpg,(8-0)-4=4
train/3081.jpg,6+(6-5)=7
train/3082.jpg,9*7-1=62
train/3083.jpg,3-1*1=2
train/3084.jpg,(3-5)-9=-11
train/3085.jpg,2*5+1=11
train/3086.jpg,(3*4)-7=5
train/3087.jpg,(0*3)+1=1
train/3088.jpg,0+(4+9)=13
train/3089.jpg,1+(0-3)=-2
train/3090.jpg,(0*0)-9=-9
train/3091.jpg,(4*8)+1=33
train/3092.jpg,3-5-2=-4
train/3093.jpg,0-1+5=4
train/3094.jpg,(4*9)*5=180
train/3095.jpg,1*8+3=11
train/3096.jpg,6+9-7=8
train/3097.jpg,(5*4)+5=25
train/3098.jpg,5+9*2=23
train/3099.jpg,2*(3*7)=42
train/3100.jpg,(4-5)-6=-7
train/3101.jpg,7-(1-1)=7
train/3102.jpg,4-(1*1)=3
train/3103.jpg,7+8+6=21
train/3104.jpg,3+4*8=35
train/3105.jpg,2-(7+2)=-7
train/3106.jpg,9-(6*3)=-9
train/3107.jpg,6*9+2=56
train/3108.jpg,6-(0*7)=6
train/3109.jpg,5*9+4=49
train/3110.jpg,(9*9)+4=85
train/3111.jpg,9-(7*9)=-54
train/3112.jpg,7*1*9=63
train/3113.jpg,(8-6)+0=2
train/3114.jpg,7*0-9=-9
train/3115.jpg,(9*5)*3=135
train/3116.jpg,8*6+8=56
train/3117.jpg,(6+9)+0=15
train/3118.jpg,8-0*6=8
train/3119.jpg,(2-5)-8=-11
train/3120.jpg,(6*7)-1=41
train/3121.jpg,5+(9*5)=50
train/3122.jpg,5+(1-6)=0
train/3123.jpg,(6*9)+3=57
train/3124.jpg,8*7-5=51
train/3125.jpg,(8*5)*6=240
train/3126.jpg,(1*5)-2=3
train/3127.jpg,4*(1*2)=8
train/3128.jpg,(9-2)+4=11
train/3129.jpg,(4*1)+2=6
train/3130.jpg,4*4*9=144
train/3131.jpg,3*(0*2)=0
train/3132.jpg,(8+0)*5=40
train/3133.jpg,4*(3+2)=20
train/3134.jpg,6+(7*1)=13
train/3135.jpg,8+(1*7)=15
train/3136.jpg,(8+1)-4=5
train/3137.jpg,2-4*5=-18
train/3138.jpg,3+(0-3)=0
train/3139.jpg,2+5*8=42
train/3140.jpg,(4+4)*8=64
train/3141.jpg,2+(4*7)=30
train/3142.jpg,1+(1-0)=2
train/3143.jpg,5*7+6=41
train/3144.jpg,9*(5-8)=-27
train/3145.jpg,1+(1-4)=-2
train/3146.jpg,0-6+2=-4
train/3147.jpg,1-3+0=-2
train/3148.jpg,1*(9-3)=6
train/3149.jpg,(4+0)+1=5
train/3150.jpg,(3+1)*1=4
train/3151.jpg,4+(8*8)=68
train/3152.jpg,2-2*8=-14
train/3153.jpg,1-9-8=-16
train/3154.jpg,(2+1)+8=11
train/3155.jpg,(9+1)-8=2
train/3156.jpg,8*0*2=0
train/3157.jpg,1*0*2=0
train/3158.jpg,0*(1+3)=0
train/3159.jpg,(4+0)*8=32
train/3160.jpg,8-9-0=-1
train/3161.jpg,3-9+0=-6
train/3162.jpg,(0*4)-0=0
train/3163.jpg,7+(1*7)=14
train/3164.jpg,0*(8+6)=0
train/3165.jpg,0-(7*7)=-49
train/3166.jpg,(0*1)*6=0
train/3167.jpg,1*2-0=2
train/3168.jpg,2+8-0=10
train/3169.jpg,9-(9*1)=0
train/3170.jpg,(9*7)*0=0
train/3171.jpg,(5-3)*6=12
train/3172.jpg,7-1*1=6
train/3173.jpg,5+(2+2)=9
train/3174.jpg,5*4-5=15
train/3175.jpg,8+7+6=21
train/3176.jpg,9+3*1=12
train/3177.jpg,(5-4)+3=4
train/3178.jpg,5*1*1=5
train/3179.jpg,8+(1*7)=15
train/3180.jpg,(5-6)*8=-8
train/3181.jpg,(0-4)+4=0
train/3182.jpg,8*5+8=48
train/3183.jpg,(3+4)*4=28
train/3184.jpg,9+(2*0)=9
train/3185.jpg,0-(8-2)=-6
train/3186.jpg,2*(5-0)=10
train/3187.jpg,(6-0)*6=36
train/3188.jpg,7*(3*1)=21
train/3189.jpg,(8*3)-6=18
train/3190.jpg,(6*4)+8=32
train/3191.jpg,(4+6)-1=9
train/3192.jpg,(6-6)-6=-6
train/3193.jpg,4-(8-5)=1
train/3194.jpg,2*(3-2)=2
train/3195.jpg,3*(7-1)=18
train/3196.jpg,0-4*1=-4
train/3197.jpg,0*1*2=0
train/3198.jpg,2+(9*8)=74
train/3199.jpg,(9*4)+8=44
train/3200.jpg,3-5-3=-5
train/3201.jpg,(0*9)+7=7
train/3202.jpg,8+8*6=56
train/3203.jpg,6*(1+9)=60
train/3204.jpg,2*(7-2)=10
train/3205.jpg,5+(1-6)=0
train/3206.jpg,7+(3*7)=28
train/3207.jpg,6-9+4=1
train/3208.jpg,2-0*6=2
train/3209.jpg,1*9*1=9
train/3210.jpg,1-(5+8)=-12
train/3211.jpg,(5+8)-6=7
train/3212.jpg,2+(6-9)=-1
train/3213.jpg,0-(2*7)=-14
train/3214.jpg,2*4+4=12
train/3215.jpg,4-(1+8)=-5
train/3216.jpg,6-(6+0)=0
train/3217.jpg,(0*0)*1=0
train/3218.jpg,1-(4-3)=0
train/3219.jpg,5+(4*4)=21
train/3220.jpg,5+(9+9)=23
train/3221.jpg,(6-2)+5=9
train/3222.jpg,8+(4+5)=17
train/3223.jpg,6+(5+9)=20
train/3224.jpg,(5+8)-3=10
train/3225.jpg,(4*0)+9=9
train/3226.jpg,7+8-7=8
train/3227.jpg,9-(8-0)=1
train/3228.jpg,0-(5-7)=2
train/3229.jpg,2+(2*3)=8
train/3230.jpg,(1*4)*7=28
train/3231.jpg,(3-7)*3=-12
train/3232.jpg,2-(3*5)=-13
train/3233.jpg,7+(8-7)=8
train/3234.jpg,(1+3)+8=12
train/3235.jpg,(4*5)*1=20
train/3236.jpg,1-5-2=-6
train/3237.jpg,7+(9+8)=24
train/3238.jpg,0+(7+7)=14
train/3239.jpg,0*(5*1)=0
train/3240.jpg,9+(1+9)=19
train/3241.jpg,3-4-5=-6
train/3242.jpg,9*5*7=315
train/3243.jpg,3-(0+2)=1
train/3244.jpg,0+1-4=-3
train/3245.jpg,(6+7)-5=8
train/3246.jpg,4+(5-8)=1
train/3247.jpg,4*(3+5)=32
train/3248.jpg,(1-1)+0=0
train/3249.jpg,2*(6-3)=6
train/3250.jpg,0-1+2=1
train/3251.jpg,9-4*3=-3
train/3252.jpg,(7+0)+3=10
train/3253.jpg,7+8+8=23
train/3254.jpg,8*(5+2)=56
train/3255.jpg,2-9+5=-2
train/3256.jpg,3+(8-2)=9
train/3257.jpg,5*4*0=0
train/3258.jpg,(2-1)*5=5
train/3259.jpg,0+(2*0)=0
train/3260.jpg,5*4+4=24
train/3261.jpg,8*1*7=56
train/3262.jpg,8-(2-9)=15
train/3263.jpg,(9-1)-4=4
train/3264.jpg,(3-7)-3=-7
train/3265.jpg,1-6*3=-17
train/3266.jpg,7+(9*7)=70
train/3267.jpg,4-1*2=2
train/3268.jpg,1+7-3=5
train/3269.jpg,(1-0)+8=9
train/3270.jpg,9+8*2=25
train/3271.jpg,5*(7+3)=50
train/3272.jpg,(5-5)+1=1
train/3273.jpg,1+0+4=5
train/3274.jpg,(0+6)+6=12
train/3275.jpg,8+6*2=20
train/3276.jpg,(2*7)*9=126
train/3277.jpg,8-1*8=0
train/3278.jpg,2+7+8=17
train/3279.jpg,1+0*9=1
train/3280.jpg,7*8-8=48
train/3281.jpg,4-4*3=-8
train/3282.jpg,(0+3)*9=27
train/3283.jpg,6+3+6=15
train/3284.jpg,9*1-4=5
train/3285.jpg,9-2-1=6
train/3286.jpg,7*8*2=112
train/3287.jpg,5*0-7=-7
train/3288.jpg,(2+9)-2=9
train/3289.jpg,(5+8)+2=15
train/3290.jpg,1*4+0=4
train/3291.jpg,(5+5)-3=7
train/3292.jpg,(4+8)-3=9
train/3293.jpg,6-(2-3)=7
train/3294.jpg,8-(4-8)=12
train/3295.jpg,0-(7+9)=-16
train/3296.jpg,5+9-9=5
train/3297.jpg,0-4-5=-9
train/3298.jpg,(5+0)*4=20
train/3299.jpg,6+(0-0)=6
train/3300.jpg,5-(7+4)=-6
train/3301.jpg,0-(5-3)=-2
train/3302.jpg,(2+4)*9=54
train/3303.jpg,9-(7+2)=0
train/3304.jpg,8*5+1=41
train/3305.jpg,(3-3)+5=5
train/3306.jpg,(5+3)*0=0
train/3307.jpg,6+2*5=16
train/3308.jpg,4+(4*6)=28
train/3309.jpg,9+2+1=12
train/3310.jpg,5-(3+6)=-4
train/3311.jpg,0+8+2=10
train/3312.jpg,4+(0+6)=10
train/3313.jpg,(3*4)*6=72
train/3314.jpg,2+(2*6)=14
train/3315.jpg,(8+7)-2=13
train/3316.jpg,0*2*5=0
train/3317.jpg,2+4*1=6
train/3318.jpg,0-4-9=-13
train/3319.jpg,(5+6)*3=33
train/3320.jpg,4*(1*1)=4
train/3321.jpg,(4-0)+0=4
train/3322.jpg,(3*3)*4=36
train/3323.jpg,0+(9-5)=4
train/3324.jpg,(1+3)-5=-1
train/3325.jpg,5*(9-8)=5
train/3326.jpg,5+7*7=54
train/3327.jpg,6-(7*7)=-43
train/3328.jpg,(1+3)-1=3
train/3329.jpg,6+(3*1)=9
train/3330.jpg,2+3+9=14
train/3331.jpg,3+4*5=23
train/3332.jpg,1-(4+3)=-6
train/3333.jpg,3+8*7=59
train/3334.jpg,0-(5+8)=-13
train/3335.jpg,3+9*1=12
train/3336.jpg,(5*4)*4=80
train/3337.jpg,2+(0-8)=-6
train/3338.jpg,7*(5*6)=210
train/3339.jpg,7+(6-1)=12
train/3340.jpg,0*5-9=-9
train/3341.jpg,0-1*4=-4
train/3342.jpg,2-7-9=-14
train/3343.jpg,2+(0*5)=2
train/3344.jpg,3+(1*6)=9
train/3345.jpg,1+0*7=1
train/3346.jpg,8*2-4=12
train/3347.jpg,8*(1+1)=16
train/3348.jpg,9*1+2=11
train/3349.jpg,5*(5-3)=10
train/3350.jpg,4+3-1=6
train/3351.jpg,0-(4+2)=-6
train/3352.jpg,(6*1)*3=18
train/3353.jpg,8*(7*8)=448
train/3354.jpg,6*9*1=54
train/3355.jpg,4+5*9=49
train/3356.jpg,5-(8-9)=6
train/3357.jpg,0*3*6=0
train/3358.jpg,(6+3)*6=54
train/3359.jpg,(3*6)+5=23
train/3360.jpg,5+5*1=10
train/3361.jpg,7+(7-3)=11
train/3362.jpg,(5*7)+9=44
train/3363.jpg,0-(3*9)=-27
train/3364.jpg,0*4*6=0
train/3365.jpg,(1*3)*6=18
train/3366.jpg,(4-0)+5=9
train/3367.jpg,0*0-5=-5
train/3368.jpg,5-2*8=-11
train/3369.jpg,3-(3*0)=3
train/3370.jpg,0+5+8=13
train/3371.jpg,7*(2*1)=14
train/3372.jpg,(7*3)-8=13
train/3373.jpg,7-(0-2)=9
train/3374.jpg,(6+2)+9=17
train/3375.jpg,3+1*0=3
train/3376.jpg,9+(7*0)=9
train/3377.jpg,(2-5)-0=-3
train/3378.jpg,(4*8)-5=27
train/3379.jpg,3*0*5=0
train/3380.jpg,(0+9)+5=14
train/3381.jpg,3-(7-1)=-3
train/3382.jpg,2-(7+6)=-11
train/3383.jpg,1-3-8=-10
train/3384.jpg,(5*4)-0=20
train/3385.jpg,0-(8-6)=-2
train/3386.jpg,7*(4-6)=-14
train/3387.jpg,9*(5*7)=315
train/3388.jpg,(6+7)*9=117
train/3389.jpg,4*7*6=168
train/3390.jpg,(5+0)+1=6
train/3391.jpg,(3*9)-1=26
train/3392.jpg,3-1*2=1
train/3393.jpg,(3+1)+4=8
train/3394.jpg,5-8*2=-11
train/3395.jpg,(3*6)*1=18
train/3396.jpg,9-0-2=7
train/3397.jpg,9+(2*1)=11
train/3398.jpg,(3-0)+4=7
train/3399.jpg,(1-8)-8=-15
train/3400.jpg,5*1-5=0
train/3401.jpg,6-2+0=4
train/3402.jpg,(4*5)-7=13
train/3403.jpg,5-(6+5)=-6
train/3404.jpg,(3*0)-4=-4
train/3405.jpg,1-5*8=-39
train/3406.jpg,(0-2)+4=2
train/3407.jpg,(7+5)+1=13
train/3408.jpg,6*(0*7)=0
train/3409.jpg,(8+3)-2=9
train/3410.jpg,(4-6)+5=3
train/3411.jpg,(9+5)*2=28
train/3412.jpg,0+(5+4)=9
train/3413.jpg,0-8*9=-72
train/3414.jpg,6-9-4=-7
train/3415.jpg,2*(7*8)=112
train/3416.jpg,6*2-2=10
train/3417.jpg,5+4*1=9
train/3418.jpg,(8+9)*6=102
train/3419.jpg,1*(1+6)=7
train/3420.jpg,2*6*6=72
train/3421.jpg,0*5*4=0
train/3422.jpg,(8+0)+6=14
train/3423.jpg,(7-4)-7=-4
train/3424.jpg,8+(2*2)=12
train/3425.jpg,(3-0)-5=-2
train/3426.jpg,8+7*5=43
train/3427.jpg,(2-6)+4=0
train/3428.jpg,(4+4)-7=1
train/3429.jpg,6-8-0=-2
train/3430.jpg,4+(4-9)=-1
train/3431.jpg,(1*0)-5=-5
train/3432.jpg,(9-1)+1=9
train/3433.jpg,3-(8*4)=-29
train/3434.jpg,(9*4)+5=41
train/3435.jpg,(9-7)*4=8
train/3436.jpg,2+(7+8)=17
train/3437.jpg,4*7-2=26
train/3438.jpg,0*(4-7)=0
train/3439.jpg,(8-9)-8=-9
train/3440.jpg,9+5-2=12
train/3441.jpg,(9-4)*3=15
train/3442.jpg,(4*1)-8=-4
train/3443.jpg,3+(2+1)=6
train/3444.jpg,9-(1-8)=16
train/3445.jpg,0-(8+9)=-17
train/3446.jpg,1-7*9=-62
train/3447.jpg,0*0+3=3
train/3448.jpg,(9*8)*8=576
train/3449.jpg,4+0+6=10
train/3450.jpg,1-8-7=-14
train/3451.jpg,(1*2)+7=9
train/3452.jpg,8-(0*0)=8
train/3453.jpg,3-5+1=-1
train/3454.jpg,(2+6)+2=10
train/3455.jpg,(3+8)*2=22
train/3456.jpg,6-(6-6)=6
train/3457.jpg,(6*9)+7=61
train/3458.jpg,9*6*3=162
train/3459.jpg,(6+9)+0=15
train/3460.jpg,(0*2)*8=0
train/3461.jpg,0-9-3=-12
train/3462.jpg,(3+8)-6=5
train/3463.jpg,8+7+2=17
train/3464.jpg,6*(1*0)=0
train/3465.jpg,6*0+3=3
train/3466.jpg,8-5-2=1
train/3467.jpg,(6+0)*7=42
train/3468.jpg,(3-8)-7=-12
train/3469.jpg,(8*8)*9=576
train/3470.jpg,9-(4+9)=-4
train/3471.jpg,0*(1*2)=0
train/3472.jpg,2-(0+4)=-2
train/3473.jpg,9-4-3=2
train/3474.jpg,0-(1+3)=-4
train/3475.jpg,(2*6)+6=18
train/3476.jpg,0*3-9=-9
train/3477.jpg,5+5-0=10
train/3478.jpg,(0-9)-3=-12
train/3479.jpg,0+2+9=11
train/3480.jpg,1-(3*4)=-11
train/3481.jpg,6+4+9=19
train/3482.jpg,(9+2)-4=7
train/3483.jpg,4*1-4=0
train/3484.jpg,(5-4)+9=10
train/3485.jpg,3-3+2=2
train/3486.jpg,(1+1)-3=-1
train/3487.jpg,(5+1)*9=54
train/3488.jpg,3-5+0=-2
train/3489.jpg,3+1-3=1
train/3490.jpg,3*5+2=17
train/3491.jpg,5+(5+3)=13
train/3492.jpg,8*9-1=71
train/3493.jpg,7+(0+7)=14
train/3494.jpg,3-9*1=-6
train/3495.jpg,3+(6-0)=9
train/3496.jpg,3-4-9=-10
train/3497.jpg,8*(1-5)=-32
train/3498.jpg,(7*6)*9=378
train/3499.jpg,0+6-2=4
train/3500.jpg,1-(0-0)=1
train/3501.jpg,8*1+0=8
train/3502.jpg,(4+1)-0=5
train/3503.jpg,(8+8)-4=12
train/3504.jpg,8-0+6=14
train/3505.jpg,(3-4)+1=0
train/3506.jpg,(5*8)*4=160
train/3507.jpg,(0*9)*9=0
train/3508.jpg,(5+9)+7=21
train/3509.jpg,6-(1-0)=5
train/3510.jpg,0-7-5=-12
train/3511.jpg,8*8*0=0
train/3512.jpg,9-0*2=9
train/3513.jpg,8+(0*5)=8
train/3514.jpg,5*(8-4)=20
train/3515.jpg,9-1*1=8
train/3516.jpg,0-(8*7)=-56
train/3517.jpg,5+(1-4)=2
train/3518.jpg,(1-0)-4=-3
train/3519.jpg,(9-7)-8=-6
train/3520.jpg,1*(3+0)=3
train/3521.jpg,9*5-8=37
train/3522.jpg,9-(1-4)=12
train/3523.jpg,1+6+1=8
train/3524.jpg,(7+2)-6=3
train/3525.jpg,8+(4*0)=8
train/3526.jpg,(4+1)*1=5
train/3527.jpg,2*2+1=5
train/3528.jpg,7-8-8=-9
train/3529.jpg,(3+0)*9=27
train/3530.jpg,5*5+8=33
train/3531.jpg,5+(5*7)=40
train/3532.jpg,8-9+6=5
train/3533.jpg,7*(0-4)=-28
train/3534.jpg,(9-8)*4=4
train/3535.jpg,(9-8)-0=1
train/3536.jpg,3+6+5=14
train/3537.jpg,(8*5)*2=80
train/3538.jpg,9+(9-2)=16
train/3539.jpg,(1*6)-0=6
train/3540.jpg,3*(5*2)=30
train/3541.jpg,0-0*8=0
train/3542.jpg,8*7*6=336
train/3543.jpg,7-3-1=3
train/3544.jpg,4-8+8=4
train/3545.jpg,5-4-6=-5
train/3546.jpg,7+(0-2)=5
train/3547.jpg,2-(5*5)=-23
train/3548.jpg,9-9-3=-3
train/3549.jpg,0+(8-3)=5
train/3550.jpg,2+4*1=6
train/3551.jpg,(3-2)*3=3
train/3552.jpg,(8*9)+5=77
train/3553.jpg,6-(0+9)=-3
train/3554.jpg,7+(6+2)=15
train/3555.jpg,(4-0)+0=4
train/3556.jpg,4-2-0=2
train/3557.jpg,9-6-6=-3
train/3558.jpg,1+(0-3)=-2
train/3559.jpg,5-(6-1)=0
train/3560.jpg,3+2+0=5
train/3561.jpg,(3*8)*5=120
train/3562.jpg,3+5*0=3
train/3563.jpg,0*(0-6)=0
train/3564.jpg,1*2*8=16
train/3565.jpg,1*6+3=9
train/3566.jpg,1-0+1=2
train/3567.jpg,4*(1*7)=28
train/3568.jpg,(9*8)*9=648
train/3569.jpg,(3-1)+5=7
train/3570.jpg,2-(8-3)=-3
train/3571.jpg,3+(0*0)=3
train/3572.jpg,(6+5)*7=77
train/3573.jpg,(3*6)+9=27
train/3574.jpg,(7+5)*2=24
train/3575.jpg,(5*6)+1=31
train/3576.jpg,4*(4*4)=64
train/3577.jpg,2-(9+1)=-8
train/3578.jpg,8-(1*9)=-1
train/3579.jpg,9-4+9=14
train/3580.jpg,(0-8)*9=-72
train/3581.jpg,(5-7)*5=-10
train/3582.jpg,9+(0+4)=13
train/3583.jpg,6+(4-1)=9
train/3584.jpg,6+0+9=15
train/3585.jpg,3-(9+5)=-11
train/3586.jpg,5+(0-6)=-1
train/3587.jpg,7*7-3=46
train/3588.jpg,(7-4)+4=7
train/3589.jpg,(6+0)-9=-3
train/3590.jpg,7-(9-5)=3
train/3591.jpg,(4+7)*2=22
train/3592.jpg,5-(3+2)=0
train/3593.jpg,0-(2-4)=2
train/3594.jpg,8+6*7=50
train/3595.jpg,6-(9-9)=6
train/3596.jpg,5-(1-2)=6
train/3597.jpg,9*(6*9)=486
train/3598.jpg,2+1-1=2
train/3599.jpg,7+(3*3)=16
train/3600.jpg,(1-4)+1=-2
train/3601.jpg,5-(5*8)=-35
train/3602.jpg,(3-3)*0=0
train/3603.jpg,0*(1+2)=0
train/3604.jpg,7-(8-3)=2
train/3605.jpg,5-(0+2)=3
train/3606.jpg,(9+4)-4=9
train/3607.jpg,(8+2)*4=40
train/3608.jpg,9-4-4=1
train/3609.jpg,2+(0*5)=2
train/3610.jpg,4+1-5=0
train/3611.jpg,1*5-0=5
train/3612.jpg,5-4+2=3
train/3613.jpg,1+4*8=33
train/3614.jpg,2+(9-4)=7
train/3615.jpg,3-(9-7)=1
train/3616.jpg,2-(2-5)=5
train/3617.jpg,9-(8+3)=-2
train/3618.jpg,(9-0)+3=12
train/3619.jpg,6+(6*4)=30
train/3620.jpg,9+7+2=18
train/3621.jpg,7-(5+2)=0
train/3622.jpg,6-(9+6)=-9
train/3623.jpg,(7*6)-4=38
train/3624.jpg,2-6-1=-5
train/3625.jpg,(6*5)-5=25
train/3626.jpg,6-8+3=1
train/3627.jpg,4*(4-0)=16
train/3628.jpg,9-6*4=-15
train/3629.jpg,9+(0*8)=9
train/3630.jpg,(0-0)+9=9
train/3631.jpg,(9-1)-7=1
train/3632.jpg,2-6+3=-1
train/3633.jpg,(9+3)*6=72
train/3634.jpg,6*5+5=35
train/3635.jpg,(6*6)*8=288
train/3636.jpg,(2-0)-2=0
train/3637.jpg,2+5+3=10
train/3638.jpg,(7-8)-6=-7
train/3639.jpg,(6+3)+0=9
train/3640.jpg,8+0-9=-1
train/3641.jpg,9-2-0=7
train/3642.jpg,1-(1-6)=6
train/3643.jpg,5*(3-9)=-30
train/3644.jpg,0+9*2=18
train/3645.jpg,5-3+6=8
train/3646.jpg,(3-5)+3=1
train/3647.jpg,(1*4)*1=4
train/3648.jpg,7-7-9=-9
train/3649.jpg,(1+6)+5=12
train/3650.jpg,(0*1)+8=8
train/3651.jpg,7-(8*1)=-1
train/3652.jpg,(0+8)-1=7
train/3653.jpg,9+0*2=9
train/3654.jpg,7-5*1=2
train/3655.jpg,0+(6*0)=0
train/3656.jpg,4*1*2=8
train/3657.jpg,5*7+8=43
train/3658.jpg,8*(9+8)=136
train/3659.jpg,(9+7)*6=96
train/3660.jpg,8*7-4=52
train/3661.jpg,2+2*1=4
train/3662.jpg,(4*9)*8=288
train/3663.jpg,8*6*5=240
train/3664.jpg,(2+4)-7=-1
train/3665.jpg,(1-4)-6=-9
train/3666.jpg,7+1*8=15
train/3667.jpg,(9-6)*2=6
train/3668.jpg,6-(3+4)=-1
train/3669.jpg,9-7-5=-3
train/3670.jpg,7+2-8=1
train/3671.jpg,6-(5+6)=-5
train/3672.jpg,(6+9)-1=14
train/3673.jpg,6*6*5=180
train/3674.jpg,1+9-6=4
train/3675.jpg,7+2-6=3
train/3676.jpg,(4+0)*1=4
train/3677.jpg,7*9*6=378
train/3678.jpg,7-(5+1)=1
train/3679.jpg,2*(9+7)=32
train/3680.jpg,0*3-0=0
train/3681.jpg,8+(1*7)=15
train/3682.jpg,(4-7)*4=-12
train/3683.jpg,9-(7+3)=-1
train/3684.jpg,(0+7)*4=28
train/3685.jpg,1*(0-6)=-6
train/3686.jpg,5-1*4=1
train/3687.jpg,8+(1-4)=5
train/3688.jpg,5-4+8=9
train/3689.jpg,(4+1)+1=6
train/3690.jpg,4*5+0=20
train/3691.jpg,0+9*8=72
train/3692.jpg,(6+6)*5=60
train/3693.jpg,7-6-5=-4
train/3694.jpg,5+8-5=8
train/3695.jpg,3-5*6=-27
train/3696.jpg,(3-9)-4=-10
train/3697.jpg,6+2-0=8
train/3698.jpg,3+6-3=6
train/3699.jpg,(5+9)+4=18
train/3700.jpg,2-2*0=2
train/3701.jpg,1*(8+4)=12
train/3702.jpg,4-(4*5)=-16
train/3703.jpg,(0+4)*1=4
train/3704.jpg,7+6+9=22
train/3705.jpg,4-(1-8)=11
train/3706.jpg,5*0*9=0
train/3707.jpg,(2-0)+4=6
train/3708.jpg,(9-0)+0=9
train/3709.jpg,(2-0)+4=6
train/3710.jpg,(0*8)+1=1
train/3711.jpg,3-(5*8)=-37
train/3712.jpg,(0*6)*8=0
train/3713.jpg,4-(8*4)=-28
train/3714.jpg,2+(0+2)=4
train/3715.jpg,(0-4)-7=-11
train/3716.jpg,(0-4)+8=4
train/3717.jpg,5*(3*6)=90
train/3718.jpg,7-(3*8)=-17
train/3719.jpg,2-2+9=9
train/3720.jpg,3-(6*6)=-33
train/3721.jpg,4-8*2=-12
train/3722.jpg,3*0*6=0
train/3723.jpg,(3-9)*3=-18
train/3724.jpg,6-(6*1)=0
train/3725.jpg,(6+1)-0=7
train/3726.jpg,7+5+9=21
train/3727.jpg,8-(1*0)=8
train/3728.jpg,5-(1+3)=1
train/3729.jpg,(8*3)+9=33
train/3730.jpg,(6-5)-8=-7
train/3731.jpg,8-(5+8)=-5
train/3732.jpg,9*7+1=64
train/3733.jpg,3*5*2=30
train/3734.jpg,4-8-2=-6
train/3735.jpg,7+(8+6)=21
train/3736.jpg,(7+6)*6=78
train/3737.jpg,0*(6+8)=0
train/3738.jpg,9*8-7=65
train/3739.jpg,4-1*6=-2
train/3740.jpg,(6-0)-6=0
train/3741.jpg,1+(1-4)=-2
train/3742.jpg,(9-6)*5=15
train/3743.jpg,7*4*7=196
train/3744.jpg,(7-5)*2=4
train/3745.jpg,(7*5)+4=39
train/3746.jpg,4*2*2=16
train/3747.jpg,9+(4+5)=18
train/3748.jpg,9-(3+4)=2
train/3749.jpg,(7-3)+1=5
train/3750.jpg,9*6+7=61
train/3751.jpg,0+(9*9)=81
train/3752.jpg,2*4+8=16
train/3753.jpg,2+(6*6)=38
train/3754.jpg,4-(8+0)=-4
train/3755.jpg,5+5*1=10
train/3756.jpg,0+9*4=36
train/3757.jpg,8*(5+2)=56
train/3758.jpg,(8-5)*3=9
train/3759.jpg,(5-3)*7=14
train/3760.jpg,3*(2*5)=30
train/3761.jpg,3*9+1=28
train/3762.jpg,(1*4)+4=8
train/3763.jpg,9-(4-7)=12
train/3764.jpg,(1+3)*4=16
train/3765.jpg,(6-8)+1=-1
train/3766.jpg,(6*9)+7=61
train/3767.jpg,(9-3)+0=6
train/3768.jpg,4*(6*8)=192
train/3769.jpg,3+(9+3)=15
train/3770.jpg,(2-2)-0=0
train/3771.jpg,(8+2)*6=60
train/3772.jpg,2*3+9=15
train/3773.jpg,8*5+0=40
train/3774.jpg,4-(3*2)=-2
train/3775.jpg,(8-1)-8=-1
train/3776.jpg,9*6-6=48
train/3777.jpg,0-(0-5)=5
train/3778.jpg,4*2*7=56
train/3779.jpg,8*1*5=40
train/3780.jpg,(9-2)*3=21
train/3781.jpg,5-(5+3)=-3
train/3782.jpg,8-(7*2)=-6
train/3783.jpg,2-4*6=-22
train/3784.jpg,(1+7)+5=13
train/3785.jpg,4*(1-2)=-4
train/3786.jpg,(9-0)-1=8
train/3787.jpg,9+2+0=11
train/3788.jpg,4+6*3=22
train/3789.jpg,6*(5*6)=180
train/3790.jpg,(3*4)-1=11
train/3791.jpg,0*6-2=-2
train/3792.jpg,3*(6-2)=12
train/3793.jpg,(9+7)-6=10
train/3794.jpg,8-0*9=8
train/3795.jpg,(4-4)*3=0
train/3796.jpg,(8*4)*5=160
train/3797.jpg,8-8*4=-24
train/3798.jpg,4-(8*7)=-52
train/3799.jpg,(1+8)*6=54
train/3800.jpg,8+(1*5)=13
train/3801.jpg,0*(6-4)=0
train/3802.jpg,4+(6+8)=18
train/3803.jpg,2+0+4=6
train/3804.jpg,7-(2-2)=7
train/3805.jpg,1*(4+7)=11
train/3806.jpg,8*1*4=32
train/3807.jpg,9-1+8=16
train/3808.jpg,(3*8)*9=216
train/3809.jpg,3*8*1=24
train/3810.jpg,(9-8)+8=9
train/3811.jpg,2-(3*5)=-13
train/3812.jpg,9+3*5=24
train/3813.jpg,(2-9)-5=-12
train/3814.jpg,1+8+0=9
train/3815.jpg,(2+7)*4=36
train/3816.jpg,3+2*6=15
train/3817.jpg,9-7-4=-2
train/3818.jpg,0+(0-5)=-5
train/3819.jpg,7*2+5=19
train/3820.jpg,(0*3)-6=-6
train/3821.jpg,1+(7+9)=17
train/3822.jpg,0*0+1=1
train/3823.jpg,(3*3)*6=54
train/3824.jpg,1-6*1=-5
train/3825.jpg,0*(8-8)=0
train/3826.jpg,(7+8)*2=30
train/3827.jpg,9+0*7=9
train/3828.jpg,(7*8)+0=56
train/3829.jpg,7-1*5=2
train/3830.jpg,5-9-7=-11
train/3831.jpg,(0*5)*1=0
train/3832.jpg,7+6+6=19
train/3833.jpg,(3+7)+0=10
train/3834.jpg,2+(7+1)=10
train/3835.jpg,9+(9+0)=18
train/3836.jpg,5*(0-6)=-30
train/3837.jpg,5*3+2=17
train/3838.jpg,2-2*4=-6
train/3839.jpg,(4+8)+1=13
train/3840.jpg,(6+8)*7=98
train/3841.jpg,7*(7-7)=0
train/3842.jpg,5*2*9=90
train/3843.jpg,5-3-8=-6
train/3844.jpg,(0-1)*2=-2
train/3845.jpg,3+(4+9)=16
train/3846.jpg,(2+6)+7=15
train/3847.jpg,(2-8)+9=3
train/3848.jpg,8+(9+0)=17
train/3849.jpg,4-(0+5)=-1
train/3850.jpg,(6*3)-2=16
train/3851.jpg,9*(5+2)=63
train/3852.jpg,4+7+4=15
train/3853.jpg,8*0*9=0
train/3854.jpg,(7*7)+3=52
train/3855.jpg,(7+2)-9=0
train/3856.jpg,8-(2*2)=4
train/3857.jpg,(9*9)+5=86
train/3858.jpg,0*6*9=0
train/3859.jpg,(3+7)+1=11
train/3860.jpg,8*(4-5)=-8
train/3861.jpg,9-6+0=3
train/3862.jpg,9+6+7=22
train/3863.jpg,(5-9)-7=-11
train/3864.jpg,4*6-5=19
train/3865.jpg,(2-9)*3=-21
train/3866.jpg,9+(9+3)=21
train/3867.jpg,6*(3+4)=42
train/3868.jpg,(0*9)*7=0
train/3869.jpg,7+(7+5)=19
train/3870.jpg,(0-6)*6=-36
train/3871.jpg,3*(6*0)=0
train/3872.jpg,2*(9-3)=12
train/3873.jpg,8*(9+6)=120
train/3874.jpg,5*(8-4)=20
train/3875.jpg,2+3*9=29
train/3876.jpg,5-8*8=-59
train/3877.jpg,5*(2+8)=50
train/3878.jpg,4+8*4=36
train/3879.jpg,4*(3-5)=-8
train/3880.jpg,3+(4+9)=16
train/3881.jpg,7+(7*9)=70
train/3882.jpg,(2+5)*4=28
train/3883.jpg,2-1+5=6
train/3884.jpg,(4*3)-5=7
train/3885.jpg,(2-8)*4=-24
train/3886.jpg,9*1*1=9
train/3887.jpg,(0+5)-9=-4
train/3888.jpg,(6*8)+8=56
train/3889.jpg,(6+4)-9=1
train/3890.jpg,(7+3)*2=20
train/3891.jpg,1*(4-7)=-3
train/3892.jpg,6+(4+0)=10
train/3893.jpg,(2*8)*5=80
train/3894.jpg,4+(5*6)=34
train/3895.jpg,3-2*1=1
train/3896.jpg,3-3-5=-5
train/3897.jpg,8-(9+1)=-2
train/3898.jpg,(3-8)-1=-6
train/3899.jpg,3*(0*4)=0
train/3900.jpg,1+(5-1)=5
train/3901.jpg,(7-8)-3=-4
train/3902.jpg,(4+6)-6=4
train/3903.jpg,7+(9+4)=20
train/3904.jpg,6+(3-7)=2
train/3905.jpg,8*(7*3)=168
train/3906.jpg,(7*6)+0=42
train/3907.jpg,(4+8)-0=12
train/3908.jpg,5+(1+3)=9
train/3909.jpg,3-(8+3)=-8
train/3910.jpg,8-1*9=-1
train/3911.jpg,6-(9*2)=-12
train/3912.jpg,4-5-6=-7
train/3913.jpg,6*(5+9)=84
train/3914.jpg,1*0-5=-5
train/3915.jpg,(5+7)+0=12
train/3916.jpg,6+(4*7)=34
train/3917.jpg,5-8-5=-8
train/3918.jpg,2*(1+9)=20
train/3919.jpg,5-1-8=-4
train/3920.jpg,(2+3)*8=40
train/3921.jpg,0-9+3=-6
train/3922.jpg,(9*8)-8=64
train/3923.jpg,9-(9-7)=7
train/3924.jpg,0+(0+6)=6
train/3925.jpg,1+(0+7)=8
train/3926.jpg,7-7*6=-35
train/3927.jpg,3+7+2=12
train/3928.jpg,0*9-2=-2
train/3929.jpg,6+5-4=7
train/3930.jpg,2*(4+4)=16
train/3931.jpg,9*(9+4)=117
train/3932.jpg,8+(6+7)=21
train/3933.jpg,(1+1)-4=-2
train/3934.jpg,8-(6-7)=9
train/3935.jpg,3-(7+5)=-9
train/3936.jpg,6-8-5=-7
train/3937.jpg,(6+4)-4=6
train/3938.jpg,(0*0)*9=0
train/3939.jpg,2*(6*6)=72
train/3940.jpg,2*(3-8)=-10
train/3941.jpg,4+0+1=5
train/3942.jpg,7+4+9=20
train/3943.jpg,2-(5+9)=-12
train/3944.jpg,(4+4)-7=1
train/3945.jpg,5+(9+9)=23
train/3946.jpg,(6*4)+8=32
train/3947.jpg,1*2*6=12
train/3948.jpg,6+(2-0)=8
train/3949.jpg,(6*1)*9=54
train/3950.jpg,6+1-0=7
train/3951.jpg,9-(7+7)=-5
train/3952.jpg,7-(3+6)=-2
train/3953.jpg,7+1*8=15
train/3954.jpg,6-(0*4)=6
train/3955.jpg,8*(9+8)=136
train/3956.jpg,9*(4+3)=63
train/3957.jpg,9+4*0=9
train/3958.jpg,8*(8+9)=136
train/3959.jpg,4+(0+2)=6
train/3960.jpg,(3*0)-9=-9
train/3961.jpg,3+9*0=3
train/3962.jpg,1*6+7=13
train/3963.jpg,(6+0)+9=15
train/3964.jpg,(5+5)+2=12
train/3965.jpg,1+(8-7)=2
train/3966.jpg,0*1+3=3
train/3967.jpg,2-(8+0)=-6
train/3968.jpg,(6+7)+8=21
train/3969.jpg,2*(3+6)=18
train/3970.jpg,6+(2-4)=4
train/3971.jpg,9+(5+0)=14
train/3972.jpg,7+(0+3)=10
train/3973.jpg,(6*6)+4=40
train/3974.jpg,6*(9-7)=12
train/3975.jpg,4+(6-2)=8
train/3976.jpg,6-9*0=6
train/3977.jpg,9-(4+8)=-3
train/3978.jpg,6+(6+3)=15
train/3979.jpg,6-(6-1)=1
train/3980.jpg,(8-7)+2=3
train/3981.jpg,7*(7*6)=294
train/3982.jpg,5+4+6=15
train/3983.jpg,6*(9*6)=324
train/3984.jpg,(9-6)*7=21
train/3985.jpg,6*(3+1)=24
train/3986.jpg,5+3*1=8
train/3987.jpg,(9+0)+6=15
train/3988.jpg,7+4-3=8
train/3989.jpg,(6*2)-5=7
train/3990.jpg,(7*3)*6=126
train/3991.jpg,4*(2*0)=0
train/3992.jpg,(2-8)-0=-6
train/3993.jpg,3-(8-8)=3
train/3994.jpg,(4-7)-1=-4
train/3995.jpg,2+6+9=17
train/3996.jpg,7+(7*8)=63
train/3997.jpg,5*(4+9)=65
train/3998.jpg,4+4+8=16
train/3999.jpg,(8+2)-2=8
train/4000.jpg,1+4*4=17
train/4001.jpg,1*9*0=0
train/4002.jpg,(4-9)-4=-9
train/4003.jpg,(7-6)+3=4
train/4004.jpg,(9*8)*0=0
train/4005.jpg,6+9+3=18
train/4006.jpg,9*1*4=36
train/4007.jpg,3+4-1=6
train/4008.jpg,6*0-0=0
train/4009.jpg,(9-9)+8=8
train/4010.jpg,3-6*3=-15
train/4011.jpg,4*6-1=23
train/4012.jpg,9*2*0=0
train/4013.jpg,1+9-4=6
train/4014.jpg,(6-6)-8=-8
train/4015.jpg,(2*6)-7=5
train/4016.jpg,0-8*9=-72
train/4017.jpg,9*6-2=52
train/4018.jpg,9+(2+7)=18
train/4019.jpg,4-9-2=-7
train/4020.jpg,(9*7)*0=0
train/4021.jpg,6*(1-8)=-42
train/4022.jpg,4*5-5=15
train/4023.jpg,(1+6)+1=8
train/4024.jpg,2*0-2=-2
train/4025.jpg,(4-3)-2=-1
train/4026.jpg,7+(4-8)=3
train/4027.jpg,(0*6)+1=1
train/4028.jpg,(8*4)*4=128
train/4029.jpg,8*3*9=216
train/4030.jpg,0*(8+5)=0
train/4031.jpg,1*4+9=13
train/4032.jpg,(0+3)+3=6
train/4033.jpg,5*(5-5)=0
train/4034.jpg,7*(9-5)=28
train/4035.jpg,(1+4)*2=10
train/4036.jpg,5-4+5=6
train/4037.jpg,(4+7)-0=11
train/4038.jpg,(9*4)+9=45
train/4039.jpg,9+(8+7)=24
train/4040.jpg,9+6-2=13
train/4041.jpg,9*(7+1)=72
train/4042.jpg,(1*9)+6=15
train/4043.jpg,3*(5-0)=15
train/4044.jpg,5+4-8=1
train/4045.jpg,(7-2)-5=0
train/4046.jpg,6*2+1=13
train/4047.jpg,4*(9-0)=36
train/4048.jpg,(2-6)*0=0
train/4049.jpg,9-(9+7)=-7
train/4050.jpg,(0*2)+5=5
train/4051.jpg,9*(1*0)=0
train/4052.jpg,(5-1)-3=1
train/4053.jpg,(2+7)-2=7
train/4054.jpg,9*(7*2)=126
train/4055.jpg,5+(0*0)=5
train/4056.jpg,3*4*2=24
train/4057.jpg,4*3+6=18
train/4058.jpg,(1-2)+3=2
train/4059.jpg,3*1+4=7
train/4060.jpg,5+0*6=5
train/4061.jpg,9+2*8=25
train/4062.jpg,8-2*7=-6
train/4063.jpg,4+8*2=20
train/4064.jpg,(6+4)+7=17
train/4065.jpg,5*(1+1)=10
train/4066.jpg,2-(4+2)=-4
train/4067.jpg,8*4-9=23
train/4068.jpg,(1+9)-1=9
train/4069.jpg,(9*5)*3=135
train/4070.jpg,9*(7*7)=441
train/4071.jpg,8-(6+4)=-2
train/4072.jpg,(5-2)+9=12
train/4073.jpg,4*(9*9)=324
train/4074.jpg,6*(2*7)=84
train/4075.jpg,4+(8*3)=28
train/4076.jpg,(4-9)+1=-4
train/4077.jpg,(4+6)-8=2
train/4078.jpg,(8+2)+2=12
train/4079.jpg,(0+5)+9=14
train/4080.jpg,8+(8+8)=24
train/4081.jpg,8+5-5=8
train/4082.jpg,(8-0)*0=0
train/4083.jpg,(2*1)*0=0
train/4084.jpg,(2+1)*1=3
train/4085.jpg,4*3-5=7
train/4086.jpg,(4*1)*2=8
train/4087.jpg,0+(5+5)=10
train/4088.jpg,0+(6-7)=-1
train/4089.jpg,6-0*6=6
train/4090.jpg,5+2+2=9
train/4091.jpg,5+8+3=16
train/4092.jpg,3+9-8=4
train/4093.jpg,8*7*1=56
train/4094.jpg,0+(9-8)=1
train/4095.jpg,3+1*1=4
train/4096.jpg,1+(7*0)=1
train/4097.jpg,(0*7)-2=-2
train/4098.jpg,8-(1-0)=7
train/4099.jpg,7+2-8=1
train/4100.jpg,5+1+2=8
train/4101.jpg,(5+0)*4=20
train/4102.jpg,9*7*3=189
train/4103.jpg,2*(1+5)=12
train/4104.jpg,8+9-5=12
train/4105.jpg,2-2*7=-12
train/4106.jpg,1-9-1=-9
train/4107.jpg,5+(9*3)=32
train/4108.jpg,2+(2+9)=13
train/4109.jpg,(1+0)-3=-2
train/4110.jpg,1-6-7=-12
train/4111.jpg,(9*0)*4=0
train/4112.jpg,1*5*5=25
train/4113.jpg,7*(4-8)=-28
train/4114.jpg,4-4-1=-1
train/4115.jpg,7-(6+8)=-7
train/4116.jpg,(6-9)-2=-5
train/4117.jpg,7-(4*5)=-13
train/4118.jpg,4+(3+4)=11
train/4119.jpg,5*(2-1)=5
train/4120.jpg,6*(5*1)=30
train/4121.jpg,8+4-9=3
train/4122.jpg,(9+3)+5=17
train/4123.jpg,3+(6*5)=33
train/4124.jpg,3-(0*2)=3
train/4125.jpg,(2+2)-2=2
train/4126.jpg,(9-0)+7=16
train/4127.jpg,0*4-3=-3
train/4128.jpg,6*6*9=324
train/4129.jpg,0-(5+3)=-8
train/4130.jpg,6-(8*7)=-50
train/4131.jpg,(2+8)-6=4
train/4132.jpg,7+7*7=56
train/4133.jpg,0+(1-4)=-3
train/4134.jpg,(1-9)*6=-48
train/4135.jpg,7+(8*8)=71
train/4136.jpg,8*(7*0)=0
train/4137.jpg,2-8-3=-9
train/4138.jpg,7+5+6=18
train/4139.jpg,3*5*5=75
train/4140.jpg,2+2-4=0
train/4141.jpg,(7+3)*4=40
train/4142.jpg,1*8-8=0
train/4143.jpg,(7*7)+0=49
train/4144.jpg,4-1+5=8
train/4145.jpg,(5+4)-2=7
train/4146.jpg,4*(6+4)=40
train/4147.jpg,1-(0*3)=1
train/4148.jpg,9-6*0=9
train/4149.jpg,5+(9+1)=15
train/4150.jpg,0*6*2=0
train/4151.jpg,5+4-5=4
train/4152.jpg,7*(9-4)=35
train/4153.jpg,0+3-3=0
train/4154.jpg,9+6-9=6
train/4155.jpg,9+8*4=41
train/4156.jpg,2*9*4=72
train/4157.jpg,6-3-5=-2
train/4158.jpg,3*1+6=9
train/4159.jpg,6+5*4=26
train/4160.jpg,2*(5+2)=14
train/4161.jpg,(6*4)-5=19
train/4162.jpg,0-2*5=-10
train/4163.jpg,(4*5)*3=60
train/4164.jpg,(0*2)+7=7
train/4165.jpg,4*4+0=16
train/4166.jpg,(5+1)+2=8
train/4167.jpg,(4+9)-9=4
train/4168.jpg,4-(3+1)=0
train/4169.jpg,6-(7+2)=-3
train/4170.jpg,1*(3+4)=7
train/4171.jpg,7+5+4=16
train/4172.jpg,8-(4-6)=10
train/4173.jpg,7-(5*7)=-28
train/4174.jpg,(8*0)*7=0
train/4175.jpg,6-(1+6)=-1
train/4176.jpg,0*(7-7)=0
train/4177.jpg,(4+3)+9=16
train/4178.jpg,8*1*6=48
train/4179.jpg,3*0*6=0
train/4180.jpg,3*(0+4)=12
train/4181.jpg,8-2-3=3
train/4182.jpg,1-9-1=-9
train/4183.jpg,(4-8)-9=-13
train/4184.jpg,0-2+6=4
train/4185.jpg,(1-7)*9=-54
train/4186.jpg,3*(5+7)=36
train/4187.jpg,8-4*4=-8
train/4188.jpg,4*1-7=-3
train/4189.jpg,1*0*2=0
train/4190.jpg,6+(5*5)=31
train/4191.jpg,8+2*6=20
train/4192.jpg,3+6-6=3
train/4193.jpg,(0-6)+5=-1
train/4194.jpg,8-(3*7)=-13
train/4195.jpg,(2-1)+9=10
train/4196.jpg,9-(3+3)=3
train/4197.jpg,8+(4*4)=24
train/4198.jpg,1+3+0=4
train/4199.jpg,(6*0)-4=-4
train/4200.jpg,(9-7)-9=-7
train/4201.jpg,2-(3+2)=-3
train/4202.jpg,(5*7)+5=40
train/4203.jpg,4-4-7=-7
train/4204.jpg,7*(4*8)=224
train/4205.jpg,5+1*9=14
train/4206.jpg,1*(0*5)=0
train/4207.jpg,3-7+2=-2
train/4208.jpg,3*5+6=21
train/4209.jpg,6*(9-0)=54
train/4210.jpg,5-6-5=-6
train/4211.jpg,2*8+6=22
train/4212.jpg,0+(5*8)=40
train/4213.jpg,0+(1+9)=10
train/4214.jpg,2*(3+4)=14
train/4215.jpg,5+(5+9)=19
train/4216.jpg,6*2+9=21
train/4217.jpg,(6-4)*3=6
train/4218.jpg,(8+1)-2=7
train/4219.jpg,(9*9)*8=648
train/4220.jpg,(2-4)-7=-9
train/4221.jpg,0+(3*8)=24
train/4222.jpg,(4*6)+1=25
train/4223.jpg,2-0+4=6
train/4224.jpg,(7-6)+5=6
train/4225.jpg,(0+3)-4=-1
train/4226.jpg,7-1+4=10
train/4227.jpg,6+1*2=8
train/4228.jpg,5-3*4=-7
train/4229.jpg,(8-0)+9=17
train/4230.jpg,8*(5-3)=16
train/4231.jpg,(4*7)+9=37
train/4232.jpg,4*(8+2)=40
train/4233.jpg,7-8+4=3
train/4234.jpg,(3+7)+1=11
train/4235.jpg,6*(7+5)=72
train/4236.jpg,9+(9-6)=12
train/4237.jpg,8-(7+5)=-4
train/4238.jpg,8*2-9=7
train/4239.jpg,(6-8)+5=3
train/4240.jpg,(5-2)*7=21
train/4241.jpg,3-9+9=3
train/4242.jpg,8*(2+8)=80
train/4243.jpg,3+4*6=27
train/4244.jpg,(7+0)*2=14
train/4245.jpg,0-(6+1)=-7
train/4246.jpg,0-(4-4)=0
train/4247.jpg,(9+9)*0=0
train/4248.jpg,(7-9)-3=-5
train/4249.jpg,0-(2*2)=-4
train/4250.jpg,6-(1-8)=13
train/4251.jpg,(9-9)+7=7
train/4252.jpg,1-(1+3)=-3
train/4253.jpg,8-9*2=-10
train/4254.jpg,6-(4*7)=-22
train/4255.jpg,7+6*3=25
train/4256.jpg,7-1+7=13
train/4257.jpg,(9*4)-7=29
train/4258.jpg,0-9-3=-12
train/4259.jpg,3+8-4=7
train/4260.jpg,2-1-7=-6
train/4261.jpg,5+7-3=9
train/4262.jpg,4-(0-8)=12
train/4263.jpg,2-4-1=-3
train/4264.jpg,(1-8)*7=-49
train/4265.jpg,(7+6)-3=10
train/4266.jpg,(1*2)-6=-4
train/4267.jpg,1+6-3=4
train/4268.jpg,9-(1-0)=8
train/4269.jpg,(6+0)+9=15
train/4270.jpg,(1*5)+4=9
train/4271.jpg,(4-7)+2=-1
train/4272.jpg,(5*1)*3=15
train/4273.jpg,7-(8+2)=-3
train/4274.jpg,9-3-9=-3
train/4275.jpg,(5+8)*0=0
train/4276.jpg,6*9+6=60
train/4277.jpg,(6-8)+3=1
train/4278.jpg,2*(8*2)=32
train/4279.jpg,6*(4+9)=78
train/4280.jpg,9*2*0=0
train/4281.jpg,7-(3*7)=-14
train/4282.jpg,(3-6)+3=0
train/4283.jpg,8-(5*4)=-12
train/4284.jpg,(0+6)-3=3
train/4285.jpg,(9*4)+4=40
train/4286.jpg,(7*6)+7=49
train/4287.jpg,2*(9-9)=0
train/4288.jpg,(0-7)-7=-14
train/4289.jpg,(2-3)-6=-7
train/4290.jpg,(3*3)*1=9
train/4291.jpg,8+(1+3)=12
train/4292.jpg,6+7*5=41
train/4293.jpg,3*(2+6)=24
train/4294.jpg,9+(3-3)=9
train/4295.jpg,4-(8*2)=-12
train/4296.jpg,4+(4+0)=8
train/4297.jpg,4+2*4=12
train/4298.jpg,7*(5*9)=315
train/4299.jpg,4+0+4=8
train/4300.jpg,7*1-1=6
train/4301.jpg,5+3*0=5
train/4302.jpg,(8*4)-5=27
train/4303.jpg,(2-2)-7=-7
train/4304.jpg,(1-9)-0=-8
train/4305.jpg,(2*3)-1=5
train/4306.jpg,(3+9)+7=19
train/4307.jpg,3+7-5=5
train/4308.jpg,(9+2)*3=33
train/4309.jpg,1+3+2=6
train/4310.jpg,8*(0-7)=-56
train/4311.jpg,6+(9*4)=42
train/4312.jpg,7-8*9=-65
train/4313.jpg,4-5-9=-10
train/4314.jpg,3+3+3=9
train/4315.jpg,(3+8)-9=2
train/4316.jpg,2*(2-3)=-2
train/4317.jpg,(9-2)*5=35
train/4318.jpg,(1*9)*8=72
train/4319.jpg,4*8-2=30
train/4320.jpg,0*5*7=0
train/4321.jpg,3-(2-8)=9
train/4322.jpg,(3*7)+7=28
train/4323.jpg,(6+9)*6=90
train/4324.jpg,7+(2-1)=8
train/4325.jpg,3-(0*9)=3
train/4326.jpg,(1+8)*9=81
train/4327.jpg,0-4*0=0
train/4328.jpg,1*(8*3)=24
train/4329.jpg,3-2*5=-7
train/4330.jpg,(8-8)*0=0
train/4331.jpg,6+8-7=7
train/4332.jpg,(7*5)-7=28
train/4333.jpg,8+1+9=18
train/4334.jpg,(9+6)*9=135
train/4335.jpg,(6-6)+1=1
train/4336.jpg,5+(7*0)=5
train/4337.jpg,6-8-4=-6
train/4338.jpg,8*9*7=504
train/4339.jpg,(8-8)+1=1
train/4340.jpg,3-1*0=3
train/4341.jpg,(5*4)*6=120
train/4342.jpg,2+5*0=2
train/4343.jpg,(1+2)-9=-6
train/4344.jpg,(5*7)*8=280
train/4345.jpg,1-8+8=1
train/4346.jpg,6-8-2=-4
train/4347.jpg,3+(7+6)=16
train/4348.jpg,8-(4+1)=3
train/4349.jpg,8-(9+5)=-6
train/4350.jpg,(6*6)-6=30
train/4351.jpg,(9+9)+1=19
train/4352.jpg,8+(6+2)=16
train/4353.jpg,0*(2*8)=0
train/4354.jpg,8+(0+6)=14
train/4355.jpg,(7*3)*0=0
train/4356.jpg,7+(2*6)=19
train/4357.jpg,3*(9-8)=3
train/4358.jpg,0*(6-5)=0
train/4359.jpg,9*6+6=60
train/4360.jpg,4*(5+6)=44
train/4361.jpg,3*(6+2)=24
train/4362.jpg,4+2+1=7
train/4363.jpg,1-(5-6)=2
train/4364.jpg,2*1+9=11
train/4365.jpg,6+2-2=6
train/4366.jpg,4*2-5=3
train/4367.jpg,7-4-8=-5
train/4368.jpg,5-4-2=-1
train/4369.jpg,3+7-1=9
train/4370.jpg,7*8*0=0
train/4371.jpg,5+(7*9)=68
train/4372.jpg,4-0-2=2
train/4373.jpg,(7+9)-6=10
train/4374.jpg,5+1*0=5
train/4375.jpg,6-(7-8)=7
train/4376.jpg,2*4+7=15
train/4377.jpg,7+(6-1)=12
train/4378.jpg,0*4+1=1
train/4379.jpg,7-1*9=-2
train/4380.jpg,8+(6-2)=12
train/4381.jpg,3*6*0=0
train/4382.jpg,5+6+2=13
train/4383.jpg,0*(4-9)=0
train/4384.jpg,5-9-5=-9
train/4385.jpg,(4-9)+3=-2
train/4386.jpg,(0+5)-5=0
train/4387.jpg,(5-1)*8=32
train/4388.jpg,1-6+8=3
train/4389.jpg,9*(4-7)=-27
train/4390.jpg,0*4-9=-9
train/4391.jpg,6*(7+9)=96
train/4392.jpg,9+(4+1)=14
train/4393.jpg,9*9-8=73
train/4394.jpg,(8-9)*0=0
train/4395.jpg,(1*7)+8=15
train/4396.jpg,(4*3)+5=17
train/4397.jpg,6-(6-9)=9
train/4398.jpg,2-(6*7)=-40
train/4399.jpg,5-0+0=5
train/4400.jpg,9*(2+8)=90
train/4401.jpg,(5-8)-4=-7
train/4402.jpg,2+(0*9)=2
train/4403.jpg,8+5*3=23
train/4404.jpg,1*(4*9)=36
train/4405.jpg,0+7-7=0
train/4406.jpg,9-(5-0)=4
train/4407.jpg,(1*3)*2=6
train/4408.jpg,6-(3+7)=-4
train/4409.jpg,(5*6)-8=22
train/4410.jpg,2*(4+5)=18
train/4411.jpg,0+4-8=-4
train/4412.jpg,0-(2*7)=-14
train/4413.jpg,(2+6)*5=40
train/4414.jpg,(9-5)+9=13
train/4415.jpg,(2*9)-4=14
train/4416.jpg,4+5+3=12
train/4417.jpg,9+(8*8)=73
train/4418.jpg,1+(4-6)=-1
train/4419.jpg,4-7*4=-24
train/4420.jpg,(1-6)+0=-5
train/4421.jpg,(1+6)+0=7
train/4422.jpg,(2*5)-1=9
train/4423.jpg,6*8-4=44
train/4424.jpg,0*3+5=5
train/4425.jpg,1-(1*5)=-4
train/4426.jpg,8*(0+5)=40
train/4427.jpg,0+(0-9)=-9
train/4428.jpg,5-8-1=-4
train/4429.jpg,(6+8)*9=126
train/4430.jpg,4*8*7=224
train/4431.jpg,(6*8)-6=42
train/4432.jpg,(4*3)-8=4
train/4433.jpg,6-6-5=-5
train/4434.jpg,3*(3+2)=15
train/4435.jpg,(3*4)-5=7
train/4436.jpg,(6+8)-0=14
train/4437.jpg,4*5-0=20
train/4438.jpg,6*9-0=54
train/4439.jpg,(7-6)+7=8
train/4440.jpg,(2+7)+5=14
train/4441.jpg,(3-1)+7=9
train/4442.jpg,(4*9)*5=180
train/4443.jpg,8*(9*0)=0
train/4444.jpg,(4-4)*0=0
train/4445.jpg,(2*9)*5=90
train/4446.jpg,(0-1)+3=2
train/4447.jpg,6-2+8=12
train/4448.jpg,7-4-0=3
train/4449.jpg,5*(5+4)=45
train/4450.jpg,6+4*5=26
train/4451.jpg,9*7-6=57
train/4452.jpg,(1-0)-7=-6
train/4453.jpg,(0+9)+2=11
train/4454.jpg,4*(2*2)=16
train/4455.jpg,3-7+9=5
train/4456.jpg,(9+6)-4=11
train/4457.jpg,(6-7)+0=-1
train/4458.jpg,1+(9+1)=11
train/4459.jpg,4-4+8=8
train/4460.jpg,2*(7-7)=0
train/4461.jpg,5-(4-8)=9
train/4462.jpg,3+8-9=2
train/4463.jpg,(3+0)-0=3
train/4464.jpg,1+(4*5)=21
train/4465.jpg,3+5-0=8
train/4466.jpg,6*5*3=90
train/4467.jpg,6*8+6=54
train/4468.jpg,4+8-3=9
train/4469.jpg,(6-0)-2=4
train/4470.jpg,(6*0)+6=6
train/4471.jpg,9-7*3=-12
train/4472.jpg,(9-6)-2=1
train/4473.jpg,(3-9)*4=-24
train/4474.jpg,(1-1)-8=-8
train/4475.jpg,6-(6+5)=-5
train/4476.jpg,2+2-6=-2
train/4477.jpg,3+(7*7)=52
train/4478.jpg,(2+0)*3=6
train/4479.jpg,8-6*7=-34
train/4480.jpg,1*(8+4)=12
train/4481.jpg,7-8+2=1
train/4482.jpg,6*4-5=19
train/4483.jpg,(0+0)-4=-4
train/4484.jpg,3*3-3=6
train/4485.jpg,(6*2)+3=15
train/4486.jpg,(1-3)*3=-6
train/4487.jpg,(4-4)-2=-2
train/4488.jpg,0-3-0=-3
train/4489.jpg,6*(7*0)=0
train/4490.jpg,5+(4*9)=41
train/4491.jpg,(9*5)-8=37
train/4492.jpg,1-9*5=-44
train/4493.jpg,8*(7+6)=104
train/4494.jpg,(8*6)-6=42
train/4495.jpg,(1+2)-3=0
train/4496.jpg,(4-7)-9=-12
train/4497.jpg,4-(2+3)=-1
train/4498.jpg,1-6*8=-47
train/4499.jpg,9-(9+0)=0
train/4500.jpg,5*(9-2)=35
train/4501.jpg,0*7*4=0
train/4502.jpg,(4*4)-9=7
train/4503.jpg,2*(3-3)=0
train/4504.jpg,(0*2)*1=0
train/4505.jpg,5-(5+9)=-9
train/4506.jpg,0*(0*2)=0
train/4507.jpg,9+2+1=12
train/4508.jpg,2-(0*0)=2
train/4509.jpg,(7+8)+0=15
train/4510.jpg,3*2+3=9
train/4511.jpg,(1-9)*2=-16
train/4512.jpg,(6-5)+6=7
train/4513.jpg,(4*2)+8=16
train/4514.jpg,(9-2)*0=0
train/4515.jpg,(0-8)*2=-16
train/4516.jpg,9+8+4=21
train/4517.jpg,0-2+8=6
train/4518.jpg,6-(9+8)=-11
train/4519.jpg,(6-5)+8=9
train/4520.jpg,1+9-3=7
train/4521.jpg,3+9+5=17
train/4522.jpg,(5+3)+7=15
train/4523.jpg,(1+7)-9=-1
train/4524.jpg,6-(8+1)=-3
train/4525.jpg,7-(8+9)=-10
train/4526.jpg,2+(6+5)=13
train/4527.jpg,(0-0)-5=-5
train/4528.jpg,3-(3*9)=-24
train/4529.jpg,7+(4*1)=11
train/4530.jpg,(8-8)+3=3
train/4531.jpg,1+(8+5)=14
train/4532.jpg,1-(4*3)=-11
train/4533.jpg,0-3-0=-3
train/4534.jpg,5*8+1=41
train/4535.jpg,(8+7)-1=14
train/4536.jpg,4*(2+8)=40
train/4537.jpg,8-7*7=-41
train/4538.jpg,8-2+4=10
train/4539.jpg,3-(4-9)=8
train/4540.jpg,(7-4)+3=6
train/4541.jpg,3+3+8=14
train/4542.jpg,(8*9)-5=67
train/4543.jpg,(7+7)-9=5
train/4544.jpg,5*3+8=23
train/4545.jpg,9*0*9=0
train/4546.jpg,5+3*9=32
train/4547.jpg,(6*9)-3=51
train/4548.jpg,6*3*7=126
train/4549.jpg,(9*3)*4=108
train/4550.jpg,8+(9*1)=17
train/4551.jpg,6-(8*3)=-18
train/4552.jpg,(7+0)+6=13
train/4553.jpg,(3*6)-1=17
train/4554.jpg,7*(7*4)=196
train/4555.jpg,0+(2-4)=-2
train/4556.jpg,(1-2)-7=-8
train/4557.jpg,0+5*3=15
train/4558.jpg,0+1*1=1
train/4559.jpg,3*8-1=23
train/4560.jpg,6+7-4=9
train/4561.jpg,(5-9)+6=2
train/4562.jpg,3*3-8=1
train/4563.jpg,0+9-6=3
train/4564.jpg,(9+4)+0=13
train/4565.jpg,9+(3-3)=9
train/4566.jpg,2*4-8=0
train/4567.jpg,3+0+1=4
train/4568.jpg,(1+0)+1=2
train/4569.jpg,(2*9)-0=18
train/4570.jpg,4+9*9=85
train/4571.jpg,(1-4)*2=-6
train/4572.jpg,2*0+7=7
train/4573.jpg,6-(8+3)=-5
train/4574.jpg,7-(6-0)=1
train/4575.jpg,1*3*1=3
train/4576.jpg,4+0*2=4
train/4577.jpg,0+6+4=10
train/4578.jpg,0-6+8=2
train/4579.jpg,7*(1+4)=35
train/4580.jpg,4+(7*2)=18
train/4581.jpg,1*(5*1)=5
train/4582.jpg,0*8*1=0
train/4583.jpg,4*4*0=0
train/4584.jpg,0+(9+7)=16
train/4585.jpg,1+(2*6)=13
train/4586.jpg,5*3+9=24
train/4587.jpg,8*(2-1)=8
train/4588.jpg,(4*1)+8=12
train/4589.jpg,2*(8-0)=16
train/4590.jpg,5+(3-6)=2
train/4591.jpg,(2-1)-6=-5
train/4592.jpg,6*(4+2)=36
train/4593.jpg,5+7-5=7
train/4594.jpg,8+(9+7)=24
train/4595.jpg,6+(6*8)=54
train/4596.jpg,3*(2+3)=15
train/4597.jpg,6+6*2=18
train/4598.jpg,(7*4)-4=24
train/4599.jpg,6-(4+6)=-4
train/4600.jpg,5-2*8=-11
train/4601.jpg,1*(0-1)=-1
train/4602.jpg,2*(7*7)=98
train/4603.jpg,1+6-6=1
train/4604.jpg,3*5+9=24
train/4605.jpg,8+(6*1)=14
train/4606.jpg,4-9*0=4
train/4607.jpg,(0*9)+6=6
train/4608.jpg,(0*8)*6=0
train/4609.jpg,2+(2-3)=1
train/4610.jpg,3-4-0=-1
train/4611.jpg,9*8*8=576
train/4612.jpg,(6-4)+6=8
train/4613.jpg,0*(3*9)=0
train/4614.jpg,(9-6)*0=0
train/4615.jpg,(6-7)*4=-4
train/4616.jpg,(2-1)-5=-4
train/4617.jpg,(5-8)*1=-3
train/4618.jpg,3-(3*3)=-6
train/4619.jpg,9*4*5=180
train/4620.jpg,(1*6)*8=48
train/4621.jpg,2+(2-3)=1
train/4622.jpg,7-(8*8)=-57
train/4623.jpg,6*(5*8)=240
train/4624.jpg,1*(2*5)=10
train/4625.jpg,(3*7)*1=21
train/4626.jpg,7+0*8=7
train/4627.jpg,9+4*0=9
train/4628.jpg,(6*6)*5=180
train/4629.jpg,(5-6)*3=-3
train/4630.jpg,(8+5)-2=11
train/4631.jpg,1*3*1=3
train/4632.jpg,4*(5*5)=100
train/4633.jpg,5+2+7=14
train/4634.jpg,(0+7)-0=7
train/4635.jpg,6-(0+8)=-2
train/4636.jpg,(5+1)+0=6
train/4637.jpg,(4-4)*5=0
train/4638.jpg,(1*7)+9=16
train/4639.jpg,5+3-4=4
train/4640.jpg,(2-2)+2=2
train/4641.jpg,(3+0)*2=6
train/4642.jpg,(4*5)*2=40
train/4643.jpg,8*7-5=51
train/4644.jpg,(6+0)*7=42
train/4645.jpg,2+8+3=13
train/4646.jpg,(5*4)*8=160
train/4647.jpg,0*7-5=-5
train/4648.jpg,(0*5)*0=0
train/4649.jpg,(4-7)*1=-3
train/4650.jpg,3*1+0=3
train/4651.jpg,3-3*7=-18
train/4652.jpg,6-8*0=6
train/4653.jpg,6*5*9=270
train/4654.jpg,(0-4)-0=-4
train/4655.jpg,(1+9)-7=3
train/4656.jpg,9+(6+3)=18
train/4657.jpg,4-(9-7)=2
train/4658.jpg,4-4+3=3
train/4659.jpg,8+(0+9)=17
train/4660.jpg,(5-1)-9=-5
train/4661.jpg,1*3-1=2
train/4662.jpg,(5+9)*1=14
train/4663.jpg,(4+7)*3=33
train/4664.jpg,7-(7*9)=-56
train/4665.jpg,(9-7)*7=14
train/4666.jpg,4*(2*2)=16
train/4667.jpg,(5*1)*9=45
train/4668.jpg,(4-5)-2=-3
train/4669.jpg,0+2+6=8
train/4670.jpg,3+2+1=6
train/4671.jpg,(2-3)+4=3
train/4672.jpg,7*(1+5)=42
train/4673.jpg,5-(3+8)=-6
train/4674.jpg,4+(0-6)=-2
train/4675.jpg,1*7*5=35
train/4676.jpg,7-(5-7)=9
train/4677.jpg,(7-8)*6=-6
train/4678.jpg,(3+6)-0=9
train/4679.jpg,8*2+7=23
train/4680.jpg,2*3-6=0
train/4681.jpg,5+6-8=3
train/4682.jpg,3-2*0=3
train/4683.jpg,2-(0+9)=-7
train/4684.jpg,(8-5)+9=12
train/4685.jpg,1-2-9=-10
train/4686.jpg,2-(0+6)=-4
train/4687.jpg,(8+0)-8=0
train/4688.jpg,5+(3+3)=11
train/4689.jpg,4*(3*7)=84
train/4690.jpg,(3-6)*2=-6
train/4691.jpg,7+5*8=47
train/4692.jpg,4*(0-6)=-24
train/4693.jpg,5+7*2=19
train/4694.jpg,(6*8)*9=432
train/4695.jpg,3*(2*5)=30
train/4696.jpg,5*2-0=10
train/4697.jpg,1*2*5=10
train/4698.jpg,6-0+8=14
train/4699.jpg,8-(1*6)=2
train/4700.jpg,2*(7*8)=112
train/4701.jpg,(0+3)+4=7
train/4702.jpg,1-(0*3)=1
train/4703.jpg,1-(6*7)=-41
train/4704.jpg,(4-0)*3=12
train/4705.jpg,(0+5)+6=11
train/4706.jpg,2*5-9=1
train/4707.jpg,(0*2)-9=-9
train/4708.jpg,3*0+5=5
train/4709.jpg,1*(2+3)=5
train/4710.jpg,4*4-2=14
train/4711.jpg,9*(0-6)=-54
train/4712.jpg,(3-0)-1=2
train/4713.jpg,8*6+0=48
train/4714.jpg,(2+0)-9=-7
train/4715.jpg,4+2-2=4
train/4716.jpg,(1+5)*7=42
train/4717.jpg,7*(1+2)=21
train/4718.jpg,1-1-1=-1
train/4719.jpg,(2*7)+0=14
train/4720.jpg,4*9-6=30
train/4721.jpg,(0+1)+6=7
train/4722.jpg,8+2*7=22
train/4723.jpg,(4-5)+4=3
train/4724.jpg,2+7*9=65
train/4725.jpg,(4*7)*8=224
train/4726.jpg,(9-5)-0=4
train/4727.jpg,1-(0-5)=6
train/4728.jpg,5*(7-4)=15
train/4729.jpg,1+(0+2)=3
train/4730.jpg,0-(9+8)=-17
train/4731.jpg,9+(6*6)=45
train/4732.jpg,(7*3)*9=189
train/4733.jpg,7*7-0=49
train/4734.jpg,5*(5*5)=125
train/4735.jpg,4+0*7=4
train/4736.jpg,4+(1+6)=11
train/4737.jpg,1*5*0=0
train/4738.jpg,5-(0+4)=1
train/4739.jpg,9-5-2=2
train/4740.jpg,1+(2+1)=4
train/4741.jpg,1*3-5=-2
train/4742.jpg,8*(5-6)=-8
train/4743.jpg,8+(5-0)=13
train/4744.jpg,9*2*2=36
train/4745.jpg,6+(1-1)=6
train/4746.jpg,(4*3)*3=36
train/4747.jpg,9*6+7=61
train/4748.jpg,(8*4)+2=34
train/4749.jpg,3*1*9=27
train/4750.jpg,8-1*6=2
train/4751.jpg,(1-2)+3=2
train/4752.jpg,9*(2*6)=108
train/4753.jpg,6*0+9=9
train/4754.jpg,(9-2)*6=42
train/4755.jpg,8-9*3=-19
train/4756.jpg,8-(0-2)=10
train/4757.jpg,0-(4*0)=0
train/4758.jpg,(5*9)-6=39
train/4759.jpg,(2-4)+3=1
train/4760.jpg,5*8+2=42
train/4761.jpg,0+(4+0)=4
train/4762.jpg,3+1+9=13
train/4763.jpg,(2+4)+4=10
train/4764.jpg,9+3+4=16
train/4765.jpg,(3-5)-9=-11
train/4766.jpg,(6-9)+0=-3
train/4767.jpg,7-(2+8)=-3
train/4768.jpg,3*1+3=6
train/4769.jpg,0+9*3=27
train/4770.jpg,8-(9+6)=-7
train/4771.jpg,(6*0)-6=-6
train/4772.jpg,8-(4*7)=-20
train/4773.jpg,5-(1-8)=12
train/4774.jpg,(4+0)-2=2
train/4775.jpg,5-(7+7)=-9
train/4776.jpg,(7*5)-0=35
train/4777.jpg,(7-0)*1=7
train/4778.jpg,1+9-5=5
train/4779.jpg,(8+9)-1=16
train/4780.jpg,3*9+9=36
train/4781.jpg,9+0*6=9
train/4782.jpg,(9-4)+2=7
train/4783.jpg,7+9-4=12
train/4784.jpg,7+3*6=25
train/4785.jpg,6*0-5=-5
train/4786.jpg,6+6*1=12
train/4787.jpg,8+(2-0)=10
train/4788.jpg,0+(9*0)=0
train/4789.jpg,7-(2+8)=-3
train/4790.jpg,1+1+5=7
train/4791.jpg,7*1-2=5
train/4792.jpg,7+(6-2)=11
train/4793.jpg,7*6+3=45
train/4794.jpg,8-(7-8)=9
train/4795.jpg,5*2+3=13
train/4796.jpg,6-(7-6)=5
train/4797.jpg,0+(5*1)=5
train/4798.jpg,8*2+6=22
train/4799.jpg,(8+1)*4=36
train/4800.jpg,0*7+6=6
train/4801.jpg,8+6*8=56
train/4802.jpg,(6-6)+8=8
train/4803.jpg,3-6+6=3
train/4804.jpg,1*(4*9)=36
train/4805.jpg,6+(3+2)=11
train/4806.jpg,(2+0)-0=2
train/4807.jpg,3-(4*7)=-25
train/4808.jpg,2*6*3=36
train/4809.jpg,(1*5)-4=1
train/4810.jpg,(9-2)*7=49
train/4811.jpg,4+(7-0)=11
train/4812.jpg,(6-1)+4=9
train/4813.jpg,5+(4+3)=12
train/4814.jpg,0-(9*0)=0
train/4815.jpg,3-8-0=-5
train/4816.jpg,(2-3)-8=-9
train/4817.jpg,3*(3+5)=24
train/4818.jpg,0*3-7=-7
train/4819.jpg,(5*1)+8=13
train/4820.jpg,9-(3+1)=5
train/4821.jpg,5-(3+9)=-7
train/4822.jpg,3*6+6=24
train/4823.jpg,0-8+3=-5
train/4824.jpg,(1*3)+8=11
train/4825.jpg,4*5-4=16
train/4826.jpg,(5-9)-0=-4
train/4827.jpg,2-9+8=1
train/4828.jpg,(1-5)*8=-32
train/4829.jpg,(0*8)*4=0
train/4830.jpg,0-4*6=-24
train/4831.jpg,3-(6*8)=-45
train/4832.jpg,1-1+7=7
train/4833.jpg,9-7-1=1
train/4834.jpg,(6+2)*3=24
train/4835.jpg,2*(0*7)=0
train/4836.jpg,(6*1)*3=18
train/4837.jpg,8+(9*3)=35
train/4838.jpg,6*0-3=-3
train/4839.jpg,(4-6)*5=-10
train/4840.jpg,(6*6)*9=324
train/4841.jpg,5*4-4=16
train/4842.jpg,1-(3-2)=0
train/4843.jpg,9+(7+0)=16
train/4844.jpg,6-(9-5)=2
train/4845.jpg,5*(3+2)=25
train/4846.jpg,(8*5)+3=43
train/4847.jpg,2-(3+7)=-8
train/4848.jpg,(7+3)-5=5
train/4849.jpg,8*2-4=12
train/4850.jpg,2+(1+5)=8
train/4851.jpg,5+(5*0)=5
train/4852.jpg,8-(6*8)=-40
train/4853.jpg,(4+1)-5=0
train/4854.jpg,(9+4)+2=15
train/4855.jpg,0-(7*6)=-42
train/4856.jpg,4*0+1=1
train/4857.jpg,0+(3-8)=-5
train/4858.jpg,9-(3*3)=0
train/4859.jpg,1-(2-6)=5
train/4860.jpg,5*(2*2)=20
train/4861.jpg,(9*5)*9=405
train/4862.jpg,9*(1+0)=9
train/4863.jpg,8+8-7=9
train/4864.jpg,(0-8)+3=-5
train/4865.jpg,(9-6)-9=-6
train/4866.jpg,9-(5-3)=7
train/4867.jpg,6+7*2=20
train/4868.jpg,(5-4)+6=7
train/4869.jpg,(9-3)+4=10
train/4870.jpg,3*1+8=11
train/4871.jpg,7-8-1=-2
train/4872.jpg,4-0+1=5
train/4873.jpg,(7+7)*8=112
train/4874.jpg,1*3+0=3
train/4875.jpg,(0*8)-2=-2
train/4876.jpg,(5+0)-5=0
train/4877.jpg,7-(9+8)=-10
train/4878.jpg,2+8+0=10
train/4879.jpg,(2+3)*8=40
train/4880.jpg,4*(8*3)=96
train/4881.jpg,0+(0*0)=0
train/4882.jpg,5+1-0=6
train/4883.jpg,(6*5)-1=29
train/4884.jpg,0*(0-4)=0
train/4885.jpg,2-6*9=-52
train/4886.jpg,4*1-8=-4
train/4887.jpg,2+6-9=-1
train/4888.jpg,0-(7*2)=-14
train/4889.jpg,6+(1-7)=0
train/4890.jpg,7*4*5=140
train/4891.jpg,(5*1)-6=-1
train/4892.jpg,2*(2*3)=12
train/4893.jpg,9*9-7=74
train/4894.jpg,2-0*5=2
train/4895.jpg,(9*4)*5=180
train/4896.jpg,(4-1)*2=6
train/4897.jpg,2*(2+5)=14
train/4898.jpg,(8+7)*5=75
train/4899.jpg,5*0*6=0
train/4900.jpg,(8*7)-3=53
train/4901.jpg,1*7*0=0
train/4902.jpg,2+(0*2)=2
train/4903.jpg,6*(1*6)=36
train/4904.jpg,(3-4)*3=-3
train/4905.jpg,(1+7)*3=24
train/4906.jpg,5-(3*7)=-16
train/4907.jpg,8+8-0=16
train/4908.jpg,6+(2+4)=12
train/4909.jpg,(2+5)+9=16
train/4910.jpg,4*(9-0)=36
train/4911.jpg,(7*4)+6=34
train/4912.jpg,8+(2+3)=13
train/4913.jpg,1-7+4=-2
train/4914.jpg,9*5*7=315
train/4915.jpg,9+5+8=22
train/4916.jpg,9-5+0=4
train/4917.jpg,4*(3*3)=36
train/4918.jpg,0-(1+3)=-4
train/4919.jpg,2*4+8=16
train/4920.jpg,(6*0)*5=0
train/4921.jpg,(0+7)*1=7
train/4922.jpg,2*(3-0)=6
train/4923.jpg,0*0-8=-8
train/4924.jpg,0-7+2=-5
train/4925.jpg,4*7*0=0
train/4926.jpg,2-6*4=-22
train/4927.jpg,(9*4)+2=38
train/4928.jpg,(8+2)-7=3
train/4929.jpg,2*5-2=8
train/4930.jpg,4-2-4=-2
train/4931.jpg,1-2+9=8
train/4932.jpg,1*7-1=6
train/4933.jpg,4*(7+5)=48
train/4934.jpg,9*(1*3)=27
train/4935.jpg,7-9-8=-10
train/4936.jpg,(2*6)*4=48
train/4937.jpg,1+1+1=3
train/4938.jpg,4*(0+8)=32
train/4939.jpg,9-4*7=-19
train/4940.jpg,7-9*0=7
train/4941.jpg,(5*5)*9=225
train/4942.jpg,3*(2-9)=-21
train/4943.jpg,4+4+0=8
train/4944.jpg,7-(0*6)=7
train/4945.jpg,8*5+3=43
train/4946.jpg,(0+3)-7=-4
train/4947.jpg,0-0-5=-5
train/4948.jpg,3-7*3=-18
train/4949.jpg,9-(8-2)=3
train/4950.jpg,3-6*2=-9
train/4951.jpg,(6*1)-6=0
train/4952.jpg,9-9*3=-18
train/4953.jpg,2*(3-4)=-2
train/4954.jpg,2+0+9=11
train/4955.jpg,(9-3)-1=5
train/4956.jpg,(4+9)+7=20
train/4957.jpg,3+(0-5)=-2
train/4958.jpg,0*(3*9)=0
train/4959.jpg,6-(8*2)=-10
train/4960.jpg,8+(1+7)=16
train/4961.jpg,8*8*6=384
train/4962.jpg,(1+9)-8=2
train/4963.jpg,5*0+9=9
train/4964.jpg,0+0+3=3
train/4965.jpg,6-(0+1)=5
train/4966.jpg,1*8*0=0
train/4967.jpg,(1*1)*0=0
train/4968.jpg,7+8*5=47
train/4969.jpg,(6+8)-3=11
train/4970.jpg,7+(2-6)=3
train/4971.jpg,8*8*5=320
train/4972.jpg,9*7*8=504
train/4973.jpg,7+1-3=5
train/4974.jpg,7*8+0=56
train/4975.jpg,4-2+8=10
train/4976.jpg,0+(8-0)=8
train/4977.jpg,5*5-5=20
train/4978.jpg,4*(6-6)=0
train/4979.jpg,9-(5-1)=5
train/4980.jpg,(0*7)+5=5
train/4981.jpg,8-(4+7)=-3
train/4982.jpg,1+(6+3)=10
train/4983.jpg,4*(5*0)=0
train/4984.jpg,3*(4-9)=-15
train/4985.jpg,6*4*6=144
train/4986.jpg,1-(0*8)=1
train/4987.jpg,1+(4*0)=1
train/4988.jpg,(2-2)+5=5
train/4989.jpg,3+(9+4)=16
train/4990.jpg,(7-5)-0=2
train/4991.jpg,(1-9)+7=-1
train/4992.jpg,(6-9)-2=-5
train/4993.jpg,(4*3)*2=24
train/4994.jpg,4*(1*9)=36
train/4995.jpg,8*7-2=54
train/4996.jpg,(7-5)-2=0
train/4997.jpg,9+(2+4)=15
train/4998.jpg,(7-8)+4=3
train/4999.jpg,(3-5)*4=-8
train/5000.jpg,4*2*9=72
train/5001.jpg,9*(0*6)=0
train/5002.jpg,3*5+1=16
train/5003.jpg,(1-0)-7=-6
train/5004.jpg,0+(3*6)=18
train/5005.jpg,(0*8)-8=-8
train/5006.jpg,4+6-7=3
train/5007.jpg,5-(5-3)=3
train/5008.jpg,(9*4)*7=252
train/5009.jpg,8*(4-1)=24
train/5010.jpg,(1+0)-0=1
train/5011.jpg,6-0*1=6
train/5012.jpg,3-(7*2)=-11
train/5013.jpg,(4*9)+0=36
train/5014.jpg,(1+2)+7=10
train/5015.jpg,8-8-0=0
train/5016.jpg,6+0-5=1
train/5017.jpg,5*5*6=150
train/5018.jpg,6*(9-7)=12
train/5019.jpg,(0+4)*6=24
train/5020.jpg,(9*5)+6=51
train/5021.jpg,(4-7)*1=-3
train/5022.jpg,(7*3)+2=23
train/5023.jpg,0-5*8=-40
train/5024.jpg,8*3*6=144
train/5025.jpg,4-(5-3)=2
train/5026.jpg,(3+8)+9=20
train/5027.jpg,(5+6)+7=18
train/5028.jpg,(0-2)+2=0
train/5029.jpg,6+4+2=12
train/5030.jpg,5*7*1=35
train/5031.jpg,5-(9-7)=3
train/5032.jpg,(9-4)*2=10
train/5033.jpg,5-(6*3)=-13
train/5034.jpg,4*3+5=17
train/5035.jpg,7-(3+5)=-1
train/5036.jpg,0*(6*2)=0
train/5037.jpg,0+0-9=-9
train/5038.jpg,7-(5*7)=-28
train/5039.jpg,0*(3-6)=0
train/5040.jpg,7*0-9=-9
train/5041.jpg,(7-5)-8=-6
train/5042.jpg,6*5+6=36
train/5043.jpg,6-8-1=-3
train/5044.jpg,(2+3)+5=10
train/5045.jpg,1+9-7=3
train/5046.jpg,4+9*5=49
train/5047.jpg,(6-4)-3=-1
train/5048.jpg,1-2*4=-7
train/5049.jpg,(0-5)*5=-25
train/5050.jpg,4*9-1=35
train/5051.jpg,4-6+1=-1
train/5052.jpg,(4-9)-9=-14
train/5053.jpg,3-(4-6)=5
train/5054.jpg,5+(8*1)=13
train/5055.jpg,8-7-1=0
train/5056.jpg,(0*4)+1=1
train/5057.jpg,4-(3+3)=-2
train/5058.jpg,(0+5)-9=-4
train/5059.jpg,4-(0-7)=11
train/5060.jpg,0-9+4=-5
train/5061.jpg,(7-2)*2=10
train/5062.jpg,1-5*8=-39
train/5063.jpg,(2+5)*5=35
train/5064.jpg,0-(3*0)=0
train/5065.jpg,6*(9+3)=72
train/5066.jpg,3+2*4=11
train/5067.jpg,8+1-6=3
train/5068.jpg,(5*3)-5=10
train/5069.jpg,3*(1*8)=24
train/5070.jpg,8-5*7=-27
train/5071.jpg,1+(6+4)=11
train/5072.jpg,8-(1*2)=6
train/5073.jpg,(5-5)-4=-4
train/5074.jpg,(3+2)-5=0
train/5075.jpg,5+(1-8)=-2
train/5076.jpg,9+(5*4)=29
train/5077.jpg,0+(6*5)=30
train/5078.jpg,8+(1*2)=10
train/5079.jpg,8-1+4=11
train/5080.jpg,(2+7)-3=6
train/5081.jpg,1*(4*1)=4
train/5082.jpg,(9*1)+7=16
train/5083.jpg,(1+2)-9=-6
train/5084.jpg,5+1*4=9
train/5085.jpg,7-4-9=-6
train/5086.jpg,(9-4)-0=5
train/5087.jpg,(3+3)*9=54
train/5088.jpg,8*(4*9)=288
train/5089.jpg,(7-6)+5=6
train/5090.jpg,1-(6+6)=-11
train/5091.jpg,1+2+5=8
train/5092.jpg,7-4*1=3
train/5093.jpg,(7*4)-3=25
train/5094.jpg,3+(6*6)=39
train/5095.jpg,(8+4)-8=4
train/5096.jpg,8*(1*4)=32
train/5097.jpg,(2+1)+0=3
train/5098.jpg,1*(8*1)=8
train/5099.jpg,6+4*7=34
train/5100.jpg,3+2+6=11
train/5101.jpg,(5+1)+4=10
train/5102.jpg,8+(5*9)=53
train/5103.jpg,0*(9+8)=0
train/5104.jpg,6+2-0=8
train/5105.jpg,0*(6*7)=0
train/5106.jpg,(1-9)+7=-1
train/5107.jpg,(0+2)-7=-5
train/5108.jpg,8*(2+7)=72
train/5109.jpg,3+(9*4)=39
train/5110.jpg,4+0-4=0
train/5111.jpg,3-(0+2)=1
train/5112.jpg,(5-4)*4=4
train/5113.jpg,(0+9)+1=10
train/5114.jpg,9+(2*2)=13
train/5115.jpg,(7+4)*3=33
train/5116.jpg,2*2*8=32
train/5117.jpg,(6+7)-5=8
train/5118.jpg,1+9+4=14
train/5119.jpg,0-5-6=-11
train/5120.jpg,3+1-2=2
train/5121.jpg,1-(9-1)=-7
train/5122.jpg,(9+9)*7=126
train/5123.jpg,(0-4)*9=-36
train/5124.jpg,(8+8)-6=10
train/5125.jpg,7-(4-6)=9
train/5126.jpg,6+(3-5)=4
train/5127.jpg,3+8*1=11
train/5128.jpg,(7*0)*7=0
train/5129.jpg,1*3-8=-5
train/5130.jpg,3+2*8=19
train/5131.jpg,0*(9+6)=0
train/5132.jpg,(5+9)+7=21
train/5133.jpg,(8-6)*9=18
train/5134.jpg,5-(3*5)=-10
train/5135.jpg,(1*8)+4=12
train/5136.jpg,4+6-8=2
train/5137.jpg,4+(9+8)=21
train/5138.jpg,(4*6)-2=22
train/5139.jpg,8*9*2=144
train/5140.jpg,2-6*1=-4
train/5141.jpg,8*9-6=66
train/5142.jpg,(9+3)*9=108
train/5143.jpg,6+8-3=11
train/5144.jpg,2-(6*7)=-40
train/5145.jpg,(7-8)-6=-7
train/5146.jpg,6+5+6=17
train/5147.jpg,9+(8+6)=23
train/5148.jpg,5+0+6=11
train/5149.jpg,(8+6)*4=56
train/5150.jpg,2-3+3=2
train/5151.jpg,(1*1)*8=8
train/5152.jpg,(1+8)-7=2
train/5153.jpg,5-4*0=5
train/5154.jpg,(1-2)-7=-8
train/5155.jpg,4-(8*9)=-68
train/5156.jpg,3-(4*5)=-17
train/5157.jpg,4-(7+8)=-11
train/5158.jpg,(0*4)*1=0
train/5159.jpg,1+0-4=-3
train/5160.jpg,(1*1)+2=3
train/5161.jpg,7-1*8=-1
train/5162.jpg,4-(3+6)=-5
train/5163.jpg,5-4*4=-11
train/5164.jpg,(8+7)-6=9
train/5165.jpg,0-(1*1)=-1
train/5166.jpg,8-7+9=10
train/5167.jpg,6+(8+3)=17
train/5168.jpg,4+(1-8)=-3
train/5169.jpg,8+6*4=32
train/5170.jpg,(2*7)-3=11
train/5171.jpg,2-9+5=-2
train/5172.jpg,2+4*7=30
train/5173.jpg,(4-7)-4=-7
train/5174.jpg,5*(5-2)=15
train/5175.jpg,0+6+1=7
train/5176.jpg,6*1+4=10
train/5177.jpg,(2+4)+6=12
train/5178.jpg,9+(2*1)=11
train/5179.jpg,(7-5)*8=16
train/5180.jpg,(8*3)*6=144
train/5181.jpg,5-5+2=2
train/5182.jpg,4+6-0=10
train/5183.jpg,4*1*3=12
train/5184.jpg,1-0*8=1
train/5185.jpg,9-(6*6)=-27
train/5186.jpg,6*8+5=53
train/5187.jpg,7-0*1=7
train/5188.jpg,(1*7)*3=21
train/5189.jpg,4*(2+4)=24
train/5190.jpg,7*(0+8)=56
train/5191.jpg,(4*3)-5=7
train/5192.jpg,5*(4*1)=20
train/5193.jpg,2+5*7=37
train/5194.jpg,9*7*7=441
train/5195.jpg,(8+7)+0=15
train/5196.jpg,(1-5)-4=-8
train/5197.jpg,9*(6+5)=99
train/5198.jpg,0*(8+9)=0
train/5199.jpg,5-3-9=-7
train/5200.jpg,0*(7*5)=0
train/5201.jpg,3+8+3=14
train/5202.jpg,7-6+5=6
train/5203.jpg,0*9-4=-4
train/5204.jpg,(5+2)+9=16
train/5205.jpg,0*3-5=-5
train/5206.jpg,3*(6+4)=30
train/5207.jpg,8*3*2=48
train/5208.jpg,0-(7-1)=-6
train/5209.jpg,(3*8)-8=16
train/5210.jpg,7+(3-8)=2
train/5211.jpg,4*(9*7)=252
train/5212.jpg,0-5-9=-14
train/5213.jpg,0+(3-7)=-4
train/5214.jpg,1-7-6=-12
train/5215.jpg,(3-0)+3=6
train/5216.jpg,(8+8)+2=18
train/5217.jpg,(2+4)+0=6
train/5218.jpg,(0-1)-9=-10
train/5219.jpg,2*(1-5)=-8
train/5220.jpg,5*(6+8)=70
train/5221.jpg,4*(7-8)=-4
train/5222.jpg,(1+4)-3=2
train/5223.jpg,7+4+3=14
train/5224.jpg,4*(3*3)=36
train/5225.jpg,(2*0)*1=0
train/5226.jpg,7+5+9=21
train/5227.jpg,0+3-2=1
train/5228.jpg,4+6-2=8
train/5229.jpg,8-7+5=6
train/5230.jpg,2-(5-6)=3
train/5231.jpg,(8+8)-7=9
train/5232.jpg,7-2*7=-7
train/5233.jpg,(6+1)-4=3
train/5234.jpg,5*2*7=70
train/5235.jpg,0*(0*7)=0
train/5236.jpg,8+5-9=4
train/5237.jpg,5-(9+1)=-5
train/5238.jpg,4+9+7=20
train/5239.jpg,(6-5)-5=-4
train/5240.jpg,5-(6-5)=4
train/5241.jpg,8*(4-8)=-32
train/5242.jpg,(1-0)-3=-2
train/5243.jpg,(4-8)*7=-28
train/5244.jpg,7*(7-0)=49
train/5245.jpg,6*1*2=12
train/5246.jpg,(2*8)+6=22
train/5247.jpg,(9-5)-4=0
train/5248.jpg,8*(9*0)=0
train/5249.jpg,1*2*6=12
train/5250.jpg,7*(0*8)=0
train/5251.jpg,0-(4-5)=1
train/5252.jpg,4*5-3=17
train/5253.jpg,4+2+1=7
train/5254.jpg,4-0*0=4
train/5255.jpg,(0*3)+6=6
train/5256.jpg,(6*8)*2=96
train/5257.jpg,3+(3+4)=10
train/5258.jpg,(6+1)-2=5
train/5259.jpg,4*0-4=-4
train/5260.jpg,1*(4*8)=32
train/5261.jpg,1-(9+1)=-9
train/5262.jpg,9-(3+9)=-3
train/5263.jpg,3+1*4=7
train/5264.jpg,9-(6*3)=-9
train/5265.jpg,(4*8)+6=38
train/5266.jpg,(6-3)*5=15
train/5267.jpg,(5+4)-7=2
train/5268.jpg,8-6+2=4
train/5269.jpg,6*6-9=27
train/5270.jpg,(5-7)-5=-7
train/5271.jpg,(7-8)-5=-6
train/5272.jpg,6*(8-4)=24
train/5273.jpg,7-(2-0)=5
train/5274.jpg,3+4-6=1
train/5275.jpg,(2+5)*9=63
train/5276.jpg,8-6*3=-10
train/5277.jpg,8-4+6=10
train/5278.jpg,(0-4)-8=-12
train/5279.jpg,2+4*9=38
train/5280.jpg,(0+0)+8=8
train/5281.jpg,5+7*9=68
train/5282.jpg,(3*8)-7=17
train/5283.jpg,9*5-7=38
train/5284.jpg,2+1-5=-2
train/5285.jpg,0-(7-2)=-5
train/5286.jpg,4*9*9=324
train/5287.jpg,5*(2*2)=20
train/5288.jpg,3-2-5=-4
train/5289.jpg,8*3+9=33
train/5290.jpg,(9+6)+2=17
train/5291.jpg,3-8+2=-3
train/5292.jpg,9*8*2=144
train/5293.jpg,6*(6+1)=42
train/5294.jpg,(9*8)*4=288
train/5295.jpg,5*(8*0)=0
train/5296.jpg,4-0+1=5
train/5297.jpg,5*0*9=0
train/5298.jpg,7+8*8=71
train/5299.jpg,1+8+8=17
train/5300.jpg,7*(0-7)=-49
train/5301.jpg,(2*6)*4=48
train/5302.jpg,(4+6)-7=3
train/5303.jpg,(6-6)-2=-2
train/5304.jpg,(5-1)+8=12
train/5305.jpg,(1+2)*2=6
train/5306.jpg,1*(6+6)=12
train/5307.jpg,(8-4)+5=9
train/5308.jpg,(9*4)*5=180
train/5309.jpg,(1*5)-3=2
train/5310.jpg,8*(5+3)=64
train/5311.jpg,9-2-7=0
train/5312.jpg,9*7+9=72
train/5313.jpg,1*3*3=9
train/5314.jpg,(3+8)+6=17
train/5315.jpg,(9*2)+9=27
train/5316.jpg,7*(7+4)=77
train/5317.jpg,(7-3)*9=36
train/5318.jpg,7-2*2=3
train/5319.jpg,1+(9-3)=7
train/5320.jpg,8-(5*0)=8
train/5321.jpg,7*(7+8)=105
train/5322.jpg,9*8*0=0
train/5323.jpg,0*(3+8)=0
train/5324.jpg,1-9-0=-8
train/5325.jpg,6*5+6=36
train/5326.jpg,2+5*4=22
train/5327.jpg,6+4+7=17
train/5328.jpg,(0*8)+5=5
train/5329.jpg,8+(4*7)=36
train/5330.jpg,1-(7*0)=1
train/5331.jpg,2-(1*9)=-7
train/5332.jpg,(6*2)*9=108
train/5333.jpg,6*(4+3)=42
train/5334.jpg,2+(9-1)=10
train/5335.jpg,(9-9)*9=0
train/5336.jpg,5-5*6=-25
train/5337.jpg,7-(4-7)=10
train/5338.jpg,(6+9)+3=18
train/5339.jpg,(3*6)-2=16
train/5340.jpg,8+(1*8)=16
train/5341.jpg,5-0-2=3
train/5342.jpg,(2+6)+3=11
train/5343.jpg,5-(6*3)=-13
train/5344.jpg,3*(8+0)=24
train/5345.jpg,8-(7+1)=0
train/5346.jpg,(8+4)*0=0
train/5347.jpg,9-6+3=6
train/5348.jpg,4+(6+2)=12
train/5349.jpg,3-(8-1)=-4
train/5350.jpg,6+4+2=12
train/5351.jpg,(6*0)-3=-3
train/5352.jpg,(4+2)+3=9
train/5353.jpg,4*3-9=3
train/5354.jpg,(0+2)-6=-4
train/5355.jpg,9+(0-3)=6
train/5356.jpg,6+(6-3)=9
train/5357.jpg,2-(7-4)=-1
train/5358.jpg,(6-9)-0=-3
train/5359.jpg,(1+5)*1=6
train/5360.jpg,1+1-9=-7
train/5361.jpg,6+1*9=15
train/5362.jpg,(1+0)*5=5
train/5363.jpg,8+(0+2)=10
train/5364.jpg,3+(0*2)=3
train/5365.jpg,(6+3)*5=45
train/5366.jpg,1-(7*4)=-27
train/5367.jpg,1-(3+1)=-3
train/5368.jpg,5+(5*6)=35
train/5369.jpg,(7-6)-7=-6
train/5370.jpg,1+(3-1)=3
train/5371.jpg,(9+1)-6=4
train/5372.jpg,3-(5+4)=-6
train/5373.jpg,(3-4)-4=-5
train/5374.jpg,4+(2+6)=12
train/5375.jpg,4*5-6=14
train/5376.jpg,7*(5+6)=77
train/5377.jpg,(8-3)+2=7
train/5378.jpg,3-(2+7)=-6
train/5379.jpg,6*2-4=8
train/5380.jpg,(3+1)-1=3
train/5381.jpg,2+2-2=2
train/5382.jpg,2+4*4=18
train/5383.jpg,(2+8)*8=80
train/5384.jpg,0*0-2=-2
train/5385.jpg,1-2+0=-1
train/5386.jpg,5*1+9=14
train/5387.jpg,8*6+6=54
train/5388.jpg,5-9-2=-6
train/5389.jpg,6+(7-2)=11
train/5390.jpg,9*(5+6)=99
train/5391.jpg,7*(8*7)=392
train/5392.jpg,(1+6)-9=-2
train/5393.jpg,0-(4*2)=-8
train/5394.jpg,0-9*0=0
train/5395.jpg,(9*8)+7=79
train/5396.jpg,(0-9)*2=-18
train/5397.jpg,7+(3+5)=15
train/5398.jpg,7-(0+7)=0
train/5399.jpg,5*(3-1)=10
train/5400.jpg,2+4+2=8
train/5401.jpg,2*(7-2)=10
train/5402.jpg,8-2*7=-6
train/5403.jpg,(8-4)+0=4
train/5404.jpg,7*(0*7)=0
train/5405.jpg,8*(9*9)=648
train/5406.jpg,4+(3-8)=-1
train/5407.jpg,6-5*8=-34
train/5408.jpg,(3-2)*5=5
train/5409.jpg,(3+8)-9=2
train/5410.jpg,5+5*2=15
train/5411.jpg,4-6-7=-9
train/5412.jpg,2-(9-4)=-3
train/5413.jpg,2-(8*4)=-30
train/5414.jpg,(1+5)*1=6
train/5415.jpg,0-(4*6)=-24
train/5416.jpg,5+8+1=14
train/5417.jpg,6*(7-8)=-6
train/5418.jpg,(5*9)*4=180
train/5419.jpg,4*(9-8)=4
train/5420.jpg,0+(3+9)=12
train/5421.jpg,(9+2)+6=17
train/5422.jpg,(9+1)*1=10
train/5423.jpg,4+(2*0)=4
train/5424.jpg,2-9-0=-7
train/5425.jpg,(6+7)+9=22
train/5426.jpg,2*9+3=21
train/5427.jpg,2-(5-4)=1
train/5428.jpg,6-(4+7)=-5
train/5429.jpg,3*(3+3)=18
train/5430.jpg,6+(9-4)=11
train/5431.jpg,(0-0)*7=0
train/5432.jpg,9-(9+5)=-5
train/5433.jpg,4*3-2=10
train/5434.jpg,3*(4-3)=3
train/5435.jpg,(7*7)-9=40
train/5436.jpg,7*(6+7)=91
train/5437.jpg,1*2+8=10
train/5438.jpg,2-4*3=-10
train/5439.jpg,9+(9+4)=22
train/5440.jpg,9-(7+4)=-2
train/5441.jpg,4+6-4=6
train/5442.jpg,6+(5-7)=4
train/5443.jpg,(3*4)-9=3
train/5444.jpg,1*4*0=0
train/5445.jpg,(9-3)+3=9
train/5446.jpg,(1-3)*5=-10
train/5447.jpg,(2*3)*9=54
train/5448.jpg,8+7+2=17
train/5449.jpg,(3*3)*4=36
train/5450.jpg,7+(4*3)=19
train/5451.jpg,5+(6-6)=5
train/5452.jpg,0*4-3=-3
train/5453.jpg,0+3*4=12
train/5454.jpg,2+1+2=5
train/5455.jpg,(4-9)*4=-20
train/5456.jpg,7+9-8=8
train/5457.jpg,(7-6)*6=6
train/5458.jpg,7-(9-6)=4
train/5459.jpg,3-(3*9)=-24
train/5460.jpg,0*(0*5)=0
train/5461.jpg,7+(6-3)=10
train/5462.jpg,9*6+3=57
train/5463.jpg,(8-6)*2=4
train/5464.jpg,(7*9)-4=59
train/5465.jpg,(6*4)+4=28
train/5466.jpg,5-0+7=12
train/5467.jpg,(0*4)-4=-4
train/5468.jpg,(8-4)+0=4
train/5469.jpg,9*(0*0)=0
train/5470.jpg,(3*9)-8=19
train/5471.jpg,4*8*7=224
train/5472.jpg,5+6*2=17
train/5473.jpg,7*2*5=70
train/5474.jpg,(8-4)+2=6
train/5475.jpg,2+5+8=15
train/5476.jpg,6+1-6=1
train/5477.jpg,2-0*9=2
train/5478.jpg,(6*6)*3=108
train/5479.jpg,(8+8)*2=32
train/5480.jpg,(9+5)-5=9
train/5481.jpg,4+(1*7)=11
train/5482.jpg,2+9*3=29
train/5483.jpg,2*(9-9)=0
train/5484.jpg,4+(4*2)=12
train/5485.jpg,0*0-5=-5
train/5486.jpg,0+3-7=-4
train/5487.jpg,1-(6+0)=-5
train/5488.jpg,2+3*1=5
train/5489.jpg,0+(3*3)=9
train/5490.jpg,(3-0)-9=-6
train/5491.jpg,7*6-6=36
train/5492.jpg,(0-3)+0=-3
train/5493.jpg,3*2*2=12
train/5494.jpg,(4+4)-1=7
train/5495.jpg,2-0+8=10
train/5496.jpg,2*8+9=25
train/5497.jpg,(2+3)*0=0
train/5498.jpg,0-(1+2)=-3
train/5499.jpg,1*7+6=13
train/5500.jpg,1*1*3=3
train/5501.jpg,6-(5-0)=1
train/5502.jpg,4*(0-1)=-4
train/5503.jpg,(6*1)+9=15
train/5504.jpg,(5*4)+3=23
train/5505.jpg,9+(5+5)=19
train/5506.jpg,(7+5)+8=20
train/5507.jpg,3*0-6=-6
train/5508.jpg,5-(6-2)=1
train/5509.jpg,(9-1)-4=4
train/5510.jpg,(8+5)+3=16
train/5511.jpg,6*0-6=-6
train/5512.jpg,0+(8+8)=16
train/5513.jpg,3*9-4=23
train/5514.jpg,5-(7-1)=-1
train/5515.jpg,8-6+6=8
train/5516.jpg,(7-8)+7=6
train/5517.jpg,4*5-6=14
train/5518.jpg,(3-5)*0=0
train/5519.jpg,(1+1)*2=4
train/5520.jpg,1-9+2=-6
train/5521.jpg,(7*6)+1=43
train/5522.jpg,(3-8)*1=-5
train/5523.jpg,7*(3-9)=-42
train/5524.jpg,5*(6-9)=-15
train/5525.jpg,(7+3)+3=13
train/5526.jpg,2*4-8=0
train/5527.jpg,2-(8+4)=-10
train/5528.jpg,5-7*8=-51
train/5529.jpg,9-(9+8)=-8
train/5530.jpg,8*2*7=112
train/5531.jpg,5+(8+8)=21
train/5532.jpg,(2*1)+2=4
train/5533.jpg,5*3+9=24
train/5534.jpg,(4+2)+2=8
train/5535.jpg,(9-6)*6=18
train/5536.jpg,(7*0)-5=-5
train/5537.jpg,4*(8*3)=96
train/5538.jpg,1-3*3=-8
train/5539.jpg,(1-7)+5=-1
train/5540.jpg,0+(2+6)=8
train/5541.jpg,5*(2+4)=30
train/5542.jpg,0-(8+4)=-12
train/5543.jpg,(6-0)+5=11
train/5544.jpg,4-3*3=-5
train/5545.jpg,2+2*4=10
train/5546.jpg,(0*4)*1=0
train/5547.jpg,5+9*6=59
train/5548.jpg,0*4-4=-4
train/5549.jpg,5+6-3=8
train/5550.jpg,(7+0)-8=-1
train/5551.jpg,5-(3+4)=-2
train/5552.jpg,(6*8)*2=96
train/5553.jpg,(5-8)-1=-4
train/5554.jpg,4*(9+3)=48
train/5555.jpg,7-7-5=-5
train/5556.jpg,8+(7+8)=23
train/5557.jpg,7+(0-2)=5
train/5558.jpg,8+4+1=13
train/5559.jpg,(9*3)*0=0
train/5560.jpg,7*(2*7)=98
train/5561.jpg,(0+0)+0=0
train/5562.jpg,1*1+8=9
train/5563.jpg,4+0+6=10
train/5564.jpg,(2*3)-5=1
train/5565.jpg,5*2*8=80
train/5566.jpg,5-7+3=1
train/5567.jpg,5-3+4=6
train/5568.jpg,5*7-7=28
train/5569.jpg,(6-6)+9=9
train/5570.jpg,2-2-6=-6
train/5571.jpg,1*4-7=-3
train/5572.jpg,9-(5-3)=7
train/5573.jpg,2-9+5=-2
train/5574.jpg,(8+5)*8=104
train/5575.jpg,2+(7-4)=5
train/5576.jpg,(6*7)+4=46
train/5577.jpg,4*8*1=32
train/5578.jpg,(7-9)-1=-3
train/5579.jpg,(8+0)*3=24
train/5580.jpg,9-(7+5)=-3
train/5581.jpg,1+4*9=37
train/5582.jpg,5*1*1=5
train/5583.jpg,0*5+6=6
train/5584.jpg,8-4-9=-5
train/5585.jpg,6+4-5=5
train/5586.jpg,2-3+8=7
train/5587.jpg,(4-5)*9=-9
train/5588.jpg,(8+8)+6=22
train/5589.jpg,(0*9)-5=-5
train/5590.jpg,9*6-4=50
train/5591.jpg,4*5+2=22
train/5592.jpg,4-6-2=-4
train/5593.jpg,4+(8-5)=7
train/5594.jpg,1*3+4=7
train/5595.jpg,1-(7+5)=-11
train/5596.jpg,7+4+5=16
train/5597.jpg,(0+7)*4=28
train/5598.jpg,1*(0+3)=3
train/5599.jpg,(2*0)*8=0
train/5600.jpg,(2+9)+2=13
train/5601.jpg,9-(7+8)=-6
train/5602.jpg,1-(6-3)=-2
train/5603.jpg,(7*3)+5=26
train/5604.jpg,(8-2)+8=14
train/5605.jpg,0-1+2=1
train/5606.jpg,0+(5-9)=-4
train/5607.jpg,(4*1)*2=8
train/5608.jpg,(6*5)-3=27
train/5609.jpg,1+4-7=-2
train/5610.jpg,6+(5*0)=6
train/5611.jpg,4-7+7=4
train/5612.jpg,7-(5-5)=7
train/5613.jpg,(9+5)+3=17
train/5614.jpg,8*(3*8)=192
train/5615.jpg,7+(9+1)=17
train/5616.jpg,(4-7)+6=3
train/5617.jpg,9+(4*0)=9
train/5618.jpg,0-5+6=1
train/5619.jpg,5*(6*7)=210
train/5620.jpg,4*8+6=38
train/5621.jpg,2+(9-0)=11
train/5622.jpg,(0+7)+7=14
train/5623.jpg,(1+0)*1=1
train/5624.jpg,7*3-8=13
train/5625.jpg,(6+1)*0=0
train/5626.jpg,2+7+1=10
train/5627.jpg,(9+4)*9=117
train/5628.jpg,(0-5)-9=-14
train/5629.jpg,(8-6)*3=6
train/5630.jpg,8-(8+7)=-7
train/5631.jpg,9*0-0=0
train/5632.jpg,5*5*9=225
train/5633.jpg,9-1*9=0
train/5634.jpg,2*0*8=0
train/5635.jpg,2*(7*0)=0
train/5636.jpg,(3*2)*7=42
train/5637.jpg,5*9-3=42
train/5638.jpg,5-(1+8)=-4
train/5639.jpg,2+(3*5)=17
train/5640.jpg,4*(0+1)=4
train/5641.jpg,(4-0)+2=6
train/5642.jpg,(7+9)-7=9
train/5643.jpg,5-(0-3)=8
train/5644.jpg,(9*1)+8=17
train/5645.jpg,2-(2-4)=4
train/5646.jpg,9+7*7=58
train/5647.jpg,2*3*9=54
train/5648.jpg,9+(8+0)=17
train/5649.jpg,4+(2*3)=10
train/5650.jpg,5-6+6=5
train/5651.jpg,(4-8)*5=-20
train/5652.jpg,2*(9-8)=2
train/5653.jpg,(5*9)-7=38
train/5654.jpg,(1-3)+5=3
train/5655.jpg,4+(3+6)=13
train/5656.jpg,0-(2+1)=-3
train/5657.jpg,6*0-2=-2
train/5658.jpg,(0-2)-1=-3
train/5659.jpg,0-(5+9)=-14
train/5660.jpg,7-(8*0)=7
train/5661.jpg,8*9+3=75
train/5662.jpg,5+(0-5)=0
train/5663.jpg,(1*4)+1=5
train/5664.jpg,(7*5)-9=26
train/5665.jpg,5+2+7=14
train/5666.jpg,(3*4)*3=36
train/5667.jpg,3+(5+4)=12
train/5668.jpg,3-1+8=10
train/5669.jpg,(8+1)*3=27
train/5670.jpg,7*(2+0)=14
train/5671.jpg,(9-8)-2=-1
train/5672.jpg,8*(2-2)=0
train/5673.jpg,(3*2)+0=6
train/5674.jpg,0+(0-4)=-4
train/5675.jpg,(2*9)*4=72
train/5676.jpg,(5-6)*5=-5
train/5677.jpg,8-(7-7)=8
train/5678.jpg,(9-8)*5=5
train/5679.jpg,(8-4)+3=7
train/5680.jpg,0-3*5=-15
train/5681.jpg,7+7+4=18
train/5682.jpg,(2+9)*1=11
train/5683.jpg,(7-7)-7=-7
train/5684.jpg,(0-1)+4=3
train/5685.jpg,(1+5)+3=9
train/5686.jpg,9-1-6=2
train/5687.jpg,7+(2-5)=4
train/5688.jpg,3*3-7=2
train/5689.jpg,(9-1)-3=5
train/5690.jpg,(3*4)+1=13
train/5691.jpg,2-(7+8)=-13
train/5692.jpg,9-4+1=6
train/5693.jpg,1-2-4=-5
train/5694.jpg,7-(7*0)=7
train/5695.jpg,(4-9)*3=-15
train/5696.jpg,7*7*0=0
train/5697.jpg,3-6*8=-45
train/5698.jpg,0*1*1=0
train/5699.jpg,4-5*8=-36
train/5700.jpg,(0*6)-3=-3
train/5701.jpg,(0+4)-7=-3
train/5702.jpg,3-(9+9)=-15
train/5703.jpg,2+1-1=2
train/5704.jpg,0*0-1=-1
train/5705.jpg,(8*2)+3=19
train/5706.jpg,(3+4)*3=21
train/5707.jpg,(9*3)+6=33
train/5708.jpg,7+5*1=12
train/5709.jpg,(1+4)*1=5
train/5710.jpg,(6+6)*1=12
train/5711.jpg,8+(0+6)=14
train/5712.jpg,3-(0*9)=3
train/5713.jpg,(6+0)-1=5
train/5714.jpg,0*(0+5)=0
train/5715.jpg,7*1+2=9
train/5716.jpg,0+(6-0)=6
train/5717.jpg,0*6+0=0
train/5718.jpg,2*(5-4)=2
train/5719.jpg,3-(9+6)=-12
train/5720.jpg,5+(1*8)=13
train/5721.jpg,4-2*9=-14
train/5722.jpg,3+(7+5)=15
train/5723.jpg,8-2*5=-2
train/5724.jpg,(2+5)+1=8
train/5725.jpg,(3-9)*3=-18
train/5726.jpg,(8-8)*4=0
train/5727.jpg,(6-5)+9=10
train/5728.jpg,5*0+6=6
train/5729.jpg,5*(8-5)=15
train/5730.jpg,1*6+5=11
train/5731.jpg,8+1*9=17
train/5732.jpg,3-(1*1)=2
train/5733.jpg,9*0*5=0
train/5734.jpg,6-(0*8)=6
train/5735.jpg,7*2-5=9
train/5736.jpg,9+(0+9)=18
train/5737.jpg,3-3+2=2
train/5738.jpg,5-(9*4)=-31
train/5739.jpg,(6*6)*8=288
train/5740.jpg,3+8+2=13
train/5741.jpg,5*(2+2)=20
train/5742.jpg,(5*1)+3=8
train/5743.jpg,7*(2+4)=42
train/5744.jpg,0*(2+5)=0
train/5745.jpg,5-(9-8)=4
train/5746.jpg,1*2-6=-4
train/5747.jpg,8-(0+8)=0
train/5748.jpg,9-0+1=10
train/5749.jpg,(1*5)+1=6
train/5750.jpg,(1*2)+7=9
train/5751.jpg,4*0+5=5
train/5752.jpg,9+(5+1)=15
train/5753.jpg,(9-6)*3=9
train/5754.jpg,5-(1-5)=9
train/5755.jpg,(1+6)*4=28
train/5756.jpg,(8*6)+6=54
train/5757.jpg,5*4*7=140
train/5758.jpg,7*8*7=392
train/5759.jpg,2+(4+5)=11
train/5760.jpg,5-0*7=5
train/5761.jpg,7*4-7=21
train/5762.jpg,(6*8)-4=44
train/5763.jpg,4*(7+9)=64
train/5764.jpg,5*9+5=50
train/5765.jpg,(3-2)-4=-3
train/5766.jpg,3+(8-6)=5
train/5767.jpg,(2+8)*7=70
train/5768.jpg,0+4*1=4
train/5769.jpg,(6-5)-5=-4
train/5770.jpg,5+(6-6)=5
train/5771.jpg,0*6+9=9
train/5772.jpg,(6+9)-1=14
train/5773.jpg,(9+0)*2=18
train/5774.jpg,6*4-6=18
train/5775.jpg,(6+2)+2=10
train/5776.jpg,7*(7*0)=0
train/5777.jpg,(3-1)-3=-1
train/5778.jpg,7+(1+5)=13
train/5779.jpg,4*(4-0)=16
train/5780.jpg,8-(7-2)=3
train/5781.jpg,2+(2-6)=-2
train/5782.jpg,3-7*4=-25
train/5783.jpg,8-(5*6)=-22
train/5784.jpg,3*7*6=126
train/5785.jpg,2+(6*8)=50
train/5786.jpg,7+(9-8)=8
train/5787.jpg,(2*1)+3=5
train/5788.jpg,(7+8)-2=13
train/5789.jpg,0*7+2=2
train/5790.jpg,(3+1)-4=0
train/5791.jpg,(2*1)*3=6
train/5792.jpg,(4+9)+5=18
train/5793.jpg,4-(3+8)=-7
train/5794.jpg,1-0*2=1
train/5795.jpg,0+1+3=4
train/5796.jpg,8*(7+2)=72
train/5797.jpg,4-1-4=-1
train/5798.jpg,3-6-2=-5
train/5799.jpg,4*(0-9)=-36
train/5800.jpg,8*8+3=67
train/5801.jpg,3+(3*9)=30
train/5802.jpg,1-4-1=-4
train/5803.jpg,2*6-5=7
train/5804.jpg,6*0+1=1
train/5805.jpg,4-(3+4)=-3
train/5806.jpg,7-4+5=8
train/5807.jpg,(4+2)+1=7
train/5808.jpg,(4*5)*7=140
train/5809.jpg,1-(9-2)=-6
train/5810.jpg,0*(4*5)=0
train/5811.jpg,8*1+9=17
train/5812.jpg,(4*0)-0=0
train/5813.jpg,(1*8)*8=64
train/5814.jpg,3+(1+9)=13
train/5815.jpg,9+2-0=11
train/5816.jpg,9+4*0=9
train/5817.jpg,5*(8+1)=45
train/5818.jpg,4+8-0=12
train/5819.jpg,3+(6+3)=12
train/5820.jpg,(4*2)+5=13
train/5821.jpg,(2+7)+6=15
train/5822.jpg,1-8*0=1
train/5823.jpg,(5+8)*3=39
train/5824.jpg,(5+2)*6=42
train/5825.jpg,1+6*7=43
train/5826.jpg,6+1*4=10
train/5827.jpg,7*1*7=49
train/5828.jpg,7*1*0=0
train/5829.jpg,2*6*5=60
train/5830.jpg,(3*6)*6=108
train/5831.jpg,(2-0)+7=9
train/5832.jpg,1+8-5=4
train/5833.jpg,(3*2)-8=-2
train/5834.jpg,(1-1)-5=-5
train/5835.jpg,7-3*0=7
train/5836.jpg,(1-7)-3=-9
train/5837.jpg,(6-8)+2=0
train/5838.jpg,(5-4)+6=7
train/5839.jpg,8*(4-7)=-24
train/5840.jpg,9*3+4=31
train/5841.jpg,(8-5)*3=9
train/5842.jpg,(7*8)*0=0
train/5843.jpg,8-9+5=4
train/5844.jpg,(5-5)-0=0
train/5845.jpg,(1-3)*6=-12
train/5846.jpg,4*5+7=27
train/5847.jpg,(8-6)+1=3
train/5848.jpg,(9*2)+6=24
train/5849.jpg,3-7+9=5
train/5850.jpg,(4+2)-6=0
train/5851.jpg,(6*2)-3=9
train/5852.jpg,(4-5)-3=-4
train/5853.jpg,8-(0+9)=-1
train/5854.jpg,4+(3*9)=31
train/5855.jpg,(3*1)*9=27
train/5856.jpg,1-(4-9)=6
train/5857.jpg,4*(2+2)=16
train/5858.jpg,(3+7)*6=60
train/5859.jpg,1-(5+1)=-5
train/5860.jpg,2*(2+5)=14
train/5861.jpg,(7*2)*0=0
train/5862.jpg,(2+0)-5=-3
train/5863.jpg,(4*5)-7=13
train/5864.jpg,6*(5*2)=60
train/5865.jpg,4+9*6=58
train/5866.jpg,9+(7*0)=9
train/5867.jpg,3+(0*5)=3
train/5868.jpg,(1+0)*1=1
train/5869.jpg,(0*0)*6=0
train/5870.jpg,(0+3)-3=0
train/5871.jpg,3*0-1=-1
train/5872.jpg,3+9-8=4
train/5873.jpg,(3*6)*6=108
train/5874.jpg,2-9*6=-52
train/5875.jpg,1+(9*3)=28
train/5876.jpg,(8-0)-3=5
train/5877.jpg,(3-0)-6=-3
train/5878.jpg,8*6-2=46
train/5879.jpg,(1-1)*7=0
train/5880.jpg,(1*1)-5=-4
train/5881.jpg,2*0+7=7
train/5882.jpg,2+(0*2)=2
train/5883.jpg,2-(2-8)=8
train/5884.jpg,6*0-4=-4
train/5885.jpg,5+8*4=37
train/5886.jpg,0-(3*9)=-27
train/5887.jpg,6*0-9=-9
train/5888.jpg,6+3*4=18
train/5889.jpg,9-9+8=8
train/5890.jpg,(6*5)+4=34
train/5891.jpg,1+2-5=-2
train/5892.jpg,(0*7)+0=0
train/5893.jpg,(0+1)-9=-8
train/5894.jpg,(5-8)-1=-4
train/5895.jpg,0*2+6=6
train/5896.jpg,8+(0+3)=11
train/5897.jpg,5*0*4=0
train/5898.jpg,(3*3)-9=0
train/5899.jpg,6+(6+1)=13
train/5900.jpg,0-3*1=-3
train/5901.jpg,(9-7)*9=18
train/5902.jpg,2-(7*6)=-40
train/5903.jpg,(5*0)+0=0
train/5904.jpg,(7+7)-7=7
train/5905.jpg,5-(2+8)=-5
train/5906.jpg,5+3-7=1
train/5907.jpg,1+9+9=19
train/5908.jpg,0-(8+8)=-16
train/5909.jpg,0-(0-0)=0
train/5910.jpg,6*9-0=54
train/5911.jpg,3*8*9=216
train/5912.jpg,9-5*1=4
train/5913.jpg,8*7+3=59
train/5914.jpg,2*8+1=17
train/5915.jpg,7-(7*4)=-21
train/5916.jpg,3+(6+1)=10
train/5917.jpg,(6+7)-0=13
train/5918.jpg,9+4-0=13
train/5919.jpg,9-9*1=0
train/5920.jpg,0*5-6=-6
train/5921.jpg,9-0+7=16
train/5922.jpg,3-(2-8)=9
train/5923.jpg,7+2-3=6
train/5924.jpg,0-(4-4)=0
train/5925.jpg,3-3-9=-9
train/5926.jpg,1*(3-9)=-6
train/5927.jpg,(3+0)-1=2
train/5928.jpg,9+4*8=41
train/5929.jpg,(7+2)-7=2
train/5930.jpg,6-(0+4)=2
train/5931.jpg,9-(9*7)=-54
train/5932.jpg,(3+3)+2=8
train/5933.jpg,0*6*5=0
train/5934.jpg,(6-2)-6=-2
train/5935.jpg,6-(9-2)=-1
train/5936.jpg,6*(5*3)=90
train/5937.jpg,1*(6-7)=-1
train/5938.jpg,(9*2)*4=72
train/5939.jpg,3-9-8=-14
train/5940.jpg,(1*3)+3=6
train/5941.jpg,2-(1+4)=-3
train/5942.jpg,0-(6+8)=-14
train/5943.jpg,(3-0)+1=4
train/5944.jpg,(2*5)*8=80
train/5945.jpg,(9*6)*0=0
train/5946.jpg,7-(0-2)=9
train/5947.jpg,5-8*1=-3
train/5948.jpg,4+(5*1)=9
train/5949.jpg,1*(3-1)=2
train/5950.jpg,(8*9)-0=72
train/5951.jpg,0+5*5=25
train/5952.jpg,8+3-2=9
train/5953.jpg,8+5-5=8
train/5954.jpg,5-(6*0)=5
train/5955.jpg,0*(4+2)=0
train/5956.jpg,1+0*9=1
train/5957.jpg,9*9+0=81
train/5958.jpg,0+(5*2)=10
train/5959.jpg,8+(8+0)=16
train/5960.jpg,3-(4*2)=-5
train/5961.jpg,(2*3)-1=5
train/5962.jpg,0+3-3=0
train/5963.jpg,1*4*3=12
train/5964.jpg,(3-7)*8=-32
train/5965.jpg,(1+9)+1=11
train/5966.jpg,6-8+2=0
train/5967.jpg,6*6*3=108
train/5968.jpg,9-7-4=-2
train/5969.jpg,(5-2)*5=15
train/5970.jpg,5+2*5=15
train/5971.jpg,4+5+2=11
train/5972.jpg,5-(4+1)=0
train/5973.jpg,2-(9*1)=-7
train/5974.jpg,(9-0)-8=1
train/5975.jpg,0-(8*6)=-48
train/5976.jpg,6-1-5=0
train/5977.jpg,7+3-1=9
train/5978.jpg,5+5+3=13
train/5979.jpg,0-(4-5)=1
train/5980.jpg,2+5-2=5
train/5981.jpg,6-8-2=-4
train/5982.jpg,2-0-9=-7
train/5983.jpg,(2*4)+2=10
train/5984.jpg,1+(9+6)=16
train/5985.jpg,4-(4+5)=-5
train/5986.jpg,(0+4)-8=-4
train/5987.jpg,(3*3)*9=81
train/5988.jpg,9+7+2=18
train/5989.jpg,(7*7)-8=41
train/5990.jpg,(6+8)*0=0
train/5991.jpg,3+(4+6)=13
train/5992.jpg,5*4+3=23
train/5993.jpg,8+5*2=18
train/5994.jpg,(8*6)-7=41
train/5995.jpg,9-0+2=11
train/5996.jpg,5-(0-7)=12
train/5997.jpg,6*(1-0)=6
train/5998.jpg,(6*8)-3=45
train/5999.jpg,(0+0)-6=-6
train/6000.jpg,7+2-4=5
train/6001.jpg,(8+9)*3=51
train/6002.jpg,(4*1)-2=2
train/6003.jpg,4+7+2=13
train/6004.jpg,(1*1)+7=8
train/6005.jpg,(8+6)+9=23
train/6006.jpg,(6*2)*4=48
train/6007.jpg,6+(8+9)=23
train/6008.jpg,1*8*9=72
train/6009.jpg,4*6*9=216
train/6010.jpg,4-7-8=-11
train/6011.jpg,(9-4)*5=25
train/6012.jpg,(7*2)-9=5
train/6013.jpg,9*1+1=10
train/6014.jpg,6+(4+7)=17
train/6015.jpg,(4+5)*1=9
train/6016.jpg,4*1-8=-4
train/6017.jpg,(4-7)+6=3
train/6018.jpg,(4-3)*7=7
train/6019.jpg,0+(4+0)=4
train/6020.jpg,3-(9+2)=-8
train/6021.jpg,(3+1)+9=13
train/6022.jpg,1*7+5=12
train/6023.jpg,4-6-1=-3
train/6024.jpg,(6*5)+5=35
train/6025.jpg,5-9*7=-58
train/6026.jpg,9*(5+0)=45
train/6027.jpg,6+(4*7)=34
train/6028.jpg,4+(7-3)=8
train/6029.jpg,(0*2)+7=7
train/6030.jpg,7-8*2=-9
train/6031.jpg,3-(9+9)=-15
train/6032.jpg,1-3+3=1
train/6033.jpg,2+(8*7)=58
train/6034.jpg,3+5-3=5
train/6035.jpg,7-(0+6)=1
train/6036.jpg,8*9-6=66
train/6037.jpg,(9+7)+1=17
train/6038.jpg,9+(7+3)=19
train/6039.jpg,(5+0)+7=12
train/6040.jpg,(4*8)+7=39
train/6041.jpg,0+(9-9)=0
train/6042.jpg,4*(1*3)=12
train/6043.jpg,(6+8)-1=13
train/6044.jpg,4+(0+6)=10
train/6045.jpg,6*8*0=0
train/6046.jpg,(0+2)-8=-6
train/6047.jpg,2*5*8=80
train/6048.jpg,(3-3)+2=2
train/6049.jpg,8-(8+2)=-2
train/6050.jpg,5-(1+5)=-1
train/6051.jpg,5-0+5=10
train/6052.jpg,0-(8*7)=-56
train/6053.jpg,2*9*2=36
train/6054.jpg,9*(8+7)=135
train/6055.jpg,(1-8)*5=-35
train/6056.jpg,0*(7*5)=0
train/6057.jpg,7-(1*4)=3
train/6058.jpg,7+(5*2)=17
train/6059.jpg,6+(7*2)=20
train/6060.jpg,(3-8)*5=-25
train/6061.jpg,9*9+0=81
train/6062.jpg,5*7*4=140
train/6063.jpg,1-(4*6)=-23
train/6064.jpg,5-1*3=2
train/6065.jpg,6-(2*2)=2
train/6066.jpg,(6-1)*3=15
train/6067.jpg,3+(0*8)=3
train/6068.jpg,7+3-0=10
train/6069.jpg,6-(5-9)=10
train/6070.jpg,0-(9-0)=-9
train/6071.jpg,0*(3*1)=0
train/6072.jpg,4+5*4=24
train/6073.jpg,6*(3-2)=6
train/6074.jpg,4+5-6=3
train/6075.jpg,(9*8)+9=81
train/6076.jpg,(6+6)-9=3
train/6077.jpg,3-(8+1)=-6
train/6078.jpg,3*6-6=12
train/6079.jpg,(6+9)*8=120
train/6080.jpg,(2*8)*6=96
train/6081.jpg,(3-9)-1=-7
train/6082.jpg,2*(4+1)=10
train/6083.jpg,(5+3)-7=1
train/6084.jpg,5-8+9=6
train/6085.jpg,8-(0*2)=8
train/6086.jpg,1*(3+0)=3
train/6087.jpg,(7*9)+6=69
train/6088.jpg,(6-8)*4=-8
train/6089.jpg,3+(5*7)=38
train/6090.jpg,6-3+4=7
train/6091.jpg,(4*4)*0=0
train/6092.jpg,9+6*2=21
train/6093.jpg,9-1*5=4
train/6094.jpg,(3+7)*6=60
train/6095.jpg,2+2*5=12
train/6096.jpg,6*1-2=4
train/6097.jpg,1+(4-5)=0
train/6098.jpg,0*2+0=0
train/6099.jpg,5+(4*0)=5
train/6100.jpg,(1-0)+4=5
train/6101.jpg,(8*9)*0=0
train/6102.jpg,(0-5)+2=-3
train/6103.jpg,(4+1)-5=0
train/6104.jpg,(3-3)+0=0
train/6105.jpg,0-0*2=0
train/6106.jpg,1*9*9=81
train/6107.jpg,6+2*9=24
train/6108.jpg,0*3*5=0
train/6109.jpg,(1*1)+3=4
train/6110.jpg,2*(0-1)=-2
train/6111.jpg,5-(0+2)=3
train/6112.jpg,4+6+2=12
train/6113.jpg,6*(1+1)=12
train/6114.jpg,(7*1)-7=0
train/6115.jpg,5+0-9=-4
train/6116.jpg,(3-0)+6=9
train/6117.jpg,8*(1*0)=0
train/6118.jpg,7+6*3=25
train/6119.jpg,(4+6)+7=17
train/6120.jpg,8+(9+5)=22
train/6121.jpg,8*4*4=128
train/6122.jpg,8+8+1=17
train/6123.jpg,6-(5*0)=6
train/6124.jpg,0+(4+1)=5
train/6125.jpg,3+(3*0)=3
train/6126.jpg,6+7+9=22
train/6127.jpg,1*9*6=54
train/6128.jpg,3+1+9=13
train/6129.jpg,6*(1*5)=30
train/6130.jpg,(3+4)*4=28
train/6131.jpg,6*9-2=52
train/6132.jpg,0-6*5=-30
train/6133.jpg,6-0-0=6
train/6134.jpg,4-9+9=4
train/6135.jpg,(7+0)*0=0
train/6136.jpg,3*5*5=75
train/6137.jpg,(5+9)*6=84
train/6138.jpg,2+(1-2)=1
train/6139.jpg,3-(0*4)=3
train/6140.jpg,(8+1)+9=18
train/6141.jpg,7*9*4=252
train/6142.jpg,1-4+1=-2
train/6143.jpg,1*(3*1)=3
train/6144.jpg,4*(0*2)=0
train/6145.jpg,2-(4*5)=-18
train/6146.jpg,6-(5+9)=-8
train/6147.jpg,7-9*0=7
train/6148.jpg,(9*4)*5=180
train/6149.jpg,0-(2*0)=0
train/6150.jpg,4+3+7=14
train/6151.jpg,4*2-6=2
train/6152.jpg,0-9+2=-7
train/6153.jpg,3*(9*4)=108
train/6154.jpg,(1-6)+8=3
train/6155.jpg,(0-0)+0=0
train/6156.jpg,1*4+4=8
train/6157.jpg,(3*4)-6=6
train/6158.jpg,(4-0)-8=-4
train/6159.jpg,5-(8-1)=-2
train/6160.jpg,(1*8)-5=3
train/6161.jpg,(9*5)+1=46
train/6162.jpg,(2-2)+1=1
train/6163.jpg,6+(5*1)=11
train/6164.jpg,5+(9-5)=9
train/6165.jpg,(8-1)-8=-1
train/6166.jpg,5+(1*8)=13
train/6167.jpg,6+0-9=-3
train/6168.jpg,8+(2+9)=19
train/6169.jpg,8-8*9=-64
train/6170.jpg,(8*5)*2=80
train/6171.jpg,1-7+7=1
train/6172.jpg,(4*1)*8=32
train/6173.jpg,(4*2)-4=4
train/6174.jpg,5*(1-4)=-15
train/6175.jpg,7*(6+1)=49
train/6176.jpg,2-7-6=-11
train/6177.jpg,8-(1*3)=5
train/6178.jpg,(3*9)-1=26
train/6179.jpg,(2-7)*6=-30
train/6180.jpg,1-(7-0)=-6
train/6181.jpg,(4-4)+8=8
train/6182.jpg,5-4-5=-4
train/6183.jpg,(4*1)-3=1
train/6184.jpg,(7+8)+5=20
train/6185.jpg,(7*7)-4=45
train/6186.jpg,(2+7)*8=72
train/6187.jpg,6+(9+1)=16
train/6188.jpg,9+(0-3)=6
train/6189.jpg,(7-4)-9=-6
train/6190.jpg,1+(0-4)=-3
train/6191.jpg,5*4-0=20
train/6192.jpg,(1*1)+1=2
train/6193.jpg,(8+5)+5=18
train/6194.jpg,2+(3-4)=1
train/6195.jpg,1*(9-6)=3
train/6196.jpg,5+0*3=5
train/6197.jpg,1*2*1=2
train/6198.jpg,(2*4)-2=6
train/6199.jpg,4*9+9=45
train/6200.jpg,4+6+4=14
train/6201.jpg,3-6-6=-9
train/6202.jpg,(0+2)*4=8
train/6203.jpg,7+0-6=1
train/6204.jpg,(7*1)-3=4
train/6205.jpg,2+1*3=5
train/6206.jpg,(2*7)+0=14
train/6207.jpg,(5-3)+7=9
train/6208.jpg,8+8-5=11
train/6209.jpg,0*5*1=0
train/6210.jpg,0+(7-1)=6
train/6211.jpg,3+2-8=-3
train/6212.jpg,5+9*4=41
train/6213.jpg,4-(2-2)=4
train/6214.jpg,3+(8-8)=3
train/6215.jpg,5+0-6=-1
train/6216.jpg,9+(3+6)=18
train/6217.jpg,4*5+7=27
train/6218.jpg,2*(4*4)=32
train/6219.jpg,1+8*9=73
train/6220.jpg,1*7+6=13
train/6221.jpg,(5+3)-9=-1
train/6222.jpg,3-(8*0)=3
train/6223.jpg,7*(0+1)=7
train/6224.jpg,0-(3+8)=-11
train/6225.jpg,1*(4-0)=4
train/6226.jpg,(5-6)-1=-2
train/6227.jpg,2*(0-7)=-14
train/6228.jpg,0+7-5=2
train/6229.jpg,7+(7-4)=10
train/6230.jpg,1*9*2=18
train/6231.jpg,7-(6*7)=-35
train/6232.jpg,4+9-1=12
train/6233.jpg,7-(1-7)=13
train/6234.jpg,(7-6)-7=-6
train/6235.jpg,5-(8*0)=5
train/6236.jpg,2+7-7=2
train/6237.jpg,5-6*9=-49
train/6238.jpg,0+(2*9)=18
train/6239.jpg,0+1-0=1
train/6240.jpg,9-9+4=4
train/6241.jpg,9*(1-6)=-45
train/6242.jpg,4-(7+3)=-6
train/6243.jpg,(1+3)-6=-2
train/6244.jpg,0*3*8=0
train/6245.jpg,7-(9*1)=-2
train/6246.jpg,8*(4+6)=80
train/6247.jpg,3-3+7=7
train/6248.jpg,2*(7-6)=2
train/6249.jpg,8-7-3=-2
train/6250.jpg,3-(1+2)=0
train/6251.jpg,5-(7+3)=-5
train/6252.jpg,0-1+6=5
train/6253.jpg,(5+6)+6=17
train/6254.jpg,6+7*6=48
train/6255.jpg,8+(9*8)=80
train/6256.jpg,(5+2)-7=0
train/6257.jpg,6*(9-2)=42
train/6258.jpg,(2+3)-6=-1
train/6259.jpg,4*(5*5)=100
train/6260.jpg,(0-7)*3=-21
train/6261.jpg,2*(3*6)=36
train/6262.jpg,(9+2)-3=8
train/6263.jpg,7+2+2=11
train/6264.jpg,9+(6-0)=15
train/6265.jpg,(8+3)+3=14
train/6266.jpg,7+(9-1)=15
train/6267.jpg,4*(1*4)=16
train/6268.jpg,4*9-5=31
train/6269.jpg,5-1-8=-4
train/6270.jpg,(7-3)-5=-1
train/6271.jpg,(0*7)+5=5
train/6272.jpg,7*(3-7)=-28
train/6273.jpg,9+7*0=9
train/6274.jpg,6+(1-6)=1
train/6275.jpg,(5-8)+6=3
train/6276.jpg,4-(3*3)=-5
train/6277.jpg,(8-7)*4=4
train/6278.jpg,5*6*8=240
train/6279.jpg,9*6*5=270
train/6280.jpg,0*(8-0)=0
train/6281.jpg,7+3+4=14
train/6282.jpg,5+(9-9)=5
train/6283.jpg,5*(2-7)=-25
train/6284.jpg,(3*2)-1=5
train/6285.jpg,8*3*3=72
train/6286.jpg,(6+2)-0=8
train/6287.jpg,8+9*0=8
train/6288.jpg,9-9*5=-36
train/6289.jpg,9*(6*5)=270
train/6290.jpg,4*8+5=37
train/6291.jpg,9+(9+5)=23
train/6292.jpg,(5*5)*3=75
train/6293.jpg,5+(6-7)=4
train/6294.jpg,3+9+1=13
train/6295.jpg,(5-3)+7=9
train/6296.jpg,0+5-0=5
train/6297.jpg,2-(0+6)=-4
train/6298.jpg,(0+9)*1=9
train/6299.jpg,9-4-8=-3
train/6300.jpg,(3+9)-5=7
train/6301.jpg,7-(7-2)=2
train/6302.jpg,(3*8)-6=18
train/6303.jpg,(5-0)-8=-3
train/6304.jpg,3*(9+7)=48
train/6305.jpg,(3+2)-4=1
train/6306.jpg,(7+4)-9=2
train/6307.jpg,4*4+9=25
train/6308.jpg,4+(2*3)=10
train/6309.jpg,4*(0+2)=8
train/6310.jpg,(2+9)-0=11
train/6311.jpg,(2*2)-6=-2
train/6312.jpg,5*2-0=10
train/6313.jpg,5-(2*5)=-5
train/6314.jpg,(4+0)+2=6
train/6315.jpg,5+3-3=5
train/6316.jpg,(9+4)+3=16
train/6317.jpg,7*4-9=19
train/6318.jpg,2-3*6=-16
train/6319.jpg,5-1+0=4
train/6320.jpg,7+(9+6)=22
train/6321.jpg,6-(3*9)=-21
train/6322.jpg,2*(5-9)=-8
train/6323.jpg,(2+5)-2=5
train/6324.jpg,9*(7*4)=252
train/6325.jpg,(0+4)*9=36
train/6326.jpg,8+(4-1)=11
train/6327.jpg,1+(0*5)=1
train/6328.jpg,9*7*9=567
train/6329.jpg,1+2+7=10
train/6330.jpg,9-0+2=11
train/6331.jpg,(4-9)*7=-35
train/6332.jpg,0-(5*3)=-15
train/6333.jpg,8*5+7=47
train/6334.jpg,7-(4-0)=3
train/6335.jpg,(5-3)-9=-7
train/6336.jpg,0*(0*5)=0
train/6337.jpg,6-(2-0)=4
train/6338.jpg,(1-4)*4=-12
train/6339.jpg,(1*8)*2=16
train/6340.jpg,4+(6+0)=10
train/6341.jpg,6*6+2=38
train/6342.jpg,0-6*6=-36
train/6343.jpg,2-5+7=4
train/6344.jpg,(7*3)-6=15
train/6345.jpg,5*5+7=32
train/6346.jpg,(5+5)-7=3
train/6347.jpg,4+(0+4)=8
train/6348.jpg,(7-5)+1=3
train/6349.jpg,4-(0*1)=4
train/6350.jpg,4+(6*1)=10
train/6351.jpg,(9+6)+0=15
train/6352.jpg,(9+4)+2=15
train/6353.jpg,6*1-7=-1
train/6354.jpg,9+2*6=21
train/6355.jpg,3*(4-8)=-12
train/6356.jpg,(8-5)-8=-5
train/6357.jpg,8*2-3=13
train/6358.jpg,(4-1)*5=15
train/6359.jpg,(6*7)-7=35
train/6360.jpg,1+(3*9)=28
train/6361.jpg,4-0*4=4
train/6362.jpg,1-2*7=-13
train/6363.jpg,6+5-9=2
train/6364.jpg,(4*8)+8=40
train/6365.jpg,3+(0-0)=3
train/6366.jpg,0-(2-2)=0
train/6367.jpg,1*(3-9)=-6
train/6368.jpg,1+(5-7)=-1
train/6369.jpg,(1-4)+8=5
train/6370.jpg,1*9-9=0
train/6371.jpg,1*(6-2)=4
train/6372.jpg,9-(4*9)=-27
train/6373.jpg,3*(7+3)=30
train/6374.jpg,3-(5-1)=-1
train/6375.jpg,8-(5+8)=-5
train/6376.jpg,3-(1-6)=8
train/6377.jpg,(6*4)-5=19
train/6378.jpg,7*9*7=441
train/6379.jpg,7-0*3=7
train/6380.jpg,(1+4)+3=8
train/6381.jpg,3+7+0=10
train/6382.jpg,4-6-4=-6
train/6383.jpg,(2+5)-5=2
train/6384.jpg,9-(0+2)=7
train/6385.jpg,(1-4)+6=3
train/6386.jpg,4-4+2=2
train/6387.jpg,(9-9)*6=0
train/6388.jpg,7+(7+1)=15
train/6389.jpg,3+(0+7)=10
train/6390.jpg,3+8-2=9
train/6391.jpg,(2-4)*1=-2
train/6392.jpg,(1*9)-4=5
train/6393.jpg,(8-6)+6=8
train/6394.jpg,6*5*1=30
train/6395.jpg,(5-9)-0=-4
train/6396.jpg,2*0-4=-4
train/6397.jpg,(5+5)+4=14
train/6398.jpg,2-(0+8)=-6
train/6399.jpg,4-(3+0)=1
train/6400.jpg,1*(2*5)=10
train/6401.jpg,(6*8)-6=42
train/6402.jpg,6-5*3=-9
train/6403.jpg,3*7-6=15
train/6404.jpg,3+(1*9)=12
train/6405.jpg,7+(6-5)=8
train/6406.jpg,6-1+3=8
train/6407.jpg,0*8+6=6
train/6408.jpg,1+9+0=10
train/6409.jpg,5*6+7=37
train/6410.jpg,7*(7+6)=91
train/6411.jpg,(0-6)-4=-10
train/6412.jpg,(8+7)+8=23
train/6413.jpg,3-(3*0)=3
train/6414.jpg,2+(9-9)=2
train/6415.jpg,5-5-0=0
train/6416.jpg,(7*0)*5=0
train/6417.jpg,3-(3+1)=-1
train/6418.jpg,(0-1)-4=-5
train/6419.jpg,6*(7*9)=378
train/6420.jpg,5-(1-0)=4
train/6421.jpg,7-1+1=7
train/6422.jpg,4*(2-7)=-20
train/6423.jpg,(3*5)*3=45
train/6424.jpg,9-(1*7)=2
train/6425.jpg,(1*4)+6=10
train/6426.jpg,(3*9)-3=24
train/6427.jpg,6*(7+9)=96
train/6428.jpg,7+(6-2)=11
train/6429.jpg,(3*2)*0=0
train/6430.jpg,4-8-5=-9
train/6431.jpg,9+4-3=10
train/6432.jpg,2-(2+5)=-5
train/6433.jpg,(1*7)+6=13
train/6434.jpg,(5+3)*5=40
train/6435.jpg,6+(0+1)=7
train/6436.jpg,(5+9)+8=22
train/6437.jpg,(0*8)*2=0
train/6438.jpg,0*(6+5)=0
train/6439.jpg,5-5*9=-40
train/6440.jpg,4-5+5=4
train/6441.jpg,(7-9)*8=-16
train/6442.jpg,(1+0)-3=-2
train/6443.jpg,(8+3)-9=2
train/6444.jpg,(2+3)+7=12
train/6445.jpg,3-(4*8)=-29
train/6446.jpg,3+0*1=3
train/6447.jpg,4+5*4=24
train/6448.jpg,(3*6)+3=21
train/6449.jpg,3*8+6=30
train/6450.jpg,4-(3-3)=4
train/6451.jpg,1*5+5=10
train/6452.jpg,6*4*2=48
train/6453.jpg,0+(2-9)=-7
train/6454.jpg,(0*8)-3=-3
train/6455.jpg,2*4-3=5
train/6456.jpg,(9-0)*1=9
train/6457.jpg,7-0+0=7
train/6458.jpg,2+(2+2)=6
train/6459.jpg,6+6*6=42
train/6460.jpg,4*5-3=17
train/6461.jpg,(5*6)+4=34
train/6462.jpg,(7-4)-2=1
train/6463.jpg,9*(2-2)=0
train/6464.jpg,2-(4+3)=-5
train/6465.jpg,(3*5)+1=16
train/6466.jpg,(9+2)*3=33
train/6467.jpg,9*1-5=4
train/6468.jpg,(7+8)-5=10
train/6469.jpg,3+1*8=11
train/6470.jpg,2*(5+8)=26
train/6471.jpg,7-1+8=14
train/6472.jpg,(9*7)-7=56
train/6473.jpg,9-5-0=4
train/6474.jpg,6*1+8=14
train/6475.jpg,1-4*4=-15
train/6476.jpg,(7+7)+8=22
train/6477.jpg,7+(9*4)=43
train/6478.jpg,9*(2-5)=-27
train/6479.jpg,0*(7-9)=0
train/6480.jpg,(5+4)*1=9
train/6481.jpg,4+2+9=15
train/6482.jpg,(2*1)*6=12
train/6483.jpg,(3*3)*9=81
train/6484.jpg,0*(2*1)=0
train/6485.jpg,(2-3)*6=-6
train/6486.jpg,9+3-2=10
train/6487.jpg,5+(2+7)=14
train/6488.jpg,(2-7)*2=-10
train/6489.jpg,9*(4-9)=-45
train/6490.jpg,2*(5+0)=10
train/6491.jpg,(6*3)-3=15
train/6492.jpg,(6+0)*0=0
train/6493.jpg,(4+8)-2=10
train/6494.jpg,0-3*1=-3
train/6495.jpg,8*(8+7)=120
train/6496.jpg,0+7+4=11
train/6497.jpg,4+9-0=13
train/6498.jpg,1*6*4=24
train/6499.jpg,1*(8-7)=1
train/6500.jpg,(0+9)-1=8
train/6501.jpg,(0+7)*7=49
train/6502.jpg,(7-1)+0=6
train/6503.jpg,7*(1*5)=35
train/6504.jpg,5*9+0=45
train/6505.jpg,(7*8)*3=168
train/6506.jpg,0-(3*1)=-3
train/6507.jpg,2-2-8=-8
train/6508.jpg,9*3-1=26
train/6509.jpg,(6+3)+5=14
train/6510.jpg,8*(5-0)=40
train/6511.jpg,(9*8)-3=69
train/6512.jpg,9+(6*6)=45
train/6513.jpg,8-9*7=-55
train/6514.jpg,1+(5*5)=26
train/6515.jpg,(1-4)*5=-15
train/6516.jpg,9-(4+5)=0
train/6517.jpg,(1-0)-4=-3
train/6518.jpg,9*(2-5)=-27
train/6519.jpg,0*2-5=-5
train/6520.jpg,7*6*6=252
train/6521.jpg,1-9*6=-53
train/6522.jpg,4-4*4=-12
train/6523.jpg,(5-4)*3=3
train/6524.jpg,9+9+5=23
train/6525.jpg,(8+0)*0=0
train/6526.jpg,9*(0*6)=0
train/6527.jpg,(5+2)+8=15
train/6528.jpg,1+3*2=7
train/6529.jpg,3-9*6=-51
train/6530.jpg,2+5+0=7
train/6531.jpg,4-(9-9)=4
train/6532.jpg,3-(4+0)=-1
train/6533.jpg,2+6+2=10
train/6534.jpg,0*5*1=0
train/6535.jpg,(3+0)+3=6
train/6536.jpg,6-(7*0)=6
train/6537.jpg,1-(4+0)=-3
train/6538.jpg,3*6*5=90
train/6539.jpg,2-6+6=2
train/6540.jpg,(7*9)+0=63
train/6541.jpg,(2-4)-2=-4
train/6542.jpg,6*6-8=28
train/6543.jpg,8*(3+4)=56
train/6544.jpg,8+2+9=19
train/6545.jpg,(5+6)+5=16
train/6546.jpg,5-4+9=10
train/6547.jpg,5-(3*7)=-16
train/6548.jpg,(1+1)-1=1
train/6549.jpg,5-8+5=2
train/6550.jpg,(0*0)-8=-8
train/6551.jpg,6-2+2=6
train/6552.jpg,(7-7)-4=-4
train/6553.jpg,3-3+9=9
train/6554.jpg,8+3-2=9
train/6555.jpg,8+0-2=6
train/6556.jpg,9-(6+5)=-2
train/6557.jpg,(9*4)+7=43
train/6558.jpg,7*9-9=54
train/6559.jpg,9-(2+0)=7
train/6560.jpg,2-(1-3)=4
train/6561.jpg,1*7*5=35
train/6562.jpg,3-(4-1)=0
train/6563.jpg,0+7*8=56
train/6564.jpg,5-2-5=-2
train/6565.jpg,(5+5)-7=3
train/6566.jpg,7-8*5=-33
train/6567.jpg,4+1*4=8
train/6568.jpg,4+9+4=17
train/6569.jpg,(8*5)-6=34
train/6570.jpg,(8+2)-3=7
train/6571.jpg,6+(4+0)=10
train/6572.jpg,7*(8+9)=119
train/6573.jpg,(2-8)-7=-13
train/6574.jpg,9-(1+7)=1
train/6575.jpg,2*0+2=2
train/6576.jpg,8*1-1=7
train/6577.jpg,7+(8-2)=13
train/6578.jpg,4+6-9=1
train/6579.jpg,1+2+3=6
train/6580.jpg,9*6-8=46
train/6581.jpg,3*3+7=16
train/6582.jpg,(2-3)+9=8
train/6583.jpg,5*(1*2)=10
train/6584.jpg,(5+7)-8=4
train/6585.jpg,(2-1)+7=8
train/6586.jpg,(2-2)*6=0
train/6587.jpg,9+(9-9)=9
train/6588.jpg,0+(2+0)=2
train/6589.jpg,1+(9-0)=10
train/6590.jpg,7*(4-4)=0
train/6591.jpg,2+0+4=6
train/6592.jpg,3*9+2=29
train/6593.jpg,2*5+1=11
train/6594.jpg,6+(1-0)=7
train/6595.jpg,(8+5)+3=16
train/6596.jpg,7*(4+5)=63
train/6597.jpg,4-7-2=-5
train/6598.jpg,0*0+5=5
train/6599.jpg,4+9-5=8
train/6600.jpg,0*5-3=-3
train/6601.jpg,(6+8)+7=21
train/6602.jpg,(2+0)+0=2
train/6603.jpg,4*(0+0)=0
train/6604.jpg,(8*5)*5=200
train/6605.jpg,(4*9)+0=36
train/6606.jpg,9+2+9=20
train/6607.jpg,4+(2+1)=7
train/6608.jpg,6-2+6=10
train/6609.jpg,(4*3)-8=4
train/6610.jpg,5*1+4=9
train/6611.jpg,0*(6*7)=0
train/6612.jpg,3-(8-6)=1
train/6613.jpg,(9*6)+2=56
train/6614.jpg,0-9+6=-3
train/6615.jpg,(8*4)-9=23
train/6616.jpg,(6*4)+3=27
train/6617.jpg,(3+1)+1=5
train/6618.jpg,(5*9)*3=135
train/6619.jpg,8*(6+9)=120
train/6620.jpg,(8+2)*5=50
train/6621.jpg,(5-0)-3=2
train/6622.jpg,2-7-8=-13
train/6623.jpg,0*(0+4)=0
train/6624.jpg,(3*3)*7=63
train/6625.jpg,5+(7*4)=33
train/6626.jpg,(1*1)*9=9
train/6627.jpg,8*(4+6)=80
train/6628.jpg,5-0*1=5
train/6629.jpg,4-1*4=0
train/6630.jpg,7+(9+2)=18
train/6631.jpg,(0+6)+4=10
train/6632.jpg,(4+5)*4=36
train/6633.jpg,(9*7)-0=63
train/6634.jpg,1*5-4=1
train/6635.jpg,6+(4-9)=1
train/6636.jpg,(4+2)*3=18
train/6637.jpg,1-2*2=-3
train/6638.jpg,1*2-5=-3
train/6639.jpg,(4+5)+2=11
train/6640.jpg,0*(9+4)=0
train/6641.jpg,(0-2)*7=-14
train/6642.jpg,7-3-5=-1
train/6643.jpg,6*(3+7)=60
train/6644.jpg,(6*8)-1=47
train/6645.jpg,(8*8)*6=384
train/6646.jpg,3*(7-3)=12
train/6647.jpg,(8+0)-8=0
train/6648.jpg,(4+8)+6=18
train/6649.jpg,7-(2-7)=12
train/6650.jpg,7-(1*6)=1
train/6651.jpg,(4-1)*7=21
train/6652.jpg,1*0-0=0
train/6653.jpg,7+3*4=19
train/6654.jpg,0*(4+1)=0
train/6655.jpg,(6*3)-9=9
train/6656.jpg,6*7+6=48
train/6657.jpg,6*9*7=378
train/6658.jpg,(6+0)-8=-2
train/6659.jpg,7*6-6=36
train/6660.jpg,3*4-5=7
train/6661.jpg,4+(8-9)=3
train/6662.jpg,1+5-2=4
train/6663.jpg,(2*5)-2=8
train/6664.jpg,8*(0-6)=-48
train/6665.jpg,3+(6+8)=17
train/6666.jpg,(3+6)+0=9
train/6667.jpg,(6*7)*3=126
train/6668.jpg,9+5+0=14
train/6669.jpg,1*(8+3)=11
train/6670.jpg,8-5-9=-6
train/6671.jpg,2-7-1=-6
train/6672.jpg,6+(6-8)=4
train/6673.jpg,7+6-5=8
train/6674.jpg,(2-7)+7=2
train/6675.jpg,3+3*6=21
train/6676.jpg,8-7*2=-6
train/6677.jpg,4*0+1=1
train/6678.jpg,2+(5-1)=6
train/6679.jpg,(2-7)+8=3
train/6680.jpg,(9+9)+9=27
train/6681.jpg,(9-9)+4=4
train/6682.jpg,6+4-4=6
train/6683.jpg,3-(5*1)=-2
train/6684.jpg,(3*0)*7=0
train/6685.jpg,(6+4)*0=0
train/6686.jpg,1-1*4=-3
train/6687.jpg,8-(2*5)=-2
train/6688.jpg,(3-3)*1=0
train/6689.jpg,1-4-9=-12
train/6690.jpg,(7+2)-8=1
train/6691.jpg,0+(4+1)=5
train/6692.jpg,5+(2-1)=6
train/6693.jpg,8*(9*5)=360
train/6694.jpg,4*(5-7)=-8
train/6695.jpg,8-7+9=10
train/6696.jpg,5*8-5=35
train/6697.jpg,(2-6)*4=-16
train/6698.jpg,(2+6)+6=14
train/6699.jpg,0-3-7=-10
train/6700.jpg,0*(3*8)=0
train/6701.jpg,1-1*5=-4
train/6702.jpg,(4*5)-8=12
train/6703.jpg,4+(4-0)=8
train/6704.jpg,7+(7-6)=8
train/6705.jpg,2*5*2=20
train/6706.jpg,(1*3)-9=-6
train/6707.jpg,0+4*8=32
train/6708.jpg,(5-5)-7=-7
train/6709.jpg,5+(5+0)=10
train/6710.jpg,6-(3*1)=3
train/6711.jpg,5-1-1=3
train/6712.jpg,7-6*3=-11
train/6713.jpg,4+(8-4)=8
train/6714.jpg,7-3*6=-11
train/6715.jpg,8*0*1=0
train/6716.jpg,7*(3+0)=21
train/6717.jpg,9-7+9=11
train/6718.jpg,3*4+1=13
train/6719.jpg,2+(4*9)=38
train/6720.jpg,7-(4-6)=9
train/6721.jpg,5-6+9=8
train/6722.jpg,9-5+2=6
train/6723.jpg,2+7-0=9
train/6724.jpg,(6+7)-3=10
train/6725.jpg,(9*2)-0=18
train/6726.jpg,5*1-3=2
train/6727.jpg,8+(9*2)=26
train/6728.jpg,(7-8)+1=0
train/6729.jpg,(7-2)+8=13
train/6730.jpg,(5*3)+2=17
train/6731.jpg,2*(6+7)=26
train/6732.jpg,(7-2)+0=5
train/6733.jpg,0-5+4=-1
train/6734.jpg,4*(5+1)=24
train/6735.jpg,(0+3)-5=-2
train/6736.jpg,(8+7)+9=24
train/6737.jpg,(3+2)-7=-2
train/6738.jpg,2*(0*3)=0
train/6739.jpg,5*(5*5)=125
train/6740.jpg,4-6*8=-44
train/6741.jpg,(3-3)-8=-8
train/6742.jpg,(6-5)+5=6
train/6743.jpg,5-0*4=5
train/6744.jpg,7-(5*2)=-3
train/6745.jpg,8*(4+3)=56
train/6746.jpg,7+(2*2)=11
train/6747.jpg,9*8+7=79
train/6748.jpg,8-(0-4)=12
train/6749.jpg,(6*2)*6=72
train/6750.jpg,7*(2*7)=98
train/6751.jpg,7+4-4=7
train/6752.jpg,0-(5-8)=3
train/6753.jpg,(9+2)+6=17
train/6754.jpg,(2*6)*2=24
train/6755.jpg,6*0*0=0
train/6756.jpg,2-4*1=-2
train/6757.jpg,2+1-9=-6
train/6758.jpg,8*9*3=216
train/6759.jpg,1*(8+0)=8
train/6760.jpg,7+(5+5)=17
train/6761.jpg,3-0-9=-6
train/6762.jpg,(2-5)-6=-9
train/6763.jpg,3*(5*9)=135
train/6764.jpg,8*(6+3)=72
train/6765.jpg,(8-8)+3=3
train/6766.jpg,7+5*8=47
train/6767.jpg,6+(7*6)=48
train/6768.jpg,(9+5)*7=98
train/6769.jpg,9-(0-4)=13
train/6770.jpg,7-(0+0)=7
train/6771.jpg,9+1*7=16
train/6772.jpg,9+(6-3)=12
train/6773.jpg,4+1-1=4
train/6774.jpg,9+2*4=17
train/6775.jpg,0-(4+5)=-9
train/6776.jpg,7-9*1=-2
train/6777.jpg,(1+4)-8=-3
train/6778.jpg,(5*4)-7=13
train/6779.jpg,8*(9*3)=216
train/6780.jpg,(1*7)-4=3
train/6781.jpg,6+9-1=14
train/6782.jpg,5*(8+8)=80
train/6783.jpg,3*3*7=63
train/6784.jpg,2*0-5=-5
train/6785.jpg,1*5+7=12
train/6786.jpg,(4*3)+5=17
train/6787.jpg,7-7-4=-4
train/6788.jpg,(6*2)*4=48
train/6789.jpg,9*(9+2)=99
train/6790.jpg,6+9+1=16
train/6791.jpg,7*8+8=64
train/6792.jpg,(6-7)*8=-8
train/6793.jpg,5+1*3=8
train/6794.jpg,8+7*2=22
train/6795.jpg,6*6-6=30
train/6796.jpg,3+4+7=14
train/6797.jpg,0-(3+7)=-10
train/6798.jpg,4-7+3=0
train/6799.jpg,5*(5+6)=55
train/6800.jpg,4+7*7=53
train/6801.jpg,5+(5-5)=5
train/6802.jpg,6*(0+9)=54
train/6803.jpg,1*(4+7)=11
train/6804.jpg,9-(7+6)=-4
train/6805.jpg,(0-5)-9=-14
train/6806.jpg,0*7-1=-1
train/6807.jpg,(1+1)*3=6
train/6808.jpg,(2+9)*1=11
train/6809.jpg,4-(3-0)=1
train/6810.jpg,5*(1-5)=-20
train/6811.jpg,1*9+6=15
train/6812.jpg,(3-9)-7=-13
train/6813.jpg,1+3-9=-5
train/6814.jpg,(6+8)-4=10
train/6815.jpg,5+7+9=21
train/6816.jpg,8+(9-7)=10
train/6817.jpg,1-4-8=-11
train/6818.jpg,9+(2*9)=27
train/6819.jpg,3+(8-3)=8
train/6820.jpg,2-(1-8)=9
train/6821.jpg,7+9+8=24
train/6822.jpg,0+1-4=-3
train/6823.jpg,1-6-6=-11
train/6824.jpg,6-(6+7)=-7
train/6825.jpg,0*(2+5)=0
train/6826.jpg,(8+5)-2=11
train/6827.jpg,9*(5*0)=0
train/6828.jpg,(4+4)-4=4
train/6829.jpg,8*(2-8)=-48
train/6830.jpg,2+9-4=7
train/6831.jpg,2-(5*9)=-43
train/6832.jpg,1*9*7=63
train/6833.jpg,5+(2+5)=12
train/6834.jpg,5-1-7=-3
train/6835.jpg,(7-4)*9=27
train/6836.jpg,9+(0*9)=9
train/6837.jpg,(7-4)+8=11
train/6838.jpg,(5+3)-1=7
train/6839.jpg,1-1*5=-4
train/6840.jpg,7+(6+8)=21
train/6841.jpg,0+(0-7)=-7
train/6842.jpg,(7+1)-6=2
train/6843.jpg,2*8-3=13
train/6844.jpg,7-8*0=7
train/6845.jpg,4-(3+7)=-6
train/6846.jpg,2+0+5=7
train/6847.jpg,8+7*3=29
train/6848.jpg,(7*5)-6=29
train/6849.jpg,9+6*4=33
train/6850.jpg,(4*0)*0=0
train/6851.jpg,3+5*6=33
train/6852.jpg,8+(6-5)=9
train/6853.jpg,(6-2)+6=10
train/6854.jpg,(3*1)+4=7
train/6855.jpg,0*0+3=3
train/6856.jpg,5+(7-3)=9
train/6857.jpg,0*(6+0)=0
train/6858.jpg,7+(2*4)=15
train/6859.jpg,(4*4)*9=144
train/6860.jpg,(3*4)*3=36
train/6861.jpg,6+(5+9)=20
train/6862.jpg,(9+7)-6=10
train/6863.jpg,(1-9)+5=-3
train/6864.jpg,(3*8)+8=32
train/6865.jpg,4*1-7=-3
train/6866.jpg,9+(4+8)=21
train/6867.jpg,8-(9-4)=3
train/6868.jpg,7*6*7=294
train/6869.jpg,(6*4)*2=48
train/6870.jpg,0+2+0=2
train/6871.jpg,7+3+9=19
train/6872.jpg,6*(7*3)=126
train/6873.jpg,(1-7)+8=2
train/6874.jpg,9+(9-5)=13
train/6875.jpg,(7-3)+6=10
train/6876.jpg,7-(4-9)=12
train/6877.jpg,1+1-7=-5
train/6878.jpg,5*(4*8)=160
train/6879.jpg,(9+7)-7=9
train/6880.jpg,(7*0)+3=3
train/6881.jpg,(0*5)*3=0
train/6882.jpg,9+(1-7)=3
train/6883.jpg,2-4-2=-4
train/6884.jpg,4*1-1=3
train/6885.jpg,5*(8*2)=80
train/6886.jpg,4*(3+8)=44
train/6887.jpg,4*4+6=22
train/6888.jpg,(4-7)*7=-21
train/6889.jpg,(0*4)+6=6
train/6890.jpg,9+2+6=17
train/6891.jpg,5-4+4=5
train/6892.jpg,4*3-9=3
train/6893.jpg,3*8+5=29
train/6894.jpg,4-3*3=-5
train/6895.jpg,3-(4+2)=-3
train/6896.jpg,9-(2-7)=14
train/6897.jpg,7*2*4=56
train/6898.jpg,9-(8+4)=-3
train/6899.jpg,0+5*5=25
train/6900.jpg,5-3-5=-3
train/6901.jpg,0-(4-1)=-3
train/6902.jpg,(1*8)*3=24
train/6903.jpg,(7*0)-0=0
train/6904.jpg,3-(4*0)=3
train/6905.jpg,1+0-8=-7
train/6906.jpg,9*(8-7)=9
train/6907.jpg,(9+2)+7=18
train/6908.jpg,1+0+7=8
train/6909.jpg,0*(9*8)=0
train/6910.jpg,(5-7)-2=-4
train/6911.jpg,6-(4+0)=2
train/6912.jpg,5-(0-5)=10
train/6913.jpg,(7*9)-9=54
train/6914.jpg,(1-1)-4=-4
train/6915.jpg,(1+6)+8=15
train/6916.jpg,7-(1+9)=-3
train/6917.jpg,5-(7-2)=0
train/6918.jpg,2+5*3=17
train/6919.jpg,(0+0)*1=0
train/6920.jpg,(1-2)+7=6
train/6921.jpg,3-(5+4)=-6
train/6922.jpg,(9+9)*8=144
train/6923.jpg,4*(7+5)=48
train/6924.jpg,7-(3*5)=-8
train/6925.jpg,(7*8)-6=50
train/6926.jpg,5-(9-0)=-4
train/6927.jpg,(5+2)*2=14
train/6928.jpg,(9-3)-2=4
train/6929.jpg,8-4-0=4
train/6930.jpg,7+7*5=42
train/6931.jpg,9+4*3=21
train/6932.jpg,(8+7)+1=16
train/6933.jpg,7-6-8=-7
train/6934.jpg,(4*8)-5=27
train/6935.jpg,(1*4)*6=24
train/6936.jpg,(5*5)-6=19
train/6937.jpg,1-3-1=-3
train/6938.jpg,(6-0)-5=1
train/6939.jpg,2*(4*2)=16
train/6940.jpg,2-6-2=-6
train/6941.jpg,9+5-6=8
train/6942.jpg,5*(2+7)=45
train/6943.jpg,(5*0)*0=0
train/6944.jpg,(3-4)-4=-5
train/6945.jpg,3-7-3=-7
train/6946.jpg,2-(8-3)=-3
train/6947.jpg,7-(0-3)=10
train/6948.jpg,(8*2)*4=64
train/6949.jpg,6+4-6=4
train/6950.jpg,5*(5-4)=5
train/6951.jpg,(3*5)*9=135
train/6952.jpg,2+5*6=32
train/6953.jpg,6-6*1=0
train/6954.jpg,7*(1+6)=49
train/6955.jpg,(4+8)*9=108
train/6956.jpg,3*5+3=18
train/6957.jpg,7+2*7=21
train/6958.jpg,5-6-9=-10
train/6959.jpg,4-(2+5)=-3
train/6960.jpg,(8-0)*1=8
train/6961.jpg,2*5-9=1
train/6962.jpg,9-(7*3)=-12
train/6963.jpg,(8*2)*9=144
train/6964.jpg,0*(6-0)=0
train/6965.jpg,5*(9+2)=55
train/6966.jpg,6+(0-4)=2
train/6967.jpg,6+6+5=17
train/6968.jpg,2*(0*4)=0
train/6969.jpg,(0+7)*2=14
train/6970.jpg,(9*7)*4=252
train/6971.jpg,(2-7)-7=-12
train/6972.jpg,5+(6-1)=10
train/6973.jpg,4-3*2=-2
train/6974.jpg,(8*8)*2=128
train/6975.jpg,(2-3)*8=-8
train/6976.jpg,5-5-1=-1
train/6977.jpg,2-(3+2)=-3
train/6978.jpg,4*(1-7)=-24
train/6979.jpg,1-1+4=4
train/6980.jpg,(1*5)-8=-3
train/6981.jpg,1+1+6=8
train/6982.jpg,(4*9)-4=32
train/6983.jpg,7*(2+5)=49
train/6984.jpg,2+(3-5)=0
train/6985.jpg,4-(8-3)=-1
train/6986.jpg,(0+8)+6=14
train/6987.jpg,5*(9-9)=0
train/6988.jpg,6*1*6=36
train/6989.jpg,(4*0)+7=7
train/6990.jpg,(0-6)+4=-2
train/6991.jpg,(1+0)+5=6
train/6992.jpg,9-8+3=4
train/6993.jpg,3+5-9=-1
train/6994.jpg,6-7*7=-43
train/6995.jpg,(0-6)-9=-15
train/6996.jpg,(0+8)+0=8
train/6997.jpg,4+9-1=12
train/6998.jpg,(3+6)+1=10
train/6999.jpg,0+(3-9)=-6
train/7000.jpg,2+2+0=4
train/7001.jpg,(8+2)+6=16
train/7002.jpg,(8*4)+8=40
train/7003.jpg,(5-8)*3=-9
train/7004.jpg,4-(1-9)=12
train/7005.jpg,0-(9-1)=-8
train/7006.jpg,(8+4)*4=48
train/7007.jpg,3*(2+0)=6
train/7008.jpg,0*(9-3)=0
train/7009.jpg,6*(4-8)=-24
train/7010.jpg,3+(8-8)=3
train/7011.jpg,0-(4+6)=-10
train/7012.jpg,8-2-0=6
train/7013.jpg,(2-6)+1=-3
train/7014.jpg,2+8-4=6
train/7015.jpg,0+4-3=1
train/7016.jpg,(7-3)-7=-3
train/7017.jpg,1-(3-6)=4
train/7018.jpg,8*4*8=256
train/7019.jpg,0+(0*1)=0
train/7020.jpg,(1+9)+4=14
train/7021.jpg,(7-6)*3=3
train/7022.jpg,3-(5-9)=7
train/7023.jpg,(1-9)*3=-24
train/7024.jpg,(8*4)*0=0
train/7025.jpg,9+(5-1)=13
train/7026.jpg,9+(3+5)=17
train/7027.jpg,(7-2)+5=10
train/7028.jpg,7-(7-9)=9
train/7029.jpg,2-(5-1)=-2
train/7030.jpg,4+8+4=16
train/7031.jpg,(5*5)*2=50
train/7032.jpg,(9+7)-1=15
train/7033.jpg,5-5-0=0
train/7034.jpg,9-4+7=12
train/7035.jpg,(4*5)*1=20
train/7036.jpg,(1-2)+3=2
train/7037.jpg,(4*1)+3=7
train/7038.jpg,(7+6)+5=18
train/7039.jpg,3*(0+2)=6
train/7040.jpg,4+1*1=5
train/7041.jpg,0*(2+3)=0
train/7042.jpg,2-5+3=0
train/7043.jpg,(3*9)*6=162
train/7044.jpg,(7*3)-1=20
train/7045.jpg,(0*5)*9=0
train/7046.jpg,1-0+8=9
train/7047.jpg,1*8-6=2
train/7048.jpg,8-(0-9)=17
train/7049.jpg,7+(2-2)=7
train/7050.jpg,9-(8*7)=-47
train/7051.jpg,4-9*1=-5
train/7052.jpg,0*2+6=6
train/7053.jpg,4-4-6=-6
train/7054.jpg,0+(9-8)=1
train/7055.jpg,1-9-0=-8
train/7056.jpg,6+(8*5)=46
train/7057.jpg,1*(5+1)=6
train/7058.jpg,(4-0)+8=12
train/7059.jpg,0*(8+4)=0
train/7060.jpg,(7-9)*7=-14
train/7061.jpg,(7-4)*2=6
train/7062.jpg,(9+0)-5=4
train/7063.jpg,8*5+3=43
train/7064.jpg,1+8+7=16
train/7065.jpg,0-(3-3)=0
train/7066.jpg,(2+5)-2=5
train/7067.jpg,3-(7-3)=-1
train/7068.jpg,5+1-4=2
train/7069.jpg,4*1-6=-2
train/7070.jpg,(2*4)-6=2
train/7071.jpg,7*(0*6)=0
train/7072.jpg,3-9-9=-15
train/7073.jpg,4-9-7=-12
train/7074.jpg,8+(7*6)=50
train/7075.jpg,2*1-8=-6
train/7076.jpg,0+0+5=5
train/7077.jpg,(4*7)+6=34
train/7078.jpg,(7+9)*8=128
train/7079.jpg,(6-4)+7=9
train/7080.jpg,8-0+0=8
train/7081.jpg,6*(5-3)=12
train/7082.jpg,0*(2+5)=0
train/7083.jpg,9-(8+1)=0
train/7084.jpg,9+(7-5)=11
train/7085.jpg,(3+4)*4=28
train/7086.jpg,9+5*4=29
train/7087.jpg,2*1-0=2
train/7088.jpg,(0*4)+8=8
train/7089.jpg,(1-7)*3=-18
train/7090.jpg,6-(2*0)=6
train/7091.jpg,7*6-9=33
train/7092.jpg,(8-9)*0=0
train/7093.jpg,3-0-6=-3
train/7094.jpg,(4+5)-1=8
train/7095.jpg,4*(5*4)=80
train/7096.jpg,0+6-1=5
train/7097.jpg,1*7+9=16
train/7098.jpg,6-4*8=-26
train/7099.jpg,0+4+4=8
train/7100.jpg,7+6*9=61
train/7101.jpg,8-1*7=1
train/7102.jpg,7+(0*9)=7
train/7103.jpg,0*(8*6)=0
train/7104.jpg,(5-3)+1=3
train/7105.jpg,6+8-1=13
train/7106.jpg,1-(6+6)=-11
train/7107.jpg,(4+4)-2=6
train/7108.jpg,3+(9*8)=75
train/7109.jpg,(8*5)*5=200
train/7110.jpg,7-6*6=-29
train/7111.jpg,(7+5)+0=12
train/7112.jpg,2+(7-8)=1
train/7113.jpg,7+0-0=7
train/7114.jpg,8+(8-3)=13
train/7115.jpg,8+(4*7)=36
train/7116.jpg,4+(9+6)=19
train/7117.jpg,4-(4+3)=-3
train/7118.jpg,9-(1*8)=1
train/7119.jpg,9*7+6=69
train/7120.jpg,5+7*8=61
train/7121.jpg,2*7+9=23
train/7122.jpg,7*(7*8)=392
train/7123.jpg,0+9*1=9
train/7124.jpg,7*6*9=378
train/7125.jpg,(6-2)-7=-3
train/7126.jpg,2-(2-9)=9
train/7127.jpg,0+(1+4)=5
train/7128.jpg,(1*7)+6=13
train/7129.jpg,(4-3)+1=2
train/7130.jpg,7-0+5=12
train/7131.jpg,0+8*3=24
train/7132.jpg,9+(7+4)=20
train/7133.jpg,5-4*0=5
train/7134.jpg,4+7-6=5
train/7135.jpg,9-(0*2)=9
train/7136.jpg,(0*5)*2=0
train/7137.jpg,3*(1-5)=-12
train/7138.jpg,6+(4*6)=30
train/7139.jpg,(4-3)-7=-6
train/7140.jpg,8-(8-7)=7
train/7141.jpg,0+9+0=9
train/7142.jpg,1*8*7=56
train/7143.jpg,0*1-3=-3
train/7144.jpg,9-(2*9)=-9
train/7145.jpg,(1-5)*0=0
train/7146.jpg,3-0*9=3
train/7147.jpg,0+3*7=21
train/7148.jpg,(6*4)-5=19
train/7149.jpg,7*(2+6)=56
train/7150.jpg,(4+3)+1=8
train/7151.jpg,1*0*2=0
train/7152.jpg,(9*1)+8=17
train/7153.jpg,(5-4)*8=8
train/7154.jpg,5-(1*1)=4
train/7155.jpg,0+9+7=16
train/7156.jpg,(9+0)+7=16
train/7157.jpg,3-(2*6)=-9
train/7158.jpg,(4-4)*2=0
train/7159.jpg,(9*7)*7=441
train/7160.jpg,(2*3)-5=1
train/7161.jpg,(2+5)-6=1
train/7162.jpg,1+(7-3)=5
train/7163.jpg,7-(4+4)=-1
train/7164.jpg,(3-2)+9=10
train/7165.jpg,8-0-6=2
train/7166.jpg,0+8+0=8
train/7167.jpg,1*(8*4)=32
train/7168.jpg,4*(7-2)=20
train/7169.jpg,(1-0)-5=-4
train/7170.jpg,3+9*0=3
train/7171.jpg,0+(2+5)=7
train/7172.jpg,(8+6)+4=18
train/7173.jpg,(0*6)+1=1
train/7174.jpg,(3*3)*2=18
train/7175.jpg,2*9*3=54
train/7176.jpg,5*(3-3)=0
train/7177.jpg,(8+2)*3=30
train/7178.jpg,4+(4*1)=8
train/7179.jpg,(2+4)+8=14
train/7180.jpg,(3+6)-8=1
train/7181.jpg,1-6-1=-6
train/7182.jpg,9+(3-8)=4
train/7183.jpg,2+(4+3)=9
train/7184.jpg,6+(8*0)=6
train/7185.jpg,3-(1+8)=-6
train/7186.jpg,(0*9)+5=5
train/7187.jpg,5+7*1=12
train/7188.jpg,9*4*7=252
train/7189.jpg,8-0*8=8
train/7190.jpg,(3*7)+6=27
train/7191.jpg,(7+6)+6=19
train/7192.jpg,(4+7)*3=33
train/7193.jpg,4-1-6=-3
train/7194.jpg,6*7-5=37
train/7195.jpg,8+(0+4)=12
train/7196.jpg,2+(5+0)=7
train/7197.jpg,(6-9)+2=-1
train/7198.jpg,4+(8-7)=5
train/7199.jpg,8-(4-3)=7
train/7200.jpg,(6*9)*3=162
train/7201.jpg,0-(0*3)=0
train/7202.jpg,6-(0+3)=3
train/7203.jpg,0-(5-6)=1
train/7204.jpg,5-3+9=11
train/7205.jpg,(3*5)+8=23
train/7206.jpg,7-6-7=-6
train/7207.jpg,(1+0)+0=1
train/7208.jpg,(6*6)+1=37
train/7209.jpg,(3*3)+2=11
train/7210.jpg,(7+3)+6=16
train/7211.jpg,(6*3)*6=108
train/7212.jpg,5*5*2=50
train/7213.jpg,0*(8+7)=0
train/7214.jpg,(7+6)-9=4
train/7215.jpg,6*(5*8)=240
train/7216.jpg,9-0-0=9
train/7217.jpg,1+(7+2)=10
train/7218.jpg,(5-0)-2=3
train/7219.jpg,4+7+8=19
train/7220.jpg,8*(1+2)=24
train/7221.jpg,3+(1*4)=7
train/7222.jpg,(9-9)+4=4
train/7223.jpg,(0-0)-0=0
train/7224.jpg,(5*6)*5=150
train/7225.jpg,(6+0)+4=10
train/7226.jpg,(4*7)*6=168
train/7227.jpg,4*7*7=196
train/7228.jpg,5-1+1=5
train/7229.jpg,1*4*4=16
train/7230.jpg,(4*3)*9=108
train/7231.jpg,(2-5)*4=-12
train/7232.jpg,1*(0-7)=-7
train/7233.jpg,5+(9*2)=23
train/7234.jpg,9*(7+2)=81
train/7235.jpg,(3+5)*2=16
train/7236.jpg,(9-7)+5=7
train/7237.jpg,4*(2*5)=40
train/7238.jpg,(9-0)*6=54
train/7239.jpg,8-0-5=3
train/7240.jpg,(5-8)*9=-27
train/7241.jpg,2*(5+4)=18
train/7242.jpg,3*5*7=105
train/7243.jpg,7-6*6=-29
train/7244.jpg,3-0*4=3
train/7245.jpg,(4-0)+9=13
train/7246.jpg,2-(9*2)=-16
train/7247.jpg,8+9-6=11
train/7248.jpg,4*(4+8)=48
train/7249.jpg,9+(0*8)=9
train/7250.jpg,(4-2)*3=6
train/7251.jpg,5*(8*8)=320
train/7252.jpg,3+(2+4)=9
train/7253.jpg,(2+2)*0=0
train/7254.jpg,3*(6*8)=144
train/7255.jpg,1-6-9=-14
train/7256.jpg,(9+7)-4=12
train/7257.jpg,(7-2)+3=8
train/7258.jpg,0+6+4=10
train/7259.jpg,(9+1)+7=17
train/7260.jpg,1*(6*7)=42
train/7261.jpg,5*2+9=19
train/7262.jpg,4+(0-1)=3
train/7263.jpg,4-5-3=-4
train/7264.jpg,9+(0-2)=7
train/7265.jpg,(4-5)+5=4
train/7266.jpg,(7+4)+3=14
train/7267.jpg,8-(3+5)=0
train/7268.jpg,9-(6*2)=-3
train/7269.jpg,0-(2-1)=-1
train/7270.jpg,6*7*0=0
train/7271.jpg,(9*5)*2=90
train/7272.jpg,0-(0*3)=0
train/7273.jpg,2+(5*5)=27
train/7274.jpg,9+3+3=15
train/7275.jpg,4-(7*3)=-17
train/7276.jpg,1-(4-8)=5
train/7277.jpg,9-(3*9)=-18
train/7278.jpg,7-9+9=7
train/7279.jpg,(6+0)+4=10
train/7280.jpg,9+7*8=65
train/7281.jpg,0*(5-6)=0
train/7282.jpg,1+(9*1)=10
train/7283.jpg,3+(4-3)=4
train/7284.jpg,9-5*6=-21
train/7285.jpg,6*6-0=36
train/7286.jpg,5*9*9=405
train/7287.jpg,7+(8+8)=23
train/7288.jpg,4*4-4=12
train/7289.jpg,2*(1+6)=14
train/7290.jpg,7-(3+5)=-1
train/7291.jpg,4*8*9=288
train/7292.jpg,7*(1*2)=14
train/7293.jpg,5*5+7=32
train/7294.jpg,6*(0-4)=-24
train/7295.jpg,(2+5)+7=14
train/7296.jpg,1+(9*9)=82
train/7297.jpg,6*1*8=48
train/7298.jpg,8-2+0=6
train/7299.jpg,(2-6)-0=-4
train/7300.jpg,5-(9+4)=-8
train/7301.jpg,(9+2)-2=9
train/7302.jpg,(4-9)-0=-5
train/7303.jpg,1+1-1=1
train/7304.jpg,8+4-0=12
train/7305.jpg,6+(8-8)=6
train/7306.jpg,1-(4-9)=6
train/7307.jpg,7*(6-8)=-14
train/7308.jpg,4+4-9=-1
train/7309.jpg,9-(9*2)=-9
train/7310.jpg,(2+8)*1=10
train/7311.jpg,(3*5)*9=135
train/7312.jpg,(5-1)*4=16
train/7313.jpg,1-3*7=-20
train/7314.jpg,8+7+0=15
train/7315.jpg,(7+8)*3=45
train/7316.jpg,(1+4)+7=12
train/7317.jpg,4-(9+5)=-10
train/7318.jpg,7+(2-4)=5
train/7319.jpg,6-(2-5)=9
train/7320.jpg,2+(2+8)=12
train/7321.jpg,(0*5)*5=0
train/7322.jpg,7+(1-2)=6
train/7323.jpg,(6-4)+1=3
train/7324.jpg,(1-6)+1=-4
train/7325.jpg,3-1*0=3
train/7326.jpg,3-9-4=-10
train/7327.jpg,6*(7+0)=42
train/7328.jpg,(4-2)-2=0
train/7329.jpg,2*(8+3)=22
train/7330.jpg,8+(6+2)=16
train/7331.jpg,(8+5)+5=18
train/7332.jpg,9*(7*8)=504
train/7333.jpg,7*(8-3)=35
train/7334.jpg,(4-9)+8=3
train/7335.jpg,3+(0*1)=3
train/7336.jpg,8+(4*4)=24
train/7337.jpg,9-(5+4)=0
train/7338.jpg,(2+0)*9=18
train/7339.jpg,(1+0)-6=-5
train/7340.jpg,3-(7+6)=-10
train/7341.jpg,(7-6)-6=-5
train/7342.jpg,(9-4)-9=-4
train/7343.jpg,8-3+8=13
train/7344.jpg,2+(9+5)=16
train/7345.jpg,5*(6-5)=5
train/7346.jpg,9+5+0=14
train/7347.jpg,(0+8)-8=0
train/7348.jpg,0-(1-2)=1
train/7349.jpg,(1*7)*2=14
train/7350.jpg,6-5+1=2
train/7351.jpg,2-9-1=-8
train/7352.jpg,7-0*2=7
train/7353.jpg,2*6*9=108
train/7354.jpg,9-8+0=1
train/7355.jpg,6*(6+9)=90
train/7356.jpg,(6*1)+5=11
train/7357.jpg,4+6+7=17
train/7358.jpg,(8-3)-9=-4
train/7359.jpg,9+2-1=10
train/7360.jpg,(3*7)+6=27
train/7361.jpg,2-(7*3)=-19
train/7362.jpg,0*1+9=9
train/7363.jpg,0*(8+1)=0
train/7364.jpg,3-(8+8)=-13
train/7365.jpg,6+(0*0)=6
train/7366.jpg,6*7+7=49
train/7367.jpg,5+3+9=17
train/7368.jpg,9+(2-9)=2
train/7369.jpg,7*0*3=0
train/7370.jpg,(2+8)-3=7
train/7371.jpg,7*6-2=40
train/7372.jpg,6+(3+2)=11
train/7373.jpg,(5+6)+1=12
train/7374.jpg,(4+1)-9=-4
train/7375.jpg,1-3-7=-9
train/7376.jpg,1-(5-1)=-3
train/7377.jpg,(0*9)-0=0
train/7378.jpg,6-(8*5)=-34
train/7379.jpg,7+(5*8)=47
train/7380.jpg,2+1+5=8
train/7381.jpg,1+0*8=1
train/7382.jpg,6+1*3=9
train/7383.jpg,(3*0)-3=-3
train/7384.jpg,8-(1+8)=-1
train/7385.jpg,2+3+8=13
train/7386.jpg,3*(4*7)=84
train/7387.jpg,8-(2+7)=-1
train/7388.jpg,6*9-2=52
train/7389.jpg,9-5*4=-11
train/7390.jpg,6-7-2=-3
train/7391.jpg,(6+3)-5=4
train/7392.jpg,9+1+5=15
train/7393.jpg,2*(8-3)=10
train/7394.jpg,2+(5*6)=32
train/7395.jpg,2*3*8=48
train/7396.jpg,(3-8)*4=-20
train/7397.jpg,(8-9)-3=-4
train/7398.jpg,5+1*4=9
train/7399.jpg,(7+1)-4=4
train/7400.jpg,(5*8)*2=80
train/7401.jpg,9*(1+7)=72
train/7402.jpg,0*(0+3)=0
train/7403.jpg,5*(8+0)=40
train/7404.jpg,(9-4)*5=25
train/7405.jpg,(4*4)*3=48
train/7406.jpg,3-3-4=-4
train/7407.jpg,6+(2*8)=22
train/7408.jpg,0-3+9=6
train/7409.jpg,6+(2+3)=11
train/7410.jpg,7+2*6=19
train/7411.jpg,6+4+7=17
train/7412.jpg,6-9*2=-12
train/7413.jpg,9+7+6=22
train/7414.jpg,9-(4-4)=9
train/7415.jpg,5+4-3=6
train/7416.jpg,2+(8-7)=3
train/7417.jpg,7-4-8=-5
train/7418.jpg,(0-0)*6=0
train/7419.jpg,(3+1)+6=10
train/7420.jpg,4+(4+1)=9
train/7421.jpg,(2+4)+3=9
train/7422.jpg,7-(0+6)=1
train/7423.jpg,3*(4-8)=-12
train/7424.jpg,2-(7+6)=-11
train/7425.jpg,7-5+3=5
train/7426.jpg,5+0*9=5
train/7427.jpg,(5-1)-2=2
train/7428.jpg,3+1*2=5
train/7429.jpg,6*3+9=27
train/7430.jpg,4+(1-2)=3
train/7431.jpg,1*(7+1)=8
train/7432.jpg,9*6*5=270
train/7433.jpg,(0-1)-4=-5
train/7434.jpg,(6*5)*3=90
train/7435.jpg,(6+4)-1=9
train/7436.jpg,9*1-7=2
train/7437.jpg,(7-2)*9=45
train/7438.jpg,2-8+6=0
train/7439.jpg,4-1+6=9
train/7440.jpg,9-(7*2)=-5
train/7441.jpg,(4*2)-4=4
train/7442.jpg,(2+6)-0=8
train/7443.jpg,(5-4)+6=7
train/7444.jpg,(4*7)*2=56
train/7445.jpg,3+(7-6)=4
train/7446.jpg,(1-4)+6=3
train/7447.jpg,9+3*0=9
train/7448.jpg,2*3+0=6
train/7449.jpg,7+(0*9)=7
train/7450.jpg,(5*4)-3=17
train/7451.jpg,3+(3-8)=-2
train/7452.jpg,2+8*5=42
train/7453.jpg,5-(8-2)=-1
train/7454.jpg,(5+5)*6=60
train/7455.jpg,7*(3+1)=28
train/7456.jpg,(7+1)*5=40
train/7457.jpg,(8+5)*1=13
train/7458.jpg,0-(9+0)=-9
train/7459.jpg,7-5*8=-33
train/7460.jpg,1+(1+4)=6
train/7461.jpg,(9+4)*6=78
train/7462.jpg,4-(1-3)=6
train/7463.jpg,2-(6*2)=-10
train/7464.jpg,(3+2)*7=35
train/7465.jpg,8*4*1=32
train/7466.jpg,6*(4-6)=-12
train/7467.jpg,5*1*9=45
train/7468.jpg,8+(9*5)=53
train/7469.jpg,5+(3-7)=1
train/7470.jpg,9-2+0=7
train/7471.jpg,6+(8-6)=8
train/7472.jpg,9*(7-7)=0
train/7473.jpg,3*5+6=21
train/7474.jpg,9+(8*6)=57
train/7475.jpg,2*(3-6)=-6
train/7476.jpg,0-0-7=-7
train/7477.jpg,2*(6*0)=0
train/7478.jpg,(7+0)*0=0
train/7479.jpg,(4-7)+6=3
train/7480.jpg,9-(0+0)=9
train/7481.jpg,(4+2)+8=14
train/7482.jpg,4+2+6=12
train/7483.jpg,5+(5*2)=15
train/7484.jpg,0+0+4=4
train/7485.jpg,2+(6-3)=5
train/7486.jpg,3*5*1=15
train/7487.jpg,5-(6*5)=-25
train/7488.jpg,6-3*0=6
train/7489.jpg,(7-2)-7=-2
train/7490.jpg,3+0-7=-4
train/7491.jpg,8-8-2=-2
train/7492.jpg,2*0*9=0
train/7493.jpg,3+(7*2)=17
train/7494.jpg,0-2*3=-6
train/7495.jpg,9+(3+7)=19
train/7496.jpg,4+(0-2)=2
train/7497.jpg,(5-3)*7=14
train/7498.jpg,(6*0)+9=9
train/7499.jpg,1-3+5=3
train/7500.jpg,(6-7)*8=-8
train/7501.jpg,(6+3)+2=11
train/7502.jpg,5+4+3=12
train/7503.jpg,(0*1)*5=0
train/7504.jpg,6-(1+4)=1
train/7505.jpg,(9+7)*2=32
train/7506.jpg,7*(5+4)=63
train/7507.jpg,7-(6-3)=4
train/7508.jpg,(0*6)+2=2
train/7509.jpg,3-(4+8)=-9
train/7510.jpg,2*9*5=90
train/7511.jpg,0*(2+2)=0
train/7512.jpg,9+(8+5)=22
train/7513.jpg,1+0*7=1
train/7514.jpg,(3+9)-8=4
train/7515.jpg,5+1*1=6
train/7516.jpg,0+6*1=6
train/7517.jpg,(8-2)*8=48
train/7518.jpg,0*(8+5)=0
train/7519.jpg,0-(6+2)=-8
train/7520.jpg,(2*8)*0=0
train/7521.jpg,1-(8+0)=-7
train/7522.jpg,(9*8)-9=63
train/7523.jpg,9-5+4=8
train/7524.jpg,(8*0)-4=-4
train/7525.jpg,2*(1*3)=6
train/7526.jpg,6+(0+6)=12
train/7527.jpg,2-2+5=5
train/7528.jpg,9-7-8=-6
train/7529.jpg,0-(4+9)=-13
train/7530.jpg,(7+6)*2=26
train/7531.jpg,(6*1)-5=1
train/7532.jpg,3*4*0=0
train/7533.jpg,9+(5+4)=18
train/7534.jpg,2-(4*5)=-18
train/7535.jpg,3+(2*2)=7
train/7536.jpg,0*(9-6)=0
train/7537.jpg,4*6-4=20
train/7538.jpg,9-(1*9)=0
train/7539.jpg,0+(7-4)=3
train/7540.jpg,4*9+2=38
train/7541.jpg,1+9*4=37
train/7542.jpg,1*4-7=-3
train/7543.jpg,0-(1-1)=0
train/7544.jpg,4-(8+1)=-5
train/7545.jpg,5+6-1=10
train/7546.jpg,(9*4)-2=34
train/7547.jpg,6+2*3=12
train/7548.jpg,(0+3)+2=5
train/7549.jpg,(5*5)+2=27
train/7550.jpg,1*(6*7)=42
train/7551.jpg,6*(4*2)=48
train/7552.jpg,4-5-0=-1
train/7553.jpg,(2-3)-3=-4
train/7554.jpg,9*(3+7)=90
train/7555.jpg,9-(5+8)=-4
train/7556.jpg,(2*5)-4=6
train/7557.jpg,0-(9*5)=-45
train/7558.jpg,3*4+7=19
train/7559.jpg,9+9*3=36
train/7560.jpg,1-8+5=-2
train/7561.jpg,(2+1)-8=-5
train/7562.jpg,(0+0)+2=2
train/7563.jpg,4+5+4=13
train/7564.jpg,7*8*6=336
train/7565.jpg,2-2*1=0
train/7566.jpg,7*(0*5)=0
train/7567.jpg,5+2*9=23
train/7568.jpg,0-(2-3)=1
train/7569.jpg,4+2-4=2
train/7570.jpg,(4-1)-7=-4
train/7571.jpg,5-(6-9)=8
train/7572.jpg,4+6*9=58
train/7573.jpg,4-(7-7)=4
train/7574.jpg,5+5*8=45
train/7575.jpg,6*2*0=0
train/7576.jpg,(8+8)+3=19
train/7577.jpg,9+7+1=17
train/7578.jpg,5+1*6=11
train/7579.jpg,6+(7-1)=12
train/7580.jpg,4-2-3=-1
train/7581.jpg,(0-1)-3=-4
train/7582.jpg,9-5+1=5
train/7583.jpg,(4+3)*1=7
train/7584.jpg,(0-0)-6=-6
train/7585.jpg,(1*1)*9=9
train/7586.jpg,7+5-8=4
train/7587.jpg,(3+2)+9=14
train/7588.jpg,9*(5+2)=63
train/7589.jpg,(0+1)*3=3
train/7590.jpg,(7*4)+2=30
train/7591.jpg,1-1+4=4
train/7592.jpg,(2-4)-2=-4
train/7593.jpg,(5+0)-1=4
train/7594.jpg,2+(0-7)=-5
train/7595.jpg,1-(0+2)=-1
train/7596.jpg,8+(7-5)=10
train/7597.jpg,(7*1)*7=49
train/7598.jpg,1-(6-9)=4
train/7599.jpg,9-(5-4)=8
train/7600.jpg,2+4-2=4
train/7601.jpg,(0+8)+1=9
train/7602.jpg,2*(3+2)=10
train/7603.jpg,4-3*3=-5
train/7604.jpg,(2+7)*9=81
train/7605.jpg,(1+2)*5=15
train/7606.jpg,(9-7)+0=2
train/7607.jpg,5+(6-3)=8
train/7608.jpg,6+(5+6)=17
train/7609.jpg,(9-3)-6=0
train/7610.jpg,(5-7)*7=-14
train/7611.jpg,9+(4*7)=37
train/7612.jpg,7+(4+6)=17
train/7613.jpg,(5-4)-9=-8
train/7614.jpg,5*4-9=11
train/7615.jpg,9-(9*2)=-9
train/7616.jpg,(1*4)*8=32
train/7617.jpg,(1-8)-1=-8
train/7618.jpg,8+6-8=6
train/7619.jpg,9+4-3=10
train/7620.jpg,0-(1+9)=-10
train/7621.jpg,8*6-4=44
train/7622.jpg,4*(6+8)=56
train/7623.jpg,7+6*4=31
train/7624.jpg,7+(8-1)=14
train/7625.jpg,6-(2-2)=6
train/7626.jpg,3+(9+9)=21
train/7627.jpg,1*(1+6)=7
train/7628.jpg,7*6+3=45
train/7629.jpg,8*(2-5)=-24
train/7630.jpg,4-6*7=-38
train/7631.jpg,3-(4+5)=-6
train/7632.jpg,(6+5)-0=11
train/7633.jpg,(3*1)-8=-5
train/7634.jpg,(7+3)+5=15
train/7635.jpg,9*9-3=78
train/7636.jpg,6-1+6=11
train/7637.jpg,7*(1+4)=35
train/7638.jpg,1-(3-3)=1
train/7639.jpg,6*1*1=6
train/7640.jpg,4-9*9=-77
train/7641.jpg,3*9+3=30
train/7642.jpg,7+3*0=7
train/7643.jpg,(8+3)+6=17
train/7644.jpg,(0-0)*9=0
train/7645.jpg,9+(4*0)=9
train/7646.jpg,8*9+1=73
train/7647.jpg,(4-0)-9=-5
train/7648.jpg,(3+2)+4=9
train/7649.jpg,9*1-3=6
train/7650.jpg,4*(2+1)=12
train/7651.jpg,5*3*0=0
train/7652.jpg,5*3+4=19
train/7653.jpg,1-0+1=2
train/7654.jpg,(0*3)*2=0
train/7655.jpg,7*(0+3)=21
train/7656.jpg,2+9-1=10
train/7657.jpg,4*(4*7)=112
train/7658.jpg,6*(5-0)=30
train/7659.jpg,9+2-0=11
train/7660.jpg,7-1+5=11
train/7661.jpg,8-3-5=0
train/7662.jpg,(8+2)+8=18
train/7663.jpg,7+3-5=5
train/7664.jpg,2+1*7=9
train/7665.jpg,2*(9-2)=14
train/7666.jpg,3*4*3=36
train/7667.jpg,5-5*7=-30
train/7668.jpg,2+7+3=12
train/7669.jpg,7-(6*6)=-29
train/7670.jpg,5-(5-8)=8
train/7671.jpg,5-4+1=2
train/7672.jpg,(6-4)-5=-3
train/7673.jpg,1-4+7=4
train/7674.jpg,4-8*2=-12
train/7675.jpg,(2-2)*3=0
train/7676.jpg,2+7*8=58
train/7677.jpg,(2-2)+0=0
train/7678.jpg,(3+1)+5=9
train/7679.jpg,(7+0)+0=7
train/7680.jpg,5-(7-6)=4
train/7681.jpg,8+7+6=21
train/7682.jpg,4-0-2=2
train/7683.jpg,3-(3*7)=-18
train/7684.jpg,(0+9)-9=0
train/7685.jpg,7+(6+4)=17
train/7686.jpg,(0-5)+0=-5
train/7687.jpg,0*(0+9)=0
train/7688.jpg,9*6-9=45
train/7689.jpg,9*9-9=72
train/7690.jpg,3-8*4=-29
train/7691.jpg,1*4+9=13
train/7692.jpg,(8+0)-6=2
train/7693.jpg,1-4*7=-27
train/7694.jpg,(1+6)+4=11
train/7695.jpg,2*4-2=6
train/7696.jpg,0*(7+3)=0
train/7697.jpg,(4+2)+0=6
train/7698.jpg,3-3-9=-9
train/7699.jpg,2+3+6=11
train/7700.jpg,(0+5)+9=14
train/7701.jpg,4+1-6=-1
train/7702.jpg,(2*5)+7=17
train/7703.jpg,9+(9-3)=15
train/7704.jpg,3-3-0=0
train/7705.jpg,(4+4)+5=13
train/7706.jpg,0+(5*4)=20
train/7707.jpg,8-(7*8)=-48
train/7708.jpg,(7*9)*7=441
train/7709.jpg,(5*0)-7=-7
train/7710.jpg,4+(1-2)=3
train/7711.jpg,(2+8)+9=19
train/7712.jpg,5*(6-5)=5
train/7713.jpg,7+2*8=23
train/7714.jpg,(3-5)-7=-9
train/7715.jpg,7-2-2=3
train/7716.jpg,2*(7+1)=16
train/7717.jpg,2-6+4=0
train/7718.jpg,(6+9)-1=14
train/7719.jpg,9-(5*1)=4
train/7720.jpg,4-(4-3)=3
train/7721.jpg,3*(0*9)=0
train/7722.jpg,8+(4-9)=3
train/7723.jpg,1-2*5=-9
train/7724.jpg,(2*2)-0=4
train/7725.jpg,(4+0)*2=8
train/7726.jpg,0+3+9=12
train/7727.jpg,9+(9-9)=9
train/7728.jpg,(5-3)*2=4
train/7729.jpg,(3+2)-1=4
train/7730.jpg,5+(4+7)=16
train/7731.jpg,7*2+4=18
train/7732.jpg,1+(9+8)=18
train/7733.jpg,(0-4)-3=-7
train/7734.jpg,(7+5)+3=15
train/7735.jpg,0-0+7=7
train/7736.jpg,5-2+7=10
train/7737.jpg,(3-4)*7=-7
train/7738.jpg,(4*0)-3=-3
train/7739.jpg,(6-6)+5=5
train/7740.jpg,8*(6*7)=336
train/7741.jpg,8*(8*9)=576
train/7742.jpg,8+3+1=12
train/7743.jpg,2-(8*5)=-38
train/7744.jpg,(2*5)-3=7
train/7745.jpg,2*(1*2)=4
train/7746.jpg,(0+8)-3=5
train/7747.jpg,1*4+4=8
train/7748.jpg,(1-5)-8=-12
train/7749.jpg,(9*0)+2=2
train/7750.jpg,7*4*5=140
train/7751.jpg,(9+7)+7=23
train/7752.jpg,(0*4)-8=-8
train/7753.jpg,(5+4)*0=0
train/7754.jpg,1-(6+0)=-5
train/7755.jpg,7+9-1=15
train/7756.jpg,8-(8-1)=1
train/7757.jpg,3-5+7=5
train/7758.jpg,(5*7)-0=35
train/7759.jpg,(0+4)+0=4
train/7760.jpg,(1-9)+7=-1
train/7761.jpg,1*9-2=7
train/7762.jpg,9+(1-6)=4
train/7763.jpg,5+(8*7)=61
train/7764.jpg,8+(3-4)=7
train/7765.jpg,(3-8)*0=0
train/7766.jpg,8*(5*7)=280
train/7767.jpg,(5*4)*2=40
train/7768.jpg,3+8+7=18
train/7769.jpg,0*(5-4)=0
train/7770.jpg,(9*2)+9=27
train/7771.jpg,5+(9*6)=59
train/7772.jpg,1*(3+3)=6
train/7773.jpg,(6-2)-1=3
train/7774.jpg,2+(6*6)=38
train/7775.jpg,0-3*5=-15
train/7776.jpg,8-(6+2)=0
train/7777.jpg,5*(0*0)=0
train/7778.jpg,9+(3-8)=4
train/7779.jpg,1+(2-0)=3
train/7780.jpg,8*0+8=8
train/7781.jpg,1*(5*4)=20
train/7782.jpg,(1*0)-8=-8
train/7783.jpg,(9*2)+6=24
train/7784.jpg,(1+9)*8=80
train/7785.jpg,(2*9)-5=13
train/7786.jpg,7-2+0=5
train/7787.jpg,5-(2-0)=3
train/7788.jpg,(6*1)*2=12
train/7789.jpg,9*6+6=60
train/7790.jpg,9+(0-4)=5
train/7791.jpg,(3-1)+0=2
train/7792.jpg,3-(6*9)=-51
train/7793.jpg,7-8-4=-5
train/7794.jpg,1-(8-1)=-6
train/7795.jpg,6+2+3=11
train/7796.jpg,(5-9)*0=0
train/7797.jpg,(5-7)*8=-16
train/7798.jpg,2-3*7=-19
train/7799.jpg,(2+6)+4=12
train/7800.jpg,(8+1)-4=5
train/7801.jpg,3+9-2=10
train/7802.jpg,8-(4+7)=-3
train/7803.jpg,3-(3+3)=-3
train/7804.jpg,(3*6)-2=16
train/7805.jpg,(0*6)+2=2
train/7806.jpg,7*8+5=61
train/7807.jpg,3-0*9=3
train/7808.jpg,9+(9-7)=11
train/7809.jpg,3*2-7=-1
train/7810.jpg,9+(7+1)=17
train/7811.jpg,7-9+3=1
train/7812.jpg,3-7*4=-25
train/7813.jpg,3*(4*2)=24
train/7814.jpg,(1*7)-9=-2
train/7815.jpg,0+8+6=14
train/7816.jpg,2-0*2=2
train/7817.jpg,(7+4)*1=11
train/7818.jpg,7+(1-0)=8
train/7819.jpg,(7-0)-9=-2
train/7820.jpg,1*4*6=24
train/7821.jpg,(6-3)-8=-5
train/7822.jpg,6-3-3=0
train/7823.jpg,(0+8)+5=13
train/7824.jpg,8*2*8=128
train/7825.jpg,(1-8)+0=-7
train/7826.jpg,(6-8)-7=-9
train/7827.jpg,2+0*9=2
train/7828.jpg,7*(7*8)=392
train/7829.jpg,8+5-3=10
train/7830.jpg,(4+7)+7=18
train/7831.jpg,(0-9)+4=-5
train/7832.jpg,8*4+2=34
train/7833.jpg,9*7+7=70
train/7834.jpg,(5+3)-0=8
train/7835.jpg,8+4+8=20
train/7836.jpg,(4-2)-6=-4
train/7837.jpg,(9*0)*9=0
train/7838.jpg,8-2+3=9
train/7839.jpg,6-8-9=-11
train/7840.jpg,(5+4)-2=7
train/7841.jpg,7*0-6=-6
train/7842.jpg,5+(7-3)=9
train/7843.jpg,9-7-8=-6
train/7844.jpg,(3*9)*8=216
train/7845.jpg,4+(8+5)=17
train/7846.jpg,5*(0*4)=0
train/7847.jpg,8*(4*0)=0
train/7848.jpg,1-(8*9)=-71
train/7849.jpg,4-(1-5)=8
train/7850.jpg,(6*5)+3=33
train/7851.jpg,(5*5)+7=32
train/7852.jpg,3*(2+4)=18
train/7853.jpg,4+(6-7)=3
train/7854.jpg,6*1*1=6
train/7855.jpg,(0+4)+6=10
train/7856.jpg,8+2-9=1
train/7857.jpg,9+(9-4)=14
train/7858.jpg,9-(1-3)=11
train/7859.jpg,2*(9+2)=22
train/7860.jpg,(6-5)*8=8
train/7861.jpg,(6-6)-5=-5
train/7862.jpg,5-(8+4)=-7
train/7863.jpg,(1+0)*5=5
train/7864.jpg,3+9+6=18
train/7865.jpg,(0-3)-2=-5
train/7866.jpg,4+(9*8)=76
train/7867.jpg,3-8*5=-37
train/7868.jpg,1*4*8=32
train/7869.jpg,(7+4)*3=33
train/7870.jpg,3*9-3=24
train/7871.jpg,(3-0)*5=15
train/7872.jpg,3-7+6=2
train/7873.jpg,0+5-8=-3
train/7874.jpg,3-9*4=-33
train/7875.jpg,7+(2*2)=11
train/7876.jpg,(2*7)*3=42
train/7877.jpg,(4+5)+8=17
train/7878.jpg,5-1-2=2
train/7879.jpg,3+3*2=9
train/7880.jpg,(8*0)-3=-3
train/7881.jpg,9-(0+9)=0
train/7882.jpg,9-9*1=0
train/7883.jpg,9*(4+8)=108
train/7884.jpg,9+(0+3)=12
train/7885.jpg,7-4*2=-1
train/7886.jpg,1+(7*1)=8
train/7887.jpg,8+1-9=0
train/7888.jpg,4-2*1=2
train/7889.jpg,(9+8)*0=0
train/7890.jpg,5+7-9=3
train/7891.jpg,2-3+4=3
train/7892.jpg,(5*5)*5=125
train/7893.jpg,2+(2+0)=4
train/7894.jpg,7+8-1=14
train/7895.jpg,1+(9+7)=17
train/7896.jpg,6+(3*9)=33
train/7897.jpg,1*(9+3)=12
train/7898.jpg,4*(2-4)=-8
train/7899.jpg,8*(8*7)=448
train/7900.jpg,1+5+2=8
train/7901.jpg,(5+8)+0=13
train/7902.jpg,9-1+9=17
train/7903.jpg,0*5+9=9
train/7904.jpg,4*(5+5)=40
train/7905.jpg,(2+5)*6=42
train/7906.jpg,(3*3)-4=5
train/7907.jpg,6*(7-0)=42
train/7908.jpg,(1-5)-8=-12
train/7909.jpg,(2+1)+6=9
train/7910.jpg,(8*3)-9=15
train/7911.jpg,5-9+8=4
train/7912.jpg,(7*0)+2=2
train/7913.jpg,1*5+0=5
train/7914.jpg,0+4+5=9
train/7915.jpg,(3*0)*5=0
train/7916.jpg,9*(9*0)=0
train/7917.jpg,7+9*9=88
train/7918.jpg,(3-5)-9=-11
train/7919.jpg,(8*3)*0=0
train/7920.jpg,8-8+1=1
train/7921.jpg,(0*9)*2=0
train/7922.jpg,0+9*4=36
train/7923.jpg,8+4*8=40
train/7924.jpg,(3-0)-1=2
train/7925.jpg,1*2+9=11
train/7926.jpg,8-7+4=5
train/7927.jpg,8-(0-7)=15
train/7928.jpg,0+7-9=-2
train/7929.jpg,5*(7*1)=35
train/7930.jpg,(2-5)*9=-27
train/7931.jpg,(7-7)*4=0
train/7932.jpg,2-(3*4)=-10
train/7933.jpg,2-1+5=6
train/7934.jpg,5+2*4=13
train/7935.jpg,2-1*3=-1
train/7936.jpg,(6*2)+9=21
train/7937.jpg,8*3+0=24
train/7938.jpg,3-6*5=-27
train/7939.jpg,7-8+3=2
train/7940.jpg,1*5*0=0
train/7941.jpg,(0*3)*7=0
train/7942.jpg,0+7+4=11
train/7943.jpg,3-4+8=7
train/7944.jpg,(0-8)-9=-17
train/7945.jpg,6+7-6=7
train/7946.jpg,(7+3)-3=7
train/7947.jpg,2+(2*2)=6
train/7948.jpg,0-(7*7)=-49
train/7949.jpg,4-(0-0)=4
train/7950.jpg,(9-3)+0=6
train/7951.jpg,(0-4)*3=-12
train/7952.jpg,1+(1*6)=7
train/7953.jpg,(2*6)+0=12
train/7954.jpg,1-8-7=-14
train/7955.jpg,(6-4)+1=3
train/7956.jpg,(8+8)+0=16
train/7957.jpg,(1*8)+5=13
train/7958.jpg,8-(5-4)=7
train/7959.jpg,(6*1)*6=36
train/7960.jpg,(4-2)-9=-7
train/7961.jpg,1-8-1=-8
train/7962.jpg,(5+8)+2=15
train/7963.jpg,(8+7)-9=6
train/7964.jpg,4+0-3=1
train/7965.jpg,2+6-1=7
train/7966.jpg,(1+0)-5=-4
train/7967.jpg,3-2-8=-7
train/7968.jpg,0+(6*7)=42
train/7969.jpg,9*7+5=68
train/7970.jpg,(4-2)+5=7
train/7971.jpg,8-2-5=1
train/7972.jpg,8*(9-4)=40
train/7973.jpg,(6+0)*0=0
train/7974.jpg,4*(8+6)=56
train/7975.jpg,8*(8-4)=32
train/7976.jpg,8*7*3=168
train/7977.jpg,3-(7+1)=-5
train/7978.jpg,(7+3)*0=0
train/7979.jpg,(5-0)+0=5
train/7980.jpg,(8+1)-5=4
train/7981.jpg,(6+1)-6=1
train/7982.jpg,6*(6+4)=60
train/7983.jpg,2-9+4=-3
train/7984.jpg,7-(1-4)=10
train/7985.jpg,7-0+0=7
train/7986.jpg,(8+1)*1=9
train/7987.jpg,(6-1)*0=0
train/7988.jpg,1*2-8=-6
train/7989.jpg,0*4-4=-4
train/7990.jpg,6*(6+7)=78
train/7991.jpg,0-(6*6)=-36
train/7992.jpg,3+4-3=4
train/7993.jpg,9-(2+9)=-2
train/7994.jpg,3+9+0=12
train/7995.jpg,(2-0)+4=6
train/7996.jpg,3-(6-4)=1
train/7997.jpg,(2-9)+5=-2
train/7998.jpg,(3-3)*8=0
train/7999.jpg,5+(0+3)=8
train/8000.jpg,(2+4)*7=42
train/8001.jpg,8-8*9=-64
train/8002.jpg,1*6+8=14
train/8003.jpg,(9+8)-0=17
train/8004.jpg,4+7+3=14
train/8005.jpg,(5+9)-0=14
train/8006.jpg,7*2-1=13
train/8007.jpg,(8*3)*1=24
train/8008.jpg,(8+5)*3=39
train/8009.jpg,(3*4)-7=5
train/8010.jpg,(5+9)*9=126
train/8011.jpg,(9*5)*1=45
train/8012.jpg,2*8*9=144
train/8013.jpg,7+(8+9)=24
train/8014.jpg,3+(1*6)=9
train/8015.jpg,(1+2)+1=4
train/8016.jpg,0*(7*1)=0
train/8017.jpg,(7+9)+7=23
train/8018.jpg,2-(4*7)=-26
train/8019.jpg,0*9-5=-5
train/8020.jpg,2+(9-2)=9
train/8021.jpg,(6*5)+6=36
train/8022.jpg,0*5+2=2
train/8023.jpg,8*3+1=25
train/8024.jpg,3+(3+0)=6
train/8025.jpg,2*(2*2)=8
train/8026.jpg,0-7-4=-11
train/8027.jpg,2+(3*1)=5
train/8028.jpg,6+(8+9)=23
train/8029.jpg,(0*5)*6=0
train/8030.jpg,(7+3)*4=40
train/8031.jpg,5*2+0=10
train/8032.jpg,8+(9+4)=21
train/8033.jpg,6+3+2=11
train/8034.jpg,(7*0)+1=1
train/8035.jpg,5-(7-8)=6
train/8036.jpg,0*(9-7)=0
train/8037.jpg,(6+4)*6=60
train/8038.jpg,5*5-1=24
train/8039.jpg,6+(2-4)=4
train/8040.jpg,2*7-0=14
train/8041.jpg,(1*0)+8=8
train/8042.jpg,6+(5+8)=19
train/8043.jpg,2-(5-0)=-3
train/8044.jpg,(8*0)+9=9
train/8045.jpg,0*8*0=0
train/8046.jpg,(0*7)+6=6
train/8047.jpg,1-(0*0)=1
train/8048.jpg,(0-2)-9=-11
train/8049.jpg,(9*1)*2=18
train/8050.jpg,(5-4)-7=-6
train/8051.jpg,6-(1-4)=9
train/8052.jpg,(4-5)*2=-2
train/8053.jpg,2*(1*8)=16
train/8054.jpg,6*5+8=38
train/8055.jpg,2+(8*1)=10
train/8056.jpg,(0*1)+3=3
train/8057.jpg,7*(9+7)=112
train/8058.jpg,(3*2)*7=42
train/8059.jpg,(9*7)*3=189
train/8060.jpg,1*5+8=13
train/8061.jpg,4+(9*7)=67
train/8062.jpg,3+(6+9)=18
train/8063.jpg,9*2*4=72
train/8064.jpg,4*4+5=21
train/8065.jpg,0-7-7=-14
train/8066.jpg,(3-2)-5=-4
train/8067.jpg,2*5*4=40
train/8068.jpg,7+9*4=43
train/8069.jpg,5+(9+0)=14
train/8070.jpg,(2+1)*1=3
train/8071.jpg,8-(3*9)=-19
train/8072.jpg,8+(5*9)=53
train/8073.jpg,(5-6)*2=-2
train/8074.jpg,(4*7)*9=252
train/8075.jpg,5*6-7=23
train/8076.jpg,(5-4)*2=2
train/8077.jpg,6-3+6=9
train/8078.jpg,0-6-9=-15
train/8079.jpg,(1+6)*5=35
train/8080.jpg,6+1*1=7
train/8081.jpg,(7-7)+5=5
train/8082.jpg,9+4+8=21
train/8083.jpg,0-7+0=-7
train/8084.jpg,9-3-7=-1
train/8085.jpg,7+3-6=4
train/8086.jpg,3-(9*8)=-69
train/8087.jpg,(5+5)-7=3
train/8088.jpg,2+(9*1)=11
train/8089.jpg,1+(3*1)=4
train/8090.jpg,(1-9)+2=-6
train/8091.jpg,2+(3-3)=2
train/8092.jpg,2*(6*8)=96
train/8093.jpg,0+(3+7)=10
train/8094.jpg,(5-4)*8=8
train/8095.jpg,3-(5+0)=-2
train/8096.jpg,(0+5)+7=12
train/8097.jpg,(0*3)+5=5
train/8098.jpg,(9+8)-0=17
train/8099.jpg,9-(7-1)=3
train/8100.jpg,(8*5)*7=280
train/8101.jpg,0-(1*0)=0
train/8102.jpg,0-1-8=-9
train/8103.jpg,7-(4*5)=-13
train/8104.jpg,1-(6*7)=-41
train/8105.jpg,1-9+1=-7
train/8106.jpg,(2+3)*3=15
train/8107.jpg,9+(0+7)=16
train/8108.jpg,9*(0-4)=-36
train/8109.jpg,8*1*4=32
train/8110.jpg,(8*0)+1=1
train/8111.jpg,7+4+6=17
train/8112.jpg,4-3-2=-1
train/8113.jpg,5-5-6=-6
train/8114.jpg,(7*4)-6=22
train/8115.jpg,7-0*9=7
train/8116.jpg,3+(0-2)=1
train/8117.jpg,(1+7)-9=-1
train/8118.jpg,7-3-9=-5
train/8119.jpg,7-8+0=-1
train/8120.jpg,3*9-4=23
train/8121.jpg,1+4-7=-2
train/8122.jpg,3-(6*9)=-51
train/8123.jpg,(0+7)*4=28
train/8124.jpg,6+(8*1)=14
train/8125.jpg,2+(5+0)=7
train/8126.jpg,(2+3)-0=5
train/8127.jpg,(3-3)*9=0
train/8128.jpg,1-8*2=-15
train/8129.jpg,7-(0+7)=0
train/8130.jpg,4+(4*2)=12
train/8131.jpg,5+9+0=14
train/8132.jpg,6*(0-6)=-36
train/8133.jpg,4*7-4=24
train/8134.jpg,(5+3)-1=7
train/8135.jpg,1+7-9=-1
train/8136.jpg,(4*9)+6=42
train/8137.jpg,6*3-6=12
train/8138.jpg,(4-2)-8=-6
train/8139.jpg,1-(2+1)=-2
train/8140.jpg,(5-5)-6=-6
train/8141.jpg,7-9*5=-38
train/8142.jpg,3*5-5=10
train/8143.jpg,(9-9)*6=0
train/8144.jpg,0-(7-4)=-3
train/8145.jpg,2-8+6=0
train/8146.jpg,6+(0*1)=6
train/8147.jpg,0-4*9=-36
train/8148.jpg,9+8-2=15
train/8149.jpg,3-5-2=-4
train/8150.jpg,4-5+3=2
train/8151.jpg,1+(7*4)=29
train/8152.jpg,(8+0)-9=-1
train/8153.jpg,5+8+0=13
train/8154.jpg,0+1-2=-1
train/8155.jpg,7+(7+7)=21
train/8156.jpg,8+5+4=17
train/8157.jpg,3-2+5=6
train/8158.jpg,4+3*3=13
train/8159.jpg,6*2+2=14
train/8160.jpg,1*(4*2)=8
train/8161.jpg,6*(0+3)=18
train/8162.jpg,2*9-0=18
train/8163.jpg,(7*0)-7=-7
train/8164.jpg,2-9*9=-79
train/8165.jpg,4*(6-6)=0
train/8166.jpg,(6+4)+8=18
train/8167.jpg,2-5+3=0
train/8168.jpg,9+2*3=15
train/8169.jpg,8*4*4=128
train/8170.jpg,6-(8-1)=-1
train/8171.jpg,6-(7+6)=-7
train/8172.jpg,3-(3+4)=-4
train/8173.jpg,(7-8)+1=0
train/8174.jpg,6*8*6=288
train/8175.jpg,(4+6)*8=80
train/8176.jpg,8*(6+4)=80
train/8177.jpg,0+1-8=-7
train/8178.jpg,4-1+2=5
train/8179.jpg,(1+0)+8=9
train/8180.jpg,(1-7)-6=-12
train/8181.jpg,(8-0)-7=1
train/8182.jpg,6*(2-9)=-42
train/8183.jpg,6*(0+8)=48
train/8184.jpg,(4*4)-2=14
train/8185.jpg,1-(9-1)=-7
train/8186.jpg,0*8*6=0
train/8187.jpg,8+7+5=20
train/8188.jpg,1-(8-1)=-6
train/8189.jpg,1+5-4=2
train/8190.jpg,4*(7-7)=0
train/8191.jpg,9*(8+5)=117
train/8192.jpg,3*(0+0)=0
train/8193.jpg,1*5-5=0
train/8194.jpg,4+8-7=5
train/8195.jpg,6-(7+2)=-3
train/8196.jpg,8+8+4=20
train/8197.jpg,0+(5-3)=2
train/8198.jpg,(1+5)*0=0
train/8199.jpg,9*(8+2)=90
train/8200.jpg,(1+3)+7=11
train/8201.jpg,9*9*7=567
train/8202.jpg,(7-0)+3=10
train/8203.jpg,7*(7-6)=7
train/8204.jpg,(5*4)*7=140
train/8205.jpg,3+(4+8)=15
train/8206.jpg,4-(2*8)=-12
train/8207.jpg,(7+7)-7=7
train/8208.jpg,7+(1+5)=13
train/8209.jpg,(3*3)*0=0
train/8210.jpg,9-2*6=-3
train/8211.jpg,3+6-4=5
train/8212.jpg,5-(8+4)=-7
train/8213.jpg,5+5-2=8
train/8214.jpg,(1-7)-6=-12
train/8215.jpg,7*6+2=44
train/8216.jpg,4*6+9=33
train/8217.jpg,9+(2-5)=6
train/8218.jpg,0-(5+1)=-6
train/8219.jpg,5+8*9=77
train/8220.jpg,4+(2*0)=4
train/8221.jpg,6-2-1=3
train/8222.jpg,1*(6*2)=12
train/8223.jpg,(8*8)*1=64
train/8224.jpg,9+2+9=20
train/8225.jpg,5-9*1=-4
train/8226.jpg,(8-5)*8=24
train/8227.jpg,2-(4*8)=-30
train/8228.jpg,(0-4)-9=-13
train/8229.jpg,4-(8*4)=-28
train/8230.jpg,6*(3+7)=60
train/8231.jpg,5*0-4=-4
train/8232.jpg,3+2-2=3
train/8233.jpg,4-2-0=2
train/8234.jpg,4-2*8=-12
train/8235.jpg,(7-3)*5=20
train/8236.jpg,2-9+1=-6
train/8237.jpg,1-(7-0)=-6
train/8238.jpg,7*5*6=210
train/8239.jpg,(4+6)+0=10
train/8240.jpg,(2-1)-1=0
train/8241.jpg,4*(5*5)=100
train/8242.jpg,4+5+4=13
train/8243.jpg,1-6+7=2
train/8244.jpg,7*(5*9)=315
train/8245.jpg,1+8-3=6
train/8246.jpg,(4*5)+0=20
train/8247.jpg,9-3*6=-9
train/8248.jpg,5*3-8=7
train/8249.jpg,5*8-6=34
train/8250.jpg,0+(0-4)=-4
train/8251.jpg,8-8+3=3
train/8252.jpg,(2*6)*7=84
train/8253.jpg,9*5-3=42
train/8254.jpg,0+(7*6)=42
train/8255.jpg,8*(5-9)=-32
train/8256.jpg,(2-3)+6=5
train/8257.jpg,4-4+7=7
train/8258.jpg,5-4*5=-15
train/8259.jpg,8*(9-2)=56
train/8260.jpg,6-(8+8)=-10
train/8261.jpg,7-(6-0)=1
train/8262.jpg,9-2*8=-7
train/8263.jpg,3-6-5=-8
train/8264.jpg,5-7*3=-16
train/8265.jpg,9-5*0=9
train/8266.jpg,(1*8)*6=48
train/8267.jpg,7*(9-0)=63
train/8268.jpg,(3*2)-5=1
train/8269.jpg,6+(4*8)=38
train/8270.jpg,8-(7-2)=3
train/8271.jpg,(1-7)-3=-9
train/8272.jpg,(8+6)-0=14
train/8273.jpg,(9*9)+3=84
train/8274.jpg,(9-7)-8=-6
train/8275.jpg,0+3*2=6
train/8276.jpg,(6-9)-4=-7
train/8277.jpg,4+(6-7)=3
train/8278.jpg,2*(2*6)=24
train/8279.jpg,0+8-9=-1
train/8280.jpg,9-(2+3)=4
train/8281.jpg,(2+7)*5=45
train/8282.jpg,0*(6-7)=0
train/8283.jpg,3*7+4=25
train/8284.jpg,(4*1)-9=-5
train/8285.jpg,2*(0*9)=0
train/8286.jpg,5+(6*9)=59
train/8287.jpg,8+(4*0)=8
train/8288.jpg,8+(5*1)=13
train/8289.jpg,(4+1)*4=20
train/8290.jpg,1*(1*0)=0
train/8291.jpg,5-3*4=-7
train/8292.jpg,9+8*2=25
train/8293.jpg,6-(2-6)=10
train/8294.jpg,(1+9)*8=80
train/8295.jpg,(5*0)+5=5
train/8296.jpg,(2*7)-7=7
train/8297.jpg,1-(7*5)=-34
train/8298.jpg,(7-5)-1=1
train/8299.jpg,(5+5)-6=4
train/8300.jpg,(0*7)-4=-4
train/8301.jpg,(4-6)+0=-2
train/8302.jpg,2+(9*5)=47
train/8303.jpg,7+6+5=18
train/8304.jpg,4+(3-0)=7
train/8305.jpg,3-(1*5)=-2
train/8306.jpg,(0*6)*0=0
train/8307.jpg,5+8-4=9
train/8308.jpg,1*8-5=3
train/8309.jpg,7+0+4=11
train/8310.jpg,6-7+0=-1
train/8311.jpg,6*8+6=54
train/8312.jpg,8*(2+3)=40
train/8313.jpg,2+(1+4)=7
train/8314.jpg,7*(9-9)=0
train/8315.jpg,(2-4)+8=6
train/8316.jpg,(0-5)+7=2
train/8317.jpg,9+(4+5)=18
train/8318.jpg,2-7-0=-5
train/8319.jpg,4-8-4=-8
train/8320.jpg,(2+5)*8=56
train/8321.jpg,(8-9)*5=-5
train/8322.jpg,6-(7-1)=0
train/8323.jpg,(6*3)+3=21
train/8324.jpg,4-3*7=-17
train/8325.jpg,(9*4)+0=36
train/8326.jpg,9-8+7=8
train/8327.jpg,8-(0+6)=2
train/8328.jpg,8-(9*5)=-37
train/8329.jpg,(8*6)-3=45
train/8330.jpg,5+9*0=5
train/8331.jpg,5+(0+5)=10
train/8332.jpg,(9+4)-8=5
train/8333.jpg,(6*6)-9=27
train/8334.jpg,1-5+3=-1
train/8335.jpg,(1+7)*3=24
train/8336.jpg,4+(6-7)=3
train/8337.jpg,1*(3-0)=3
train/8338.jpg,6*8+9=57
train/8339.jpg,8-(4*8)=-24
train/8340.jpg,(5*0)-7=-7
train/8341.jpg,2+7+9=18
train/8342.jpg,(1+7)*3=24
train/8343.jpg,(5*7)+8=43
train/8344.jpg,6-(0*2)=6
train/8345.jpg,7-2+4=9
train/8346.jpg,(6*7)-7=35
train/8347.jpg,1*(7+7)=14
train/8348.jpg,(0-7)+7=0
train/8349.jpg,2*(0+9)=18
train/8350.jpg,2-6*5=-28
train/8351.jpg,(3*8)*7=168
train/8352.jpg,7+(1+7)=15
train/8353.jpg,0*(7-5)=0
train/8354.jpg,7+6+4=17
train/8355.jpg,(6+5)-7=4
train/8356.jpg,2+(6*0)=2
train/8357.jpg,9-3-0=6
train/8358.jpg,1*5+2=7
train/8359.jpg,2*(8+7)=30
train/8360.jpg,2-(5*4)=-18
train/8361.jpg,(0+5)*9=45
train/8362.jpg,9*(2*6)=108
train/8363.jpg,(5*7)+6=41
train/8364.jpg,3*3+1=10
train/8365.jpg,(9-7)-0=2
train/8366.jpg,5*(7+5)=60
train/8367.jpg,0*(3-8)=0
train/8368.jpg,(9*2)-8=10
train/8369.jpg,2*7+2=16
train/8370.jpg,(2+1)+4=7
train/8371.jpg,1-(0+8)=-7
train/8372.jpg,(3-2)+8=9
train/8373.jpg,5+(0*6)=5
train/8374.jpg,(8+8)-7=9
train/8375.jpg,1*(1+1)=2
train/8376.jpg,4-(7-2)=-1
train/8377.jpg,7+(3*8)=31
train/8378.jpg,9+4+1=14
train/8379.jpg,8*6+6=54
train/8380.jpg,0*1*6=0
train/8381.jpg,5-(5-9)=9
train/8382.jpg,(1-7)+4=-2
train/8383.jpg,(8+1)-8=1
train/8384.jpg,(9*6)-0=54
train/8385.jpg,2*(3-1)=4
train/8386.jpg,5-(9-4)=0
train/8387.jpg,0-0*9=0
train/8388.jpg,6-7*5=-29
train/8389.jpg,0-(7+3)=-10
train/8390.jpg,5*(6-2)=20
train/8391.jpg,5+(7+2)=14
train/8392.jpg,5+(5-8)=2
train/8393.jpg,6+(1+7)=14
train/8394.jpg,7-(6-6)=7
train/8395.jpg,1-(9+3)=-11
train/8396.jpg,(6-8)*1=-2
train/8397.jpg,7*6-3=39
train/8398.jpg,4*(9+4)=52
train/8399.jpg,2-(4+0)=-2
train/8400.jpg,3*1+9=12
train/8401.jpg,6*(7*6)=252
train/8402.jpg,(4+8)-4=8
train/8403.jpg,3*(6+1)=21
train/8404.jpg,8-(0+4)=4
train/8405.jpg,5*9+7=52
train/8406.jpg,1+5+8=14
train/8407.jpg,2-8+8=2
train/8408.jpg,0*(8*0)=0
train/8409.jpg,1-9-2=-10
train/8410.jpg,(4-4)-4=-4
train/8411.jpg,(4-9)-3=-8
train/8412.jpg,8-(6-3)=5
train/8413.jpg,3+(4-8)=-1
train/8414.jpg,5*(2-7)=-25
train/8415.jpg,(6-4)+2=4
train/8416.jpg,0+4+3=7
train/8417.jpg,7-7+0=0
train/8418.jpg,(5-5)+5=5
train/8419.jpg,(2*8)+3=19
train/8420.jpg,4-8*0=4
train/8421.jpg,2+(6*6)=38
train/8422.jpg,(1+7)-5=3
train/8423.jpg,(3-0)-5=-2
train/8424.jpg,4*8+7=39
train/8425.jpg,3*(1*2)=6
train/8426.jpg,3-(0+7)=-4
train/8427.jpg,7*(6-7)=-7
train/8428.jpg,0*5*9=0
train/8429.jpg,(4*2)*1=8
train/8430.jpg,3*(1+5)=18
train/8431.jpg,(3-3)*5=0
train/8432.jpg,5+(1*0)=5
train/8433.jpg,(6*0)+7=7
train/8434.jpg,(4*1)*6=24
train/8435.jpg,0-(7*5)=-35
train/8436.jpg,(2+8)-2=8
train/8437.jpg,9*0-1=-1
train/8438.jpg,3+7*9=66
train/8439.jpg,1*(7-5)=2
train/8440.jpg,9*0*1=0
train/8441.jpg,0*(8*9)=0
train/8442.jpg,1-4+2=-1
train/8443.jpg,(6-6)+1=1
train/8444.jpg,(4*5)*8=160
train/8445.jpg,(1*9)*3=27
train/8446.jpg,3+(9-6)=6
train/8447.jpg,4*7*9=252
train/8448.jpg,(6+8)*3=42
train/8449.jpg,8*(4-8)=-32
train/8450.jpg,4*9-4=32
train/8451.jpg,1+6+7=14
train/8452.jpg,(6*6)*0=0
train/8453.jpg,8+4-9=3
train/8454.jpg,9-(8+7)=-6
train/8455.jpg,1-(7+0)=-6
train/8456.jpg,0-5+6=1
train/8457.jpg,4+0*2=4
train/8458.jpg,(5*5)-9=16
train/8459.jpg,(0*2)-5=-5
train/8460.jpg,2-9*8=-70
train/8461.jpg,1+(0*8)=1
train/8462.jpg,4-6+3=1
train/8463.jpg,(3+3)-1=5
train/8464.jpg,8-7*5=-27
train/8465.jpg,3*7*0=0
train/8466.jpg,3*(1+1)=6
train/8467.jpg,(7+8)-5=10
train/8468.jpg,1*(6*7)=42
train/8469.jpg,9+(1+7)=17
train/8470.jpg,5*2+8=18
train/8471.jpg,(5*7)+3=38
train/8472.jpg,1-0-2=-1
train/8473.jpg,7-8+9=8
train/8474.jpg,(6+3)-2=7
train/8475.jpg,5+(3+6)=14
train/8476.jpg,(4-6)+0=-2
train/8477.jpg,0-(5+6)=-11
train/8478.jpg,7-(2*1)=5
train/8479.jpg,(4+8)*9=108
train/8480.jpg,(7+2)-6=3
train/8481.jpg,(4-6)+3=1
train/8482.jpg,0+9*2=18
train/8483.jpg,4+(8*0)=4
train/8484.jpg,6-2-0=4
train/8485.jpg,2-7*9=-61
train/8486.jpg,(5+1)+8=14
train/8487.jpg,3+(2+1)=6
train/8488.jpg,(2-1)+3=4
train/8489.jpg,0-0-5=-5
train/8490.jpg,0+1-7=-6
train/8491.jpg,(6*2)*8=96
train/8492.jpg,0+2+3=5
train/8493.jpg,(9-6)+0=3
train/8494.jpg,(5+6)+4=15
train/8495.jpg,6*7*6=252
train/8496.jpg,3-(0-3)=6
train/8497.jpg,(1+4)+2=7
train/8498.jpg,4-7+8=5
train/8499.jpg,0*(1+7)=0
train/8500.jpg,6+(5-6)=5
train/8501.jpg,(3*2)+6=12
train/8502.jpg,7*(5-6)=-7
train/8503.jpg,(9-2)+2=9
train/8504.jpg,0-(3*9)=-27
train/8505.jpg,(3*0)+4=4
train/8506.jpg,2+(1*8)=10
train/8507.jpg,(2*0)-6=-6
train/8508.jpg,(3+0)*0=0
train/8509.jpg,8*5*7=280
train/8510.jpg,(2*3)-7=-1
train/8511.jpg,6+6+4=16
train/8512.jpg,(5-7)*1=-2
train/8513.jpg,5*2*5=50
train/8514.jpg,6*(5+5)=60
train/8515.jpg,1+6-8=-1
train/8516.jpg,4-(7-8)=5
train/8517.jpg,4+3-5=2
train/8518.jpg,2+8+6=16
train/8519.jpg,7+(9-5)=11
train/8520.jpg,5-0*0=5
train/8521.jpg,7-(4*4)=-9
train/8522.jpg,(1-7)+1=-5
train/8523.jpg,5*7+7=42
train/8524.jpg,8*6+8=56
train/8525.jpg,4+7+4=15
train/8526.jpg,5+5-6=4
train/8527.jpg,2*(5*1)=10
train/8528.jpg,5*(4+3)=35
train/8529.jpg,(3+9)-4=8
train/8530.jpg,(1+6)*4=28
train/8531.jpg,(3+9)+9=21
train/8532.jpg,6+3-6=3
train/8533.jpg,(5-5)+7=7
train/8534.jpg,5-3+4=6
train/8535.jpg,4-(6*1)=-2
train/8536.jpg,9*(8*0)=0
train/8537.jpg,(9+0)*3=27
train/8538.jpg,8*6-2=46
train/8539.jpg,7-9+2=0
train/8540.jpg,0*9*7=0
train/8541.jpg,4+8-4=8
train/8542.jpg,0*(2*0)=0
train/8543.jpg,1+(4*8)=33
train/8544.jpg,0+4+3=7
train/8545.jpg,(3-4)*2=-2
train/8546.jpg,0+8*6=48
train/8547.jpg,(7*3)+2=23
train/8548.jpg,(7*6)+1=43
train/8549.jpg,(1-4)-5=-8
train/8550.jpg,2-(3+9)=-10
train/8551.jpg,1+2-6=-3
train/8552.jpg,6*1-0=6
train/8553.jpg,1+(4+5)=10
train/8554.jpg,7+(6*5)=37
train/8555.jpg,0*3*3=0
train/8556.jpg,(4+5)+0=9
train/8557.jpg,4*7*3=84
train/8558.jpg,(0-6)-6=-12
train/8559.jpg,(8-8)-2=-2
train/8560.jpg,5-0-4=1
train/8561.jpg,1+(4+8)=13
train/8562.jpg,(1+1)-5=-3
train/8563.jpg,2*(3*0)=0
train/8564.jpg,(6-0)-3=3
train/8565.jpg,7*(0*9)=0
train/8566.jpg,(8+0)+5=13
train/8567.jpg,(1*5)*1=5
train/8568.jpg,0-2+5=3
train/8569.jpg,3+8-5=6
train/8570.jpg,5*3-2=13
train/8571.jpg,(6*5)*1=30
train/8572.jpg,4*4-1=15
train/8573.jpg,7-8-4=-5
train/8574.jpg,(6*3)*5=90
train/8575.jpg,(0-4)*1=-4
train/8576.jpg,8-5-9=-6
train/8577.jpg,9+1-6=4
train/8578.jpg,(8-2)-2=4
train/8579.jpg,9-4+1=6
train/8580.jpg,8*0*5=0
train/8581.jpg,1*0-6=-6
train/8582.jpg,0-(0-7)=7
train/8583.jpg,3*(9-5)=12
train/8584.jpg,3-4*7=-25
train/8585.jpg,2*2-2=2
train/8586.jpg,2-7+2=-3
train/8587.jpg,4+(2-6)=0
train/8588.jpg,(9*7)*2=126
train/8589.jpg,(9*1)*3=27
train/8590.jpg,6*8-4=44
train/8591.jpg,(4-7)-5=-8
train/8592.jpg,(2+8)-4=6
train/8593.jpg,8+(4+9)=21
train/8594.jpg,(6*4)+2=26
train/8595.jpg,(9-0)*6=54
train/8596.jpg,3-(3+8)=-8
train/8597.jpg,0+5+1=6
train/8598.jpg,1*(8-2)=6
train/8599.jpg,0*1*3=0
train/8600.jpg,1-3+4=2
train/8601.jpg,(1*3)-9=-6
train/8602.jpg,(8*8)-7=57
train/8603.jpg,(3+7)*6=60
train/8604.jpg,6-1+5=10
train/8605.jpg,9*4*9=324
train/8606.jpg,5*(6*4)=120
train/8607.jpg,9-8-2=-1
train/8608.jpg,0-(1+5)=-6
train/8609.jpg,7*5+8=43
train/8610.jpg,(9*3)+2=29
train/8611.jpg,5*(5-4)=5
train/8612.jpg,7*(2-3)=-7
train/8613.jpg,(0*7)-9=-9
train/8614.jpg,6+7*7=55
train/8615.jpg,0+(6-7)=-1
train/8616.jpg,8+(8*9)=80
train/8617.jpg,(2*2)*8=32
train/8618.jpg,0-6-5=-11
train/8619.jpg,(9-8)+3=4
train/8620.jpg,0-0+0=0
train/8621.jpg,(2-2)-1=-1
train/8622.jpg,9-4*2=1
train/8623.jpg,5+(5+3)=13
train/8624.jpg,1*2-2=0
train/8625.jpg,(2*5)+1=11
train/8626.jpg,(7-9)*6=-12
train/8627.jpg,(3+8)*1=11
train/8628.jpg,0+(2*3)=6
train/8629.jpg,(4-2)*5=10
train/8630.jpg,(0-2)*6=-12
train/8631.jpg,9+5*1=14
train/8632.jpg,5*7*4=140
train/8633.jpg,8*(6*3)=144
train/8634.jpg,2+(3-3)=2
train/8635.jpg,2+(0+7)=9
train/8636.jpg,2+0+4=6
train/8637.jpg,(8-5)*7=21
train/8638.jpg,2-(5-7)=4
train/8639.jpg,5*9*2=90
train/8640.jpg,3+(6*1)=9
train/8641.jpg,5-4*7=-23
train/8642.jpg,(0*6)+7=7
train/8643.jpg,(4*4)+9=25
train/8644.jpg,2+(6*8)=50
train/8645.jpg,8-4+3=7
train/8646.jpg,2*4*7=56
train/8647.jpg,(9*9)-5=76
train/8648.jpg,(7-3)+1=5
train/8649.jpg,6-4*0=6
train/8650.jpg,(0*8)-9=-9
train/8651.jpg,8*(5-4)=8
train/8652.jpg,5-(2*0)=5
train/8653.jpg,9+(9-8)=10
train/8654.jpg,6-(1*2)=4
train/8655.jpg,3-(6*6)=-33
train/8656.jpg,5+7+3=15
train/8657.jpg,4*(2*8)=64
train/8658.jpg,2-(6+4)=-8
train/8659.jpg,4-1+6=9
train/8660.jpg,(0-1)-6=-7
train/8661.jpg,7+6*7=49
train/8662.jpg,(6-2)*9=36
train/8663.jpg,5-(9-6)=2
train/8664.jpg,5*(9-1)=40
train/8665.jpg,4*(4-3)=4
train/8666.jpg,0-6-4=-10
train/8667.jpg,6+6-5=7
train/8668.jpg,5*6-7=23
train/8669.jpg,5-9*8=-67
train/8670.jpg,6*(0*8)=0
train/8671.jpg,3+4-1=6
train/8672.jpg,2*(3+2)=10
train/8673.jpg,4*(9*5)=180
train/8674.jpg,(6*1)*0=0
train/8675.jpg,8+(5*2)=18
train/8676.jpg,(8-4)-9=-5
train/8677.jpg,9*1+4=13
train/8678.jpg,1-(2+9)=-10
train/8679.jpg,(8+3)-9=2
train/8680.jpg,9-(2*7)=-5
train/8681.jpg,5-6+9=8
train/8682.jpg,5*6*5=150
train/8683.jpg,(6-9)-8=-11
train/8684.jpg,(9-8)*2=2
train/8685.jpg,(6+5)+7=18
train/8686.jpg,(8*6)-9=39
train/8687.jpg,(7*4)-7=21
train/8688.jpg,(6-6)+1=1
train/8689.jpg,(8+3)+9=20
train/8690.jpg,(7-1)*5=30
train/8691.jpg,(2+5)*8=56
train/8692.jpg,(5+3)+0=8
train/8693.jpg,3*1*2=6
train/8694.jpg,(7+2)*9=81
train/8695.jpg,2-9+0=-7
train/8696.jpg,9+0-8=1
train/8697.jpg,2+4+2=8
train/8698.jpg,(9+2)*7=77
train/8699.jpg,5+(4+2)=11
train/8700.jpg,(1+3)*8=32
train/8701.jpg,(8+8)+8=24
train/8702.jpg,8+(1-6)=3
train/8703.jpg,(4+5)*5=45
train/8704.jpg,(4+4)+8=16
train/8705.jpg,7-2+5=10
train/8706.jpg,7*(7*2)=98
train/8707.jpg,3*(7*7)=147
train/8708.jpg,(6-0)*0=0
train/8709.jpg,(8-4)-2=2
train/8710.jpg,9*(1-5)=-36
train/8711.jpg,3-2*6=-9
train/8712.jpg,5-(4+0)=1
train/8713.jpg,3*9*7=189
train/8714.jpg,4+(8*4)=36
train/8715.jpg,6+8-3=11
train/8716.jpg,6+6*9=60
train/8717.jpg,7+6-5=8
train/8718.jpg,(1-3)*3=-6
train/8719.jpg,4-8*8=-60
train/8720.jpg,7*(2*4)=56
train/8721.jpg,(0+2)*6=12
train/8722.jpg,(6-7)+4=3
train/8723.jpg,2-4-2=-4
train/8724.jpg,2+2+9=13
train/8725.jpg,(6+1)-1=6
train/8726.jpg,9-(5*3)=-6
train/8727.jpg,4*(3*7)=84
train/8728.jpg,4-(8+1)=-5
train/8729.jpg,5-4+6=7
train/8730.jpg,(4-1)-5=-2
train/8731.jpg,0-8-1=-9
train/8732.jpg,4+0+6=10
train/8733.jpg,(9+9)+8=26
train/8734.jpg,(2+2)*6=24
train/8735.jpg,1*(4-2)=2
train/8736.jpg,(0*2)+3=3
train/8737.jpg,6+9+5=20
train/8738.jpg,9*6-3=51
train/8739.jpg,6-1-8=-3
train/8740.jpg,6*(8+9)=102
train/8741.jpg,(7+9)+4=20
train/8742.jpg,1*(2*4)=8
train/8743.jpg,6*3+0=18
train/8744.jpg,6-(7*6)=-36
train/8745.jpg,6*6*2=72
train/8746.jpg,9-2-8=-1
train/8747.jpg,9-(6+3)=0
train/8748.jpg,2-(9+6)=-13
train/8749.jpg,2*(5-6)=-2
train/8750.jpg,(7*6)*2=84
train/8751.jpg,(3+7)-1=9
train/8752.jpg,(8*9)+2=74
train/8753.jpg,9-(0-0)=9
train/8754.jpg,5*(1-6)=-25
train/8755.jpg,3+8+7=18
train/8756.jpg,(7*9)+9=72
train/8757.jpg,3-(1*4)=-1
train/8758.jpg,8-(1-5)=12
train/8759.jpg,9+(4*4)=25
train/8760.jpg,5+(8-3)=10
train/8761.jpg,0+2+8=10
train/8762.jpg,0*3-1=-1
train/8763.jpg,8*2*7=112
train/8764.jpg,(4-7)-9=-12
train/8765.jpg,8+9-0=17
train/8766.jpg,4-(8*5)=-36
train/8767.jpg,(9*1)+8=17
train/8768.jpg,8*8*5=320
train/8769.jpg,3+(8+6)=17
train/8770.jpg,6*(4*6)=144
train/8771.jpg,9-(2-8)=15
train/8772.jpg,(4*1)*1=4
train/8773.jpg,(3+6)-5=4
train/8774.jpg,1-(0-1)=2
train/8775.jpg,(5*2)*2=20
train/8776.jpg,2+(7*3)=23
train/8777.jpg,(4+2)+9=15
train/8778.jpg,(8+7)+6=21
train/8779.jpg,6*9+8=62
train/8780.jpg,(8-5)*0=0
train/8781.jpg,(0+7)-9=-2
train/8782.jpg,7*4+3=31
train/8783.jpg,(3+2)+4=9
train/8784.jpg,9*(2-8)=-54
train/8785.jpg,(2+7)-7=2
train/8786.jpg,1-6+3=-2
train/8787.jpg,(3-6)-7=-10
train/8788.jpg,(7+1)+6=14
train/8789.jpg,6+1-3=4
train/8790.jpg,8*(2+2)=32
train/8791.jpg,(6+7)+7=20
train/8792.jpg,9*2+8=26
train/8793.jpg,6*8*7=336
train/8794.jpg,9*5-5=40
train/8795.jpg,9-7-2=0
train/8796.jpg,0-9*1=-9
train/8797.jpg,(0+3)+3=6
train/8798.jpg,2-(6*1)=-4
train/8799.jpg,(7+6)*3=39
train/8800.jpg,(7*3)+7=28
train/8801.jpg,2-6+1=-3
train/8802.jpg,3+(5+9)=17
train/8803.jpg,3+(2*7)=17
train/8804.jpg,(3+3)-9=-3
train/8805.jpg,(7*2)*0=0
train/8806.jpg,(6*3)-0=18
train/8807.jpg,9+(6+4)=19
train/8808.jpg,7*0+0=0
train/8809.jpg,8+(9-6)=11
train/8810.jpg,6*(9+8)=102
train/8811.jpg,0*(5+1)=0
train/8812.jpg,6-(0+3)=3
train/8813.jpg,5+2+6=13
train/8814.jpg,5-(5-6)=6
train/8815.jpg,(8-7)+8=9
train/8816.jpg,7+(4-2)=9
train/8817.jpg,0-4*9=-36
train/8818.jpg,(1*2)*2=4
train/8819.jpg,(2*9)*1=18
train/8820.jpg,8-6-0=2
train/8821.jpg,8-(7+6)=-5
train/8822.jpg,7+8+3=18
train/8823.jpg,(3-3)-2=-2
train/8824.jpg,(2+7)+2=11
train/8825.jpg,(6+6)+8=20
train/8826.jpg,4*7*4=112
train/8827.jpg,4*(2*3)=24
train/8828.jpg,0+3*6=18
train/8829.jpg,1-(8+5)=-12
train/8830.jpg,6+9*4=42
train/8831.jpg,4-(7+8)=-11
train/8832.jpg,(0*6)-6=-6
train/8833.jpg,5-(1-5)=9
train/8834.jpg,6-(6+5)=-5
train/8835.jpg,(8*1)*6=48
train/8836.jpg,0-(3-6)=3
train/8837.jpg,6*5*7=210
train/8838.jpg,2*(0*3)=0
train/8839.jpg,(4*9)*3=108
train/8840.jpg,1*0-0=0
train/8841.jpg,8-(5*3)=-7
train/8842.jpg,0*(9*6)=0
train/8843.jpg,(8*3)+8=32
train/8844.jpg,4*3-4=8
train/8845.jpg,(0-8)*5=-40
train/8846.jpg,7+(1-7)=1
train/8847.jpg,4*(1+3)=16
train/8848.jpg,2*3-6=0
train/8849.jpg,4+9*2=22
train/8850.jpg,1+4-1=4
train/8851.jpg,(3-1)-0=2
train/8852.jpg,6*8+0=48
train/8853.jpg,0+7+3=10
train/8854.jpg,1-(3*3)=-8
train/8855.jpg,6-5-1=0
train/8856.jpg,2-1-4=-3
train/8857.jpg,1+1+3=5
train/8858.jpg,3*(4-2)=6
train/8859.jpg,8+4*3=20
train/8860.jpg,8+(4*4)=24
train/8861.jpg,4-7+3=0
train/8862.jpg,(7*5)-2=33
train/8863.jpg,8+(0*2)=8
train/8864.jpg,(9-8)-1=0
train/8865.jpg,(6*1)*7=42
train/8866.jpg,(1-1)+2=2
train/8867.jpg,(1*3)-7=-4
train/8868.jpg,3+(4+1)=8
train/8869.jpg,(7-7)-5=-5
train/8870.jpg,0-6*8=-48
train/8871.jpg,(8-7)+7=8
train/8872.jpg,9*9-4=77
train/8873.jpg,(0*8)+5=5
train/8874.jpg,4+7*0=4
train/8875.jpg,4*1+8=12
train/8876.jpg,(1-7)-3=-9
train/8877.jpg,0*(5+2)=0
train/8878.jpg,(9+1)+3=13
train/8879.jpg,2+(9*7)=65
train/8880.jpg,3-(1-6)=8
train/8881.jpg,1+3*8=25
train/8882.jpg,4+7+5=16
train/8883.jpg,4*4+2=18
train/8884.jpg,(3*0)*8=0
train/8885.jpg,7-(5+7)=-5
train/8886.jpg,3-(4*7)=-25
train/8887.jpg,3+5-0=8
train/8888.jpg,4*6-1=23
train/8889.jpg,(6*8)*2=96
train/8890.jpg,(8*2)*8=128
train/8891.jpg,(2+0)-3=-1
train/8892.jpg,4*(0*8)=0
train/8893.jpg,2*7+3=17
train/8894.jpg,9-(9*8)=-63
train/8895.jpg,(3-1)*2=4
train/8896.jpg,5*(8+4)=60
train/8897.jpg,6-(7-4)=3
train/8898.jpg,(4-4)+5=5
train/8899.jpg,(2+2)-6=-2
train/8900.jpg,7*(6*3)=126
train/8901.jpg,2*(7*0)=0
train/8902.jpg,(4*1)*4=16
train/8903.jpg,6-0*4=6
train/8904.jpg,(3*8)-6=18
train/8905.jpg,8+(1*2)=10
train/8906.jpg,6-(5+2)=-1
train/8907.jpg,3+5*4=23
train/8908.jpg,(6+0)-5=1
train/8909.jpg,(1+8)*5=45
train/8910.jpg,(9+4)+2=15
train/8911.jpg,4-9-2=-7
train/8912.jpg,9*8+0=72
train/8913.jpg,0-(5-6)=1
train/8914.jpg,3-7*9=-60
train/8915.jpg,9-4+1=6
train/8916.jpg,(5*2)*1=10
train/8917.jpg,(8*0)+8=8
train/8918.jpg,(6-4)-6=-4
train/8919.jpg,3-9-3=-9
train/8920.jpg,(9*1)+0=9
train/8921.jpg,6*(5+2)=42
train/8922.jpg,8+4+4=16
train/8923.jpg,(5*1)*4=20
train/8924.jpg,6-4*3=-6
train/8925.jpg,4+(7*8)=60
train/8926.jpg,5*5*6=150
train/8927.jpg,6-(8*2)=-10
train/8928.jpg,(9-8)*4=4
train/8929.jpg,6*(8+6)=84
train/8930.jpg,2*(1-5)=-8
train/8931.jpg,0*(4-4)=0
train/8932.jpg,(5-5)*3=0
train/8933.jpg,7+(8-4)=11
train/8934.jpg,1*(2+0)=2
train/8935.jpg,7-6+3=4
train/8936.jpg,0-0+0=0
train/8937.jpg,2-(9*2)=-16
train/8938.jpg,5*7+5=40
train/8939.jpg,(6*5)-8=22
train/8940.jpg,4-2*3=-2
train/8941.jpg,6+(1*7)=13
train/8942.jpg,2+3+5=10
train/8943.jpg,1+2+6=9
train/8944.jpg,(9+7)-7=9
train/8945.jpg,(7-8)*1=-1
train/8946.jpg,5+(4*1)=9
train/8947.jpg,(4*4)*2=32
train/8948.jpg,6*(3+0)=18
train/8949.jpg,1-3-0=-2
train/8950.jpg,(3+6)-3=6
train/8951.jpg,(7-7)-1=-1
train/8952.jpg,(0-5)*7=-35
train/8953.jpg,4-(4+7)=-7
train/8954.jpg,(3*5)+4=19
train/8955.jpg,8-9*1=-1
train/8956.jpg,4-7*6=-38
train/8957.jpg,(8+7)+8=23
train/8958.jpg,0-(9*3)=-27
train/8959.jpg,5-9*5=-40
train/8960.jpg,8-(0*2)=8
train/8961.jpg,0*(2*0)=0
train/8962.jpg,1-(3*2)=-5
train/8963.jpg,4-(2*4)=-4
train/8964.jpg,4-(6-2)=0
train/8965.jpg,8+9+0=17
train/8966.jpg,4+(9-9)=4
train/8967.jpg,(7-9)*0=0
train/8968.jpg,(7+7)*5=70
train/8969.jpg,(4-3)-9=-8
train/8970.jpg,3-6*7=-39
train/8971.jpg,(3+5)+0=8
train/8972.jpg,2-(3*7)=-19
train/8973.jpg,0*7-9=-9
train/8974.jpg,(5*1)-8=-3
train/8975.jpg,6+(5-9)=2
train/8976.jpg,8+9+6=23
train/8977.jpg,(1-0)+2=3
train/8978.jpg,1+8*8=65
train/8979.jpg,3*6-8=10
train/8980.jpg,3*(0+5)=15
train/8981.jpg,2-(3-2)=1
train/8982.jpg,(5-5)-2=-2
train/8983.jpg,6-(7-7)=6
train/8984.jpg,2-4*1=-2
train/8985.jpg,(3+9)-4=8
train/8986.jpg,2-(0*2)=2
train/8987.jpg,8-(4*5)=-12
train/8988.jpg,4+(0-4)=0
train/8989.jpg,(2-0)+0=2
train/8990.jpg,5*(8*6)=240
train/8991.jpg,4-3+7=8
train/8992.jpg,5*5+4=29
train/8993.jpg,2-(6+2)=-6
train/8994.jpg,6+(6-4)=8
train/8995.jpg,(3*1)-2=1
train/8996.jpg,(3+0)-3=0
train/8997.jpg,7-2*4=-1
train/8998.jpg,4*4-4=12
train/8999.jpg,(0-8)*4=-32
train/9000.jpg,4+4+8=16
train/9001.jpg,(1-0)-6=-5
train/9002.jpg,3*6+3=21
train/9003.jpg,(0*0)-9=-9
train/9004.jpg,8+5-6=7
train/9005.jpg,3+1-6=-2
train/9006.jpg,(8+1)+5=14
train/9007.jpg,0+(9-1)=8
train/9008.jpg,9-1-8=0
train/9009.jpg,4-(1*6)=-2
train/9010.jpg,0+(9*2)=18
train/9011.jpg,(8+5)-9=4
train/9012.jpg,9-(2*9)=-9
train/9013.jpg,2+(2-8)=-4
train/9014.jpg,(7-1)+0=6
train/9015.jpg,0-9*4=-36
train/9016.jpg,6*(3-4)=-6
train/9017.jpg,6-0+2=8
train/9018.jpg,(5*3)*2=30
train/9019.jpg,7*(9-4)=35
train/9020.jpg,9+5-6=8
train/9021.jpg,9*2*0=0
train/9022.jpg,5*(4*1)=20
train/9023.jpg,(3+7)*9=90
train/9024.jpg,(8*3)-6=18
train/9025.jpg,1*(8+4)=12
train/9026.jpg,(7+7)*0=0
train/9027.jpg,0-9*9=-81
train/9028.jpg,(0-9)+8=-1
train/9029.jpg,8-0*1=8
train/9030.jpg,(0-6)+0=-6
train/9031.jpg,5*2*7=70
train/9032.jpg,9+(9*1)=18
train/9033.jpg,0*(3-9)=0
train/9034.jpg,6+1*4=10
train/9035.jpg,9+6*4=33
train/9036.jpg,9*(6*4)=216
train/9037.jpg,6*(0-0)=0
train/9038.jpg,8+(0*5)=8
train/9039.jpg,(8-7)+2=3
train/9040.jpg,(1*7)*9=63
train/9041.jpg,3-7*5=-32
train/9042.jpg,9+(1*1)=10
train/9043.jpg,1+(7+1)=9
train/9044.jpg,7-(6+1)=0
train/9045.jpg,4+7-9=2
train/9046.jpg,3-7*1=-4
train/9047.jpg,8-0-2=6
train/9048.jpg,(1+6)-4=3
train/9049.jpg,(3*1)-6=-3
train/9050.jpg,(0-7)*2=-14
train/9051.jpg,(0-7)+8=1
train/9052.jpg,1*9+0=9
train/9053.jpg,1+9-8=2
train/9054.jpg,6*(0+0)=0
train/9055.jpg,7+0+4=11
train/9056.jpg,3+0-4=-1
train/9057.jpg,(7+4)*9=99
train/9058.jpg,5-1*0=5
train/9059.jpg,9*(2-1)=9
train/9060.jpg,2*(1+9)=20
train/9061.jpg,9*5*1=45
train/9062.jpg,0-8-8=-16
train/9063.jpg,(1+9)*0=0
train/9064.jpg,6-3+5=8
train/9065.jpg,9*(3+8)=99
train/9066.jpg,(9*1)-9=0
train/9067.jpg,(7-6)-5=-4
train/9068.jpg,5+3*2=11
train/9069.jpg,7*4-7=21
train/9070.jpg,7+(4-8)=3
train/9071.jpg,4-(8+4)=-8
train/9072.jpg,5*4+7=27
train/9073.jpg,(1*8)*5=40
train/9074.jpg,7+(7+0)=14
train/9075.jpg,0+4+6=10
train/9076.jpg,(5*6)-2=28
train/9077.jpg,0+(0+3)=3
train/9078.jpg,4-7*1=-3
train/9079.jpg,5+9-4=10
train/9080.jpg,(6*3)*5=90
train/9081.jpg,(2+8)*1=10
train/9082.jpg,(3*7)*1=21
train/9083.jpg,5-8+8=5
train/9084.jpg,(1-7)-4=-10
train/9085.jpg,0+5-9=-4
train/9086.jpg,0+4*6=24
train/9087.jpg,6-(2-1)=5
train/9088.jpg,(0+1)*9=9
train/9089.jpg,3+(7-0)=10
train/9090.jpg,(2*7)+2=16
train/9091.jpg,1-(6*9)=-53
train/9092.jpg,(9*7)+2=65
train/9093.jpg,(1*3)+9=12
train/9094.jpg,(9*2)*4=72
train/9095.jpg,7*3+3=24
train/9096.jpg,5*(9+3)=60
train/9097.jpg,7*(8*3)=168
train/9098.jpg,0+1*6=6
train/9099.jpg,6*0+2=2
train/9100.jpg,(4+0)-3=1
train/9101.jpg,3*8-1=23
train/9102.jpg,(7-6)*2=2
train/9103.jpg,8+0*5=8
train/9104.jpg,6-7-2=-3
train/9105.jpg,(7*4)*2=56
train/9106.jpg,6*9+1=55
train/9107.jpg,4+6+5=15
train/9108.jpg,2+3+6=11
train/9109.jpg,6*4-8=16
train/9110.jpg,(8*1)+5=13
train/9111.jpg,(0+3)-9=-6
train/9112.jpg,(8+0)+7=15
train/9113.jpg,1*(3-2)=1
train/9114.jpg,0+2+3=5
train/9115.jpg,(9*2)*7=126
train/9116.jpg,2*2-3=1
train/9117.jpg,5*7*6=210
train/9118.jpg,2+9+4=15
train/9119.jpg,(9-6)-6=-3
train/9120.jpg,(2*0)-1=-1
train/9121.jpg,4+2+5=11
train/9122.jpg,(4*5)+9=29
train/9123.jpg,1-(3+0)=-2
train/9124.jpg,(3+0)*4=12
train/9125.jpg,(4+0)+4=8
train/9126.jpg,5*8-5=35
train/9127.jpg,7-5-0=2
train/9128.jpg,1-(2-6)=5
train/9129.jpg,6+(5*6)=36
train/9130.jpg,9*7-2=61
train/9131.jpg,8-1*1=7
train/9132.jpg,9+3*2=15
train/9133.jpg,6-(4-3)=5
train/9134.jpg,1-(1*7)=-6
train/9135.jpg,3+(5-4)=4
train/9136.jpg,(4*2)-5=3
train/9137.jpg,3-(6+3)=-6
train/9138.jpg,(6*5)+4=34
train/9139.jpg,0-2-2=-4
train/9140.jpg,5-(2*1)=3
train/9141.jpg,9+5*5=34
train/9142.jpg,8-(5+3)=0
train/9143.jpg,(2+9)*3=33
train/9144.jpg,0-(9-1)=-8
train/9145.jpg,(0-5)*2=-10
train/9146.jpg,9-7*5=-26
train/9147.jpg,6+(4-4)=6
train/9148.jpg,5*(3*1)=15
train/9149.jpg,5+7*5=40
train/9150.jpg,(3*6)*6=108
train/9151.jpg,5+(7*5)=40
train/9152.jpg,2-(4+5)=-7
train/9153.jpg,9+(2+5)=16
train/9154.jpg,3*(1*2)=6
train/9155.jpg,7-8+3=2
train/9156.jpg,7-4*7=-21
train/9157.jpg,(5+3)-1=7
train/9158.jpg,8-2*2=4
train/9159.jpg,8*9+3=75
train/9160.jpg,2-9-4=-11
train/9161.jpg,(7*5)-0=35
train/9162.jpg,(8+1)*5=45
train/9163.jpg,(8+5)-1=12
train/9164.jpg,3+4-9=-2
train/9165.jpg,9*4*4=144
train/9166.jpg,2*(8*3)=48
train/9167.jpg,6+5-8=3
train/9168.jpg,5*9-7=38
train/9169.jpg,2+0*9=2
train/9170.jpg,3-(1+8)=-6
train/9171.jpg,1-(1+9)=-9
train/9172.jpg,3-(5-5)=3
train/9173.jpg,1*3+1=4
train/9174.jpg,8+3+7=18
train/9175.jpg,5-6*2=-7
train/9176.jpg,(5*0)-1=-1
train/9177.jpg,(8+7)+3=18
train/9178.jpg,0-(7*7)=-49
train/9179.jpg,9-1+2=10
train/9180.jpg,5+(0+0)=5
train/9181.jpg,(2-7)*5=-25
train/9182.jpg,2*(2*6)=24
train/9183.jpg,7*(9*6)=378
train/9184.jpg,6*8-0=48
train/9185.jpg,8*7-5=51
train/9186.jpg,6-(4-8)=10
train/9187.jpg,(4-3)+3=4
train/9188.jpg,(8*5)+5=45
train/9189.jpg,3-(9*7)=-60
train/9190.jpg,8+(5*6)=38
train/9191.jpg,0+(4-6)=-2
train/9192.jpg,6*(8*3)=144
train/9193.jpg,9+3+0=12
train/9194.jpg,4+(1-4)=1
train/9195.jpg,(9*0)+9=9
train/9196.jpg,2-1*2=0
train/9197.jpg,7-(4-8)=11
train/9198.jpg,6*8*9=432
train/9199.jpg,2*(0-8)=-16
train/9200.jpg,8+6+4=18
train/9201.jpg,(6*0)-5=-5
train/9202.jpg,0+(5-6)=-1
train/9203.jpg,6+8*6=54
train/9204.jpg,(3+5)+7=15
train/9205.jpg,7+0*4=7
train/9206.jpg,(5*9)-5=40
train/9207.jpg,0-(1*1)=-1
train/9208.jpg,(8+2)*6=60
train/9209.jpg,(8-1)+5=12
train/9210.jpg,6-8*4=-26
train/9211.jpg,(6-1)-8=-3
train/9212.jpg,6*(0+9)=54
train/9213.jpg,(7-1)+2=8
train/9214.jpg,4+(0+3)=7
train/9215.jpg,(4-0)-5=-1
train/9216.jpg,(9-8)-4=-3
train/9217.jpg,(1+4)+0=5
train/9218.jpg,7*(8+3)=77
train/9219.jpg,1+(1+9)=11
train/9220.jpg,9+(9-6)=12
train/9221.jpg,0-5*8=-40
train/9222.jpg,1*(3-1)=2
train/9223.jpg,(4*6)+1=25
train/9224.jpg,4+(9-6)=7
train/9225.jpg,(2*1)-1=1
train/9226.jpg,5+6-5=6
train/9227.jpg,7+(2*8)=23
train/9228.jpg,8*(5*4)=160
train/9229.jpg,4*3+6=18
train/9230.jpg,7-4-0=3
train/9231.jpg,(7-2)+2=7
train/9232.jpg,(5-1)-0=4
train/9233.jpg,(5-1)*7=28
train/9234.jpg,3*(5*2)=30
train/9235.jpg,7*(7+3)=70
train/9236.jpg,(7*6)+5=47
train/9237.jpg,3-6*2=-9
train/9238.jpg,(8+6)*0=0
train/9239.jpg,2+(3*8)=26
train/9240.jpg,(3*6)-2=16
train/9241.jpg,(8+6)*3=42
train/9242.jpg,5*4+5=25
train/9243.jpg,4+6-9=1
train/9244.jpg,8+(9-6)=11
train/9245.jpg,6-(6-5)=5
train/9246.jpg,7-(1+4)=2
train/9247.jpg,0*1+9=9
train/9248.jpg,0-0*8=0
train/9249.jpg,(3+6)+4=13
train/9250.jpg,3-6-1=-4
train/9251.jpg,6+2+2=10
train/9252.jpg,3-6-4=-7
train/9253.jpg,(7+7)-2=12
train/9254.jpg,5*(0+2)=10
train/9255.jpg,3-6*1=-3
train/9256.jpg,1+(7*8)=57
train/9257.jpg,(3*8)*4=96
train/9258.jpg,(3*8)-3=21
train/9259.jpg,(5+6)+6=17
train/9260.jpg,2*(4*9)=72
train/9261.jpg,9-7+3=5
train/9262.jpg,1+(0*2)=1
train/9263.jpg,0-(5*4)=-20
train/9264.jpg,9-(2*0)=9
train/9265.jpg,(5+9)-1=13
train/9266.jpg,6-5+7=8
train/9267.jpg,2+(1*9)=11
train/9268.jpg,4+(7-1)=10
train/9269.jpg,1+0+8=9
train/9270.jpg,(1*7)*9=63
train/9271.jpg,0+(2+9)=11
train/9272.jpg,1-2-2=-3
train/9273.jpg,1+(2-6)=-3
train/9274.jpg,5+(5*4)=25
train/9275.jpg,9*(5*4)=180
train/9276.jpg,0-(4*5)=-20
train/9277.jpg,3-(0-4)=7
train/9278.jpg,1-5+5=1
train/9279.jpg,8+2-4=6
train/9280.jpg,5+(7-0)=12
train/9281.jpg,(4-5)-5=-6
train/9282.jpg,(8-8)*0=0
train/9283.jpg,1-9*6=-53
train/9284.jpg,7-4+6=9
train/9285.jpg,3+(8+8)=19
train/9286.jpg,7*7+9=58
train/9287.jpg,0+(9+3)=12
train/9288.jpg,5+3+6=14
train/9289.jpg,2*7-7=7
train/9290.jpg,3-(9*8)=-69
train/9291.jpg,2*(3+3)=12
train/9292.jpg,6+0*2=6
train/9293.jpg,(3*9)+2=29
train/9294.jpg,6*(8*4)=192
train/9295.jpg,(3+4)-3=4
train/9296.jpg,3*6*5=90
train/9297.jpg,6-9*8=-66
train/9298.jpg,0+5+6=11
train/9299.jpg,9*9+9=90
train/9300.jpg,4*(3+4)=28
train/9301.jpg,1*(3-9)=-6
train/9302.jpg,9-(3-4)=10
train/9303.jpg,0-(8+2)=-10
train/9304.jpg,5*2*4=40
train/9305.jpg,0-9+0=-9
train/9306.jpg,4+4-3=5
train/9307.jpg,2+7*1=9
train/9308.jpg,7*5*1=35
train/9309.jpg,1*(7-9)=-2
train/9310.jpg,1+(1*4)=5
train/9311.jpg,4-(7+0)=-3
train/9312.jpg,8+(1*3)=11
train/9313.jpg,1+(1*6)=7
train/9314.jpg,(0+4)-4=0
train/9315.jpg,6*(1+9)=60
train/9316.jpg,4-9-1=-6
train/9317.jpg,4+(1*0)=4
train/9318.jpg,9-6+7=10
train/9319.jpg,(6*4)*1=24
train/9320.jpg,0*2-4=-4
train/9321.jpg,7+3*0=7
train/9322.jpg,5-(4-2)=3
train/9323.jpg,(3+9)+8=20
train/9324.jpg,9+(5-1)=13
train/9325.jpg,9*8-1=71
train/9326.jpg,9-2*0=9
train/9327.jpg,0*(4*6)=0
train/9328.jpg,5-(3*9)=-22
train/9329.jpg,6+0+0=6
train/9330.jpg,9-9*6=-45
train/9331.jpg,8+(6+2)=16
train/9332.jpg,1-(4+7)=-10
train/9333.jpg,9*(9+3)=108
train/9334.jpg,2-(1*8)=-6
train/9335.jpg,1+0*2=1
train/9336.jpg,7+(3-6)=4
train/9337.jpg,4-(6-1)=-1
train/9338.jpg,2*(1*7)=14
train/9339.jpg,(8-4)-7=-3
train/9340.jpg,7*7*1=49
train/9341.jpg,8-7*7=-41
train/9342.jpg,1-7*0=1
train/9343.jpg,2*4+9=17
train/9344.jpg,7+(9+2)=18
train/9345.jpg,(8-5)-9=-6
train/9346.jpg,(2+3)-8=-3
train/9347.jpg,3*6*0=0
train/9348.jpg,3*9-9=18
train/9349.jpg,(7-5)-6=-4
train/9350.jpg,3+(0+9)=12
train/9351.jpg,3+(6*7)=45
train/9352.jpg,4*(5+1)=24
train/9353.jpg,4-5-7=-8
train/9354.jpg,0*(0*8)=0
train/9355.jpg,6+(6-4)=8
train/9356.jpg,(2+7)-3=6
train/9357.jpg,3-(2-6)=7
train/9358.jpg,3+0-9=-6
train/9359.jpg,9*4*6=216
train/9360.jpg,1-6+7=2
train/9361.jpg,8-2-4=2
train/9362.jpg,7*(9+4)=91
train/9363.jpg,5-9-8=-12
train/9364.jpg,3-3*7=-18
train/9365.jpg,(4*2)*2=16
train/9366.jpg,3+(3-3)=3
train/9367.jpg,9-(2*1)=7
train/9368.jpg,5+(5+0)=10
train/9369.jpg,(5-5)-5=-5
train/9370.jpg,9*0*6=0
train/9371.jpg,8+(9+1)=18
train/9372.jpg,(2-7)+3=-2
train/9373.jpg,1+(5-6)=0
train/9374.jpg,9*1+5=14
train/9375.jpg,8+(0*6)=8
train/9376.jpg,2+(8+9)=19
train/9377.jpg,2*(3*2)=12
train/9378.jpg,4+(6*1)=10
train/9379.jpg,6-(7+4)=-5
train/9380.jpg,(1-1)+1=1
train/9381.jpg,(4*2)+4=12
train/9382.jpg,1*3+6=9
train/9383.jpg,9+(7*4)=37
train/9384.jpg,0+(4-8)=-4
train/9385.jpg,2+(3*4)=14
train/9386.jpg,0-(2*0)=0
train/9387.jpg,7-3+2=6
train/9388.jpg,(0-1)-5=-6
train/9389.jpg,1*(4-5)=-1
train/9390.jpg,8-7*0=8
train/9391.jpg,(4+7)-5=6
train/9392.jpg,(0+7)-5=2
train/9393.jpg,(7+0)-5=2
train/9394.jpg,6+(3-1)=8
train/9395.jpg,6-3*6=-12
train/9396.jpg,3*7+9=30
train/9397.jpg,8+(7-3)=12
train/9398.jpg,1*(7*4)=28
train/9399.jpg,(1-3)*5=-10
train/9400.jpg,9+(3*9)=36
train/9401.jpg,6*2-2=10
train/9402.jpg,(8-7)*4=4
train/9403.jpg,(3+0)+4=7
train/9404.jpg,(6+9)-5=10
train/9405.jpg,3*9+7=34
train/9406.jpg,6-(4-0)=2
train/9407.jpg,3+9+8=20
train/9408.jpg,6+(0*5)=6
train/9409.jpg,5*5*9=225
train/9410.jpg,9-5+1=5
train/9411.jpg,(9*2)*2=36
train/9412.jpg,(1-6)-1=-6
train/9413.jpg,6*(8+1)=54
train/9414.jpg,9+3*0=9
train/9415.jpg,4-5-2=-3
train/9416.jpg,(7+7)-3=11
train/9417.jpg,2*(6*6)=72
train/9418.jpg,2*(3-2)=2
train/9419.jpg,3+(4-9)=-2
train/9420.jpg,(3+8)-6=5
train/9421.jpg,3*6*3=54
train/9422.jpg,4-(0+1)=3
train/9423.jpg,9*(7-1)=54
train/9424.jpg,(2+6)*6=48
train/9425.jpg,0-2-8=-10
train/9426.jpg,0*(6*8)=0
train/9427.jpg,(8*9)-1=71
train/9428.jpg,6*2+7=19
train/9429.jpg,4+(6-8)=2
train/9430.jpg,4+9*8=76
train/9431.jpg,(7+7)+0=14
train/9432.jpg,4+(6+8)=18
train/9433.jpg,7+(9-4)=12
train/9434.jpg,(2-8)+7=1
train/9435.jpg,8*(3+7)=80
train/9436.jpg,1+6+1=8
train/9437.jpg,9-0*3=9
train/9438.jpg,5-(3+1)=1
train/9439.jpg,6-5-1=0
train/9440.jpg,3+4+1=8
train/9441.jpg,4-0-2=2
train/9442.jpg,4*(7+9)=64
train/9443.jpg,4+9*2=22
train/9444.jpg,(6*7)-0=42
train/9445.jpg,(4*6)-7=17
train/9446.jpg,3-4+5=4
train/9447.jpg,3+4+1=8
train/9448.jpg,9-9+7=7
train/9449.jpg,3*(7-3)=12
train/9450.jpg,6-(3-2)=5
train/9451.jpg,(2-5)-3=-6
train/9452.jpg,3+0*7=3
train/9453.jpg,0+(1+0)=1
train/9454.jpg,(9+9)+8=26
train/9455.jpg,6+(2*9)=24
train/9456.jpg,8-(7+3)=-2
train/9457.jpg,9+(7-1)=15
train/9458.jpg,2+(1-2)=1
train/9459.jpg,4+(1+9)=14
train/9460.jpg,5*(9-6)=15
train/9461.jpg,(9*4)-9=27
train/9462.jpg,0*6-0=0
train/9463.jpg,1+6-1=6
train/9464.jpg,5-(7+0)=-2
train/9465.jpg,9*(0+4)=36
train/9466.jpg,8+8+7=23
train/9467.jpg,0*(0-2)=0
train/9468.jpg,(9+5)*5=70
train/9469.jpg,(0-7)*5=-35
train/9470.jpg,(5+1)+2=8
train/9471.jpg,9+(5+5)=19
train/9472.jpg,1+4-5=0
train/9473.jpg,6-4+3=5
train/9474.jpg,5-9-3=-7
train/9475.jpg,4-0*5=4
train/9476.jpg,2*2+7=11
train/9477.jpg,5-5+8=8
train/9478.jpg,1+7-7=1
train/9479.jpg,(1*2)+3=5
train/9480.jpg,2*(3-2)=2
train/9481.jpg,7*(2-7)=-35
train/9482.jpg,(7+6)-6=7
train/9483.jpg,(0*8)-5=-5
train/9484.jpg,(1+3)+7=11
train/9485.jpg,9-9*1=0
train/9486.jpg,8*4*0=0
train/9487.jpg,3+(0+1)=4
train/9488.jpg,(5-6)*6=-6
train/9489.jpg,1-1+8=8
train/9490.jpg,(9*1)*1=9
train/9491.jpg,7-7*0=7
train/9492.jpg,4*7-5=23
train/9493.jpg,2*2-8=-4
train/9494.jpg,8-(0+9)=-1
train/9495.jpg,(2-0)+1=3
train/9496.jpg,5-(5+8)=-8
train/9497.jpg,9+(0-2)=7
train/9498.jpg,4-(2*3)=-2
train/9499.jpg,(9*6)+8=62
train/9500.jpg,1+4-7=-2
train/9501.jpg,2+4-8=-2
train/9502.jpg,2-(0*9)=2
train/9503.jpg,9+9-5=13
train/9504.jpg,4-7+6=3
train/9505.jpg,0*(3+9)=0
train/9506.jpg,(5-5)*3=0
train/9507.jpg,4-(4+0)=0
train/9508.jpg,(6*7)*5=210
train/9509.jpg,(8*5)+2=42
train/9510.jpg,5-2-2=1
train/9511.jpg,(8*0)+4=4
train/9512.jpg,8+2*1=10
train/9513.jpg,5-(9-2)=-2
train/9514.jpg,0*5+6=6
train/9515.jpg,7*1-9=-2
train/9516.jpg,8+(9+0)=17
train/9517.jpg,8+0-5=3
train/9518.jpg,7+7+5=19
train/9519.jpg,(1-2)*8=-8
train/9520.jpg,7+(9*0)=7
train/9521.jpg,(8-9)-0=-1
train/9522.jpg,0+4-8=-4
train/9523.jpg,(5+3)-9=-1
train/9524.jpg,7*(0+4)=28
train/9525.jpg,(8+3)-4=7
train/9526.jpg,3-4+2=1
train/9527.jpg,5*7-4=31
train/9528.jpg,0+6-6=0
train/9529.jpg,(9*6)*9=486
train/9530.jpg,0+(3-1)=2
train/9531.jpg,5+(9-1)=13
train/9532.jpg,9+0*3=9
train/9533.jpg,(6*0)-7=-7
train/9534.jpg,3*1+1=4
train/9535.jpg,4+8+6=18
train/9536.jpg,(4*0)-8=-8
train/9537.jpg,4-(1*9)=-5
train/9538.jpg,(8+9)*7=119
train/9539.jpg,(6*5)+7=37
train/9540.jpg,0*4*1=0
train/9541.jpg,(5-6)+3=2
train/9542.jpg,1+(6-2)=5
train/9543.jpg,8-(6-0)=2
train/9544.jpg,6+8+9=23
train/9545.jpg,9-(1+7)=1
train/9546.jpg,1+1-3=-1
train/9547.jpg,(7+9)*7=112
train/9548.jpg,(1-2)*7=-7
train/9549.jpg,(2-5)*4=-12
train/9550.jpg,7-(6*5)=-23
train/9551.jpg,1-1*6=-5
train/9552.jpg,0-6-4=-10
train/9553.jpg,1-(6+9)=-14
train/9554.jpg,3+(6+6)=15
train/9555.jpg,3-1-8=-6
train/9556.jpg,7-9*9=-74
train/9557.jpg,(5*4)*2=40
train/9558.jpg,6-(9*3)=-21
train/9559.jpg,4*1*7=28
train/9560.jpg,7+(9*7)=70
train/9561.jpg,2-4*3=-10
train/9562.jpg,7*(0+8)=56
train/9563.jpg,8-6*6=-28
train/9564.jpg,1-(8*0)=1
train/9565.jpg,7+(6+2)=15
train/9566.jpg,(4*3)-2=10
train/9567.jpg,(8+7)-4=11
train/9568.jpg,6*3*2=36
train/9569.jpg,2*7-6=8
train/9570.jpg,(2-9)*5=-35
train/9571.jpg,(5+8)+3=16
train/9572.jpg,(2+9)+3=14
train/9573.jpg,9+2+0=11
train/9574.jpg,0*2*4=0
train/9575.jpg,(6*9)-8=46
train/9576.jpg,(0-1)+8=7
train/9577.jpg,6*8-6=42
train/9578.jpg,8+8-1=15
train/9579.jpg,(7-4)+4=7
train/9580.jpg,(6*3)*6=108
train/9581.jpg,(4-4)*8=0
train/9582.jpg,1+(1*1)=2
train/9583.jpg,5*7*2=70
train/9584.jpg,4-4-4=-4
train/9585.jpg,4+4-4=4
train/9586.jpg,8+6+2=16
train/9587.jpg,7-(9*6)=-47
train/9588.jpg,8*(7+3)=80
train/9589.jpg,9*5-2=43
train/9590.jpg,3-9+0=-6
train/9591.jpg,3+(2+9)=14
train/9592.jpg,2-0-4=-2
train/9593.jpg,(1-0)-4=-3
train/9594.jpg,8-4*3=-4
train/9595.jpg,(4*3)*4=48
train/9596.jpg,5-(3+0)=2
train/9597.jpg,4*(7*6)=168
train/9598.jpg,8*5-2=38
train/9599.jpg,8+2*0=8
train/9600.jpg,4+(0+4)=8
train/9601.jpg,3*4*3=36
train/9602.jpg,(2+9)*1=11
train/9603.jpg,0*(3*8)=0
train/9604.jpg,1*9-6=3
train/9605.jpg,6-5+4=5
train/9606.jpg,(1*8)-6=2
train/9607.jpg,5*(5-5)=0
train/9608.jpg,0*(0-3)=0
train/9609.jpg,(5+7)-4=8
train/9610.jpg,7*(8*7)=392
train/9611.jpg,0*(0*9)=0
train/9612.jpg,(6-1)*0=0
train/9613.jpg,(7-0)+7=14
train/9614.jpg,(2*0)+3=3
train/9615.jpg,6+4*0=6
train/9616.jpg,5-(5-1)=1
train/9617.jpg,8-1*7=1
train/9618.jpg,4-3-6=-5
train/9619.jpg,4*(7*0)=0
train/9620.jpg,7*9*6=378
train/9621.jpg,3*(7*2)=42
train/9622.jpg,0-(5+9)=-14
train/9623.jpg,2+9+1=12
train/9624.jpg,(0+4)*8=32
train/9625.jpg,(2*6)+3=15
train/9626.jpg,6*9*7=378
train/9627.jpg,5*8-2=38
train/9628.jpg,(8*2)-3=13
train/9629.jpg,8*(8*7)=448
train/9630.jpg,(5*3)-5=10
train/9631.jpg,9-(6+5)=-2
train/9632.jpg,4+(4-7)=1
train/9633.jpg,8+2*6=20
train/9634.jpg,3-(4*6)=-21
train/9635.jpg,5*(5*8)=200
train/9636.jpg,3*(3-7)=-12
train/9637.jpg,(8+4)+5=17
train/9638.jpg,9-(4*3)=-3
train/9639.jpg,0+5+1=6
train/9640.jpg,(3+0)+5=8
train/9641.jpg,9+7+8=24
train/9642.jpg,1-(2-8)=7
train/9643.jpg,2+(6*3)=20
train/9644.jpg,5-4*6=-19
train/9645.jpg,(3+0)*7=21
train/9646.jpg,2-(9*5)=-43
train/9647.jpg,(1+0)-8=-7
train/9648.jpg,3*(6*5)=90
train/9649.jpg,9+(3+4)=16
train/9650.jpg,4-(0+0)=4
train/9651.jpg,8+7*2=22
train/9652.jpg,7+3+3=13
train/9653.jpg,(0-0)-3=-3
train/9654.jpg,(2*6)-1=11
train/9655.jpg,0-7-9=-16
train/9656.jpg,3-6+7=4
train/9657.jpg,4+2-8=-2
train/9658.jpg,(9+8)-2=15
train/9659.jpg,3-6-8=-11
train/9660.jpg,2-(7*1)=-5
train/9661.jpg,4+7-6=5
train/9662.jpg,(7+1)-9=-1
train/9663.jpg,3-1+2=4
train/9664.jpg,6-(1-8)=13
train/9665.jpg,1+1+0=2
train/9666.jpg,4-1*3=1
train/9667.jpg,2*(3-7)=-8
train/9668.jpg,3-7-9=-13
train/9669.jpg,(6+4)+9=19
train/9670.jpg,(8+8)*7=112
train/9671.jpg,5+(3-1)=7
train/9672.jpg,3+(4-8)=-1
train/9673.jpg,6-4+2=4
train/9674.jpg,(8-6)*6=12
train/9675.jpg,(5+3)+3=11
train/9676.jpg,0+9+6=15
train/9677.jpg,8-(6+5)=-3
train/9678.jpg,(7+6)+8=21
train/9679.jpg,(8*1)-5=3
train/9680.jpg,6-0+2=8
train/9681.jpg,7-(9+0)=-2
train/9682.jpg,(6*0)-3=-3
train/9683.jpg,2-(7-4)=-1
train/9684.jpg,4-(1-0)=3
train/9685.jpg,4+5-8=1
train/9686.jpg,4+6-2=8
train/9687.jpg,(7*8)+8=64
train/9688.jpg,0-(2+4)=-6
train/9689.jpg,8*6-1=47
train/9690.jpg,2-(9-3)=-4
train/9691.jpg,(5+7)+4=16
train/9692.jpg,(9+5)+2=16
train/9693.jpg,1+4*2=9
train/9694.jpg,2*8-0=16
train/9695.jpg,4-5-3=-4
train/9696.jpg,(3-2)-5=-4
train/9697.jpg,7-1-3=3
train/9698.jpg,(7+0)-8=-1
train/9699.jpg,(2-7)*6=-30
train/9700.jpg,9-4+6=11
train/9701.jpg,0*(7*5)=0
train/9702.jpg,4*7*3=84
train/9703.jpg,2*5+7=17
train/9704.jpg,9*(8+2)=90
train/9705.jpg,6-7-8=-9
train/9706.jpg,(0-5)+7=2
train/9707.jpg,3-(5+7)=-9
train/9708.jpg,(4-5)*8=-8
train/9709.jpg,3-(7*4)=-25
train/9710.jpg,8*(4-8)=-32
train/9711.jpg,(2-0)*6=12
train/9712.jpg,8+2*6=20
train/9713.jpg,1-(8-9)=2
train/9714.jpg,(9*7)+6=69
train/9715.jpg,2*9*3=54
train/9716.jpg,5*1*3=15
train/9717.jpg,1+(8*2)=17
train/9718.jpg,(6*9)*6=324
train/9719.jpg,(2+7)+9=18
train/9720.jpg,1+4*8=33
train/9721.jpg,4*4+2=18
train/9722.jpg,0-(2+7)=-9
train/9723.jpg,1-(2*9)=-17
train/9724.jpg,(4+4)-0=8
train/9725.jpg,(5*9)-4=41
train/9726.jpg,2*(8*7)=112
train/9727.jpg,6*(8-2)=36
train/9728.jpg,(6*4)*7=168
train/9729.jpg,(1*7)-9=-2
train/9730.jpg,4+(5*0)=4
train/9731.jpg,(2+0)+7=9
train/9732.jpg,4-(8*5)=-36
train/9733.jpg,3+(3*1)=6
train/9734.jpg,2+2-0=4
train/9735.jpg,1-8+9=2
train/9736.jpg,(5+2)*4=28
train/9737.jpg,(0*8)+2=2
train/9738.jpg,3+7-8=2
train/9739.jpg,0-0+5=5
train/9740.jpg,(9-5)*8=32
train/9741.jpg,(5+7)+3=15
train/9742.jpg,(2+4)-1=5
train/9743.jpg,2*1-4=-2
train/9744.jpg,2+5+8=15
train/9745.jpg,(0+3)+7=10
train/9746.jpg,6+(7*2)=20
train/9747.jpg,5-4+5=6
train/9748.jpg,7-4-9=-6
train/9749.jpg,5-4+4=5
train/9750.jpg,(2+7)+6=15
train/9751.jpg,(6+5)+0=11
train/9752.jpg,8*4+4=36
train/9753.jpg,1*0-1=-1
train/9754.jpg,6-(3*8)=-18
train/9755.jpg,6+9*7=69
train/9756.jpg,6+(8-4)=10
train/9757.jpg,7-(8*6)=-41
train/9758.jpg,(1+8)-2=7
train/9759.jpg,(1*1)-5=-4
train/9760.jpg,(6+5)*0=0
train/9761.jpg,(0-6)+3=-3
train/9762.jpg,(0*2)+2=2
train/9763.jpg,7*1-6=1
train/9764.jpg,1*9*0=0
train/9765.jpg,(7+9)-6=10
train/9766.jpg,5+3+5=13
train/9767.jpg,2-5-5=-8
train/9768.jpg,(9-2)+4=11
train/9769.jpg,2*(9-3)=12
train/9770.jpg,9-(1-1)=9
train/9771.jpg,(5-0)+0=5
train/9772.jpg,5*(3-4)=-5
train/9773.jpg,(5-5)+4=4
train/9774.jpg,4*3+5=17
train/9775.jpg,(5+2)-0=7
train/9776.jpg,3*(2*4)=24
train/9777.jpg,3*6+0=18
train/9778.jpg,5+(8*1)=13
train/9779.jpg,4*6-1=23
train/9780.jpg,7*(0*3)=0
train/9781.jpg,8-(7-8)=9
train/9782.jpg,3-(7*4)=-25
train/9783.jpg,9-6-7=-4
train/9784.jpg,(8+1)*3=27
train/9785.jpg,0+(3*5)=15
train/9786.jpg,4-(2*7)=-10
train/9787.jpg,7-(3+7)=-3
train/9788.jpg,9-5-8=-4
train/9789.jpg,1-1-2=-2
train/9790.jpg,1+(3-1)=3
train/9791.jpg,1-(6*9)=-53
train/9792.jpg,7+(3+0)=10
train/9793.jpg,2-(8*2)=-14
train/9794.jpg,9*5-8=37
train/9795.jpg,1-2-6=-7
train/9796.jpg,(9*6)+4=58
train/9797.jpg,4-(8*9)=-68
train/9798.jpg,4+(8-1)=11
train/9799.jpg,3+5+5=13
train/9800.jpg,2+4-7=-1
train/9801.jpg,(6*3)+9=27
train/9802.jpg,9-9-3=-3
train/9803.jpg,7+4+5=16
train/9804.jpg,9+(3*1)=12
train/9805.jpg,1-1+6=6
train/9806.jpg,(7*9)*1=63
train/9807.jpg,(0-7)-6=-13
train/9808.jpg,(1-4)+6=3
train/9809.jpg,6-(7*0)=6
train/9810.jpg,(0+4)+6=10
train/9811.jpg,7*4-3=25
train/9812.jpg,6*2-4=8
train/9813.jpg,9*8*0=0
train/9814.jpg,2+(8+7)=17
train/9815.jpg,3+7*0=3
train/9816.jpg,0*2+4=4
train/9817.jpg,(8*2)+5=21
train/9818.jpg,7-1-5=1
train/9819.jpg,(7+7)-1=13
train/9820.jpg,2*(2+1)=6
train/9821.jpg,(0-1)*6=-6
train/9822.jpg,3+(9-8)=4
train/9823.jpg,3*1*6=18
train/9824.jpg,(3+7)-5=5
train/9825.jpg,(5-6)-4=-5
train/9826.jpg,(3-7)-3=-7
train/9827.jpg,2+(7*0)=2
train/9828.jpg,1*(7*7)=49
train/9829.jpg,3+8-6=5
train/9830.jpg,(0*8)+5=5
train/9831.jpg,6+(8+5)=19
train/9832.jpg,(5-4)*1=1
train/9833.jpg,7+(6-5)=8
train/9834.jpg,(4+9)+3=16
train/9835.jpg,4+(5*0)=4
train/9836.jpg,(2*8)-8=8
train/9837.jpg,1-(0-0)=1
train/9838.jpg,3*4*6=72
train/9839.jpg,8+8+8=24
train/9840.jpg,(1+8)*9=81
train/9841.jpg,4-(1*2)=2
train/9842.jpg,0-8+6=-2
train/9843.jpg,(4+8)+3=15
train/9844.jpg,(3+8)+0=11
train/9845.jpg,(0*9)+2=2
train/9846.jpg,5+9*6=59
train/9847.jpg,1*4*5=20
train/9848.jpg,3*6+1=19
train/9849.jpg,9+8+3=20
train/9850.jpg,(0-1)-1=-2
train/9851.jpg,2-(1+2)=-1
train/9852.jpg,(5*4)+7=27
train/9853.jpg,8*(6-4)=16
train/9854.jpg,9+1+4=14
train/9855.jpg,(3*0)-8=-8
train/9856.jpg,0-(5-5)=0
train/9857.jpg,0-0-7=-7
train/9858.jpg,0+(7*8)=56
train/9859.jpg,4*(0-0)=0
train/9860.jpg,6*0+8=8
train/9861.jpg,(8-1)+2=9
train/9862.jpg,(9+5)-1=13
train/9863.jpg,(3*2)*2=12
train/9864.jpg,9*(2*1)=18
train/9865.jpg,0-6+6=0
train/9866.jpg,(4*5)-3=17
train/9867.jpg,(3-4)+7=6
train/9868.jpg,8*(4-6)=-16
train/9869.jpg,1-(4*1)=-3
train/9870.jpg,5+8+6=19
train/9871.jpg,8*3*3=72
train/9872.jpg,(3*9)-3=24
train/9873.jpg,6-4+6=8
train/9874.jpg,1-4+4=1
train/9875.jpg,(1+5)-2=4
train/9876.jpg,4-4-5=-5
train/9877.jpg,(9*7)*3=189
train/9878.jpg,0-6+1=-5
train/9879.jpg,7*(6-0)=42
train/9880.jpg,1*3+7=10
train/9881.jpg,(6+1)+9=16
train/9882.jpg,9+(7+5)=21
train/9883.jpg,(1*3)+8=11
train/9884.jpg,1+(4*1)=5
train/9885.jpg,1-3+6=4
train/9886.jpg,(7*4)-7=21
train/9887.jpg,(5-1)+4=8
train/9888.jpg,(9-3)+5=11
train/9889.jpg,2+0*1=2
train/9890.jpg,(1-1)+2=2
train/9891.jpg,0-1-8=-9
train/9892.jpg,(9-0)*1=9
train/9893.jpg,4-1-6=-3
train/9894.jpg,(3+1)*0=0
train/9895.jpg,4-(6*5)=-26
train/9896.jpg,(4-9)*2=-10
train/9897.jpg,6*8+5=53
train/9898.jpg,2-7+0=-5
train/9899.jpg,9-(9*8)=-63
train/9900.jpg,4-0+6=10
train/9901.jpg,8+(6*5)=38
train/9902.jpg,(3+5)+9=17
train/9903.jpg,5*0*5=0
train/9904.jpg,2-9-6=-13
train/9905.jpg,9-(7-9)=11
train/9906.jpg,6*3-6=12
train/9907.jpg,7*9*4=252
train/9908.jpg,6*(6-6)=0
train/9909.jpg,2*5-7=3
train/9910.jpg,(8*9)*8=576
train/9911.jpg,7+(0-6)=1
train/9912.jpg,3-(2+2)=-1
train/9913.jpg,4-8-9=-13
train/9914.jpg,0-(6-8)=2
train/9915.jpg,3*(5+6)=33
train/9916.jpg,(5+9)-6=8
train/9917.jpg,5-0+3=8
train/9918.jpg,2-4*0=2
train/9919.jpg,(2*7)*2=28
train/9920.jpg,6+(2-0)=8
train/9921.jpg,5*3-3=12
train/9922.jpg,(6+5)-7=4
train/9923.jpg,(1-3)-5=-7
train/9924.jpg,7-5+3=5
train/9925.jpg,3*(7-0)=21
train/9926.jpg,(5+0)-5=0
train/9927.jpg,0+(0*0)=0
train/9928.jpg,2*(3+1)=8
train/9929.jpg,(4-4)-1=-1
train/9930.jpg,1*(4+9)=13
train/9931.jpg,5-0+2=7
train/9932.jpg,9-5-7=-3
train/9933.jpg,4+(5*4)=24
train/9934.jpg,3+1-8=-4
train/9935.jpg,1*8-0=8
train/9936.jpg,(3-4)+7=6
train/9937.jpg,(9-2)*8=56
train/9938.jpg,6-(9*7)=-57
train/9939.jpg,(0+1)+4=5
train/9940.jpg,8+(1*5)=13
train/9941.jpg,9-(8*4)=-23
train/9942.jpg,(3*2)+2=8
train/9943.jpg,1-9+6=-2
train/9944.jpg,7*(8*1)=56
train/9945.jpg,1*(6-4)=2
train/9946.jpg,2*6*6=72
train/9947.jpg,9-0*3=9
train/9948.jpg,6+(0+9)=15
train/9949.jpg,8+(6-2)=12
train/9950.jpg,6*(9-0)=54
train/9951.jpg,6-6+1=1
train/9952.jpg,1+3-0=4
train/9953.jpg,(3*7)-2=19
train/9954.jpg,4*1*9=36
train/9955.jpg,8+(0-1)=7
train/9956.jpg,(7*0)*1=0
train/9957.jpg,4+3+9=16
train/9958.jpg,8*(1+1)=16
train/9959.jpg,3*6*1=18
train/9960.jpg,(2-1)-0=1
train/9961.jpg,(1*4)+7=11
train/9962.jpg,8-6-9=-7
train/9963.jpg,(8-8)*7=0
train/9964.jpg,2-(7+7)=-12
train/9965.jpg,(1-8)-2=-9
train/9966.jpg,4*4*6=96
train/9967.jpg,(5+4)*1=9
train/9968.jpg,5*(9-9)=0
train/9969.jpg,0*8*4=0
train/9970.jpg,0-9*2=-18
train/9971.jpg,5+4-2=7
train/9972.jpg,(0+3)+3=6
train/9973.jpg,1+(7*0)=1
train/9974.jpg,0-9-0=-9
train/9975.jpg,(8*7)-5=51
train/9976.jpg,0-(1+5)=-6
train/9977.jpg,8+9-1=16
train/9978.jpg,(5-5)+5=5
train/9979.jpg,(7*3)*4=84
train/9980.jpg,(0+6)+9=15
train/9981.jpg,9*(8-6)=18
train/9982.jpg,2-(8+0)=-6
train/9983.jpg,(7-7)*0=0
train/9984.jpg,4+(5*4)=24
train/9985.jpg,6*4+3=27
train/9986.jpg,(6-9)-1=-4
train/9987.jpg,0*(5-4)=0
train/9988.jpg,2+(1+3)=6
train/9989.jpg,1-7-8=-14
train/9990.jpg,3+(0*0)=3
train/9991.jpg,5-4*2=-3
train/9992.jpg,8-9+3=2
train/9993.jpg,5+(4+2)=11
train/9994.jpg,3-6+9=6
train/9995.jpg,2-(0+3)=-1
train/9996.jpg,5+9*0=5
train/9997.jpg,(4-7)+6=3
train/9998.jpg,(0*8)-8=-8
train/9999.jpg,(4*3)+5=17
train/10000.jpg,8*1*4=32
train/10001.jpg,(4*1)+9=13
train/10002.jpg,(1*4)+9=13
train/10003.jpg,8+3*5=23
train/10004.jpg,(1-5)+5=1
train/10005.jpg,(6-0)-7=-1
train/10006.jpg,5-(3+2)=0
train/10007.jpg,(0-7)-0=-7
train/10008.jpg,4*0+7=7
train/10009.jpg,(8+2)*4=40
train/10010.jpg,8-0*2=8
train/10011.jpg,7+(6+1)=14
train/10012.jpg,3*(2+4)=18
train/10013.jpg,2+(6-4)=4
train/10014.jpg,1+4-6=-1
train/10015.jpg,1-(4-2)=-1
train/10016.jpg,9+8+8=25
train/10017.jpg,4-9-9=-14
train/10018.jpg,6-4-1=1
train/10019.jpg,(6+6)+7=19
train/10020.jpg,4-6*1=-2
train/10021.jpg,(1+8)*9=81
train/10022.jpg,2-(9-2)=-5
train/10023.jpg,(9+5)*9=126
train/10024.jpg,(3-7)-1=-5
train/10025.jpg,3+(2+9)=14
train/10026.jpg,9*(3*7)=189
train/10027.jpg,(8+7)-0=15
train/10028.jpg,(2*7)+2=16
train/10029.jpg,9-(4*5)=-11
train/10030.jpg,1+(6+5)=12
train/10031.jpg,(5-1)+2=6
train/10032.jpg,5+(5-0)=10
train/10033.jpg,9+(8+0)=17
train/10034.jpg,(5-9)*8=-32
train/10035.jpg,8*(3*4)=96
train/10036.jpg,4*(6-2)=16
train/10037.jpg,(8-5)-6=-3
train/10038.jpg,(8+5)*8=104
train/10039.jpg,0+(2-0)=2
train/10040.jpg,(6*2)-4=8
train/10041.jpg,(9*3)*0=0
train/10042.jpg,7+7-9=5
train/10043.jpg,(6+0)+3=9
train/10044.jpg,(5*6)*6=180
train/10045.jpg,3*2-4=2
train/10046.jpg,9*2-2=16
train/10047.jpg,(6+5)-6=5
train/10048.jpg,9*2+5=23
train/10049.jpg,1*(7+3)=10
train/10050.jpg,4-6-9=-11
train/10051.jpg,(9-7)-9=-7
train/10052.jpg,2+(6-2)=6
train/10053.jpg,9+5+3=17
train/10054.jpg,0*7*1=0
train/10055.jpg,3+5-2=6
train/10056.jpg,4+4-1=7
train/10057.jpg,1-5-7=-11
train/10058.jpg,0*(4-7)=0
train/10059.jpg,0*4+5=5
train/10060.jpg,2+0+2=4
train/10061.jpg,(9*6)+8=62
train/10062.jpg,(2-7)-6=-11
train/10063.jpg,(6-5)-4=-3
train/10064.jpg,4*8*1=32
train/10065.jpg,(2-8)*8=-48
train/10066.jpg,(9*3)*7=189
train/10067.jpg,(2-2)*5=0
train/10068.jpg,8-2+1=7
train/10069.jpg,(7+0)-9=-2
train/10070.jpg,8*6+5=53
train/10071.jpg,6*(2+7)=54
train/10072.jpg,(2*3)*6=36
train/10073.jpg,7*0*0=0
train/10074.jpg,(1-6)-6=-11
train/10075.jpg,4+6-9=1
train/10076.jpg,(8+7)+4=19
train/10077.jpg,7-7*9=-56
train/10078.jpg,5-(0-2)=7
train/10079.jpg,2+(2*5)=12
train/10080.jpg,8*9*8=576
train/10081.jpg,4*5*9=180
train/10082.jpg,0-5+3=-2
train/10083.jpg,(8*7)+5=61
train/10084.jpg,4*(5-8)=-12
train/10085.jpg,9-(5*9)=-36
train/10086.jpg,(0+4)+1=5
train/10087.jpg,3+(7+8)=18
train/10088.jpg,(2*4)-5=3
train/10089.jpg,9*3+1=28
train/10090.jpg,2*(5-6)=-2
train/10091.jpg,0-(1+0)=-1
train/10092.jpg,(2-9)+8=1
train/10093.jpg,3+8+9=20
train/10094.jpg,5*(3-0)=15
train/10095.jpg,2-7+5=0
train/10096.jpg,4-(7*9)=-59
train/10097.jpg,(2+0)*2=4
train/10098.jpg,5*3-4=11
train/10099.jpg,2*(1*0)=0
train/10100.jpg,8+(5-9)=4
train/10101.jpg,3*5-1=14
train/10102.jpg,(1-9)-5=-13
train/10103.jpg,9+(5*5)=34
train/10104.jpg,(8*1)*2=16
train/10105.jpg,3*6-5=13
train/10106.jpg,(2*8)*3=48
train/10107.jpg,8*(9+9)=144
train/10108.jpg,(0+4)*7=28
train/10109.jpg,(1-0)-3=-2
train/10110.jpg,(6-6)+9=9
train/10111.jpg,(4*7)-0=28
train/10112.jpg,(0+1)-1=0
train/10113.jpg,6-3*5=-9
train/10114.jpg,9-(6+9)=-6
train/10115.jpg,(6*8)-4=44
train/10116.jpg,(5*9)-3=42
train/10117.jpg,9+(8+5)=22
train/10118.jpg,4*(0-9)=-36
train/10119.jpg,6+(4*8)=38
train/10120.jpg,(3+9)-9=3
train/10121.jpg,0*(8+1)=0
train/10122.jpg,3-6*7=-39
train/10123.jpg,1+(0*9)=1
train/10124.jpg,6*3+3=21
train/10125.jpg,0*(4*4)=0
train/10126.jpg,7-2*4=-1
train/10127.jpg,2+(9*0)=2
train/10128.jpg,(2+3)*7=35
train/10129.jpg,8-(1*4)=4
train/10130.jpg,(1*4)*9=36
train/10131.jpg,(5-2)+1=4
train/10132.jpg,(6+7)-7=6
train/10133.jpg,(6-8)-2=-4
train/10134.jpg,4+(0*2)=4
train/10135.jpg,(8*1)*8=64
train/10136.jpg,6+(0+5)=11
train/10137.jpg,3*5*7=105
train/10138.jpg,(4+5)*7=63
train/10139.jpg,8-8*7=-48
train/10140.jpg,6*(5+1)=36
train/10141.jpg,6-(8-9)=7
train/10142.jpg,7*(1-1)=0
train/10143.jpg,7+(3*3)=16
train/10144.jpg,(8*2)*7=112
train/10145.jpg,2*(3*1)=6
train/10146.jpg,(1*3)-2=1
train/10147.jpg,(4+3)-9=-2
train/10148.jpg,(4*9)+6=42
train/10149.jpg,9+(3-4)=8
train/10150.jpg,7*(2-4)=-14
train/10151.jpg,6-5-6=-5
train/10152.jpg,(9-7)-6=-4
train/10153.jpg,3-7*1=-4
train/10154.jpg,7*(2+9)=77
train/10155.jpg,5*9+4=49
train/10156.jpg,0-4*7=-28
train/10157.jpg,2*2+9=13
train/10158.jpg,(5-5)-6=-6
train/10159.jpg,(9*2)+2=20
train/10160.jpg,(6-6)+3=3
train/10161.jpg,(0-9)*0=0
train/10162.jpg,7*(1-8)=-49
train/10163.jpg,2+2+8=12
train/10164.jpg,(2*9)+1=19
train/10165.jpg,7-(0*4)=7
train/10166.jpg,3+0-4=-1
train/10167.jpg,5-9-4=-8
train/10168.jpg,5+6+1=12
train/10169.jpg,(6*4)*4=96
train/10170.jpg,1-6+9=4
train/10171.jpg,9*7+2=65
train/10172.jpg,(6-7)*3=-3
train/10173.jpg,2+(1+5)=8
train/10174.jpg,0*(6-4)=0
train/10175.jpg,(7+4)+8=19
train/10176.jpg,6+6+9=21
train/10177.jpg,1-(0+4)=-3
train/10178.jpg,(8-0)-6=2
train/10179.jpg,(4*1)+1=5
train/10180.jpg,(3*6)-5=13
train/10181.jpg,4*9-2=34
train/10182.jpg,5*(2*6)=60
train/10183.jpg,(0*9)*6=0
train/10184.jpg,(6-0)*9=54
train/10185.jpg,5-8*3=-19
train/10186.jpg,5+(1*9)=14
train/10187.jpg,0*9*4=0
train/10188.jpg,7*2*6=84
train/10189.jpg,2+(2+9)=13
train/10190.jpg,9*(8*1)=72
train/10191.jpg,8-6+1=3
train/10192.jpg,4+0-6=-2
train/10193.jpg,(1+1)+6=8
train/10194.jpg,(1-6)+2=-3
train/10195.jpg,(9*5)+8=53
train/10196.jpg,(5*6)*2=60
train/10197.jpg,6-9+6=3
train/10198.jpg,8*1+7=15
train/10199.jpg,9*(8*6)=432
train/10200.jpg,3+(6-8)=1
train/10201.jpg,4+8+0=12
train/10202.jpg,8+(7*5)=43
train/10203.jpg,3+0+0=3
train/10204.jpg,(3+5)*0=0
train/10205.jpg,6-2*0=6
train/10206.jpg,5-(3+4)=-2
train/10207.jpg,9*1-8=1
train/10208.jpg,(1+3)-7=-3
train/10209.jpg,(3-1)+6=8
train/10210.jpg,9*3*0=0
train/10211.jpg,0+(6*6)=36
train/10212.jpg,5-(2*4)=-3
train/10213.jpg,(0-3)*3=-9
train/10214.jpg,9+1+3=13
train/10215.jpg,(5*8)*8=320
train/10216.jpg,(0+2)*6=12
train/10217.jpg,(6*6)+7=43
train/10218.jpg,0-(8-1)=-7
train/10219.jpg,(0-4)+9=5
train/10220.jpg,7*(9*3)=189
train/10221.jpg,4*(2+5)=28
train/10222.jpg,1*0*8=0
train/10223.jpg,(8*8)*4=256
train/10224.jpg,(8*9)-1=71
train/10225.jpg,9-(5+7)=-3
train/10226.jpg,5-6+4=3
train/10227.jpg,(3-5)+1=-1
train/10228.jpg,2*7+7=21
train/10229.jpg,5+(8+3)=16
train/10230.jpg,(5+4)*2=18
train/10231.jpg,0+2-3=-1
train/10232.jpg,3+(5-4)=4
train/10233.jpg,(2*1)+0=2
train/10234.jpg,(7-5)*0=0
train/10235.jpg,(6+5)*0=0
train/10236.jpg,3*(2+3)=15
train/10237.jpg,5*(8+1)=45
train/10238.jpg,1*(8+1)=9
train/10239.jpg,5*(1*1)=5
train/10240.jpg,1-2*9=-17
train/10241.jpg,0-(4*6)=-24
train/10242.jpg,8+(1+3)=12
train/10243.jpg,7+5-6=6
train/10244.jpg,9*(5+9)=126
train/10245.jpg,2+7*1=9
train/10246.jpg,(8+0)+9=17
train/10247.jpg,9-9-0=0
train/10248.jpg,5-2*5=-5
train/10249.jpg,5*(7+1)=40
train/10250.jpg,6+(7+1)=14
train/10251.jpg,0-(5-3)=-2
train/10252.jpg,9*6*5=270
train/10253.jpg,9*(9*9)=729
train/10254.jpg,8*(7-5)=16
train/10255.jpg,(2*7)+4=18
train/10256.jpg,8-(1-7)=14
train/10257.jpg,9*(7-5)=18
train/10258.jpg,3*(5+9)=42
train/10259.jpg,6-6+9=9
train/10260.jpg,(5+6)-4=7
train/10261.jpg,5+(9-2)=12
train/10262.jpg,(7-2)+5=10
train/10263.jpg,(0-0)*3=0
train/10264.jpg,(4*3)-4=8
train/10265.jpg,8+(7*9)=71
train/10266.jpg,(4+1)*8=40
train/10267.jpg,(8*5)-1=39
train/10268.jpg,(5*5)+2=27
train/10269.jpg,(3+2)-5=0
train/10270.jpg,(6+5)-0=11
train/10271.jpg,0*(8*4)=0
train/10272.jpg,(4+5)*7=63
train/10273.jpg,6*6-8=28
train/10274.jpg,9*8+8=80
train/10275.jpg,8+2-5=5
train/10276.jpg,0-7-2=-9
train/10277.jpg,(1+3)+2=6
train/10278.jpg,(9+8)*7=119
train/10279.jpg,(6-7)*3=-3
train/10280.jpg,7-5+8=10
train/10281.jpg,0-(5*9)=-45
train/10282.jpg,(3-5)+2=0
train/10283.jpg,2*1+1=3
train/10284.jpg,4*8*5=160
train/10285.jpg,9-8+5=6
train/10286.jpg,7-8*6=-41
train/10287.jpg,8+(2+2)=12
train/10288.jpg,5-5-0=0
train/10289.jpg,(9+8)+7=24
train/10290.jpg,(3-5)*4=-8
train/10291.jpg,(7-4)+3=6
train/10292.jpg,7+6-1=12
train/10293.jpg,(0-4)-5=-9
train/10294.jpg,6*1*9=54
train/10295.jpg,1+(5-2)=4
train/10296.jpg,(1*9)-8=1
train/10297.jpg,8+7-9=6
train/10298.jpg,0*(9+9)=0
train/10299.jpg,6-4+9=11
train/10300.jpg,3-1+3=5
train/10301.jpg,(8+1)+1=10
train/10302.jpg,9*5-5=40
train/10303.jpg,7-6-0=1
train/10304.jpg,(5-2)+7=10
train/10305.jpg,7-(9*8)=-65
train/10306.jpg,0*7+4=4
train/10307.jpg,5*3-9=6
train/10308.jpg,2-(1+3)=-2
train/10309.jpg,9*3-0=27
train/10310.jpg,3-6+9=6
train/10311.jpg,2+0-0=2
train/10312.jpg,6+1+0=7
train/10313.jpg,5+0*0=5
train/10314.jpg,(1+9)*7=70
train/10315.jpg,(4-6)*4=-8
train/10316.jpg,7-(8-3)=2
train/10317.jpg,1+7*4=29
train/10318.jpg,2-6*1=-4
train/10319.jpg,(5*3)-1=14
train/10320.jpg,2-(9-5)=-2
train/10321.jpg,1+(1+0)=2
train/10322.jpg,(2*8)*3=48
train/10323.jpg,7*6*9=378
train/10324.jpg,(6*1)-1=5
train/10325.jpg,5+(4*2)=13
train/10326.jpg,(8*4)*5=160
train/10327.jpg,(7*7)+7=56
train/10328.jpg,5-(2*7)=-9
train/10329.jpg,3-6*7=-39
train/10330.jpg,0+(5*1)=5
train/10331.jpg,0+0*1=0
train/10332.jpg,7+3-1=9
train/10333.jpg,9-5*5=-16
train/10334.jpg,0-(4*2)=-8
train/10335.jpg,1+1-9=-7
train/10336.jpg,9+0+9=18
train/10337.jpg,0+(7+3)=10
train/10338.jpg,7+(5+9)=21
train/10339.jpg,2-7+4=-1
train/10340.jpg,1*2+4=6
train/10341.jpg,(1-4)+8=5
train/10342.jpg,9+(4-6)=7
train/10343.jpg,(3*6)+3=21
train/10344.jpg,9+2+7=18
train/10345.jpg,(0*7)-3=-3
train/10346.jpg,1*1+2=3
train/10347.jpg,1+(2*5)=11
train/10348.jpg,2-4*1=-2
train/10349.jpg,5-3*7=-16
train/10350.jpg,3*(9+6)=45
train/10351.jpg,0-(9-3)=-6
train/10352.jpg,(4-1)-3=0
train/10353.jpg,(6*8)*3=144
train/10354.jpg,3-(3*2)=-3
train/10355.jpg,3-9+6=0
train/10356.jpg,(6*3)*8=144
train/10357.jpg,(5-8)*9=-27
train/10358.jpg,(7-7)+7=7
train/10359.jpg,7-4-9=-6
train/10360.jpg,3*(1+6)=21
train/10361.jpg,(4+5)-5=4
train/10362.jpg,(2+5)-8=-1
train/10363.jpg,1-1-8=-8
train/10364.jpg,9*(2+1)=27
train/10365.jpg,(6-6)*2=0
train/10366.jpg,4-5+5=4
train/10367.jpg,5-9*6=-49
train/10368.jpg,8*3+1=25
train/10369.jpg,(2+1)*5=15
train/10370.jpg,6-(4+0)=2
train/10371.jpg,(1+1)*1=2
train/10372.jpg,(5-4)*5=5
train/10373.jpg,(8+7)*1=15
train/10374.jpg,(8-8)*5=0
train/10375.jpg,3*(0-9)=-27
train/10376.jpg,(7-3)+5=9
train/10377.jpg,1-(4*9)=-35
train/10378.jpg,(6-4)*8=16
train/10379.jpg,2*(7+1)=16
train/10380.jpg,(4*2)*1=8
train/10381.jpg,7-(8+5)=-6
train/10382.jpg,4-(4*8)=-28
train/10383.jpg,9-(5*3)=-6
train/10384.jpg,2+7*7=51
train/10385.jpg,(6-3)+7=10
train/10386.jpg,4*1*0=0
train/10387.jpg,9-8*0=9
train/10388.jpg,4*(6+5)=44
train/10389.jpg,(9*5)+6=51
train/10390.jpg,(5*9)+3=48
train/10391.jpg,8*(8-4)=32
train/10392.jpg,(8-9)*0=0
train/10393.jpg,3*0-4=-4
train/10394.jpg,3-(4-9)=8
train/10395.jpg,(5+4)+4=13
train/10396.jpg,6+(4*7)=34
train/10397.jpg,(7*8)-2=54
train/10398.jpg,(3-6)+2=-1
train/10399.jpg,(6+6)*6=72
train/10400.jpg,2*9-1=17
train/10401.jpg,6*(2*3)=36
train/10402.jpg,(1+0)*7=7
train/10403.jpg,(1*6)+8=14
train/10404.jpg,(7-6)*8=8
train/10405.jpg,7-3*1=4
train/10406.jpg,5-(7-6)=4
train/10407.jpg,9*(6+6)=108
train/10408.jpg,0+(1+3)=4
train/10409.jpg,9-7+5=7
train/10410.jpg,0-(1-5)=4
train/10411.jpg,5*7+4=39
train/10412.jpg,(1+5)*5=30
train/10413.jpg,1-(0-2)=3
train/10414.jpg,(4-2)*2=4
train/10415.jpg,(1+2)*2=6
train/10416.jpg,(8+7)*9=135
train/10417.jpg,(9*8)-2=70
train/10418.jpg,1-(7-0)=-6
train/10419.jpg,(3+5)-5=3
train/10420.jpg,(0-5)*9=-45
train/10421.jpg,(8+5)+4=17
train/10422.jpg,(9*6)-0=54
train/10423.jpg,(2*8)+9=25
train/10424.jpg,6*(5+0)=30
train/10425.jpg,(0-6)+8=2
train/10426.jpg,7*(6-9)=-21
train/10427.jpg,(6-8)*1=-2
train/10428.jpg,2-1*5=-3
train/10429.jpg,(5-9)*0=0
train/10430.jpg,9+(1-4)=6
train/10431.jpg,6+(6*4)=30
train/10432.jpg,5*(7*0)=0
train/10433.jpg,4*5+8=28
train/10434.jpg,0-(6*2)=-12
train/10435.jpg,7-(4-7)=10
train/10436.jpg,0-(5+8)=-13
train/10437.jpg,8-1-3=4
train/10438.jpg,1+0+7=8
train/10439.jpg,6*(4+2)=36
train/10440.jpg,(3-8)-3=-8
train/10441.jpg,0+0*0=0
train/10442.jpg,2*(0+3)=6
train/10443.jpg,8+(2-4)=6
train/10444.jpg,8+4*9=44
train/10445.jpg,(2*2)-1=3
train/10446.jpg,7-(0*8)=7
train/10447.jpg,9-8-5=-4
train/10448.jpg,(1+2)*6=18
train/10449.jpg,7*(4+3)=49
train/10450.jpg,7*(2*2)=28
train/10451.jpg,9-(3-1)=7
train/10452.jpg,8+6+3=17
train/10453.jpg,(8*2)*4=64
train/10454.jpg,3+(1*9)=12
train/10455.jpg,9-8+0=1
train/10456.jpg,1-(4+4)=-7
train/10457.jpg,3-7*0=3
train/10458.jpg,7*4-7=21
train/10459.jpg,5-3-4=-2
train/10460.jpg,0-2+0=-2
train/10461.jpg,(3-6)*5=-15
train/10462.jpg,9+5-3=11
train/10463.jpg,(0+5)-7=-2
train/10464.jpg,5-8*6=-43
train/10465.jpg,(3-9)-2=-8
train/10466.jpg,(5-6)-1=-2
train/10467.jpg,3+(7+7)=17
train/10468.jpg,5*(4*5)=100
train/10469.jpg,5+(0+2)=7
train/10470.jpg,8+4*1=12
train/10471.jpg,4*(4*3)=48
train/10472.jpg,1-(8+7)=-14
train/10473.jpg,0*0*3=0
train/10474.jpg,6+4*2=14
train/10475.jpg,3*(9*0)=0
train/10476.jpg,9-(5-2)=6
train/10477.jpg,1-(0*7)=1
train/10478.jpg,1-7-6=-12
train/10479.jpg,5*5+2=27
train/10480.jpg,9+(7+2)=18
train/10481.jpg,7-(7-2)=2
train/10482.jpg,3-0-8=-5
train/10483.jpg,0-(9-5)=-4
train/10484.jpg,(6+8)-7=7
train/10485.jpg,(3*3)-1=8
train/10486.jpg,(8+2)-0=10
train/10487.jpg,4*5+5=25
train/10488.jpg,0*(2*4)=0
train/10489.jpg,8+6+8=22
train/10490.jpg,(4+5)-1=8
train/10491.jpg,6*0+1=1
train/10492.jpg,(3*8)+7=31
train/10493.jpg,(7-1)+3=9
train/10494.jpg,(4-2)+7=9
train/10495.jpg,0-3+7=4
train/10496.jpg,(4-0)-6=-2
train/10497.jpg,(2*6)+4=16
train/10498.jpg,4*(4*1)=16
train/10499.jpg,(3-2)*5=5
train/10500.jpg,7-(3+9)=-5
train/10501.jpg,1*(4+9)=13
train/10502.jpg,0-1-6=-7
train/10503.jpg,(6-7)*9=-9
train/10504.jpg,(9+0)+6=15
train/10505.jpg,(0*7)-3=-3
train/10506.jpg,0+4*9=36
train/10507.jpg,5*0*8=0
train/10508.jpg,(9+2)*6=66
train/10509.jpg,0+0+8=8
train/10510.jpg,5+(6+8)=19
train/10511.jpg,3+8+2=13
train/10512.jpg,(0-1)-1=-2
train/10513.jpg,0+2*4=8
train/10514.jpg,(0-1)-5=-6
train/10515.jpg,6*(5*9)=270
train/10516.jpg,3-3*9=-24
train/10517.jpg,0+(6-1)=5
train/10518.jpg,2*6+5=17
train/10519.jpg,6+4*8=38
train/10520.jpg,4*4-7=9
train/10521.jpg,5-3-8=-6
train/10522.jpg,(6*3)-6=12
train/10523.jpg,8+5+8=21
train/10524.jpg,(5*3)+8=23
train/10525.jpg,7-5*0=7
train/10526.jpg,0*9*9=0
train/10527.jpg,9-6-4=-1
train/10528.jpg,7-(8+8)=-9
train/10529.jpg,(9-2)*9=63
train/10530.jpg,6*0-4=-4
train/10531.jpg,2*(1*9)=18
train/10532.jpg,(4*6)+0=24
train/10533.jpg,3*(4*7)=84
train/10534.jpg,2-9+9=2
train/10535.jpg,4*(1*6)=24
train/10536.jpg,7*5*5=175
train/10537.jpg,(8-1)+3=10
train/10538.jpg,5*(3*2)=30
train/10539.jpg,8*(2+5)=56
train/10540.jpg,(3+6)*9=81
train/10541.jpg,8+(8-6)=10
train/10542.jpg,6*(9-7)=12
train/10543.jpg,(8+5)+0=13
train/10544.jpg,7-(7+9)=-9
train/10545.jpg,8*(9*0)=0
train/10546.jpg,6+4-3=7
train/10547.jpg,5+(5*1)=10
train/10548.jpg,5+9*3=32
train/10549.jpg,6+(2+8)=16
train/10550.jpg,(2-9)*8=-56
train/10551.jpg,5*8-6=34
train/10552.jpg,(0+4)-2=2
train/10553.jpg,0-(0*6)=0
train/10554.jpg,(5*7)*7=245
train/10555.jpg,4-6*7=-38
train/10556.jpg,(8*3)*2=48
train/10557.jpg,(5-2)+3=6
train/10558.jpg,1*(8*7)=56
train/10559.jpg,3+0+1=4
train/10560.jpg,0-(0*2)=0
train/10561.jpg,(2+7)-4=5
train/10562.jpg,4-2*1=2
train/10563.jpg,1*5*9=45
train/10564.jpg,(5+9)+0=14
train/10565.jpg,5*4-0=20
train/10566.jpg,3+2+5=10
train/10567.jpg,8-(7-5)=6
train/10568.jpg,2*1+7=9
train/10569.jpg,(0-6)*0=0
train/10570.jpg,(6+3)+3=12
train/10571.jpg,(2+2)-2=2
train/10572.jpg,(1-3)+9=7
train/10573.jpg,(0-5)*5=-25
train/10574.jpg,1-2-8=-9
train/10575.jpg,(6*0)-9=-9
train/10576.jpg,6-(9-2)=-1
train/10577.jpg,1*4*4=16
train/10578.jpg,(3-4)*4=-4
train/10579.jpg,5-(0-3)=8
train/10580.jpg,4-(5-3)=2
train/10581.jpg,2+2*3=8
train/10582.jpg,1+(5+7)=13
train/10583.jpg,5+(9*9)=86
train/10584.jpg,(3-6)*9=-27
train/10585.jpg,3*8-0=24
train/10586.jpg,2+7*4=30
train/10587.jpg,(2-5)+0=-3
train/10588.jpg,1-9*5=-44
train/10589.jpg,6-6*8=-42
train/10590.jpg,(0+6)+3=9
train/10591.jpg,(3+7)+9=19
train/10592.jpg,8*(5*3)=120
train/10593.jpg,5+(6+9)=20
train/10594.jpg,3+(0*2)=3
train/10595.jpg,(6-3)*5=15
train/10596.jpg,(9+5)-1=13
train/10597.jpg,2*(1+6)=14
train/10598.jpg,3+(8+9)=20
train/10599.jpg,6*(6*8)=288
train/10600.jpg,4*0*2=0
train/10601.jpg,4+(4+4)=12
train/10602.jpg,2*0-5=-5
train/10603.jpg,9-2*6=-3
train/10604.jpg,(0+6)*5=30
train/10605.jpg,3+3*0=3
train/10606.jpg,(4-0)*6=24
train/10607.jpg,(6-7)+0=-1
train/10608.jpg,3*0*4=0
train/10609.jpg,9+0*4=9
train/10610.jpg,2-(5*3)=-13
train/10611.jpg,3-(5+9)=-11
train/10612.jpg,(7+2)+2=11
train/10613.jpg,(6*0)*3=0
train/10614.jpg,(5+0)*3=15
train/10615.jpg,3+(8+0)=11
train/10616.jpg,6*(0*5)=0
train/10617.jpg,8*(5-3)=16
train/10618.jpg,4-9*6=-50
train/10619.jpg,(9+5)+7=21
train/10620.jpg,6+1+8=15
train/10621.jpg,(1+0)-4=-3
train/10622.jpg,7-2+9=14
train/10623.jpg,9+(1-9)=1
train/10624.jpg,4-(8-1)=-3
train/10625.jpg,(6-7)+4=3
train/10626.jpg,(4*9)-7=29
train/10627.jpg,0-8*6=-48
train/10628.jpg,1-(1+6)=-6
train/10629.jpg,7-2*7=-7
train/10630.jpg,5+(3+8)=16
train/10631.jpg,(4+6)*4=40
train/10632.jpg,7*3-7=14
train/10633.jpg,5-7+8=6
train/10634.jpg,5-(6*7)=-37
train/10635.jpg,2+(8+1)=11
train/10636.jpg,7*1*4=28
train/10637.jpg,9+6*3=27
train/10638.jpg,9*(3+4)=63
train/10639.jpg,7*(8*8)=448
train/10640.jpg,7-(6*7)=-35
train/10641.jpg,(3-2)+5=6
train/10642.jpg,(6-6)*7=0
train/10643.jpg,6-(8+9)=-11
train/10644.jpg,(1*7)-9=-2
train/10645.jpg,7-6-5=-4
train/10646.jpg,4+(5*9)=49
train/10647.jpg,(2+8)-1=9
train/10648.jpg,9+1+3=13
train/10649.jpg,(8*7)-0=56
train/10650.jpg,4+(4+9)=17
train/10651.jpg,6*(3+4)=42
train/10652.jpg,3-3-6=-6
train/10653.jpg,4*5*4=80
train/10654.jpg,2*2-5=-1
train/10655.jpg,9+(6-7)=8
train/10656.jpg,8-(2-4)=10
train/10657.jpg,5-4-6=-5
train/10658.jpg,7+3+6=16
train/10659.jpg,(6*9)+5=59
train/10660.jpg,7*(7+9)=112
train/10661.jpg,2+(6+1)=9
train/10662.jpg,1-(9+5)=-13
train/10663.jpg,5+7*3=26
train/10664.jpg,(5+3)+8=16
train/10665.jpg,3*(4*0)=0
train/10666.jpg,4*(7+5)=48
train/10667.jpg,7+5+2=14
train/10668.jpg,8*3+7=31
train/10669.jpg,(1+5)-5=1
train/10670.jpg,8*(7+4)=88
train/10671.jpg,(0*7)-4=-4
train/10672.jpg,1+(5*2)=11
train/10673.jpg,4+2*9=22
train/10674.jpg,8*9-6=66
train/10675.jpg,(7*4)+2=30
train/10676.jpg,7-8+1=0
train/10677.jpg,(9*7)*4=252
train/10678.jpg,5-2+2=5
train/10679.jpg,6-9*3=-21
train/10680.jpg,8*(2-1)=8
train/10681.jpg,8*3*7=168
train/10682.jpg,(3+6)*1=9
train/10683.jpg,6*6+2=38
train/10684.jpg,2*(9*7)=126
train/10685.jpg,7+9-9=7
train/10686.jpg,8+(3*6)=26
train/10687.jpg,5+0-7=-2
train/10688.jpg,(9-5)*2=8
train/10689.jpg,4*(7+3)=40
train/10690.jpg,7+(9*9)=88
train/10691.jpg,(1-8)+4=-3
train/10692.jpg,5*5*6=150
train/10693.jpg,(3*9)*6=162
train/10694.jpg,3*(6*8)=144
train/10695.jpg,7-7+2=2
train/10696.jpg,(8*8)*3=192
train/10697.jpg,5+4-3=6
train/10698.jpg,5-1*3=2
train/10699.jpg,(3*8)+4=28
train/10700.jpg,0+(4-5)=-1
train/10701.jpg,4+7-1=10
train/10702.jpg,4*(8+6)=56
train/10703.jpg,(4+7)*9=99
train/10704.jpg,3*(4-5)=-3
train/10705.jpg,5+(3-5)=3
train/10706.jpg,9+(4+9)=22
train/10707.jpg,(6*8)-0=48
train/10708.jpg,8+(3+6)=17
train/10709.jpg,2*2*1=4
train/10710.jpg,(7-6)-4=-3
train/10711.jpg,7-9-3=-5
train/10712.jpg,6*(5*7)=210
train/10713.jpg,3*(3*4)=36
train/10714.jpg,8-(5*3)=-7
train/10715.jpg,(9-0)*3=27
train/10716.jpg,(1-2)-7=-8
train/10717.jpg,(9-0)-1=8
train/10718.jpg,(7-9)*0=0
train/10719.jpg,(9-1)+4=12
train/10720.jpg,7+5+6=18
train/10721.jpg,2*(9*3)=54
train/10722.jpg,(8*2)*7=112
train/10723.jpg,0+(4*2)=8
train/10724.jpg,(3+3)+6=12
train/10725.jpg,(1*3)+7=10
train/10726.jpg,5*2+4=14
train/10727.jpg,(0+0)-7=-7
train/10728.jpg,0-8+6=-2
train/10729.jpg,1*(7-6)=1
train/10730.jpg,1-1-0=0
train/10731.jpg,(2+1)-9=-6
train/10732.jpg,9+8+8=25
train/10733.jpg,4*(0+7)=28
train/10734.jpg,2+(1*6)=8
train/10735.jpg,(3+2)*8=40
train/10736.jpg,(1+3)-9=-5
train/10737.jpg,(6+7)+2=15
train/10738.jpg,8-5+7=10
train/10739.jpg,1*(7*0)=0
train/10740.jpg,4-(1+3)=0
train/10741.jpg,2*(1+9)=20
train/10742.jpg,0-(9*5)=-45
train/10743.jpg,4*(8*0)=0
train/10744.jpg,0*(1+3)=0
train/10745.jpg,6-5*1=1
train/10746.jpg,9+4*2=17
train/10747.jpg,9+(3*2)=15
train/10748.jpg,(5+1)+0=6
train/10749.jpg,7*(8+4)=84
train/10750.jpg,8+1*2=10
train/10751.jpg,(9+5)*7=98
train/10752.jpg,(5+4)-8=1
train/10753.jpg,8-2-5=1
train/10754.jpg,(8+2)*1=10
train/10755.jpg,(8+9)-0=17
train/10756.jpg,9*(9+9)=162
train/10757.jpg,5+2+3=10
train/10758.jpg,(7-7)+7=7
train/10759.jpg,(0*6)-0=0
train/10760.jpg,(8+0)+2=10
train/10761.jpg,7+(8*7)=63
train/10762.jpg,6*(0+3)=18
train/10763.jpg,(0*6)*6=0
train/10764.jpg,6*(1+9)=60
train/10765.jpg,(8+6)+3=17
train/10766.jpg,(2+3)+0=5
train/10767.jpg,1+(0-9)=-8
train/10768.jpg,8+(9-3)=14
train/10769.jpg,9-(1*1)=8
train/10770.jpg,3-9+6=0
train/10771.jpg,(9+4)-3=10
train/10772.jpg,6-(2+7)=-3
train/10773.jpg,(3-3)-6=-6
train/10774.jpg,8+8*6=56
train/10775.jpg,4-2+7=9
train/10776.jpg,(9-0)-7=2
train/10777.jpg,7+0*2=7
train/10778.jpg,(6+9)-7=8
train/10779.jpg,(0*6)+7=7
train/10780.jpg,2*4-0=8
train/10781.jpg,6-4+0=2
train/10782.jpg,(4+2)*4=24
train/10783.jpg,5*(3-0)=15
train/10784.jpg,(0-5)-8=-13
train/10785.jpg,3+7-3=7
train/10786.jpg,4*(1*8)=32
train/10787.jpg,(4-6)-4=-6
train/10788.jpg,0-8*7=-56
train/10789.jpg,7*3+5=26
train/10790.jpg,4*3*0=0
train/10791.jpg,2-7*8=-54
train/10792.jpg,8+5-8=5
train/10793.jpg,9-(6*3)=-9
train/10794.jpg,(1+4)-5=0
train/10795.jpg,2-7-4=-9
train/10796.jpg,(9-0)-3=6
train/10797.jpg,(6-3)-4=-1
train/10798.jpg,1-2-4=-5
train/10799.jpg,(7+7)+0=14
train/10800.jpg,(0-7)+5=-2
train/10801.jpg,8-(8-6)=6
train/10802.jpg,7*1*8=56
train/10803.jpg,5+(7*5)=40
train/10804.jpg,3-3*2=-3
train/10805.jpg,1-(0*9)=1
train/10806.jpg,4-(2+2)=0
train/10807.jpg,1-2+8=7
train/10808.jpg,5*(3-3)=0
train/10809.jpg,7+(4*7)=35
train/10810.jpg,1+(1+8)=10
train/10811.jpg,8-(8+3)=-3
train/10812.jpg,3*6-2=16
train/10813.jpg,7+0-6=1
train/10814.jpg,0*2-2=-2
train/10815.jpg,9+0-6=3
train/10816.jpg,6+(1*0)=6
train/10817.jpg,7*3*3=63
train/10818.jpg,7+9*8=79
train/10819.jpg,5-2*2=1
train/10820.jpg,(3+3)-6=0
train/10821.jpg,(3+0)+3=6
train/10822.jpg,0-3*0=0
train/10823.jpg,1+9*4=37
train/10824.jpg,9*(5-6)=-9
train/10825.jpg,8-(2-4)=10
train/10826.jpg,(4*5)*6=120
train/10827.jpg,6*(6+9)=90
train/10828.jpg,(0+4)*3=12
train/10829.jpg,1-(8-1)=-6
train/10830.jpg,5*9-7=38
train/10831.jpg,8+9*9=89
train/10832.jpg,(0+1)+3=4
train/10833.jpg,3-5+3=1
train/10834.jpg,(5+7)+9=21
train/10835.jpg,(7-9)-7=-9
train/10836.jpg,0-2*1=-2
train/10837.jpg,0*(2*3)=0
train/10838.jpg,8-0-1=7
train/10839.jpg,(8*1)*1=8
train/10840.jpg,(9*7)-4=59
train/10841.jpg,2*(9+1)=20
train/10842.jpg,7*8*8=448
train/10843.jpg,5-9+9=5
train/10844.jpg,2-3+8=7
train/10845.jpg,5*4+0=20
train/10846.jpg,4*(5*2)=40
train/10847.jpg,7+4-9=2
train/10848.jpg,8+(3-7)=4
train/10849.jpg,0+2-5=-3
train/10850.jpg,6-(8-8)=6
train/10851.jpg,6-(1+9)=-4
train/10852.jpg,2+(0-8)=-6
train/10853.jpg,9+(0*0)=9
train/10854.jpg,6+2*4=14
train/10855.jpg,7+8*7=63
train/10856.jpg,1+0+2=3
train/10857.jpg,8+(9+7)=24
train/10858.jpg,(1+9)*5=50
train/10859.jpg,(4+1)*6=30
train/10860.jpg,(9*6)+1=55
train/10861.jpg,(2+9)-4=7
train/10862.jpg,(3+5)-2=6
train/10863.jpg,1*4-2=2
train/10864.jpg,9+(3-2)=10
train/10865.jpg,2*3+4=10
train/10866.jpg,8-(3-7)=12
train/10867.jpg,7+0*3=7
train/10868.jpg,4*8+9=41
train/10869.jpg,7*(8*7)=392
train/10870.jpg,0-2*1=-2
train/10871.jpg,1+0*2=1
train/10872.jpg,1+(4-3)=2
train/10873.jpg,4*(1-6)=-20
train/10874.jpg,(0-2)+5=3
train/10875.jpg,(8+5)-7=6
train/10876.jpg,5+6-9=2
train/10877.jpg,(4+0)+5=9
train/10878.jpg,8*3+7=31
train/10879.jpg,0*(1+8)=0
train/10880.jpg,6-(3*3)=-3
train/10881.jpg,(7*4)*4=112
train/10882.jpg,(8*4)-6=26
train/10883.jpg,9-(6*4)=-15
train/10884.jpg,9-(4*8)=-23
train/10885.jpg,0-7-4=-11
train/10886.jpg,8*7*3=168
train/10887.jpg,3-2-2=-1
train/10888.jpg,(6-3)+7=10
train/10889.jpg,7+(3-6)=4
train/10890.jpg,5-(8-6)=3
train/10891.jpg,(4-8)-0=-4
train/10892.jpg,(0+7)-2=5
train/10893.jpg,9*5-3=42
train/10894.jpg,4+(1+4)=9
train/10895.jpg,7-(6-7)=8
train/10896.jpg,2+7-8=1
train/10897.jpg,3*6+9=27
train/10898.jpg,4*(5*2)=40
train/10899.jpg,4+(0+6)=10
train/10900.jpg,(0+9)+5=14
train/10901.jpg,(4-5)+2=1
train/10902.jpg,9*(7-8)=-9
train/10903.jpg,(7*6)-7=35
train/10904.jpg,4*1*3=12
train/10905.jpg,9*(9-7)=18
train/10906.jpg,9-6*5=-21
train/10907.jpg,4+(7*2)=18
train/10908.jpg,1+(7*1)=8
train/10909.jpg,(0+7)+0=7
train/10910.jpg,4*0-8=-8
train/10911.jpg,2*(6-8)=-4
train/10912.jpg,2*1-7=-5
train/10913.jpg,1-8*1=-7
train/10914.jpg,(5+7)+3=15
train/10915.jpg,1-8*5=-39
train/10916.jpg,7-(9+2)=-4
train/10917.jpg,(5*2)-2=8
train/10918.jpg,7*1-3=4
train/10919.jpg,1*(6+9)=15
train/10920.jpg,5*8+9=49
train/10921.jpg,(0*1)*3=0
train/10922.jpg,(2*0)+8=8
train/10923.jpg,6*7*7=294
train/10924.jpg,2+(7+1)=10
train/10925.jpg,9-9-3=-3
train/10926.jpg,(3*8)+5=29
train/10927.jpg,9*(7-3)=36
train/10928.jpg,5*7-0=35
train/10929.jpg,(4-2)+6=8
train/10930.jpg,1*(6-4)=2
train/10931.jpg,6-(7*8)=-50
train/10932.jpg,1*(4*3)=12
train/10933.jpg,6*(3-4)=-6
train/10934.jpg,(6*0)-3=-3
train/10935.jpg,(0*4)-0=0
train/10936.jpg,2*(1+0)=2
train/10937.jpg,(9+4)+2=15
train/10938.jpg,0*8+1=1
train/10939.jpg,(0+1)*7=7
train/10940.jpg,(0*9)-3=-3
train/10941.jpg,(5+8)-8=5
train/10942.jpg,2-(6-8)=4
train/10943.jpg,5+(2*8)=21
train/10944.jpg,(4*9)+8=44
train/10945.jpg,2-(6-5)=1
train/10946.jpg,7-(0+5)=2
train/10947.jpg,1*(0+9)=9
train/10948.jpg,6-6*3=-12
train/10949.jpg,0+(7-6)=1
train/10950.jpg,(7*8)*3=168
train/10951.jpg,7-9-7=-9
train/10952.jpg,(8+5)*7=91
train/10953.jpg,2*3-9=-3
train/10954.jpg,0+5-4=1
train/10955.jpg,(3*7)*2=42
train/10956.jpg,7-(8+8)=-9
train/10957.jpg,0+(5*8)=40
train/10958.jpg,1+5*1=6
train/10959.jpg,1+0*0=1
train/10960.jpg,(1+1)+0=2
train/10961.jpg,0-(6*8)=-48
train/10962.jpg,3-6+2=-1
train/10963.jpg,0+(2+5)=7
train/10964.jpg,6*(4*3)=72
train/10965.jpg,(8+5)-3=10
train/10966.jpg,3+(9-1)=11
train/10967.jpg,3-6*4=-21
train/10968.jpg,(0+7)*5=35
train/10969.jpg,9+(1*5)=14
train/10970.jpg,0+0*8=0
train/10971.jpg,6*7-1=41
train/10972.jpg,(7*2)+6=20
train/10973.jpg,9+(4+0)=13
train/10974.jpg,3+(5+2)=10
train/10975.jpg,(0*5)-9=-9
train/10976.jpg,8*8+5=69
train/10977.jpg,0*6+1=1
train/10978.jpg,7+(8*6)=55
train/10979.jpg,7*9*3=189
train/10980.jpg,3*2*5=30
train/10981.jpg,2*2+8=12
train/10982.jpg,6-(8+3)=-5
train/10983.jpg,(4*0)+1=1
train/10984.jpg,(9*2)*4=72
train/10985.jpg,1*(3*5)=15
train/10986.jpg,4*6+0=24
train/10987.jpg,6+(4-0)=10
train/10988.jpg,5*6*0=0
train/10989.jpg,7-3-4=0
train/10990.jpg,6*(6-7)=-6
train/10991.jpg,(9-9)*8=0
train/10992.jpg,7*7-7=42
train/10993.jpg,6*4+1=25
train/10994.jpg,4-(6*3)=-14
train/10995.jpg,(4+6)-7=3
train/10996.jpg,0-(5*2)=-10
train/10997.jpg,(8+9)*5=85
train/10998.jpg,(7*9)+5=68
train/10999.jpg,6-(0+0)=6
train/11000.jpg,5+0-6=-1
train/11001.jpg,0*(9+1)=0
train/11002.jpg,8*8*8=512
train/11003.jpg,2-(9+6)=-13
train/11004.jpg,0+7-2=5
train/11005.jpg,8+(9-9)=8
train/11006.jpg,6*8*6=288
train/11007.jpg,8-3-9=-4
train/11008.jpg,2+8*5=42
train/11009.jpg,(0*9)+0=0
train/11010.jpg,5-(1*9)=-4
train/11011.jpg,4*(6*2)=48
train/11012.jpg,4*4-2=14
train/11013.jpg,8-1*2=6
train/11014.jpg,7*(5+1)=42
train/11015.jpg,(1+6)*3=21
train/11016.jpg,(7*3)-4=17
train/11017.jpg,6-1-3=2
train/11018.jpg,9*9-4=77
train/11019.jpg,5+(8+7)=20
train/11020.jpg,3+(3-7)=-1
train/11021.jpg,6-3+4=7
train/11022.jpg,6+(0+8)=14
train/11023.jpg,6-1*9=-3
train/11024.jpg,8*9-9=63
train/11025.jpg,2-9*1=-7
train/11026.jpg,(7*5)-1=34
train/11027.jpg,0*7-9=-9
train/11028.jpg,(8+8)*1=16
train/11029.jpg,(2+2)*8=32
train/11030.jpg,3+1+1=5
train/11031.jpg,1+(5-1)=5
train/11032.jpg,(9-5)*6=24
train/11033.jpg,9*2+8=26
train/11034.jpg,0*(1+5)=0
train/11035.jpg,9*7-2=61
train/11036.jpg,3*3*1=9
train/11037.jpg,(4-6)*7=-14
train/11038.jpg,(1+0)+4=5
train/11039.jpg,8*(0+4)=32
train/11040.jpg,(0+7)-8=-1
train/11041.jpg,5*(3+7)=50
train/11042.jpg,5+(5*1)=10
train/11043.jpg,6*2*9=108
train/11044.jpg,8*(4+6)=80
train/11045.jpg,0+(6+7)=13
train/11046.jpg,4*(9+9)=72
train/11047.jpg,9-8+6=7
train/11048.jpg,2*7-0=14
train/11049.jpg,(5*3)+5=20
train/11050.jpg,(9-1)*5=40
train/11051.jpg,(6+9)-7=8
train/11052.jpg,(1+4)-6=-1
train/11053.jpg,7-3+9=13
train/11054.jpg,2-(3-0)=-1
train/11055.jpg,7+(1*7)=14
train/11056.jpg,(1-8)*6=-42
train/11057.jpg,3+3-3=3
train/11058.jpg,(3*6)+1=19
train/11059.jpg,3-8*4=-29
train/11060.jpg,(7+7)-6=8
train/11061.jpg,6*9*6=324
train/11062.jpg,0-6+1=-5
train/11063.jpg,3*7-1=20
train/11064.jpg,(6*1)*1=6
train/11065.jpg,5*(6+0)=30
train/11066.jpg,9*1-2=7
train/11067.jpg,5+(9+1)=15
train/11068.jpg,(4*6)-5=19
train/11069.jpg,(8+4)+9=21
train/11070.jpg,(6+9)+5=20
train/11071.jpg,(4*7)-6=22
train/11072.jpg,3-(6-6)=3
train/11073.jpg,(2+5)-5=2
train/11074.jpg,(5*0)*4=0
train/11075.jpg,2-3-6=-7
train/11076.jpg,6-(4+7)=-5
train/11077.jpg,(5*2)-9=1
train/11078.jpg,(5*6)*9=270
train/11079.jpg,6*2-4=8
train/11080.jpg,2*(3*5)=30
train/11081.jpg,0+5*4=20
train/11082.jpg,6-(5*5)=-19
train/11083.jpg,5*9+3=48
train/11084.jpg,3+(5+9)=17
train/11085.jpg,1*(1*8)=8
train/11086.jpg,(9*4)-1=35
train/11087.jpg,0+(5-7)=-2
train/11088.jpg,0-(0*0)=0
train/11089.jpg,1+(3*7)=22
train/11090.jpg,5+1-5=1
train/11091.jpg,6+6+4=16
train/11092.jpg,(7+4)-6=5
train/11093.jpg,9*(0*1)=0
train/11094.jpg,(5+5)-7=3
train/11095.jpg,6*(7*0)=0
train/11096.jpg,5*(3+6)=45
train/11097.jpg,2-(4*9)=-34
train/11098.jpg,(5-1)-4=0
train/11099.jpg,4-2+4=6
train/11100.jpg,3-0-2=1
train/11101.jpg,9+7+5=21
train/11102.jpg,(5-0)*6=30
train/11103.jpg,4-(1-1)=4
train/11104.jpg,2*7*2=28
train/11105.jpg,(8+4)-3=9
train/11106.jpg,(7*1)+5=12
train/11107.jpg,2-(0-9)=11
train/11108.jpg,(5-4)*6=6
train/11109.jpg,2+(9-8)=3
train/11110.jpg,8+5+1=14
train/11111.jpg,3+4+7=14
train/11112.jpg,6+(9*7)=69
train/11113.jpg,(5+3)+8=16
train/11114.jpg,(7+7)-8=6
train/11115.jpg,2*1*6=12
train/11116.jpg,1+8-9=0
train/11117.jpg,(1-5)*0=0
train/11118.jpg,1*(8+6)=14
train/11119.jpg,4-(6-5)=3
train/11120.jpg,6-3+6=9
train/11121.jpg,2-5+6=3
train/11122.jpg,(2*3)+7=13
train/11123.jpg,3+5+3=11
train/11124.jpg,(5+6)+2=13
train/11125.jpg,9*(9*6)=486
train/11126.jpg,6-(8*3)=-18
train/11127.jpg,(7+9)+6=22
train/11128.jpg,1-(6*7)=-41
train/11129.jpg,7-(1-6)=12
train/11130.jpg,(3+1)+5=9
train/11131.jpg,(7*9)*8=504
train/11132.jpg,5-7*8=-51
train/11133.jpg,(4+9)*2=26
train/11134.jpg,(3-0)*1=3
train/11135.jpg,(0*2)+2=2
train/11136.jpg,(1+1)+2=4
train/11137.jpg,6*(0*3)=0
train/11138.jpg,6-(3*4)=-6
train/11139.jpg,3-0*6=3
train/11140.jpg,(1-4)-7=-10
train/11141.jpg,5*(6+8)=70
train/11142.jpg,(9*6)-5=49
train/11143.jpg,8+(0+6)=14
train/11144.jpg,(5-2)*0=0
train/11145.jpg,8+0*6=8
train/11146.jpg,6*(8*6)=288
train/11147.jpg,8*(3*6)=144
train/11148.jpg,8-(6*7)=-34
train/11149.jpg,0-5-4=-9
train/11150.jpg,8*(1*1)=8
train/11151.jpg,8+(2*7)=22
train/11152.jpg,5*4+8=28
train/11153.jpg,3+0*0=3
train/11154.jpg,(5+0)+8=13
train/11155.jpg,2-(7-3)=-2
train/11156.jpg,5-9-4=-8
train/11157.jpg,3-(8-0)=-5
train/11158.jpg,5*(4*9)=180
train/11159.jpg,6-(3*1)=3
train/11160.jpg,6-(6+5)=-5
train/11161.jpg,8-0-3=5
train/11162.jpg,3-5*9=-42
train/11163.jpg,6+5*2=16
train/11164.jpg,4*9-5=31
train/11165.jpg,9*5-3=42
train/11166.jpg,(5*5)+5=30
train/11167.jpg,9*2+6=24
train/11168.jpg,8+(5-6)=7
train/11169.jpg,0-4+0=-4
train/11170.jpg,9+0-4=5
train/11171.jpg,8-(7*5)=-27
train/11172.jpg,1*5*7=35
train/11173.jpg,1+(6-4)=3
train/11174.jpg,2*4+5=13
train/11175.jpg,1*(3+4)=7
train/11176.jpg,0*(6*6)=0
train/11177.jpg,(3*9)-9=18
train/11178.jpg,(2+4)+9=15
train/11179.jpg,8*(8*2)=128
train/11180.jpg,3-(7+4)=-8
train/11181.jpg,0*(4+1)=0
train/11182.jpg,3+(0-4)=-1
train/11183.jpg,9-9+1=1
train/11184.jpg,6*2*7=84
train/11185.jpg,4*3*7=84
train/11186.jpg,(8+0)+9=17
train/11187.jpg,(0*4)*2=0
train/11188.jpg,7-(4*5)=-13
train/11189.jpg,0-(3+8)=-11
train/11190.jpg,2*(3*1)=6
train/11191.jpg,(0-1)*4=-4
train/11192.jpg,(8*7)+8=64
train/11193.jpg,(5*5)+8=33
train/11194.jpg,0+8-1=7
train/11195.jpg,(7*6)*2=84
train/11196.jpg,7*(3*6)=126
train/11197.jpg,(6+7)-4=9
train/11198.jpg,5-(9-5)=1
train/11199.jpg,(0-3)+3=0
train/11200.jpg,8-2-3=3
train/11201.jpg,(3-8)*3=-15
train/11202.jpg,8+0+8=16
train/11203.jpg,9*7+4=67
train/11204.jpg,(1+9)-7=3
train/11205.jpg,3+1-1=3
train/11206.jpg,(4+1)-5=0
train/11207.jpg,5-(1-4)=8
train/11208.jpg,7-9+8=6
train/11209.jpg,0+8+1=9
train/11210.jpg,4*8-0=32
train/11211.jpg,0*3+0=0
train/11212.jpg,(1+6)-2=5
train/11213.jpg,(8+3)-4=7
train/11214.jpg,3+6*6=39
train/11215.jpg,2+6+8=16
train/11216.jpg,4+3-0=7
train/11217.jpg,3-9*6=-51
train/11218.jpg,9*(3+8)=99
train/11219.jpg,(6+2)+2=10
train/11220.jpg,9*6*1=54
train/11221.jpg,5-(0*6)=5
train/11222.jpg,5*(5-0)=25
train/11223.jpg,5*2+7=17
train/11224.jpg,5*4*8=160
train/11225.jpg,9+(8-9)=8
train/11226.jpg,(3+3)*6=36
train/11227.jpg,3*(9+4)=39
train/11228.jpg,(2-7)+8=3
train/11229.jpg,(3-9)*9=-54
train/11230.jpg,(7*1)+4=11
train/11231.jpg,(2+0)-6=-4
train/11232.jpg,5-9+2=-2
train/11233.jpg,2-3-6=-7
train/11234.jpg,4-0*9=4
train/11235.jpg,7*7-8=41
train/11236.jpg,(2+7)*7=63
train/11237.jpg,(2*6)*1=12
train/11238.jpg,(1+1)-5=-3
train/11239.jpg,1+(2+5)=8
train/11240.jpg,1-(2-3)=2
train/11241.jpg,1-4+0=-3
train/11242.jpg,3*(3*5)=45
train/11243.jpg,(6+3)+6=15
train/11244.jpg,(4+0)-5=-1
train/11245.jpg,9-6+7=10
train/11246.jpg,6+3*7=27
train/11247.jpg,0*(8+7)=0
train/11248.jpg,9*4*9=324
train/11249.jpg,(1*9)-3=6
train/11250.jpg,(1-9)*3=-24
train/11251.jpg,4-(1*0)=4
train/11252.jpg,9-3-1=5
train/11253.jpg,7-(4-6)=9
train/11254.jpg,9+(5-2)=12
train/11255.jpg,5+(9*6)=59
train/11256.jpg,6+3-0=9
train/11257.jpg,9*5*6=270
train/11258.jpg,(3*7)-5=16
train/11259.jpg,(9*1)+7=16
train/11260.jpg,3*7-3=18
train/11261.jpg,7*0+8=8
train/11262.jpg,4-4+8=8
train/11263.jpg,(0*6)*9=0
train/11264.jpg,4-(8+5)=-9
train/11265.jpg,(8+7)+0=15
train/11266.jpg,8-(9-7)=6
train/11267.jpg,(4-1)-2=1
train/11268.jpg,7*(0+9)=63
train/11269.jpg,0-7+4=-3
train/11270.jpg,0-(1*3)=-3
train/11271.jpg,1+(7*6)=43
train/11272.jpg,4*(0-9)=-36
train/11273.jpg,4+4-1=7
train/11274.jpg,(5-4)+9=10
train/11275.jpg,8+8*9=80
train/11276.jpg,9*(5-5)=0
train/11277.jpg,(1-2)*7=-7
train/11278.jpg,(9*4)-8=28
train/11279.jpg,9*(2*1)=18
train/11280.jpg,9*1*6=54
train/11281.jpg,7-(8-5)=4
train/11282.jpg,3+9*8=75
train/11283.jpg,(0+9)*2=18
train/11284.jpg,(3-6)*4=-12
train/11285.jpg,0-(9-5)=-4
train/11286.jpg,4+(9*3)=31
train/11287.jpg,(3*5)*2=30
train/11288.jpg,6-3+2=5
train/11289.jpg,(2-8)-4=-10
train/11290.jpg,(0-1)*8=-8
train/11291.jpg,4*(5+9)=56
train/11292.jpg,4*(2-4)=-8
train/11293.jpg,7+3*2=13
train/11294.jpg,0*(6+9)=0
train/11295.jpg,5*(4*0)=0
train/11296.jpg,8*(4+9)=104
train/11297.jpg,9-9-8=-8
train/11298.jpg,1+4-8=-3
train/11299.jpg,(3+2)*5=25
train/11300.jpg,2-0-4=-2
train/11301.jpg,5-(3-6)=8
train/11302.jpg,7-(7+6)=-6
train/11303.jpg,3-(9-8)=2
train/11304.jpg,8*(0-8)=-64
train/11305.jpg,(6*5)+8=38
train/11306.jpg,(2-5)+0=-3
train/11307.jpg,4+(5+1)=10
train/11308.jpg,(2+8)-6=4
train/11309.jpg,7+8-8=7
train/11310.jpg,(9-2)*5=35
train/11311.jpg,9*9-3=78
train/11312.jpg,4-(1*2)=2
train/11313.jpg,2-9-1=-8
train/11314.jpg,(9-5)*5=20
train/11315.jpg,(9*6)-1=53
train/11316.jpg,5-(4*0)=5
train/11317.jpg,6*3+8=26
train/11318.jpg,8*5*9=360
train/11319.jpg,1-(5+4)=-8
train/11320.jpg,(1+8)-1=8
train/11321.jpg,(5-8)*6=-18
train/11322.jpg,(0-0)-9=-9
train/11323.jpg,0+3*5=15
train/11324.jpg,3-4+2=1
train/11325.jpg,9*9-6=75
train/11326.jpg,(7*3)*3=63
train/11327.jpg,(7-0)+4=11
train/11328.jpg,4-1-3=0
train/11329.jpg,7-(7-6)=6
train/11330.jpg,8*7*9=504
train/11331.jpg,8*(9+9)=144
train/11332.jpg,1*3-5=-2
train/11333.jpg,5-(4-6)=7
train/11334.jpg,(5+4)*2=18
train/11335.jpg,(4+5)-9=0
train/11336.jpg,8+(9*6)=62
train/11337.jpg,(4*3)+1=13
train/11338.jpg,4+9*0=4
train/11339.jpg,2+0+7=9
train/11340.jpg,(3-9)+7=1
train/11341.jpg,(6-7)-7=-8
train/11342.jpg,1+(0+2)=3
train/11343.jpg,(9+1)*7=70
train/11344.jpg,3*(6*9)=162
train/11345.jpg,0+8*5=40
train/11346.jpg,7+(6*4)=31
train/11347.jpg,(7*7)*2=98
train/11348.jpg,(0+4)-9=-5
train/11349.jpg,(8+6)-4=10
train/11350.jpg,(1+9)+0=10
train/11351.jpg,(9+4)+0=13
train/11352.jpg,4+3-0=7
train/11353.jpg,7+(3*7)=28
train/11354.jpg,0-2+1=-1
train/11355.jpg,(1+7)*6=48
train/11356.jpg,8*(8-8)=0
train/11357.jpg,6+(5+0)=11
train/11358.jpg,(1*1)-7=-6
train/11359.jpg,4-(1+6)=-3
train/11360.jpg,7*5*6=210
train/11361.jpg,6+(2*2)=10
train/11362.jpg,9+3+6=18
train/11363.jpg,(6*2)+3=15
train/11364.jpg,(2*9)-8=10
train/11365.jpg,4+5*4=24
train/11366.jpg,6-4+8=10
train/11367.jpg,(4*3)*7=84
train/11368.jpg,4+5+1=10
train/11369.jpg,4+5-6=3
train/11370.jpg,2+1+2=5
train/11371.jpg,7+4+0=11
train/11372.jpg,4*(2*8)=64
train/11373.jpg,5-4-3=-2
train/11374.jpg,(3+9)-7=5
train/11375.jpg,5-(9+1)=-5
train/11376.jpg,4+7+9=20
train/11377.jpg,(5*6)*6=180
train/11378.jpg,0*(9+5)=0
train/11379.jpg,2+(8*1)=10
train/11380.jpg,(2*8)+7=23
train/11381.jpg,0*(5-8)=0
train/11382.jpg,1+6*2=13
train/11383.jpg,(6*3)+2=20
train/11384.jpg,4*(2+5)=28
train/11385.jpg,(7-2)-6=-1
train/11386.jpg,(4-4)+4=4
train/11387.jpg,8*8-1=63
train/11388.jpg,0*6+7=7
train/11389.jpg,4+9*3=31
train/11390.jpg,4*(5-8)=-12
train/11391.jpg,6+7+5=18
train/11392.jpg,2*4-5=3
train/11393.jpg,3+5+5=13
train/11394.jpg,(7+1)-1=7
train/11395.jpg,9*(5-2)=27
train/11396.jpg,0+8*7=56
train/11397.jpg,4*4+7=23
train/11398.jpg,(0*5)-6=-6
train/11399.jpg,8*9*1=72
train/11400.jpg,3+5*4=23
train/11401.jpg,8-(5+1)=2
train/11402.jpg,(9+9)+0=18
train/11403.jpg,0+(0+0)=0
train/11404.jpg,(0+0)*3=0
train/11405.jpg,1+1+9=11
train/11406.jpg,8-(5-8)=11
train/11407.jpg,6+(0*7)=6
train/11408.jpg,(3+0)*4=12
train/11409.jpg,8-(9-2)=1
train/11410.jpg,4*2*5=40
train/11411.jpg,4-(6-8)=6
train/11412.jpg,8-9-1=-2
train/11413.jpg,2-(6-8)=4
train/11414.jpg,0*1-4=-4
train/11415.jpg,9+0*2=9
train/11416.jpg,4+(5*1)=9
train/11417.jpg,0+4+5=9
train/11418.jpg,(8*4)-2=30
train/11419.jpg,2*(5+9)=28
train/11420.jpg,4*7*4=112
train/11421.jpg,2*9-5=13
train/11422.jpg,(3+7)*5=50
train/11423.jpg,0-(7+8)=-15
train/11424.jpg,3-2*5=-7
train/11425.jpg,0-8+3=-5
train/11426.jpg,7+1+0=8
train/11427.jpg,2*1-0=2
train/11428.jpg,(1*4)-1=3
train/11429.jpg,5-(7*9)=-58
train/11430.jpg,6-5-5=-4
train/11431.jpg,(1+9)-9=1
train/11432.jpg,0-(4+4)=-8
train/11433.jpg,3*7+1=22
train/11434.jpg,(8+4)*2=24
train/11435.jpg,6*(0*7)=0
train/11436.jpg,(8-6)-2=0
train/11437.jpg,6*9-5=49
train/11438.jpg,(1+0)*7=7
train/11439.jpg,8+1*3=11
train/11440.jpg,(6-2)-7=-3
train/11441.jpg,(2-7)-7=-12
train/11442.jpg,(0-4)*7=-28
train/11443.jpg,(1+8)+8=17
train/11444.jpg,(4+0)+4=8
train/11445.jpg,4-(3-3)=4
train/11446.jpg,5+(8+3)=16
train/11447.jpg,1*9-9=0
train/11448.jpg,7*0-4=-4
train/11449.jpg,5-(7*5)=-30
train/11450.jpg,1+(2-5)=-2
train/11451.jpg,6*9-9=45
train/11452.jpg,5+(6-4)=7
train/11453.jpg,4+2*8=20
train/11454.jpg,(7-0)*9=63
train/11455.jpg,1*1-5=-4
train/11456.jpg,0-(4+1)=-5
train/11457.jpg,5+(8+8)=21
train/11458.jpg,9+0*0=9
train/11459.jpg,3-(2-0)=1
train/11460.jpg,8*9+3=75
train/11461.jpg,6*(1*3)=18
train/11462.jpg,0+(0+4)=4
train/11463.jpg,(0+4)+9=13
train/11464.jpg,(4*5)-6=14
train/11465.jpg,8*(1*6)=48
train/11466.jpg,(3+1)+4=8
train/11467.jpg,0-5+6=1
train/11468.jpg,(1+5)+9=15
train/11469.jpg,0+6*8=48
train/11470.jpg,(1-0)-7=-6
train/11471.jpg,8-9*5=-37
train/11472.jpg,(1*7)*5=35
train/11473.jpg,(2*4)+4=12
train/11474.jpg,4-(8-1)=-3
train/11475.jpg,(6*2)*8=96
train/11476.jpg,(3+9)-5=7
train/11477.jpg,2-(3+9)=-10
train/11478.jpg,6+4-2=8
train/11479.jpg,1+(7-1)=7
train/11480.jpg,0-(8+7)=-15
train/11481.jpg,1*(3*9)=27
train/11482.jpg,3-(7-9)=5
train/11483.jpg,7-(8+8)=-9
train/11484.jpg,5-(9-3)=-1
train/11485.jpg,4*(5+0)=20
train/11486.jpg,(9*1)*4=36
train/11487.jpg,(7*9)-6=57
train/11488.jpg,4-9+3=-2
train/11489.jpg,9*9-4=77
train/11490.jpg,2*(9*7)=126
train/11491.jpg,2+(2*1)=4
train/11492.jpg,(9-1)*8=64
train/11493.jpg,5+5+0=10
train/11494.jpg,(2-8)*1=-6
train/11495.jpg,(7-0)*4=28
train/11496.jpg,(8*3)+1=25
train/11497.jpg,(0+0)+3=3
train/11498.jpg,0+(6-1)=5
train/11499.jpg,2+(7-4)=5
train/11500.jpg,(6-4)*3=6
train/11501.jpg,2+(4*0)=2
train/11502.jpg,1+1-8=-6
train/11503.jpg,(1+9)*2=20
train/11504.jpg,2-(2*2)=-2
train/11505.jpg,8*1+1=9
train/11506.jpg,(1-3)*7=-14
train/11507.jpg,(9-3)*5=30
train/11508.jpg,7-(1-1)=7
train/11509.jpg,1-(4+5)=-8
train/11510.jpg,3+3*5=18
train/11511.jpg,(5+3)*0=0
train/11512.jpg,6+6+2=14
train/11513.jpg,0-2+8=6
train/11514.jpg,6*5*6=180
train/11515.jpg,5-(4-9)=10
train/11516.jpg,3-0+6=9
train/11517.jpg,3-(0-0)=3
train/11518.jpg,8-1*5=3
train/11519.jpg,0+(6*5)=30
train/11520.jpg,(3+9)+9=21
train/11521.jpg,2-4-9=-11
train/11522.jpg,8+(9+0)=17
train/11523.jpg,7*3-7=14
train/11524.jpg,(1-8)-4=-11
train/11525.jpg,2*7-5=9
train/11526.jpg,(9+4)-5=8
train/11527.jpg,6+1+4=11
train/11528.jpg,(8+3)+4=15
train/11529.jpg,4*7*1=28
train/11530.jpg,6-(2-3)=7
train/11531.jpg,1-(3-4)=2
train/11532.jpg,1+(8*3)=25
train/11533.jpg,8+(8*0)=8
train/11534.jpg,5*(4*5)=100
train/11535.jpg,(3+3)+8=14
train/11536.jpg,(5+2)-1=6
train/11537.jpg,2*(9+5)=28
train/11538.jpg,(9*3)*4=108
train/11539.jpg,(2+9)*2=22
train/11540.jpg,(8*2)+7=23
train/11541.jpg,(3-2)+7=8
train/11542.jpg,2*2+2=6
train/11543.jpg,4-(6+2)=-4
train/11544.jpg,2-(7+8)=-13
train/11545.jpg,4*(4-8)=-16
train/11546.jpg,(3+5)+4=12
train/11547.jpg,4-(6+4)=-6
train/11548.jpg,7-(4*2)=-1
train/11549.jpg,7-0*6=7
train/11550.jpg,(9-4)-1=4
train/11551.jpg,6*(9+0)=54
train/11552.jpg,8+6+0=14
train/11553.jpg,6-(6*6)=-30
train/11554.jpg,(0-8)+1=-7
train/11555.jpg,7+(3+1)=11
train/11556.jpg,9+7*1=16
train/11557.jpg,8+(5+5)=18
train/11558.jpg,3*9+0=27
train/11559.jpg,(9*1)*0=0
train/11560.jpg,4-(2+2)=0
train/11561.jpg,(9+4)+1=14
train/11562.jpg,1+8-8=1
train/11563.jpg,5*1*2=10
train/11564.jpg,(5-3)-7=-5
train/11565.jpg,9*2+7=25
train/11566.jpg,(4-7)-8=-11
train/11567.jpg,5*(4-5)=-5
train/11568.jpg,6-(9*0)=6
train/11569.jpg,9*0-0=0
train/11570.jpg,8*0*8=0
train/11571.jpg,(4+2)*5=30
train/11572.jpg,8*9-7=65
train/11573.jpg,(7+1)+1=9
train/11574.jpg,3-(3-4)=4
train/11575.jpg,9+7*5=44
train/11576.jpg,3+7+1=11
train/11577.jpg,(4-4)+3=3
train/11578.jpg,(7+3)-9=1
train/11579.jpg,0+(8+5)=13
train/11580.jpg,(9*4)+8=44
train/11581.jpg,(7+1)+5=13
train/11582.jpg,4*0+1=1
train/11583.jpg,(0+1)-0=1
train/11584.jpg,2+8-0=10
train/11585.jpg,8-(6-3)=5
train/11586.jpg,1+0*7=1
train/11587.jpg,5+(4+8)=17
train/11588.jpg,(3*0)*8=0
train/11589.jpg,9-(9+7)=-7
train/11590.jpg,(0*5)*1=0
train/11591.jpg,(7+8)+6=21
train/11592.jpg,(1-5)+5=1
train/11593.jpg,5-(7-2)=0
train/11594.jpg,(5-2)+8=11
train/11595.jpg,0*2-8=-8
train/11596.jpg,6-(1*4)=2
train/11597.jpg,7-(3+1)=3
train/11598.jpg,7*5*6=210
train/11599.jpg,(0-5)*4=-20
train/11600.jpg,8-8-8=-8
train/11601.jpg,(8+4)+6=18
train/11602.jpg,8-(3-9)=14
train/11603.jpg,2*8+4=20
train/11604.jpg,1+(9+7)=17
train/11605.jpg,7*(3+4)=49
train/11606.jpg,5+(3*7)=26
train/11607.jpg,7-(1*5)=2
train/11608.jpg,(6+5)+6=17
train/11609.jpg,7+9-7=9
train/11610.jpg,1*(6+2)=8
train/11611.jpg,9*(5*2)=90
train/11612.jpg,4+0-1=3
train/11613.jpg,0*(8-9)=0
train/11614.jpg,2-(6+9)=-13
train/11615.jpg,2+3+0=5
train/11616.jpg,2+(6-0)=8
train/11617.jpg,(2*3)-7=-1
train/11618.jpg,0*3-4=-4
train/11619.jpg,(2+2)*4=16
train/11620.jpg,(0+9)-2=7
train/11621.jpg,1*5-3=2
train/11622.jpg,5+(6*2)=17
train/11623.jpg,7-(5-8)=10
train/11624.jpg,5+(1*9)=14
train/11625.jpg,(1-3)-4=-6
train/11626.jpg,(2-9)*9=-63
train/11627.jpg,(9+4)+3=16
train/11628.jpg,(8-0)+0=8
train/11629.jpg,(6-0)+5=11
train/11630.jpg,2+6-9=-1
train/11631.jpg,(8*3)*8=192
train/11632.jpg,6+(5-0)=11
train/11633.jpg,3-(6*0)=3
train/11634.jpg,(4+5)-1=8
train/11635.jpg,(2-6)*5=-20
train/11636.jpg,5*(0+5)=25
train/11637.jpg,(2*8)+7=23
train/11638.jpg,5*(0*6)=0
train/11639.jpg,(8+0)*8=64
train/11640.jpg,8-(2*5)=-2
train/11641.jpg,0-(9+0)=-9
train/11642.jpg,9*3+0=27
train/11643.jpg,7*1-7=0
train/11644.jpg,6+(8+0)=14
train/11645.jpg,7+(6+5)=18
train/11646.jpg,(3*8)+0=24
train/11647.jpg,4+8+9=21
train/11648.jpg,0*2-4=-4
train/11649.jpg,5*(8+7)=75
train/11650.jpg,3-(0*6)=3
train/11651.jpg,7*(2-0)=14
train/11652.jpg,8-(1*1)=7
train/11653.jpg,5*(4-7)=-15
train/11654.jpg,8-0+3=11
train/11655.jpg,(1+5)-0=6
train/11656.jpg,7*8*7=392
train/11657.jpg,2*(2+7)=18
train/11658.jpg,9*1*2=18
train/11659.jpg,(5+8)*5=65
train/11660.jpg,6*(2*1)=12
train/11661.jpg,3+(5+4)=12
train/11662.jpg,(5+4)-1=8
train/11663.jpg,(1*0)-6=-6
train/11664.jpg,2-(9*1)=-7
train/11665.jpg,(6*0)*6=0
train/11666.jpg,6*9+6=60
train/11667.jpg,9+(2-2)=9
train/11668.jpg,(5*0)-4=-4
train/11669.jpg,1*3-2=1
train/11670.jpg,6+(8+5)=19
train/11671.jpg,6*4-3=21
train/11672.jpg,7-(1*5)=2
train/11673.jpg,6+4+2=12
train/11674.jpg,3*(2*4)=24
train/11675.jpg,5-(8-2)=-1
train/11676.jpg,6+5-9=2
train/11677.jpg,(4*7)*6=168
train/11678.jpg,(0-3)*9=-27
train/11679.jpg,8+9-8=9
train/11680.jpg,4+(9*8)=76
train/11681.jpg,(8+6)-0=14
train/11682.jpg,6-(0+5)=1
train/11683.jpg,2*9*7=126
train/11684.jpg,(5-8)-6=-9
train/11685.jpg,2-0+4=6
train/11686.jpg,(3-8)-8=-13
train/11687.jpg,(4*1)*0=0
train/11688.jpg,9-5-3=1
train/11689.jpg,1-9+3=-5
train/11690.jpg,1*7-6=1
train/11691.jpg,(1+9)+2=12
train/11692.jpg,(5*3)*0=0
train/11693.jpg,0-(9+7)=-16
train/11694.jpg,9+(7*3)=30
train/11695.jpg,7-(2-9)=14
train/11696.jpg,8*7*3=168
train/11697.jpg,(8*6)*1=48
train/11698.jpg,7+(4+6)=17
train/11699.jpg,7*(9+3)=84
train/11700.jpg,5-(0*8)=5
train/11701.jpg,5+6-0=11
train/11702.jpg,0*6*4=0
train/11703.jpg,7-(2*2)=3
train/11704.jpg,8+(9+9)=26
train/11705.jpg,9+(2*0)=9
train/11706.jpg,(0-4)+3=-1
train/11707.jpg,7-(8+9)=-10
train/11708.jpg,2+(2*5)=12
train/11709.jpg,(9*7)+1=64
train/11710.jpg,8+5+4=17
train/11711.jpg,0+4-7=-3
train/11712.jpg,4+6-6=4
train/11713.jpg,(6*6)+3=39
train/11714.jpg,2-1*9=-7
train/11715.jpg,7-(3+6)=-2
train/11716.jpg,(2*6)+8=20
train/11717.jpg,(9*6)-9=45
train/11718.jpg,4-(6-0)=-2
train/11719.jpg,(9*3)+3=30
train/11720.jpg,(0*4)-8=-8
train/11721.jpg,(3-9)*6=-36
train/11722.jpg,9-(0*0)=9
train/11723.jpg,6+(7-8)=5
train/11724.jpg,(9*6)-6=48
train/11725.jpg,3-(4-5)=4
train/11726.jpg,5+(7-5)=7
train/11727.jpg,(2*4)*8=64
train/11728.jpg,4*(5*3)=60
train/11729.jpg,4*7*2=56
train/11730.jpg,9-5*7=-26
train/11731.jpg,0*7+9=9
train/11732.jpg,4*4*3=48
train/11733.jpg,(3*4)-1=11
train/11734.jpg,2-(5+0)=-3
train/11735.jpg,6-(4*6)=-18
train/11736.jpg,7*(2+2)=28
train/11737.jpg,0*(8*0)=0
train/11738.jpg,2-(1*8)=-6
train/11739.jpg,9-(0-3)=12
train/11740.jpg,(3+7)+5=15
train/11741.jpg,(7-8)-6=-7
train/11742.jpg,6*7*3=126
train/11743.jpg,9*(8*2)=144
train/11744.jpg,8+(2*1)=10
train/11745.jpg,2+0+7=9
train/11746.jpg,5-(5-6)=6
train/11747.jpg,3-(6*4)=-21
train/11748.jpg,(6+8)+1=15
train/11749.jpg,0-(4+1)=-5
train/11750.jpg,1*(1+8)=9
train/11751.jpg,4*9*2=72
train/11752.jpg,(8-1)+0=7
train/11753.jpg,(8*7)*5=280
train/11754.jpg,(3+8)+2=13
train/11755.jpg,(8*1)*8=64
train/11756.jpg,(9*1)*5=45
train/11757.jpg,(7+1)*1=8
train/11758.jpg,(5+6)*3=33
train/11759.jpg,(4+9)*8=104
train/11760.jpg,(7*6)-7=35
train/11761.jpg,0+(1*5)=5
train/11762.jpg,(6-0)-1=5
train/11763.jpg,(3-2)-8=-7
train/11764.jpg,(7*8)*4=224
train/11765.jpg,3-4+1=0
train/11766.jpg,6+9+4=19
train/11767.jpg,(7+9)-4=12
train/11768.jpg,(7-6)*2=2
train/11769.jpg,6-(8+6)=-8
train/11770.jpg,7+(6*0)=7
train/11771.jpg,(9*9)-9=72
train/11772.jpg,1-1+5=5
train/11773.jpg,(5+2)-5=2
train/11774.jpg,3+(1+7)=11
train/11775.jpg,2+(0*1)=2
train/11776.jpg,(9+6)-2=13
train/11777.jpg,8-8-9=-9
train/11778.jpg,(7+8)+9=24
train/11779.jpg,2-(4-7)=5
train/11780.jpg,6-(9-0)=-3
train/11781.jpg,(8+0)+3=11
train/11782.jpg,3*9+8=35
train/11783.jpg,(8*3)-8=16
train/11784.jpg,(1+8)-0=9
train/11785.jpg,(9*6)-8=46
train/11786.jpg,9*(8-2)=54
train/11787.jpg,4-(2*7)=-10
train/11788.jpg,(8-5)+4=7
train/11789.jpg,(8+4)*5=60
train/11790.jpg,5-3*5=-10
train/11791.jpg,9+(3+8)=20
train/11792.jpg,(7+6)-4=9
train/11793.jpg,9*5*8=360
train/11794.jpg,9*(5+0)=45
train/11795.jpg,(4+6)*8=80
train/11796.jpg,4*9*5=180
train/11797.jpg,8*(5+2)=56
train/11798.jpg,5+(1-7)=-1
train/11799.jpg,8-8+9=9
train/11800.jpg,(9-2)-6=1
train/11801.jpg,(3-5)*6=-12
train/11802.jpg,(7*7)-0=49
train/11803.jpg,(9+5)+6=20
train/11804.jpg,8-(8*7)=-48
train/11805.jpg,0+(5*8)=40
train/11806.jpg,0*4+6=6
train/11807.jpg,(2-9)-1=-8
train/11808.jpg,4*8+8=40
train/11809.jpg,4*(7+1)=32
train/11810.jpg,3+1*8=11
train/11811.jpg,1-8+9=2
train/11812.jpg,6*0-6=-6
train/11813.jpg,(9*8)-4=68
train/11814.jpg,6*9+3=57
train/11815.jpg,(7-9)*0=0
train/11816.jpg,8+(8*7)=64
train/11817.jpg,(9+3)+5=17
train/11818.jpg,0-5*8=-40
train/11819.jpg,5-0+8=13
train/11820.jpg,1-4-3=-6
train/11821.jpg,3+9+6=18
train/11822.jpg,0-0*8=0
train/11823.jpg,0+(7-5)=2
train/11824.jpg,8-(0-1)=9
train/11825.jpg,7+(7*1)=14
train/11826.jpg,2*7+2=16
train/11827.jpg,6-4+2=4
train/11828.jpg,5+(4-4)=5
train/11829.jpg,(5-2)-9=-6
train/11830.jpg,(3*9)-4=23
train/11831.jpg,2+(6+5)=13
train/11832.jpg,3-(3+0)=0
train/11833.jpg,0*0*0=0
train/11834.jpg,8-8-6=-6
train/11835.jpg,8-(1*4)=4
train/11836.jpg,5*(6-1)=25
train/11837.jpg,1*0+0=0
train/11838.jpg,7+(3-5)=5
train/11839.jpg,(4-8)+7=3
train/11840.jpg,(1*3)-4=-1
train/11841.jpg,1*2-0=2
train/11842.jpg,(8*4)+2=34
train/11843.jpg,5*7*0=0
train/11844.jpg,2-(8*1)=-6
train/11845.jpg,(8+3)-2=9
train/11846.jpg,7*8*8=448
train/11847.jpg,7+2-9=0
train/11848.jpg,0+9*1=9
train/11849.jpg,(9*8)-8=64
train/11850.jpg,(3-5)*3=-6
train/11851.jpg,(9+8)+8=25
train/11852.jpg,3+4*4=19
train/11853.jpg,9-0*1=9
train/11854.jpg,2+0-7=-5
train/11855.jpg,(2*5)+4=14
train/11856.jpg,1*6+8=14
train/11857.jpg,2-1*8=-6
train/11858.jpg,0-8*8=-64
train/11859.jpg,7+(4+1)=12
train/11860.jpg,8+6*1=14
train/11861.jpg,1+(7+2)=10
train/11862.jpg,(3+1)+0=4
train/11863.jpg,(2-8)*5=-30
train/11864.jpg,6-2-3=1
train/11865.jpg,9-(7*6)=-33
train/11866.jpg,2+2*9=20
train/11867.jpg,(1*7)+7=14
train/11868.jpg,9-(2+4)=3
train/11869.jpg,6-(6-1)=1
train/11870.jpg,(0*4)-8=-8
train/11871.jpg,1*5-0=5
train/11872.jpg,3-7*5=-32
train/11873.jpg,1+(5*1)=6
train/11874.jpg,9+(6*1)=15
train/11875.jpg,(1+4)-7=-2
train/11876.jpg,(3+3)-2=4
train/11877.jpg,0*(7+4)=0
train/11878.jpg,7*7+5=54
train/11879.jpg,7*2*0=0
train/11880.jpg,7-(7*2)=-7
train/11881.jpg,8+(9-4)=13
train/11882.jpg,4+7-6=5
train/11883.jpg,3+(9-5)=7
train/11884.jpg,(7-2)+7=12
train/11885.jpg,4*(5+0)=20
train/11886.jpg,3-6*0=3
train/11887.jpg,(1-6)-7=-12
train/11888.jpg,6*5-2=28
train/11889.jpg,2+3*5=17
train/11890.jpg,8*9*9=648
train/11891.jpg,1*1-9=-8
train/11892.jpg,2+5-2=5
train/11893.jpg,4-7-2=-5
train/11894.jpg,(0*4)-7=-7
train/11895.jpg,9*7+7=70
train/11896.jpg,1+(3-3)=1
train/11897.jpg,6-0*4=6
train/11898.jpg,2+(6-6)=2
train/11899.jpg,0*9+3=3
train/11900.jpg,5-(8-7)=4
train/11901.jpg,2*6+9=21
train/11902.jpg,0*0-0=0
train/11903.jpg,2-8*1=-6
train/11904.jpg,8*(6+3)=72
train/11905.jpg,7+1-7=1
train/11906.jpg,(1-6)+8=3
train/11907.jpg,(3+8)*9=99
train/11908.jpg,1*(3+0)=3
train/11909.jpg,1*(2-9)=-7
train/11910.jpg,9*(4+9)=117
train/11911.jpg,1+(1-8)=-6
train/11912.jpg,8*(7*8)=448
train/11913.jpg,5+1+7=13
train/11914.jpg,(7+3)*6=60
train/11915.jpg,8+4*0=8
train/11916.jpg,(3+5)-0=8
train/11917.jpg,5*(7*7)=245
train/11918.jpg,1*(2+1)=3
train/11919.jpg,9+4*3=21
train/11920.jpg,(8*8)-5=59
train/11921.jpg,(6+4)+4=14
train/11922.jpg,(9*9)*9=729
train/11923.jpg,0-(0*4)=0
train/11924.jpg,5+(5*3)=20
train/11925.jpg,5-6+3=2
train/11926.jpg,6+5*3=21
train/11927.jpg,3*(7*8)=168
train/11928.jpg,(6+3)+3=12
train/11929.jpg,(4+0)*9=36
train/11930.jpg,2*(2*5)=20
train/11931.jpg,7*(2+1)=21
train/11932.jpg,2+7*1=9
train/11933.jpg,(2*8)+4=20
train/11934.jpg,5*(9+6)=75
train/11935.jpg,6*(5*0)=0
train/11936.jpg,9+0+5=14
train/11937.jpg,0-9+1=-8
train/11938.jpg,9*(1-6)=-45
train/11939.jpg,(9*5)*1=45
train/11940.jpg,8-(5*5)=-17
train/11941.jpg,6+8*0=6
train/11942.jpg,0-(6-5)=-1
train/11943.jpg,(1-5)+7=3
train/11944.jpg,(6*3)+8=26
train/11945.jpg,3+(5*7)=38
train/11946.jpg,5+(9-3)=11
train/11947.jpg,9*(7*2)=126
train/11948.jpg,(7+9)+8=24
train/11949.jpg,0-(3-9)=6
train/11950.jpg,3-(5*0)=3
train/11951.jpg,(4-9)-2=-7
train/11952.jpg,3-(9+7)=-13
train/11953.jpg,2+7-2=7
train/11954.jpg,7-(7+6)=-6
train/11955.jpg,2-(5-1)=-2
train/11956.jpg,(8-2)-8=-2
train/11957.jpg,2+(5+9)=16
train/11958.jpg,3*5+9=24
train/11959.jpg,5*8-1=39
train/11960.jpg,6*2-8=4
train/11961.jpg,5*5-9=16
train/11962.jpg,0*2-1=-1
train/11963.jpg,(0*5)*5=0
train/11964.jpg,(0+9)*8=72
train/11965.jpg,4*(3+9)=48
train/11966.jpg,9-4*9=-27
train/11967.jpg,5*(3-5)=-10
train/11968.jpg,(0*9)*7=0
train/11969.jpg,7+9+3=19
train/11970.jpg,(6*4)+5=29
train/11971.jpg,(0+0)-8=-8
train/11972.jpg,3+(5-9)=-1
train/11973.jpg,(9*3)+1=28
train/11974.jpg,8+0*4=8
train/11975.jpg,7-(8*4)=-25
train/11976.jpg,(5*6)*8=240
train/11977.jpg,4-6+8=6
train/11978.jpg,4+(4*6)=28
train/11979.jpg,5+1*1=6
train/11980.jpg,7+(6+6)=19
train/11981.jpg,9*0+7=7
train/11982.jpg,2*(0-3)=-6
train/11983.jpg,2*(3-7)=-8
train/11984.jpg,5*(4+2)=30
train/11985.jpg,(7*1)*4=28
train/11986.jpg,(6*6)+2=38
train/11987.jpg,0-(2*6)=-12
train/11988.jpg,1*3-5=-2
train/11989.jpg,(8+1)+5=14
train/11990.jpg,6-9*9=-75
train/11991.jpg,9+(7+8)=24
train/11992.jpg,2+3-1=4
train/11993.jpg,7*8+3=59
train/11994.jpg,9-(1*3)=6
train/11995.jpg,(3*7)-4=17
train/11996.jpg,4-4*1=0
train/11997.jpg,(3*2)+2=8
train/11998.jpg,7+8-2=13
train/11999.jpg,4-0+7=11
train/12000.jpg,2*(9+2)=22
train/12001.jpg,1-(8+8)=-15
train/12002.jpg,(8+1)-9=0
train/12003.jpg,2-(1*6)=-4
train/12004.jpg,7*(8*9)=504
train/12005.jpg,(3+9)+7=19
train/12006.jpg,4-6+5=3
train/12007.jpg,(4-7)*2=-6
train/12008.jpg,4+(6*7)=46
train/12009.jpg,(8+0)*8=64
train/12010.jpg,4-4+3=3
train/12011.jpg,1*(1*8)=8
train/12012.jpg,6+(1-2)=5
train/12013.jpg,4-0+8=12
train/12014.jpg,4*(5*2)=40
train/12015.jpg,(4*6)*1=24
train/12016.jpg,(7+0)+0=7
train/12017.jpg,6*(1*4)=24
train/12018.jpg,9+(2*8)=25
train/12019.jpg,(9-4)-2=3
train/12020.jpg,(4+2)-2=4
train/12021.jpg,6*1*8=48
train/12022.jpg,6-(7-1)=0
train/12023.jpg,7+(7-7)=7
train/12024.jpg,(3*4)-5=7
train/12025.jpg,5-2*1=3
train/12026.jpg,7+(6-0)=13
train/12027.jpg,2+(8*5)=42
train/12028.jpg,7*9+7=70
train/12029.jpg,(3-8)-6=-11
train/12030.jpg,7*(2-5)=-21
train/12031.jpg,0+1+9=10
train/12032.jpg,2*(8*8)=128
train/12033.jpg,9+(2*1)=11
train/12034.jpg,(2-6)-4=-8
train/12035.jpg,4+2-2=4
train/12036.jpg,(8*9)+2=74
train/12037.jpg,(1+4)-7=-2
train/12038.jpg,5+6-9=2
train/12039.jpg,9*(7*6)=378
train/12040.jpg,2*(2*5)=20
train/12041.jpg,(0+4)+1=5
train/12042.jpg,(9+3)-5=7
train/12043.jpg,8-(2-7)=13
train/12044.jpg,5+2*3=11
train/12045.jpg,(3-8)-3=-8
train/12046.jpg,(4-0)+4=8
train/12047.jpg,(7-4)*8=24
train/12048.jpg,1*(7-0)=7
train/12049.jpg,(8*4)-0=32
train/12050.jpg,1-4*8=-31
train/12051.jpg,(0+7)*5=35
train/12052.jpg,(2-9)-0=-7
train/12053.jpg,(3+1)*1=4
train/12054.jpg,(3+9)*1=12
train/12055.jpg,9*(2*4)=72
train/12056.jpg,6+(2*7)=20
train/12057.jpg,(6-1)-8=-3
train/12058.jpg,7+7-3=11
train/12059.jpg,(6*6)-0=36
train/12060.jpg,(8+6)+5=19
train/12061.jpg,(0*4)-2=-2
train/12062.jpg,9*5+6=51
train/12063.jpg,(7-9)+4=2
train/12064.jpg,4+(3+0)=7
train/12065.jpg,9+(7+3)=19
train/12066.jpg,5*(0-7)=-35
train/12067.jpg,(0*6)*8=0
train/12068.jpg,7-(3*2)=1
train/12069.jpg,7-3+9=13
train/12070.jpg,(8-1)*8=56
train/12071.jpg,7*(0+1)=7
train/12072.jpg,6+(8*4)=38
train/12073.jpg,(2-6)-9=-13
train/12074.jpg,(8+4)-6=6
train/12075.jpg,0+(6-9)=-3
train/12076.jpg,(4-0)+5=9
train/12077.jpg,(0*4)-0=0
train/12078.jpg,2-2-7=-7
train/12079.jpg,7*(6+1)=49
train/12080.jpg,0*(2*0)=0
train/12081.jpg,(1*1)-8=-7
train/12082.jpg,4+8-6=6
train/12083.jpg,8-0+5=13
train/12084.jpg,(3*2)-8=-2
train/12085.jpg,1*2*4=8
train/12086.jpg,6+(4-9)=1
train/12087.jpg,3*4+9=21
train/12088.jpg,7-(8*6)=-41
train/12089.jpg,3-3-9=-9
train/12090.jpg,8+8-2=14
train/12091.jpg,(7+1)-9=-1
train/12092.jpg,6-4*1=2
train/12093.jpg,5*8*5=200
train/12094.jpg,3+2*7=17
train/12095.jpg,(4+4)-6=2
train/12096.jpg,(1-2)*4=-4
train/12097.jpg,4+6+4=14
train/12098.jpg,5*0*0=0
train/12099.jpg,(0+8)*4=32
train/12100.jpg,4*6+6=30
train/12101.jpg,7+(6+8)=21
train/12102.jpg,(3-3)+5=5
train/12103.jpg,3*4-4=8
train/12104.jpg,(8*2)-8=8
train/12105.jpg,0-6-4=-10
train/12106.jpg,(4-7)+6=3
train/12107.jpg,8+3*1=11
train/12108.jpg,(9*8)-5=67
train/12109.jpg,3+(9-8)=4
train/12110.jpg,3+1*9=12
train/12111.jpg,0*5-7=-7
train/12112.jpg,9+(6+7)=22
train/12113.jpg,(1*2)*8=16
train/12114.jpg,7+6+1=14
train/12115.jpg,6+6*4=30
train/12116.jpg,(7*6)+2=44
train/12117.jpg,0-3-6=-9
train/12118.jpg,(8-9)+7=6
train/12119.jpg,(0*9)-3=-3
train/12120.jpg,3-(3-2)=2
train/12121.jpg,1+(7+3)=11
train/12122.jpg,(4-1)+8=11
train/12123.jpg,4-(0-9)=13
train/12124.jpg,(4-8)*4=-16
train/12125.jpg,(8-2)+0=6
train/12126.jpg,3-6*3=-15
train/12127.jpg,6*8*0=0
train/12128.jpg,(9+1)*8=80
train/12129.jpg,2+2*2=6
train/12130.jpg,9*(5-6)=-9
train/12131.jpg,8+(3*3)=17
train/12132.jpg,3-(8*6)=-45
train/12133.jpg,(6+5)-5=6
train/12134.jpg,3-4*2=-5
train/12135.jpg,7-(1+7)=-1
train/12136.jpg,8*(1+2)=24
train/12137.jpg,1*8-4=4
train/12138.jpg,(1-4)*7=-21
train/12139.jpg,6-6+4=4
train/12140.jpg,(8-1)-7=0
train/12141.jpg,(5+4)+4=13
train/12142.jpg,(5-6)+9=8
train/12143.jpg,9+0+5=14
train/12144.jpg,(4-1)*8=24
train/12145.jpg,5+6+3=14
train/12146.jpg,(2-2)*4=0
train/12147.jpg,(5-7)-3=-5
train/12148.jpg,3+(2+1)=6
train/12149.jpg,(8-9)-9=-10
train/12150.jpg,6+(3+1)=10
train/12151.jpg,(7-1)*0=0
train/12152.jpg,3+7+8=18
train/12153.jpg,(3*4)-3=9
train/12154.jpg,9+(0*8)=9
train/12155.jpg,2+(1+3)=6
train/12156.jpg,(5*4)*5=100
train/12157.jpg,(2+2)+6=10
train/12158.jpg,8*1-5=3
train/12159.jpg,(4+7)*4=44
train/12160.jpg,3+(8*7)=59
train/12161.jpg,2-3*1=-1
train/12162.jpg,(8-6)-5=-3
train/12163.jpg,(4-5)+2=1
train/12164.jpg,(2*0)*7=0
train/12165.jpg,5+4+8=17
train/12166.jpg,(9*2)+2=20
train/12167.jpg,(8+2)+0=10
train/12168.jpg,8*(5-8)=-24
train/12169.jpg,7+5+5=17
train/12170.jpg,5+(8-5)=8
train/12171.jpg,7*(2+4)=42
train/12172.jpg,2+8*9=74
train/12173.jpg,(1-9)+7=-1
train/12174.jpg,(6+0)-7=-1
train/12175.jpg,1*6+4=10
train/12176.jpg,3*3+1=10
train/12177.jpg,1+(5+1)=7
train/12178.jpg,8*(0+7)=56
train/12179.jpg,2-(8+8)=-14
train/12180.jpg,7+(6+6)=19
train/12181.jpg,4+9+2=15
train/12182.jpg,(9+5)*9=126
train/12183.jpg,7*(3-0)=21
train/12184.jpg,1+(6+8)=15
train/12185.jpg,(8+3)-4=7
train/12186.jpg,(2+5)-4=3
train/12187.jpg,7*1+2=9
train/12188.jpg,9-6-2=1
train/12189.jpg,0-(1-5)=4
train/12190.jpg,2-(7+6)=-11
train/12191.jpg,6+(1+9)=16
train/12192.jpg,0-5+7=2
train/12193.jpg,(6*6)*6=216
train/12194.jpg,2-(4+6)=-8
train/12195.jpg,(1-3)-8=-10
train/12196.jpg,5*(7+1)=40
train/12197.jpg,(5+9)+8=22
train/12198.jpg,(4-4)+9=9
train/12199.jpg,(3-1)*3=6
train/12200.jpg,7*(1*0)=0
train/12201.jpg,1-4+3=0
train/12202.jpg,6*(5-2)=18
train/12203.jpg,(0-4)+0=-4
train/12204.jpg,(1*9)*2=18
train/12205.jpg,6*(6+0)=36
train/12206.jpg,0*(5-4)=0
train/12207.jpg,8-(7+9)=-8
train/12208.jpg,5*(0-9)=-45
train/12209.jpg,9+(4+9)=22
train/12210.jpg,4*4*5=80
train/12211.jpg,(8+1)*8=72
train/12212.jpg,0*(2+9)=0
train/12213.jpg,3*3-2=7
train/12214.jpg,5-5+6=6
train/12215.jpg,(1+6)-0=7
train/12216.jpg,0*6*2=0
train/12217.jpg,6-8-1=-3
train/12218.jpg,7-(4+9)=-6
train/12219.jpg,2-(6-5)=1
train/12220.jpg,4-(4+7)=-7
train/12221.jpg,(7-2)*8=40
train/12222.jpg,(2*0)-1=-1
train/12223.jpg,(8*7)*9=504
train/12224.jpg,(9*8)-5=67
train/12225.jpg,(5*6)*6=180
train/12226.jpg,7*2-8=6
train/12227.jpg,(0+6)*9=54
train/12228.jpg,8*(8+9)=136
train/12229.jpg,(6*6)-8=28
train/12230.jpg,7-(4+6)=-3
train/12231.jpg,8+(8-0)=16
train/12232.jpg,(4+2)-4=2
train/12233.jpg,1+1-2=0
train/12234.jpg,9-(5*5)=-16
train/12235.jpg,(5-2)+8=11
train/12236.jpg,0-(2-5)=3
train/12237.jpg,1*(7+1)=8
train/12238.jpg,(2-7)-8=-13
train/12239.jpg,4-0+3=7
train/12240.jpg,0-(2-9)=7
train/12241.jpg,9*5-0=45
train/12242.jpg,3+(8*8)=67
train/12243.jpg,1-(2-6)=5
train/12244.jpg,4-2+1=3
train/12245.jpg,(8-1)-9=-2
train/12246.jpg,4+1+6=11
train/12247.jpg,2*8-6=10
train/12248.jpg,3-(1+1)=1
train/12249.jpg,9-(0+9)=0
train/12250.jpg,8*5+0=40
train/12251.jpg,(5-4)*2=2
train/12252.jpg,7*0+9=9
train/12253.jpg,(2+7)*5=45
train/12254.jpg,(7-8)*2=-2
train/12255.jpg,(0+2)-9=-7
train/12256.jpg,(7*0)*1=0
train/12257.jpg,(6*4)*4=96
train/12258.jpg,0+8+0=8
train/12259.jpg,(2-0)-0=2
train/12260.jpg,9*9+6=87
train/12261.jpg,3+(3*6)=21
train/12262.jpg,6+(1*7)=13
train/12263.jpg,(9-0)+1=10
train/12264.jpg,2+(6+2)=10
train/12265.jpg,9-4*1=5
train/12266.jpg,8-8-4=-4
train/12267.jpg,3*6+1=19
train/12268.jpg,5-(8*2)=-11
train/12269.jpg,5+3-6=2
train/12270.jpg,(2+2)*3=12
train/12271.jpg,(1-1)*0=0
train/12272.jpg,4+(5+9)=18
train/12273.jpg,2-4+4=2
train/12274.jpg,0+8-7=1
train/12275.jpg,3-(1-2)=4
train/12276.jpg,1*(5-8)=-3
train/12277.jpg,(7+5)+7=19
train/12278.jpg,(0*2)*0=0
train/12279.jpg,(4+1)*4=20
train/12280.jpg,5+(4*6)=29
train/12281.jpg,2+9*8=74
train/12282.jpg,5-(1-6)=10
train/12283.jpg,(0*7)*6=0
train/12284.jpg,8-(6-7)=9
train/12285.jpg,(7-0)+4=11
train/12286.jpg,9*(0*0)=0
train/12287.jpg,(5*4)*8=160
train/12288.jpg,0-(9+7)=-16
train/12289.jpg,5-(1-4)=8
train/12290.jpg,0+(6+0)=6
train/12291.jpg,0+9-2=7
train/12292.jpg,(8*2)*9=144
train/12293.jpg,(6+3)-9=0
train/12294.jpg,7+(1-5)=3
train/12295.jpg,(4*1)*4=16
train/12296.jpg,(1-5)*5=-20
train/12297.jpg,1+(9*2)=19
train/12298.jpg,2+7-5=4
train/12299.jpg,9-7+5=7
train/12300.jpg,(9-5)*6=24
train/12301.jpg,7+9+1=17
train/12302.jpg,(4*5)*7=140
train/12303.jpg,1+4+7=12
train/12304.jpg,(2*5)-1=9
train/12305.jpg,2+8-6=4
train/12306.jpg,8+6+4=18
train/12307.jpg,(7-0)+6=13
train/12308.jpg,9*1+8=17
train/12309.jpg,5+(6*4)=29
train/12310.jpg,9*7+2=65
train/12311.jpg,(1*9)+2=11
train/12312.jpg,(5*8)+2=42
train/12313.jpg,2*0+6=6
train/12314.jpg,2+(0+0)=2
train/12315.jpg,9+(9*4)=45
train/12316.jpg,(9*6)-1=53
train/12317.jpg,(6*4)-7=17
train/12318.jpg,(2-9)-5=-12
train/12319.jpg,5*(5-9)=-20
train/12320.jpg,(1+2)*6=18
train/12321.jpg,2*(1*6)=12
train/12322.jpg,(6-9)+0=-3
train/12323.jpg,1+(4*6)=25
train/12324.jpg,9+(4*4)=25
train/12325.jpg,(8+1)-1=8
train/12326.jpg,3+5-2=6
train/12327.jpg,(1+4)*0=0
train/12328.jpg,4*(5+0)=20
train/12329.jpg,(7+7)+6=20
train/12330.jpg,(2*6)*8=96
train/12331.jpg,2-1*5=-3
train/12332.jpg,5*(5*0)=0
train/12333.jpg,1*(1-0)=1
train/12334.jpg,8-5-8=-5
train/12335.jpg,0+(0*4)=0
train/12336.jpg,1*(2*4)=8
train/12337.jpg,3-3*3=-6
train/12338.jpg,8-4-9=-5
train/12339.jpg,4+3-7=0
train/12340.jpg,5-(3-3)=5
train/12341.jpg,0-(0-7)=7
train/12342.jpg,(0*0)*1=0
train/12343.jpg,3*(3*3)=27
train/12344.jpg,8-(4*2)=0
train/12345.jpg,2+5*0=2
train/12346.jpg,9+4-0=13
train/12347.jpg,1-8-5=-12
train/12348.jpg,2*(3*1)=6
train/12349.jpg,1+(5-6)=0
train/12350.jpg,4*5+5=25
train/12351.jpg,(9*8)+8=80
train/12352.jpg,2-8+6=0
train/12353.jpg,(3-7)-1=-5
train/12354.jpg,3+(4+3)=10
train/12355.jpg,5+3+2=10
train/12356.jpg,(7*3)-9=12
train/12357.jpg,9+2+3=14
train/12358.jpg,5+(1*3)=8
train/12359.jpg,0*(8+6)=0
train/12360.jpg,(4+6)*2=20
train/12361.jpg,3-(9*1)=-6
train/12362.jpg,9+7*7=58
train/12363.jpg,(4-8)+3=-1
train/12364.jpg,(6*7)+2=44
train/12365.jpg,(8*4)-6=26
train/12366.jpg,5-(2*4)=-3
train/12367.jpg,1*4+0=4
train/12368.jpg,4*(6-7)=-4
train/12369.jpg,8-(1*6)=2
train/12370.jpg,1*5-0=5
train/12371.jpg,(2-6)+9=5
train/12372.jpg,(8*3)*4=96
train/12373.jpg,1+(0+1)=2
train/12374.jpg,6-0*5=6
train/12375.jpg,6*(6-7)=-6
train/12376.jpg,(1*9)*6=54
train/12377.jpg,(6-4)-9=-7
train/12378.jpg,(6-6)*3=0
train/12379.jpg,2+6-3=5
train/12380.jpg,2-4+5=3
train/12381.jpg,3-9*4=-33
train/12382.jpg,(7*9)*4=252
train/12383.jpg,3*(4*1)=12
train/12384.jpg,8+(7*6)=50
train/12385.jpg,0-7*4=-28
train/12386.jpg,8*(4+2)=48
train/12387.jpg,(8*9)-7=65
train/12388.jpg,2+8-0=10
train/12389.jpg,(1+7)+9=17
train/12390.jpg,(8*5)+1=41
train/12391.jpg,8+5*2=18
train/12392.jpg,(9+1)+6=16
train/12393.jpg,4-(1*9)=-5
train/12394.jpg,4*7+7=35
train/12395.jpg,(4*6)-8=16
train/12396.jpg,8+(8-8)=8
train/12397.jpg,8-4*4=-8
train/12398.jpg,5*(2*9)=90
train/12399.jpg,6-(4+3)=-1
train/12400.jpg,8-2*0=8
train/12401.jpg,(3*0)*2=0
train/12402.jpg,3+8-4=7
train/12403.jpg,4*3*3=36
train/12404.jpg,9*9*0=0
train/12405.jpg,9-6+0=3
train/12406.jpg,3-2+0=1
train/12407.jpg,1+(2-8)=-5
train/12408.jpg,2+(5-9)=-2
train/12409.jpg,0+2*6=12
train/12410.jpg,(6-1)*7=35
train/12411.jpg,(3*3)-8=1
train/12412.jpg,6*6*9=324
train/12413.jpg,(8-1)-2=5
train/12414.jpg,(1*6)-3=3
train/12415.jpg,(5+7)*7=84
train/12416.jpg,3+8+6=17
train/12417.jpg,(0*4)-0=0
train/12418.jpg,(7*7)*3=147
train/12419.jpg,8-8+0=0
train/12420.jpg,9+(0-3)=6
train/12421.jpg,8+(1*1)=9
train/12422.jpg,1-(3+1)=-3
train/12423.jpg,1*0*8=0
train/12424.jpg,6+(4+8)=18
train/12425.jpg,9+(2-7)=4
train/12426.jpg,5+3-9=-1
train/12427.jpg,0*(3-3)=0
train/12428.jpg,0*(9-7)=0
train/12429.jpg,7*(6+1)=49
train/12430.jpg,0+(4*6)=24
train/12431.jpg,(4*5)*2=40
train/12432.jpg,4*5*7=140
train/12433.jpg,3*7+1=22
train/12434.jpg,5*(9-2)=35
train/12435.jpg,(2-7)-0=-5
train/12436.jpg,(1-2)*8=-8
train/12437.jpg,3+(5+5)=13
train/12438.jpg,4+6+4=14
train/12439.jpg,3+0*8=3
train/12440.jpg,(1-8)*6=-42
train/12441.jpg,(7*7)*8=392
train/12442.jpg,7*(9-2)=49
train/12443.jpg,2+2+8=12
train/12444.jpg,4-(3*0)=4
train/12445.jpg,5*(5-4)=5
train/12446.jpg,1-4-2=-5
train/12447.jpg,5+0-1=4
train/12448.jpg,3+6-0=9
train/12449.jpg,(3+7)*8=80
train/12450.jpg,4+8-5=7
train/12451.jpg,7-3-2=2
train/12452.jpg,4*(1-2)=-4
train/12453.jpg,8*2-8=8
train/12454.jpg,(4+3)-0=7
train/12455.jpg,1*6+8=14
train/12456.jpg,(8*7)+7=63
train/12457.jpg,9-(3+7)=-1
train/12458.jpg,(9*8)-7=65
train/12459.jpg,2*(1-5)=-8
train/12460.jpg,(1*8)*2=16
train/12461.jpg,(6*9)+9=63
train/12462.jpg,2*(1*0)=0
train/12463.jpg,7-(1*2)=5
train/12464.jpg,2*(6+6)=24
train/12465.jpg,5+9+8=22
train/12466.jpg,9+3*1=12
train/12467.jpg,(6*4)-5=19
train/12468.jpg,1+(8*3)=25
train/12469.jpg,(1+5)+6=12
train/12470.jpg,2-(2-3)=3
train/12471.jpg,(9+6)-0=15
train/12472.jpg,5+8-2=11
train/12473.jpg,(7*2)*4=56
train/12474.jpg,(8*3)-1=23
train/12475.jpg,9-5*3=-6
train/12476.jpg,(7-9)*7=-14
train/12477.jpg,(5*7)*2=70
train/12478.jpg,4*5+0=20
train/12479.jpg,9-6*2=-3
train/12480.jpg,7+9*4=43
train/12481.jpg,(2+7)*1=9
train/12482.jpg,(8*8)+1=65
train/12483.jpg,(4-1)-5=-2
train/12484.jpg,3-9-6=-12
train/12485.jpg,5-(8-0)=-3
train/12486.jpg,(8*9)+0=72
train/12487.jpg,(2*9)+8=26
train/12488.jpg,0+8-4=4
train/12489.jpg,8-8+3=3
train/12490.jpg,8*5-9=31
train/12491.jpg,3*4-5=7
train/12492.jpg,2-(3+5)=-6
train/12493.jpg,7+(7-7)=7
train/12494.jpg,9*(9+3)=108
train/12495.jpg,1-(8+3)=-10
train/12496.jpg,(9*0)+7=7
train/12497.jpg,(1*5)+5=10
train/12498.jpg,0-(6-3)=-3
train/12499.jpg,(5-4)-1=0
train/12500.jpg,9-0+1=10
train/12501.jpg,(0*4)-8=-8
train/12502.jpg,(9-2)*8=56
train/12503.jpg,(2*6)*1=12
train/12504.jpg,6-(7+1)=-2
train/12505.jpg,1+(2+1)=4
train/12506.jpg,6*9+8=62
train/12507.jpg,4-9+6=1
train/12508.jpg,7*3-3=18
train/12509.jpg,8-(5-4)=7
train/12510.jpg,0+(6-1)=5
train/12511.jpg,0*6+9=9
train/12512.jpg,(5+0)-3=2
train/12513.jpg,(5*9)*2=90
train/12514.jpg,(9+5)+8=22
train/12515.jpg,3+(0*2)=3
train/12516.jpg,8+6+8=22
train/12517.jpg,0-(8*0)=0
train/12518.jpg,(0-8)+2=-6
train/12519.jpg,(3*8)-2=22
train/12520.jpg,(0+5)+7=12
train/12521.jpg,3*7-6=15
train/12522.jpg,(9*7)-3=60
train/12523.jpg,(4-2)-1=1
train/12524.jpg,(3-2)+6=7
train/12525.jpg,(0-5)*6=-30
train/12526.jpg,4+(4-4)=4
train/12527.jpg,(1+9)*1=10
train/12528.jpg,(5*0)-2=-2
train/12529.jpg,0*(1*7)=0
train/12530.jpg,8-(3-2)=7
train/12531.jpg,4+(1*4)=8
train/12532.jpg,1-(1+5)=-5
train/12533.jpg,2-4+0=-2
train/12534.jpg,8-(2*3)=2
train/12535.jpg,1+(2*9)=19
train/12536.jpg,(2-2)+0=0
train/12537.jpg,6*4-8=16
train/12538.jpg,4*4+6=22
train/12539.jpg,6*(7-4)=18
train/12540.jpg,9*9-5=76
train/12541.jpg,1+2+2=5
train/12542.jpg,6*(0-3)=-18
train/12543.jpg,5*5*0=0
train/12544.jpg,9*3*8=216
train/12545.jpg,2+4+7=13
train/12546.jpg,9*1+3=12
train/12547.jpg,4+(9*9)=85
train/12548.jpg,2-9*8=-70
train/12549.jpg,0-(7*8)=-56
train/12550.jpg,0*8*3=0
train/12551.jpg,4*(6*2)=48
train/12552.jpg,5-2+2=5
train/12553.jpg,9+(1+9)=19
train/12554.jpg,5-5*4=-15
train/12555.jpg,(9*6)*0=0
train/12556.jpg,2+8-0=10
train/12557.jpg,(4*3)*6=72
train/12558.jpg,8*3+3=27
train/12559.jpg,(1*8)+9=17
train/12560.jpg,1-3*6=-17
train/12561.jpg,(1+8)*3=27
train/12562.jpg,(2+9)*0=0
train/12563.jpg,(4-6)*6=-12
train/12564.jpg,(6+5)*6=66
train/12565.jpg,1-(9-4)=-4
train/12566.jpg,7*8+1=57
train/12567.jpg,(0-4)*1=-4
train/12568.jpg,(4+5)+3=12
train/12569.jpg,(2+9)*1=11
train/12570.jpg,8+9*7=71
train/12571.jpg,5*(6+5)=55
train/12572.jpg,0+4*9=36
train/12573.jpg,(4+2)-8=-2
train/12574.jpg,9+0+8=17
train/12575.jpg,(8+3)-6=5
train/12576.jpg,(8*5)-9=31
train/12577.jpg,4-9*6=-50
train/12578.jpg,0*3*3=0
train/12579.jpg,0-(4*7)=-28
train/12580.jpg,9*(8-1)=63
train/12581.jpg,2-(0+6)=-4
train/12582.jpg,2+(9+6)=17
train/12583.jpg,(5+6)+4=15
train/12584.jpg,(7+6)-9=4
train/12585.jpg,2-5*6=-28
train/12586.jpg,(5+7)-0=12
train/12587.jpg,7-2+2=7
train/12588.jpg,3*3-5=4
train/12589.jpg,(1-5)+8=4
train/12590.jpg,0-(7-2)=-5
train/12591.jpg,4+(7+4)=15
train/12592.jpg,1*7-9=-2
train/12593.jpg,9+9-5=13
train/12594.jpg,6*4-8=16
train/12595.jpg,4+(9*7)=67
train/12596.jpg,2*1+6=8
train/12597.jpg,(8*5)+8=48
train/12598.jpg,(5-1)-7=-3
train/12599.jpg,7-3+6=10
train/12600.jpg,(1+0)-6=-5
train/12601.jpg,7*(7+2)=63
train/12602.jpg,5-9-2=-6
train/12603.jpg,(0-2)-9=-11
train/12604.jpg,5*(7*8)=280
train/12605.jpg,9-6*3=-9
train/12606.jpg,(6+6)*8=96
train/12607.jpg,3-(7-2)=-2
train/12608.jpg,3+(8+5)=16
train/12609.jpg,0*2+2=2
train/12610.jpg,(2*7)-1=13
train/12611.jpg,5*(5+7)=60
train/12612.jpg,1+(9*2)=19
train/12613.jpg,9-8-4=-3
train/12614.jpg,(3+2)+1=6
train/12615.jpg,(3-8)*2=-10
train/12616.jpg,(5+6)*0=0
train/12617.jpg,5*(0-4)=-20
train/12618.jpg,9*9-6=75
train/12619.jpg,7-3-5=-1
train/12620.jpg,7*9-7=56
train/12621.jpg,6*8+9=57
train/12622.jpg,8*7-1=55
train/12623.jpg,(5*2)*8=80
train/12624.jpg,9-(8-0)=1
train/12625.jpg,(5+7)-0=12
train/12626.jpg,(8+4)+1=13
train/12627.jpg,1+(8*7)=57
train/12628.jpg,5+(5-2)=8
train/12629.jpg,8*4-4=28
train/12630.jpg,7-2*7=-7
train/12631.jpg,1*2-1=1
train/12632.jpg,9*(4-2)=18
train/12633.jpg,(6*2)-9=3
train/12634.jpg,0+(0*6)=0
train/12635.jpg,(2-1)+4=5
train/12636.jpg,8+(0+0)=8
train/12637.jpg,2+9*2=20
train/12638.jpg,6*2-4=8
train/12639.jpg,3+(8-8)=3
train/12640.jpg,2+0+1=3
train/12641.jpg,(7-7)-7=-7
train/12642.jpg,1*0+3=3
train/12643.jpg,(0*0)+0=0
train/12644.jpg,7+0-4=3
train/12645.jpg,7-(9-6)=4
train/12646.jpg,(0*2)*6=0
train/12647.jpg,8+8-5=11
train/12648.jpg,(3*4)-6=6
train/12649.jpg,1+0*7=1
train/12650.jpg,7+(9+6)=22
train/12651.jpg,7-(5-4)=6
train/12652.jpg,3-(1+3)=-1
train/12653.jpg,(3*5)*1=15
train/12654.jpg,6*9+5=59
train/12655.jpg,(3-6)*9=-27
train/12656.jpg,4-(9-5)=0
train/12657.jpg,(7-6)+6=7
train/12658.jpg,9*7+1=64
train/12659.jpg,1-3-6=-8
train/12660.jpg,4*5-4=16
train/12661.jpg,4*(2-7)=-20
train/12662.jpg,8-3*3=-1
train/12663.jpg,7-(6+7)=-6
train/12664.jpg,7+5*9=52
train/12665.jpg,6+8*7=62
train/12666.jpg,0-1*5=-5
train/12667.jpg,1*(7*3)=21
train/12668.jpg,5-5+9=9
train/12669.jpg,(1-1)+2=2
train/12670.jpg,8-0+8=16
train/12671.jpg,(2*6)*9=108
train/12672.jpg,9-(3-7)=13
train/12673.jpg,2+5+5=12
train/12674.jpg,6-0*4=6
train/12675.jpg,(3*7)-7=14
train/12676.jpg,8*2-6=10
train/12677.jpg,9*(4*3)=108
train/12678.jpg,4*9-9=27
train/12679.jpg,9-9-1=-1
train/12680.jpg,9*2*3=54
train/12681.jpg,7+9-1=15
train/12682.jpg,1+2+0=3
train/12683.jpg,1*4*1=4
train/12684.jpg,2+4*2=10
train/12685.jpg,7-(5+1)=1
train/12686.jpg,6+2+7=15
train/12687.jpg,2*(3-9)=-12
train/12688.jpg,1-(4*8)=-31
train/12689.jpg,(1+9)*1=10
train/12690.jpg,3*(2*9)=54
train/12691.jpg,(9+3)*5=60
train/12692.jpg,6*3-1=17
train/12693.jpg,3-(4*1)=-1
train/12694.jpg,(6-0)-9=-3
train/12695.jpg,9-(4*4)=-7
train/12696.jpg,(2-6)+9=5
train/12697.jpg,7-2*0=7
train/12698.jpg,(2*1)-6=-4
train/12699.jpg,7*(1-5)=-28
train/12700.jpg,3-6*5=-27
train/12701.jpg,(4+6)+1=11
train/12702.jpg,9*0*1=0
train/12703.jpg,7+(0+8)=15
train/12704.jpg,6*7+6=48
train/12705.jpg,(5+8)+8=21
train/12706.jpg,(5*1)-8=-3
train/12707.jpg,1*4+9=13
train/12708.jpg,2*5+1=11
train/12709.jpg,5*(4*6)=120
train/12710.jpg,2-5-6=-9
train/12711.jpg,2-(0-3)=5
train/12712.jpg,(8*4)-1=31
train/12713.jpg,(5*7)-7=28
train/12714.jpg,8*9-6=66
train/12715.jpg,4-(0-6)=10
train/12716.jpg,(9+2)*8=88
train/12717.jpg,7-(0+3)=4
train/12718.jpg,8+(5*0)=8
train/12719.jpg,2+(5*8)=42
train/12720.jpg,(8-4)+9=13
train/12721.jpg,9+(9+6)=24
train/12722.jpg,1-(4+2)=-5
train/12723.jpg,(3+2)+4=9
train/12724.jpg,8-0*5=8
train/12725.jpg,(0+3)+1=4
train/12726.jpg,(3-7)+3=-1
train/12727.jpg,1-(7+0)=-6
train/12728.jpg,9-(0*1)=9
train/12729.jpg,(4-8)*5=-20
train/12730.jpg,4+3+7=14
train/12731.jpg,2-7+6=1
train/12732.jpg,(4*9)-9=27
train/12733.jpg,7-4+9=12
train/12734.jpg,9*(1*8)=72
train/12735.jpg,5*2*3=30
train/12736.jpg,1-6*5=-29
train/12737.jpg,3-2-6=-5
train/12738.jpg,3-(3*1)=0
train/12739.jpg,9*(5+3)=72
train/12740.jpg,3*(0*3)=0
train/12741.jpg,0-(1*6)=-6
train/12742.jpg,7+(1+8)=16
train/12743.jpg,(0-6)+2=-4
train/12744.jpg,(0-6)*9=-54
train/12745.jpg,0*3+9=9
train/12746.jpg,1-(6+3)=-8
train/12747.jpg,(0*6)+6=6
train/12748.jpg,4+(0*9)=4
train/12749.jpg,6+(9-9)=6
train/12750.jpg,7+(6+0)=13
train/12751.jpg,(6+5)+2=13
train/12752.jpg,3+(1*3)=6
train/12753.jpg,3*9+7=34
train/12754.jpg,1-1+5=5
train/12755.jpg,8*4-0=32
train/12756.jpg,5-0*4=5
train/12757.jpg,0*(6+7)=0
train/12758.jpg,1*(0*2)=0
train/12759.jpg,9-8*1=1
train/12760.jpg,4+(4*2)=12
train/12761.jpg,7*7*1=49
train/12762.jpg,3+1+5=9
train/12763.jpg,(7+4)*7=77
train/12764.jpg,8*8*9=576
train/12765.jpg,(5+6)-6=5
train/12766.jpg,9-5-8=-4
train/12767.jpg,(8-9)+3=2
train/12768.jpg,4-0-3=1
train/12769.jpg,(5-1)+2=6
train/12770.jpg,4-(6-0)=-2
train/12771.jpg,3-(6*8)=-45
train/12772.jpg,8+(0+4)=12
train/12773.jpg,8-(6+6)=-4
train/12774.jpg,7+9*9=88
train/12775.jpg,(8*3)-6=18
train/12776.jpg,(8*0)-7=-7
train/12777.jpg,(7*6)*7=294
train/12778.jpg,(7*6)-3=39
train/12779.jpg,4-(4+0)=0
train/12780.jpg,(6*3)*7=126
train/12781.jpg,(5+6)*6=66
train/12782.jpg,3*(1-7)=-18
train/12783.jpg,(1*7)-7=0
train/12784.jpg,(2*4)*6=48
train/12785.jpg,0-(8*7)=-56
train/12786.jpg,(6*4)*9=216
train/12787.jpg,0*7*9=0
train/12788.jpg,(9+8)+9=26
train/12789.jpg,2+5-0=7
train/12790.jpg,0+0+5=5
train/12791.jpg,(8*1)+5=13
train/12792.jpg,2+1+3=6
train/12793.jpg,3-(0*2)=3
train/12794.jpg,9-(3-4)=10
train/12795.jpg,9-(9*1)=0
train/12796.jpg,2-(5-4)=1
train/12797.jpg,(0-4)-1=-5
train/12798.jpg,(8*7)*7=392
train/12799.jpg,6*3-6=12
train/12800.jpg,(5*3)-3=12
train/12801.jpg,(6+8)-6=8
train/12802.jpg,5+(2-7)=0
train/12803.jpg,5+9-0=14
train/12804.jpg,9+1+1=11
train/12805.jpg,7*(2*6)=84
train/12806.jpg,1*4*4=16
train/12807.jpg,(3*5)+5=20
train/12808.jpg,2*(6-5)=2
train/12809.jpg,(4+8)-6=6
train/12810.jpg,(6*7)+5=47
train/12811.jpg,3*0+8=8
train/12812.jpg,1*(4*4)=16
train/12813.jpg,2-2+9=9
train/12814.jpg,2-7-0=-5
train/12815.jpg,2-4*7=-26
train/12816.jpg,5-3-2=0
train/12817.jpg,0-0-3=-3
train/12818.jpg,(3-1)*5=10
train/12819.jpg,(3-0)-9=-6
train/12820.jpg,(1*4)*2=8
train/12821.jpg,2*(2+8)=20
train/12822.jpg,5+(1-4)=2
train/12823.jpg,0+6*5=30
train/12824.jpg,9+9*2=27
train/12825.jpg,0+2-1=1
train/12826.jpg,5*7+4=39
train/12827.jpg,(9-4)+7=12
train/12828.jpg,0+(9*6)=54
train/12829.jpg,6*7+3=45
train/12830.jpg,9*6-4=50
train/12831.jpg,(7-3)*1=4
train/12832.jpg,(3-4)-9=-10
train/12833.jpg,3-(9*9)=-78
train/12834.jpg,2-3*2=-4
train/12835.jpg,6-0*0=6
train/12836.jpg,5+(3*9)=32
train/12837.jpg,7*2+7=21
train/12838.jpg,(7-5)-6=-4
train/12839.jpg,(0*8)*3=0
train/12840.jpg,(7+6)+9=22
train/12841.jpg,2*(6-7)=-2
train/12842.jpg,1+2-4=-1
train/12843.jpg,3*8-5=19
train/12844.jpg,(2+8)*9=90
train/12845.jpg,(4-9)*6=-30
train/12846.jpg,0+0+9=9
train/12847.jpg,4-(8-8)=4
train/12848.jpg,6-1*7=-1
train/12849.jpg,3-3+2=2
train/12850.jpg,(2*5)+3=13
train/12851.jpg,3+2-4=1
train/12852.jpg,(8+8)+4=20
train/12853.jpg,2*9*8=144
train/12854.jpg,(2*9)-2=16
train/12855.jpg,2*(0-3)=-6
train/12856.jpg,3*5-0=15
train/12857.jpg,1-7+8=2
train/12858.jpg,0+8+0=8
train/12859.jpg,7+(5+8)=20
train/12860.jpg,3+1-2=2
train/12861.jpg,7-(1-9)=15
train/12862.jpg,(1+4)-3=2
train/12863.jpg,3*(6*1)=18
train/12864.jpg,(4-9)-5=-10
train/12865.jpg,(8*8)-6=58
train/12866.jpg,(8-6)-7=-5
train/12867.jpg,9+(8*2)=25
train/12868.jpg,9-(8-3)=4
train/12869.jpg,2+(2-4)=0
train/12870.jpg,2*(1-4)=-6
train/12871.jpg,(6*7)-2=40
train/12872.jpg,2+(2-4)=0
train/12873.jpg,5+2+4=11
train/12874.jpg,1-6*5=-29
train/12875.jpg,(1-7)-6=-12
train/12876.jpg,(7-6)+6=7
train/12877.jpg,(5-2)+7=10
train/12878.jpg,1-(2-5)=4
train/12879.jpg,(5+8)-4=9
train/12880.jpg,(8-5)+1=4
train/12881.jpg,(5-1)+6=10
train/12882.jpg,6+6-2=10
train/12883.jpg,6*5-8=22
train/12884.jpg,6-(1*5)=1
train/12885.jpg,9+3*9=36
train/12886.jpg,(2+2)+2=6
train/12887.jpg,9-7*5=-26
train/12888.jpg,(5*1)+1=6
train/12889.jpg,(0-7)+4=-3
train/12890.jpg,2-0-0=2
train/12891.jpg,2-1*2=0
train/12892.jpg,9+(1-2)=8
train/12893.jpg,6-1-1=4
train/12894.jpg,0+5*7=35
train/12895.jpg,(2-1)+8=9
train/12896.jpg,(8+9)*8=136
train/12897.jpg,(6+0)*0=0
train/12898.jpg,(2+2)-1=3
train/12899.jpg,(1*1)+4=5
train/12900.jpg,(7*7)*1=49
train/12901.jpg,(4*0)*6=0
train/12902.jpg,(3-8)+1=-4
train/12903.jpg,1+(1+3)=5
train/12904.jpg,9+2*4=17
train/12905.jpg,(6+6)*9=108
train/12906.jpg,8+3-0=11
train/12907.jpg,0-7+0=-7
train/12908.jpg,1*(7*6)=42
train/12909.jpg,1-1*0=1
train/12910.jpg,(5+5)*6=60
train/12911.jpg,4-(7*4)=-24
train/12912.jpg,1+2-1=2
train/12913.jpg,(8*1)-0=8
train/12914.jpg,(6+6)*3=36
train/12915.jpg,6-(8*2)=-10
train/12916.jpg,(3*4)-3=9
train/12917.jpg,5+(9+2)=16
train/12918.jpg,8-9+5=4
train/12919.jpg,5-(9-0)=-4
train/12920.jpg,(3*9)+4=31
train/12921.jpg,2-1+2=3
train/12922.jpg,(7-8)*6=-6
train/12923.jpg,(8*3)+7=31
train/12924.jpg,0-(7-4)=-3
train/12925.jpg,3-(4-8)=7
train/12926.jpg,(4*7)*8=224
train/12927.jpg,9-(8*0)=9
train/12928.jpg,8*(5*0)=0
train/12929.jpg,(7-0)*9=63
train/12930.jpg,4+3*5=19
train/12931.jpg,8+5*1=13
train/12932.jpg,0*(6*9)=0
train/12933.jpg,5-(1-8)=12
train/12934.jpg,2-6*8=-46
train/12935.jpg,(4*6)+1=25
train/12936.jpg,8*6-4=44
train/12937.jpg,(5-2)-9=-6
train/12938.jpg,1*5*7=35
train/12939.jpg,3*7+3=24
train/12940.jpg,(6+1)*1=7
train/12941.jpg,1-(1-0)=0
train/12942.jpg,9*(8-1)=63
train/12943.jpg,(4*1)+4=8
train/12944.jpg,4-5*9=-41
train/12945.jpg,7*0*1=0
train/12946.jpg,7*(8*8)=448
train/12947.jpg,3-(6*8)=-45
train/12948.jpg,3+(5*9)=48
train/12949.jpg,9*9*2=162
train/12950.jpg,9+0+4=13
train/12951.jpg,0+(2*3)=6
train/12952.jpg,(4+8)+7=19
train/12953.jpg,2-(2-5)=5
train/12954.jpg,(6*7)+4=46
train/12955.jpg,(2+8)*7=70
train/12956.jpg,(4-3)-1=0
train/12957.jpg,6-(5+4)=-3
train/12958.jpg,7+(9+5)=21
train/12959.jpg,(1+9)-7=3
train/12960.jpg,(7-9)+4=2
train/12961.jpg,8*0*9=0
train/12962.jpg,3-(9-2)=-4
train/12963.jpg,(3-9)-2=-8
train/12964.jpg,9*6+2=56
train/12965.jpg,(4+2)-5=1
train/12966.jpg,(0-9)-4=-13
train/12967.jpg,5+5-3=7
train/12968.jpg,(5-5)+6=6
train/12969.jpg,(2+9)-8=3
train/12970.jpg,4*(5*0)=0
train/12971.jpg,(0-8)-2=-10
train/12972.jpg,0*(3*7)=0
train/12973.jpg,9*(4-1)=27
train/12974.jpg,5-(9-6)=2
train/12975.jpg,0+7-5=2
train/12976.jpg,8*1*9=72
train/12977.jpg,(0+6)-6=0
train/12978.jpg,(7-9)-9=-11
train/12979.jpg,9+(9-5)=13
train/12980.jpg,8-(5+9)=-6
train/12981.jpg,9-5*6=-21
train/12982.jpg,6*6-7=29
train/12983.jpg,(5-0)*7=35
train/12984.jpg,8-0*4=8
train/12985.jpg,1*4-4=0
train/12986.jpg,(5+6)+7=18
train/12987.jpg,1*(4+8)=12
train/12988.jpg,(4+5)*0=0
train/12989.jpg,(2*7)*7=98
train/12990.jpg,(2*7)-9=5
train/12991.jpg,4-5*5=-21
train/12992.jpg,(6*9)+3=57
train/12993.jpg,4-0*3=4
train/12994.jpg,(6*0)-7=-7
train/12995.jpg,1-(8+0)=-7
train/12996.jpg,(4+4)*1=8
train/12997.jpg,(3*9)-4=23
train/12998.jpg,(9-4)*3=15
train/12999.jpg,3+0+9=12
train/13000.jpg,(0-4)-9=-13
train/13001.jpg,8-(4-7)=11
train/13002.jpg,2+(7-2)=7
train/13003.jpg,1+6*2=13
train/13004.jpg,2*8+7=23
train/13005.jpg,7+(2-5)=4
train/13006.jpg,2*3-0=6
train/13007.jpg,(2-5)-5=-8
train/13008.jpg,2-(4-4)=2
train/13009.jpg,1-7-9=-15
train/13010.jpg,9-5+7=11
train/13011.jpg,(4*6)*4=96
train/13012.jpg,(6*6)*3=108
train/13013.jpg,8+5+2=15
train/13014.jpg,2-(7-1)=-4
train/13015.jpg,3-(8-2)=-3
train/13016.jpg,7+3+5=15
train/13017.jpg,4*(4-9)=-20
train/13018.jpg,7-4-3=0
train/13019.jpg,2+9-6=5
train/13020.jpg,3*(8+8)=48
train/13021.jpg,2+5-6=1
train/13022.jpg,(1-0)+4=5
train/13023.jpg,3+(6+2)=11
train/13024.jpg,1+(3+5)=9
train/13025.jpg,4*1-6=-2
train/13026.jpg,5*7*4=140
train/13027.jpg,0-(3-7)=4
train/13028.jpg,(0-0)*3=0
train/13029.jpg,(4*7)+6=34
train/13030.jpg,0-(7-3)=-4
train/13031.jpg,(4-2)*1=2
train/13032.jpg,6-(5+1)=0
train/13033.jpg,8+9-6=11
train/13034.jpg,2*(9+8)=34
train/13035.jpg,5+3*6=23
train/13036.jpg,6*(4+9)=78
train/13037.jpg,5-4*1=1
train/13038.jpg,(1-0)-0=1
train/13039.jpg,(1*7)*5=35
train/13040.jpg,9+(2+8)=19
train/13041.jpg,(0*1)+5=5
train/13042.jpg,(3-1)-0=2
train/13043.jpg,5-(5*9)=-40
train/13044.jpg,0-(3-1)=-2
train/13045.jpg,8-1*7=1
train/13046.jpg,4+(8-3)=9
train/13047.jpg,(2*0)+8=8
train/13048.jpg,8+6-6=8
train/13049.jpg,5*8+2=42
train/13050.jpg,3+9+3=15
train/13051.jpg,1-8-0=-7
train/13052.jpg,8*6-9=39
train/13053.jpg,(4*0)-1=-1
train/13054.jpg,(9-5)-7=-3
train/13055.jpg,5+6-9=2
train/13056.jpg,8-5*0=8
train/13057.jpg,(1*7)*7=49
train/13058.jpg,(0+4)*9=36
train/13059.jpg,7*(2*3)=42
train/13060.jpg,8+4*7=36
train/13061.jpg,(9*8)*1=72
train/13062.jpg,6-8+5=3
train/13063.jpg,(3*3)+8=17
train/13064.jpg,4+4*7=32
train/13065.jpg,7-(1+9)=-3
train/13066.jpg,7+(0-7)=0
train/13067.jpg,(1+5)*7=42
train/13068.jpg,(4-2)+1=3
train/13069.jpg,4+1-3=2
train/13070.jpg,6-3*2=0
train/13071.jpg,(7+5)-8=4
train/13072.jpg,1+5*3=16
train/13073.jpg,8*(2+5)=56
train/13074.jpg,(7+8)*9=135
train/13075.jpg,4+(7*1)=11
train/13076.jpg,(7-4)+2=5
train/13077.jpg,(5*1)-6=-1
train/13078.jpg,8*(0*1)=0
train/13079.jpg,(6+7)+5=18
train/13080.jpg,(0+9)*0=0
train/13081.jpg,(7-6)-3=-2
train/13082.jpg,6-4*9=-30
train/13083.jpg,3+1+6=10
train/13084.jpg,5+(1+4)=10
train/13085.jpg,3-8*1=-5
train/13086.jpg,6-1-9=-4
train/13087.jpg,7+7-6=8
train/13088.jpg,2-1*2=0
train/13089.jpg,1+6+8=15
train/13090.jpg,4-2-1=1
train/13091.jpg,8*1+0=8
train/13092.jpg,(6*5)+0=30
train/13093.jpg,(9*5)-9=36
train/13094.jpg,(5-9)+4=0
train/13095.jpg,7*7+2=51
train/13096.jpg,2-(5-1)=-2
train/13097.jpg,(7*5)-9=26
train/13098.jpg,(8*4)-5=27
train/13099.jpg,0*1+1=1
train/13100.jpg,(7+2)*1=9
train/13101.jpg,9+8+6=23
train/13102.jpg,(4-2)-6=-4
train/13103.jpg,4+9*7=67
train/13104.jpg,3-(4*8)=-29
train/13105.jpg,(8-4)*4=16
train/13106.jpg,1-7-9=-15
train/13107.jpg,(0+9)-9=0
train/13108.jpg,9*1-7=2
train/13109.jpg,6-(5*6)=-24
train/13110.jpg,4+(8*4)=36
train/13111.jpg,7-(6*1)=1
train/13112.jpg,7+6*8=55
train/13113.jpg,9+(6*7)=51
train/13114.jpg,(5*2)+2=12
train/13115.jpg,1*3+0=3
train/13116.jpg,(2*8)*8=128
train/13117.jpg,4*7*2=56
train/13118.jpg,(8*5)-0=40
train/13119.jpg,(4*8)*8=256
train/13120.jpg,5*0+6=6
train/13121.jpg,(5*9)*1=45
train/13122.jpg,6*(0*1)=0
train/13123.jpg,(6+1)*9=63
train/13124.jpg,(2*7)+1=15
train/13125.jpg,7*6-0=42
train/13126.jpg,(4-8)-8=-12
train/13127.jpg,9*5-6=39
train/13128.jpg,6-(6+4)=-4
train/13129.jpg,9+3*9=36
train/13130.jpg,3+0-7=-4
train/13131.jpg,5*4*4=80
train/13132.jpg,(6+0)-8=-2
train/13133.jpg,6*3+7=25
train/13134.jpg,(1-4)+5=2
train/13135.jpg,1-(2*5)=-9
train/13136.jpg,6+1*8=14
train/13137.jpg,8*9+6=78
train/13138.jpg,(9*4)+2=38
train/13139.jpg,6*2*3=36
train/13140.jpg,3*(3+3)=18
train/13141.jpg,0+3-7=-4
train/13142.jpg,1-(1-7)=7
train/13143.jpg,1+0-7=-6
train/13144.jpg,3+(4*6)=27
train/13145.jpg,9*3-8=19
train/13146.jpg,9+1*8=17
train/13147.jpg,4+9-7=6
train/13148.jpg,(7+4)-0=11
train/13149.jpg,(3-3)+1=1
train/13150.jpg,9-(7*6)=-33
train/13151.jpg,(4*5)-2=18
train/13152.jpg,(7-2)-2=3
train/13153.jpg,(3*0)+8=8
train/13154.jpg,(8*4)+5=37
train/13155.jpg,2-6+5=1
train/13156.jpg,7+(9-9)=7
train/13157.jpg,0-1*6=-6
train/13158.jpg,5*3-4=11
train/13159.jpg,3+8-7=4
train/13160.jpg,3-1-1=1
train/13161.jpg,8*(4+5)=72
train/13162.jpg,2+6+9=17
train/13163.jpg,9+0-1=8
train/13164.jpg,1+2*6=13
train/13165.jpg,(4+0)-7=-3
train/13166.jpg,0+1*5=5
train/13167.jpg,4*7-9=19
train/13168.jpg,(9*2)*0=0
train/13169.jpg,3-8*6=-45
train/13170.jpg,8*(7+3)=80
train/13171.jpg,(6*3)+0=18
train/13172.jpg,(4+5)*1=9
train/13173.jpg,1+5*4=21
train/13174.jpg,9-(3*2)=3
train/13175.jpg,(7+3)+0=10
train/13176.jpg,3*6*6=108
train/13177.jpg,3-8+5=0
train/13178.jpg,6+2+3=11
train/13179.jpg,(0*8)-8=-8
train/13180.jpg,(8+6)+3=17
train/13181.jpg,(9+3)+7=19
train/13182.jpg,(2*0)-5=-5
train/13183.jpg,(7-9)+6=4
train/13184.jpg,2-(6-2)=-2
train/13185.jpg,3-6*7=-39
train/13186.jpg,6*9+6=60
train/13187.jpg,2+1+7=10
train/13188.jpg,(0+1)-0=1
train/13189.jpg,4-5*5=-21
train/13190.jpg,2-4*0=2
train/13191.jpg,(6*3)*6=108
train/13192.jpg,(1-6)*9=-45
train/13193.jpg,6+(0-8)=-2
train/13194.jpg,2*4*5=40
train/13195.jpg,8+3*5=23
train/13196.jpg,8-4*9=-28
train/13197.jpg,4+(7-7)=4
train/13198.jpg,4+(8+0)=12
train/13199.jpg,1*(2+6)=8
train/13200.jpg,(4*6)+4=28
train/13201.jpg,(6*5)+3=33
train/13202.jpg,6-8*9=-66
train/13203.jpg,1*5*3=15
train/13204.jpg,1-2-7=-8
train/13205.jpg,1*5+3=8
train/13206.jpg,1-(8*7)=-55
train/13207.jpg,5-1-9=-5
train/13208.jpg,8-1-1=6
train/13209.jpg,(3+5)*3=24
train/13210.jpg,(1*2)-6=-4
train/13211.jpg,(4-4)-0=0
train/13212.jpg,(5+7)*4=48
train/13213.jpg,(4+8)*4=48
train/13214.jpg,(5+6)-2=9
train/13215.jpg,7-3+6=10
train/13216.jpg,4+5+2=11
train/13217.jpg,1-(4*1)=-3
train/13218.jpg,(4-3)*6=6
train/13219.jpg,6+(2*2)=10
train/13220.jpg,(7*5)-6=29
train/13221.jpg,(7+0)+6=13
train/13222.jpg,3+(1-1)=3
train/13223.jpg,(4*6)+4=28
train/13224.jpg,(0*0)-5=-5
train/13225.jpg,(4-5)-9=-10
train/13226.jpg,8-1+0=7
train/13227.jpg,6-5+2=3
train/13228.jpg,3*9-6=21
train/13229.jpg,(6-9)*3=-9
train/13230.jpg,1+8+4=13
train/13231.jpg,5+3-5=3
train/13232.jpg,3+(3-4)=2
train/13233.jpg,6+7*8=62
train/13234.jpg,0-(5+7)=-12
train/13235.jpg,0*2+8=8
train/13236.jpg,(7-4)-2=1
train/13237.jpg,4+9*1=13
train/13238.jpg,5+(6-0)=11
train/13239.jpg,(8+7)-0=15
train/13240.jpg,0-(1*8)=-8
train/13241.jpg,5*(6+3)=45
train/13242.jpg,(1-1)-8=-8
train/13243.jpg,9+(2-9)=2
train/13244.jpg,(5+2)*2=14
train/13245.jpg,6-0-5=1
train/13246.jpg,8*(5+4)=72
train/13247.jpg,0*(6+7)=0
train/13248.jpg,(3*7)-8=13
train/13249.jpg,3*4-8=4
train/13250.jpg,8-(3*6)=-10
train/13251.jpg,8-8*9=-64
train/13252.jpg,2-5+2=-1
train/13253.jpg,3+(4-6)=1
train/13254.jpg,6*6+0=36
train/13255.jpg,5+5+3=13
train/13256.jpg,5-(6+8)=-9
train/13257.jpg,6+1+0=7
train/13258.jpg,0-(8*0)=0
train/13259.jpg,3-(1+9)=-7
train/13260.jpg,(8*6)*3=144
train/13261.jpg,4*9*2=72
train/13262.jpg,3*(4*1)=12
train/13263.jpg,8-(0-0)=8
train/13264.jpg,(7+8)*9=135
train/13265.jpg,3+(7-6)=4
train/13266.jpg,3+6*5=33
train/13267.jpg,(3*4)*2=24
train/13268.jpg,8-(2*5)=-2
train/13269.jpg,1*2-8=-6
train/13270.jpg,(0-5)*5=-25
train/13271.jpg,(0+4)*9=36
train/13272.jpg,(3+8)+5=16
train/13273.jpg,8-8*8=-56
train/13274.jpg,(6+3)+1=10
train/13275.jpg,6*0*1=0
train/13276.jpg,3-3*5=-12
train/13277.jpg,(4+6)*1=10
train/13278.jpg,8-(3-1)=6
train/13279.jpg,5*4-2=18
train/13280.jpg,4+(9+7)=20
train/13281.jpg,7-(6+9)=-8
train/13282.jpg,7-(7*7)=-42
train/13283.jpg,(7+0)-1=6
train/13284.jpg,(2+6)*8=64
train/13285.jpg,1-(2-0)=-1
train/13286.jpg,(7-7)*3=0
train/13287.jpg,9*(9*5)=405
train/13288.jpg,5-3*4=-7
train/13289.jpg,(2+8)-9=1
train/13290.jpg,9*(7-9)=-18
train/13291.jpg,(5-3)*7=14
train/13292.jpg,(2+5)-9=-2
train/13293.jpg,1-(4*5)=-19
train/13294.jpg,(3+6)*1=9
train/13295.jpg,9*5*3=135
train/13296.jpg,2+5+1=8
train/13297.jpg,(1-7)-1=-7
train/13298.jpg,(5-4)-3=-2
train/13299.jpg,(1-8)+9=2
train/13300.jpg,6*0+4=4
train/13301.jpg,(9*4)+2=38
train/13302.jpg,4*0+8=8
train/13303.jpg,(1*5)-8=-3
train/13304.jpg,5-(6-6)=5
train/13305.jpg,9-8*7=-47
train/13306.jpg,8*8+2=66
train/13307.jpg,0-(2+5)=-7
train/13308.jpg,(7+6)-2=11
train/13309.jpg,8*7*6=336
train/13310.jpg,(2+6)+3=11
train/13311.jpg,(0+2)*9=18
train/13312.jpg,8-(5-8)=11
train/13313.jpg,7*(6*3)=126
train/13314.jpg,6+(0+7)=13
train/13315.jpg,4*(9*9)=324
train/13316.jpg,9-(7-2)=4
train/13317.jpg,5+(4+8)=17
train/13318.jpg,(5+9)+5=19
train/13319.jpg,3+0-0=3
train/13320.jpg,7+9-3=13
train/13321.jpg,7+5*6=37
train/13322.jpg,4*(5+4)=36
train/13323.jpg,2*3*3=18
train/13324.jpg,0-4+6=2
train/13325.jpg,9-7*6=-33
train/13326.jpg,9-3+5=11
train/13327.jpg,(7+4)+1=12
train/13328.jpg,(0-5)+1=-4
train/13329.jpg,(3*2)*1=6
train/13330.jpg,(7*7)-7=42
train/13331.jpg,5+(2+8)=15
train/13332.jpg,4+(6*3)=22
train/13333.jpg,(9*0)+4=4
train/13334.jpg,4+(7*1)=11
train/13335.jpg,1*(6+2)=8
train/13336.jpg,7+1+5=13
train/13337.jpg,7-(1-6)=12
train/13338.jpg,(6-7)-5=-6
train/13339.jpg,2+(0*6)=2
train/13340.jpg,3+(2*5)=13
train/13341.jpg,(2*1)+7=9
train/13342.jpg,9*3-2=25
train/13343.jpg,4+(5*8)=44
train/13344.jpg,8*5-4=36
train/13345.jpg,(9+8)+7=24
train/13346.jpg,6*2-2=10
train/13347.jpg,9-(6+1)=2
train/13348.jpg,(5-3)+0=2
train/13349.jpg,0+(2+8)=10
train/13350.jpg,(6-0)+6=12
train/13351.jpg,7*(5+8)=91
train/13352.jpg,5*1+7=12
train/13353.jpg,(1-5)-5=-9
train/13354.jpg,(4+4)+1=9
train/13355.jpg,2-(4-6)=4
train/13356.jpg,1-4+0=-3
train/13357.jpg,(1*3)-6=-3
train/13358.jpg,(6-0)*9=54
train/13359.jpg,(4+6)+3=13
train/13360.jpg,1*(7-6)=1
train/13361.jpg,4+(3+5)=12
train/13362.jpg,6+(9*5)=51
train/13363.jpg,(6*1)+8=14
train/13364.jpg,7+3-5=5
train/13365.jpg,(6+2)-9=-1
train/13366.jpg,3*(5+2)=21
train/13367.jpg,4-(1+5)=-2
train/13368.jpg,9*2*9=162
train/13369.jpg,(8+1)*6=54
train/13370.jpg,9-(1+7)=1
train/13371.jpg,3*8*6=144
train/13372.jpg,1*6-9=-3
train/13373.jpg,9+(0*8)=9
train/13374.jpg,0+5*1=5
train/13375.jpg,(7*3)+0=21
train/13376.jpg,6*5-8=22
train/13377.jpg,3+(5-5)=3
train/13378.jpg,8*1-8=0
train/13379.jpg,(1-4)-4=-7
train/13380.jpg,(4-0)*2=8
train/13381.jpg,(8-9)*1=-1
train/13382.jpg,(5-5)-7=-7
train/13383.jpg,(7*7)*9=441
train/13384.jpg,3-(9*4)=-33
train/13385.jpg,(0*5)-8=-8
train/13386.jpg,9*0*9=0
train/13387.jpg,5*(7-5)=10
train/13388.jpg,(2-1)+7=8
train/13389.jpg,0-6*3=-18
train/13390.jpg,7-2*7=-7
train/13391.jpg,8+7+8=23
train/13392.jpg,(0*9)-2=-2
train/13393.jpg,9+0+0=9
train/13394.jpg,(4*8)-0=32
train/13395.jpg,(8+4)+0=12
train/13396.jpg,5*(5-5)=0
train/13397.jpg,4+5+2=11
train/13398.jpg,(6+7)+8=21
train/13399.jpg,(7+8)*3=45
train/13400.jpg,0+8*1=8
train/13401.jpg,2+2*3=8
train/13402.jpg,4-(3*0)=4
train/13403.jpg,(7+2)+9=18
train/13404.jpg,7+(8+2)=17
train/13405.jpg,9*5-4=41
train/13406.jpg,2*6-3=9
train/13407.jpg,2+(3+9)=14
train/13408.jpg,(8+5)-2=11
train/13409.jpg,4*(2-3)=-4
train/13410.jpg,0-7+7=0
train/13411.jpg,(3*1)*1=3
train/13412.jpg,(5+6)*7=77
train/13413.jpg,2*(2-5)=-6
train/13414.jpg,(6-1)-1=4
train/13415.jpg,5*(2+0)=10
train/13416.jpg,(6-2)-7=-3
train/13417.jpg,1-(7-6)=0
train/13418.jpg,3*8-8=16
train/13419.jpg,(0+3)-9=-6
train/13420.jpg,7-3-1=3
train/13421.jpg,5+(0-5)=0
train/13422.jpg,(4*3)*1=12
train/13423.jpg,(1-2)-8=-9
train/13424.jpg,(8-6)+9=11
train/13425.jpg,5-(5*0)=5
train/13426.jpg,5*(1*4)=20
train/13427.jpg,4-1+3=6
train/13428.jpg,(8+8)*9=144
train/13429.jpg,0*0-8=-8
train/13430.jpg,(6-5)+1=2
train/13431.jpg,0+(4*9)=36
train/13432.jpg,(6+8)*6=84
train/13433.jpg,7+7+3=17
train/13434.jpg,(5-4)*3=3
train/13435.jpg,(4+1)*4=20
train/13436.jpg,(6-5)+1=2
train/13437.jpg,8+4-9=3
train/13438.jpg,7*9*8=504
train/13439.jpg,7+8*8=71
train/13440.jpg,0-(6+1)=-7
train/13441.jpg,(7+5)*2=24
train/13442.jpg,2*1-2=0
train/13443.jpg,(8+3)-5=6
train/13444.jpg,7*3*8=168
train/13445.jpg,(1*9)*1=9
train/13446.jpg,1*9-8=1
train/13447.jpg,1-(9-2)=-6
train/13448.jpg,5-(3+4)=-2
train/13449.jpg,8*(7-2)=40
train/13450.jpg,(6*6)+6=42
train/13451.jpg,(6-6)+9=9
train/13452.jpg,5*(7*8)=280
train/13453.jpg,(1*3)+5=8
train/13454.jpg,4-8-9=-13
train/13455.jpg,(2+4)-1=5
train/13456.jpg,1+2*9=19
train/13457.jpg,(3-3)*2=0
train/13458.jpg,9-6-1=2
train/13459.jpg,(6-8)-5=-7
train/13460.jpg,0+9*3=27
train/13461.jpg,(3*6)*1=18
train/13462.jpg,9*5-8=37
train/13463.jpg,3+(5*8)=43
train/13464.jpg,(6-8)+6=4
train/13465.jpg,(3*8)-4=20
train/13466.jpg,9+(5*8)=49
train/13467.jpg,(4*4)-0=16
train/13468.jpg,(1-5)+7=3
train/13469.jpg,7-(1*2)=5
train/13470.jpg,2-2-5=-5
train/13471.jpg,3*(8*2)=48
train/13472.jpg,5*3+0=15
train/13473.jpg,(5*6)*3=90
train/13474.jpg,1-4-3=-6
train/13475.jpg,(5*4)+8=28
train/13476.jpg,2*3+2=8
train/13477.jpg,3+(0-4)=-1
train/13478.jpg,2+1-8=-5
train/13479.jpg,(9*7)-7=56
train/13480.jpg,(3*7)+4=25
train/13481.jpg,5*1-4=1
train/13482.jpg,(3*3)-8=1
train/13483.jpg,(2-0)*3=6
train/13484.jpg,2*0+4=4
train/13485.jpg,(5*5)-7=18
train/13486.jpg,4-(5-0)=-1
train/13487.jpg,0-8-5=-13
train/13488.jpg,8+(5-4)=9
train/13489.jpg,(8*1)-6=2
train/13490.jpg,8*1-2=6
train/13491.jpg,0*(4-4)=0
train/13492.jpg,3-2-9=-8
train/13493.jpg,(0-7)*2=-14
train/13494.jpg,6-0+1=7
train/13495.jpg,(8+5)+4=17
train/13496.jpg,8+(9*3)=35
train/13497.jpg,(5*9)+5=50
train/13498.jpg,(3+2)*8=40
train/13499.jpg,(4-9)*5=-25
train/13500.jpg,6*(5*0)=0
train/13501.jpg,5*(3*8)=120
train/13502.jpg,(5*7)-9=26
train/13503.jpg,8-(3+6)=-1
train/13504.jpg,6+7+5=18
train/13505.jpg,9-(9+9)=-9
train/13506.jpg,2+2+9=13
train/13507.jpg,0*3-4=-4
train/13508.jpg,7-1-2=4
train/13509.jpg,8*0*9=0
train/13510.jpg,7-1*6=1
train/13511.jpg,5-(2-7)=10
train/13512.jpg,(8-7)-9=-8
train/13513.jpg,(0+2)*8=16
train/13514.jpg,0*2-0=0
train/13515.jpg,(3-7)+1=-3
train/13516.jpg,1+1*6=7
train/13517.jpg,2+4+4=10
train/13518.jpg,7-5-4=-2
train/13519.jpg,(6+9)-8=7
train/13520.jpg,0-2+3=1
train/13521.jpg,6+(1+7)=14
train/13522.jpg,1*(2-0)=2
train/13523.jpg,0+(4-6)=-2
train/13524.jpg,8-7-0=1
train/13525.jpg,(2-4)-5=-7
train/13526.jpg,6*(6*7)=252
train/13527.jpg,(9-2)*1=7
train/13528.jpg,(4-1)-3=0
train/13529.jpg,4+(9*0)=4
train/13530.jpg,0*7-4=-4
train/13531.jpg,0-(2-7)=5
train/13532.jpg,0-5-1=-6
train/13533.jpg,(8*6)+6=54
train/13534.jpg,9+(2+6)=17
train/13535.jpg,0+9*2=18
train/13536.jpg,(3-5)+9=7
train/13537.jpg,4*2-0=8
train/13538.jpg,3+6-5=4
train/13539.jpg,1*(2*8)=16
train/13540.jpg,1+(9*9)=82
train/13541.jpg,0+0-9=-9
train/13542.jpg,0*8*4=0
train/13543.jpg,9+(7*5)=44
train/13544.jpg,9*6-3=51
train/13545.jpg,3*9*8=216
train/13546.jpg,(3*6)-7=11
train/13547.jpg,7*9-5=58
train/13548.jpg,8+(3+9)=20
train/13549.jpg,(9*4)+5=41
train/13550.jpg,3*3-7=2
train/13551.jpg,(1-7)*6=-36
train/13552.jpg,4*(9*1)=36
train/13553.jpg,4*5-1=19
train/13554.jpg,(6+5)-0=11
train/13555.jpg,1-(8-6)=-1
train/13556.jpg,(5-9)+7=3
train/13557.jpg,(8+6)+6=20
train/13558.jpg,9+(2*8)=25
train/13559.jpg,(7*2)+0=14
train/13560.jpg,(5+1)*8=48
train/13561.jpg,(2-0)+8=10
train/13562.jpg,(5-6)*4=-4
train/13563.jpg,7-(7-0)=0
train/13564.jpg,6-(5-7)=8
train/13565.jpg,8+3+6=17
train/13566.jpg,5-8+9=6
train/13567.jpg,3+(9+4)=16
train/13568.jpg,3-0*6=3
train/13569.jpg,7-6-5=-4
train/13570.jpg,(9*3)*1=27
train/13571.jpg,7*(8-5)=21
train/13572.jpg,(1*9)+4=13
train/13573.jpg,1-4-8=-11
train/13574.jpg,(0*7)+9=9
train/13575.jpg,0-8+9=1
train/13576.jpg,5-(8*7)=-51
train/13577.jpg,6-(2+5)=-1
train/13578.jpg,(1-7)*9=-54
train/13579.jpg,(7-9)*9=-18
train/13580.jpg,(6-7)+2=1
train/13581.jpg,9*(9+4)=117
train/13582.jpg,(3-0)*7=21
train/13583.jpg,5+7*1=12
train/13584.jpg,3-4-2=-3
train/13585.jpg,9-4*5=-11
train/13586.jpg,9-(2*9)=-9
train/13587.jpg,1*3+9=12
train/13588.jpg,5*(4*6)=120
train/13589.jpg,1+(0*5)=1
train/13590.jpg,5-7-5=-7
train/13591.jpg,(6-3)-1=2
train/13592.jpg,6-3-7=-4
train/13593.jpg,1+2+5=8
train/13594.jpg,(1-3)-4=-6
train/13595.jpg,7-9*9=-74
train/13596.jpg,(9+4)+2=15
train/13597.jpg,8-8+6=6
train/13598.jpg,4*(4-9)=-20
train/13599.jpg,8+9+8=25
train/13600.jpg,2*9*5=90
train/13601.jpg,(4*7)+7=35
train/13602.jpg,4*(9+7)=64
train/13603.jpg,5+(9+2)=16
train/13604.jpg,(6-5)*4=4
train/13605.jpg,7*(1-3)=-14
train/13606.jpg,6+7*0=6
train/13607.jpg,(3-6)+3=0
train/13608.jpg,4+(3+1)=8
train/13609.jpg,4*(1+3)=16
train/13610.jpg,9-(8*7)=-47
train/13611.jpg,(4*0)+0=0
train/13612.jpg,6-(8+5)=-7
train/13613.jpg,8+0-8=0
train/13614.jpg,(2+9)-5=6
train/13615.jpg,2+1-8=-5
train/13616.jpg,2+(8-2)=8
train/13617.jpg,(1+4)-2=3
train/13618.jpg,6-(7-9)=8
train/13619.jpg,4-4-8=-8
train/13620.jpg,1-8*9=-71
train/13621.jpg,1*(5-2)=3
train/13622.jpg,8-(6+2)=0
train/13623.jpg,7*4+0=28
train/13624.jpg,5+(9-0)=14
train/13625.jpg,6+4*0=6
train/13626.jpg,(1*0)*6=0
train/13627.jpg,(1*8)*8=64
train/13628.jpg,9*3+0=27
train/13629.jpg,5+8-8=5
train/13630.jpg,6*(6+1)=42
train/13631.jpg,3+5*5=28
train/13632.jpg,6+3*3=15
train/13633.jpg,(7-8)*3=-3
train/13634.jpg,3-(3-2)=2
train/13635.jpg,3*(7*4)=84
train/13636.jpg,8+1-0=9
train/13637.jpg,3*8-0=24
train/13638.jpg,7-(4+6)=-3
train/13639.jpg,4+7-4=7
train/13640.jpg,3*9-8=19
train/13641.jpg,2-(2+6)=-6
train/13642.jpg,3-(5*2)=-7
train/13643.jpg,(7-9)-2=-4
train/13644.jpg,(9-9)*4=0
train/13645.jpg,(9-1)*0=0
train/13646.jpg,3*3+4=13
train/13647.jpg,(1*9)*6=54
train/13648.jpg,1*(6+1)=7
train/13649.jpg,8+2-0=10
train/13650.jpg,2*(0-4)=-8
train/13651.jpg,0-(4-3)=-1
train/13652.jpg,4*(6*1)=24
train/13653.jpg,2-(3+7)=-8
train/13654.jpg,9+6-9=6
train/13655.jpg,9-(0*0)=9
train/13656.jpg,4+(8-1)=11
train/13657.jpg,4+(8-0)=12
train/13658.jpg,2-(9+5)=-12
train/13659.jpg,5+(0+5)=10
train/13660.jpg,(7-0)-7=0
train/13661.jpg,(3*5)+3=18
train/13662.jpg,2*(1-2)=-2
train/13663.jpg,6+(1*9)=15
train/13664.jpg,8+0-1=7
train/13665.jpg,(8-7)*0=0
train/13666.jpg,(1-4)-1=-4
train/13667.jpg,4*(8-7)=4
train/13668.jpg,(4-3)-2=-1
train/13669.jpg,4-9-4=-9
train/13670.jpg,8+7+8=23
train/13671.jpg,8+(7-0)=15
train/13672.jpg,5+3-6=2
train/13673.jpg,5-5-8=-8
train/13674.jpg,3+7-0=10
train/13675.jpg,3*4+2=14
train/13676.jpg,4-4-4=-4
train/13677.jpg,0-9*7=-63
train/13678.jpg,4+(0+3)=7
train/13679.jpg,5+(7+1)=13
train/13680.jpg,3-(3+8)=-8
train/13681.jpg,(4*5)*1=20
train/13682.jpg,(0+3)-9=-6
train/13683.jpg,0*4+3=3
train/13684.jpg,5+(1+6)=12
train/13685.jpg,4+0-4=0
train/13686.jpg,3-5*4=-17
train/13687.jpg,7-2-7=-2
train/13688.jpg,(6+7)+3=16
train/13689.jpg,8*4+6=38
train/13690.jpg,9-7-1=1
train/13691.jpg,7*0+5=5
train/13692.jpg,0+3+1=4
train/13693.jpg,(0*6)-3=-3
train/13694.jpg,(0+0)-3=-3
train/13695.jpg,2*(6*0)=0
train/13696.jpg,4+(4+8)=16
train/13697.jpg,4*(5+0)=20
train/13698.jpg,3-(9-5)=-1
train/13699.jpg,1+(5-6)=0
train/13700.jpg,0*(7+1)=0
train/13701.jpg,8+(2+2)=12
train/13702.jpg,4*(1+6)=28
train/13703.jpg,(3*1)+9=12
train/13704.jpg,8+0+0=8
train/13705.jpg,7*(6+1)=49
train/13706.jpg,6+(9*2)=24
train/13707.jpg,5-(8-6)=3
train/13708.jpg,6+(7*6)=48
train/13709.jpg,6*2*4=48
train/13710.jpg,3+(9+9)=21
train/13711.jpg,3-(2*4)=-5
train/13712.jpg,0+(4-6)=-2
train/13713.jpg,(7-3)*5=20
train/13714.jpg,(2*3)*6=36
train/13715.jpg,0-6*2=-12
train/13716.jpg,7-6*2=-5
train/13717.jpg,3*(4+6)=30
train/13718.jpg,8-(9*6)=-46
train/13719.jpg,6-2*7=-8
train/13720.jpg,(5-7)-4=-6
train/13721.jpg,(2-0)*1=2
train/13722.jpg,(9*4)*5=180
train/13723.jpg,5+6-3=8
train/13724.jpg,7-0-2=5
train/13725.jpg,(2+3)+2=7
train/13726.jpg,(7+2)+6=15
train/13727.jpg,(7-2)*9=45
train/13728.jpg,1-8-3=-10
train/13729.jpg,(9-1)+3=11
train/13730.jpg,1-(1*4)=-3
train/13731.jpg,7*(6-1)=35
train/13732.jpg,(2-9)*0=0
train/13733.jpg,(0+6)-6=0
train/13734.jpg,(1*1)-5=-4
train/13735.jpg,7-3*0=7
train/13736.jpg,1*(9-6)=3
train/13737.jpg,0-(6+7)=-13
train/13738.jpg,8+(6-5)=9
train/13739.jpg,6*2-8=4
train/13740.jpg,3-(2-9)=10
train/13741.jpg,5*(3+2)=25
train/13742.jpg,(9+5)+2=16
train/13743.jpg,(7*8)*0=0
train/13744.jpg,0+0*3=0
train/13745.jpg,(6+7)*0=0
train/13746.jpg,5*(5-1)=20
train/13747.jpg,6*8*1=48
train/13748.jpg,(6-5)+8=9
train/13749.jpg,0-(9+6)=-15
train/13750.jpg,3+(5*8)=43
train/13751.jpg,5+(5*7)=40
train/13752.jpg,7-(4*2)=-1
train/13753.jpg,(9*1)*0=0
train/13754.jpg,3-3*4=-9
train/13755.jpg,8-3*3=-1
train/13756.jpg,(7*0)-2=-2
train/13757.jpg,0-(6*7)=-42
train/13758.jpg,2*1+0=2
train/13759.jpg,(2*0)*2=0
train/13760.jpg,5-3*5=-10
train/13761.jpg,5+0+0=5
train/13762.jpg,(5*6)-7=23
train/13763.jpg,(1-5)+9=5
train/13764.jpg,1*(0+1)=1
train/13765.jpg,(0*2)*4=0
train/13766.jpg,2*(4*1)=8
train/13767.jpg,3+7*5=38
train/13768.jpg,2-(1-2)=3
train/13769.jpg,2-8*3=-22
train/13770.jpg,(7+0)*1=7
train/13771.jpg,8-8*7=-48
train/13772.jpg,2*(2+5)=14
train/13773.jpg,8*9+0=72
train/13774.jpg,7*(7*9)=441
train/13775.jpg,8+9-5=12
train/13776.jpg,1*9+0=9
train/13777.jpg,8+0+3=11
train/13778.jpg,1+0+2=3
train/13779.jpg,3*7-3=18
train/13780.jpg,5*(4-7)=-15
train/13781.jpg,6*(8+7)=90
train/13782.jpg,6-5+7=8
train/13783.jpg,8-8+8=8
train/13784.jpg,4-2*9=-14
train/13785.jpg,1*9*3=27
train/13786.jpg,5-(9*0)=5
train/13787.jpg,(1+4)+4=9
train/13788.jpg,(9+9)*1=18
train/13789.jpg,1*3+3=6
train/13790.jpg,0*1*8=0
train/13791.jpg,(9-2)+8=15
train/13792.jpg,6*(1+7)=48
train/13793.jpg,(9*3)+7=34
train/13794.jpg,(4+0)*2=8
train/13795.jpg,(8-4)-5=-1
train/13796.jpg,0+3*3=9
train/13797.jpg,(0+8)+7=15
train/13798.jpg,(6-1)*3=15
train/13799.jpg,5*(0-8)=-40
train/13800.jpg,5-(4-0)=1
train/13801.jpg,(1*9)-9=0
train/13802.jpg,3*(0+4)=12
train/13803.jpg,0+(1*2)=2
train/13804.jpg,(7+4)*5=55
train/13805.jpg,4+(5-5)=4
train/13806.jpg,4*(6-9)=-12
train/13807.jpg,(4-6)+1=-1
train/13808.jpg,(9*5)-0=45
train/13809.jpg,(9+4)*5=65
train/13810.jpg,(3*3)+6=15
train/13811.jpg,(8-2)+9=15
train/13812.jpg,5+9+1=15
train/13813.jpg,(5*8)-0=40
train/13814.jpg,9-0+5=14
train/13815.jpg,(6+3)*8=72
train/13816.jpg,5*9+0=45
train/13817.jpg,(9+3)*3=36
train/13818.jpg,4-4-1=-1
train/13819.jpg,(6-0)+4=10
train/13820.jpg,3-7+5=1
train/13821.jpg,(5*0)+3=3
train/13822.jpg,2-1-9=-8
train/13823.jpg,(5-7)+8=6
train/13824.jpg,0+(8-2)=6
train/13825.jpg,(6-1)-6=-1
train/13826.jpg,5*7+4=39
train/13827.jpg,3-4*8=-29
train/13828.jpg,2+0+7=9
train/13829.jpg,3+(3*9)=30
train/13830.jpg,9-5*1=4
train/13831.jpg,7-(8+2)=-3
train/13832.jpg,7-(4-4)=7
train/13833.jpg,9+(5+9)=23
train/13834.jpg,5+(4-5)=4
train/13835.jpg,(7*5)*3=105
train/13836.jpg,(8+0)*4=32
train/13837.jpg,4*(7-2)=20
train/13838.jpg,5+(4*1)=9
train/13839.jpg,(5-6)+9=8
train/13840.jpg,4*(6-5)=4
train/13841.jpg,2*4-6=2
train/13842.jpg,9+(5*7)=44
train/13843.jpg,(5*3)+8=23
train/13844.jpg,6*(6-2)=24
train/13845.jpg,9+0*5=9
train/13846.jpg,(4*4)-6=10
train/13847.jpg,7+6-3=10
train/13848.jpg,(5+9)+6=20
train/13849.jpg,0*3-8=-8
train/13850.jpg,7+6+7=20
train/13851.jpg,5*(8*4)=160
train/13852.jpg,(3*8)*7=168
train/13853.jpg,(7+2)-3=6
train/13854.jpg,8-(3+0)=5
train/13855.jpg,7+(7+1)=15
train/13856.jpg,6+(3+1)=10
train/13857.jpg,7+6+9=22
train/13858.jpg,2*(1*2)=4
train/13859.jpg,(6*2)*3=36
train/13860.jpg,(1*3)+7=10
train/13861.jpg,1*(7-6)=1
train/13862.jpg,8-(8*9)=-64
train/13863.jpg,5*5*8=200
train/13864.jpg,8+1*5=13
train/13865.jpg,1*1+5=6
train/13866.jpg,6-3*3=-3
train/13867.jpg,4-9*7=-59
train/13868.jpg,1*(5+6)=11
train/13869.jpg,7-(8+8)=-9
train/13870.jpg,7-(4-6)=9
train/13871.jpg,5*(6*3)=90
train/13872.jpg,9-(1+4)=4
train/13873.jpg,(6-2)-9=-5
train/13874.jpg,(6+7)+9=22
train/13875.jpg,(0*6)-0=0
train/13876.jpg,3+(6+1)=10
train/13877.jpg,5-(9*8)=-67
train/13878.jpg,(6*2)-2=10
train/13879.jpg,6*4+5=29
train/13880.jpg,(9*2)*4=72
train/13881.jpg,(4+1)+0=5
train/13882.jpg,1*(0*7)=0
train/13883.jpg,6-(7-9)=8
train/13884.jpg,1*2+8=10
train/13885.jpg,(2*7)-2=12
train/13886.jpg,6-2*0=6
train/13887.jpg,8-(5*3)=-7
train/13888.jpg,3-4+0=-1
train/13889.jpg,9+(4+5)=18
train/13890.jpg,9*(6-9)=-27
train/13891.jpg,(5*1)*7=35
train/13892.jpg,4-(9-7)=2
train/13893.jpg,(3-5)-8=-10
train/13894.jpg,6+1-6=1
train/13895.jpg,3+7+5=15
train/13896.jpg,(7-8)-9=-10
train/13897.jpg,9+1*5=14
train/13898.jpg,6*(0+2)=12
train/13899.jpg,0*2-7=-7
train/13900.jpg,1+7+8=16
train/13901.jpg,0+(1+7)=8
train/13902.jpg,(4*5)*3=60
train/13903.jpg,4+0-3=1
train/13904.jpg,1-8+1=-6
train/13905.jpg,(4+8)*7=84
train/13906.jpg,2-(1*2)=0
train/13907.jpg,4*6-4=20
train/13908.jpg,(5*1)*8=40
train/13909.jpg,(8-7)+1=2
train/13910.jpg,3-(1-7)=9
train/13911.jpg,3+(1+2)=6
train/13912.jpg,(7-0)*7=49
train/13913.jpg,2-3-4=-5
train/13914.jpg,9-(8+5)=-4
train/13915.jpg,5-9-9=-13
train/13916.jpg,(1+0)-4=-3
train/13917.jpg,5+0*8=5
train/13918.jpg,1+9*7=64
train/13919.jpg,9*(1+8)=81
train/13920.jpg,(7*6)+1=43
train/13921.jpg,2*8+5=21
train/13922.jpg,2*5*8=80
train/13923.jpg,(2*4)-3=5
train/13924.jpg,9+2+2=13
train/13925.jpg,5-7*7=-44
train/13926.jpg,8-(7*4)=-20
train/13927.jpg,8+(4-9)=3
train/13928.jpg,8*(9*8)=576
train/13929.jpg,9-(9-4)=4
train/13930.jpg,4-(2+1)=1
train/13931.jpg,(5*3)-0=15
train/13932.jpg,5-8-1=-4
train/13933.jpg,3*2+3=9
train/13934.jpg,(7-1)-4=2
train/13935.jpg,9*0+7=7
train/13936.jpg,(3+5)-2=6
train/13937.jpg,(3*7)*9=189
train/13938.jpg,(7+0)+1=8
train/13939.jpg,7+(0-1)=6
train/13940.jpg,(5+8)*0=0
train/13941.jpg,1*(3+9)=12
train/13942.jpg,4+(3+8)=15
train/13943.jpg,1+9+4=14
train/13944.jpg,(0+2)*0=0
train/13945.jpg,8*1*1=8
train/13946.jpg,(8+5)*1=13
train/13947.jpg,(3-4)*8=-8
train/13948.jpg,(4-7)-6=-9
train/13949.jpg,3*1+9=12
train/13950.jpg,(6-8)-7=-9
train/13951.jpg,0*5*2=0
train/13952.jpg,1-1-9=-9
train/13953.jpg,3-4*0=3
train/13954.jpg,3-9-5=-11
train/13955.jpg,3-0*3=3
train/13956.jpg,8-(4-8)=12
train/13957.jpg,0*7+5=5
train/13958.jpg,2+(0*9)=2
train/13959.jpg,7*7-7=42
train/13960.jpg,5+2-6=1
train/13961.jpg,2*(8+0)=16
train/13962.jpg,(1+4)-8=-3
train/13963.jpg,(0*6)*6=0
train/13964.jpg,7*6+9=51
train/13965.jpg,7*2-9=5
train/13966.jpg,(0-4)+9=5
train/13967.jpg,(3*1)+2=5
train/13968.jpg,3-4*1=-1
train/13969.jpg,9-3-7=-1
train/13970.jpg,(9*3)-8=19
train/13971.jpg,1+6+3=10
train/13972.jpg,2*5+7=17
train/13973.jpg,4+(8-9)=3
train/13974.jpg,8+(6-9)=5
train/13975.jpg,3+1-7=-3
train/13976.jpg,8*4-2=30
train/13977.jpg,5*(5-7)=-10
train/13978.jpg,5*(2*2)=20
train/13979.jpg,(6+8)*9=126
train/13980.jpg,6*8*2=96
train/13981.jpg,(8+5)-7=6
train/13982.jpg,8+(3-3)=8
train/13983.jpg,8*1*2=16
train/13984.jpg,0*9+4=4
train/13985.jpg,(7*3)+5=26
train/13986.jpg,1+(7-3)=5
train/13987.jpg,6*0-1=-1
train/13988.jpg,7+(6-6)=7
train/13989.jpg,8-(4-1)=5
train/13990.jpg,(9+0)-4=5
train/13991.jpg,9*(6-0)=54
train/13992.jpg,(9-5)*8=32
train/13993.jpg,6*(4+3)=42
train/13994.jpg,9-5+2=6
train/13995.jpg,(0-2)-8=-10
train/13996.jpg,9-7+7=9
train/13997.jpg,(3*2)+0=6
train/13998.jpg,(3-3)*0=0
train/13999.jpg,(6*4)*9=216
train/14000.jpg,(4*4)-5=11
train/14001.jpg,2+4-1=5
train/14002.jpg,(6*5)+5=35
train/14003.jpg,3-2-7=-6
train/14004.jpg,(8*0)-9=-9
train/14005.jpg,(4-0)-2=2
train/14006.jpg,(7+6)*9=117
train/14007.jpg,0+(0+4)=4
train/14008.jpg,9+9+8=26
train/14009.jpg,(9-6)-3=0
train/14010.jpg,8*2*7=112
train/14011.jpg,(1+8)*5=45
train/14012.jpg,(6-5)*0=0
train/14013.jpg,8*1*4=32
train/14014.jpg,(8-4)*6=24
train/14015.jpg,(5+2)+2=9
train/14016.jpg,1-9+4=-4
train/14017.jpg,2+8-6=4
train/14018.jpg,7*8+3=59
train/14019.jpg,(7*1)-3=4
train/14020.jpg,4*(3+3)=24
train/14021.jpg,(5-0)+1=6
train/14022.jpg,1-(8+1)=-8
train/14023.jpg,0+(1-3)=-2
train/14024.jpg,(6+3)-7=2
train/14025.jpg,9+(5*1)=14
train/14026.jpg,9*(1-0)=9
train/14027.jpg,9-7-9=-7
train/14028.jpg,0-(5+0)=-5
train/14029.jpg,6*5*0=0
train/14030.jpg,9*(0+5)=45
train/14031.jpg,(2*1)*3=6
train/14032.jpg,6*5*0=0
train/14033.jpg,(2-5)+0=-3
train/14034.jpg,3-(1*1)=2
train/14035.jpg,8*(3*1)=24
train/14036.jpg,(4+8)+8=20
train/14037.jpg,(4+1)*3=15
train/14038.jpg,(0+7)*0=0
train/14039.jpg,(8+2)-7=3
train/14040.jpg,1+0-0=1
train/14041.jpg,8-(2-2)=8
train/14042.jpg,8-1-6=1
train/14043.jpg,(0+0)+1=1
train/14044.jpg,0-7-7=-14
train/14045.jpg,4+(5+7)=16
train/14046.jpg,0-(0+5)=-5
train/14047.jpg,(6-5)-5=-4
train/14048.jpg,(7-7)-4=-4
train/14049.jpg,(2-3)*8=-8
train/14050.jpg,(8*1)*3=24
train/14051.jpg,1-1-0=0
train/14052.jpg,(7-0)+9=16
train/14053.jpg,0*(7*9)=0
train/14054.jpg,0*(5*3)=0
train/14055.jpg,(5+6)-8=3
train/14056.jpg,0*7*4=0
train/14057.jpg,1*(9+5)=14
train/14058.jpg,0-8-4=-12
train/14059.jpg,5-8+5=2
train/14060.jpg,7-5-8=-6
train/14061.jpg,4*2-8=0
train/14062.jpg,4-5-8=-9
train/14063.jpg,(7+5)*2=24
train/14064.jpg,(1+4)*5=25
train/14065.jpg,(8+1)*6=54
train/14066.jpg,7-1*5=2
train/14067.jpg,4-8+1=-3
train/14068.jpg,8*(7+2)=72
train/14069.jpg,4+4-4=4
train/14070.jpg,7*(5+0)=35
train/14071.jpg,0-0*1=0
train/14072.jpg,6+2*5=16
train/14073.jpg,5*(4*5)=100
train/14074.jpg,3+4-9=-2
train/14075.jpg,(9-7)*1=2
train/14076.jpg,8-5+5=8
train/14077.jpg,7*9+0=63
train/14078.jpg,(5-8)-9=-12
train/14079.jpg,6-(7*4)=-22
train/14080.jpg,3-2-4=-3
train/14081.jpg,(7*4)*7=196
train/14082.jpg,0-(8+9)=-17
train/14083.jpg,3-0*1=3
train/14084.jpg,(0*9)+4=4
train/14085.jpg,(3+9)-6=6
train/14086.jpg,9-(9-5)=5
train/14087.jpg,(4*1)-2=2
train/14088.jpg,(3-5)*3=-6
train/14089.jpg,2*7-0=14
train/14090.jpg,(8-1)*3=21
train/14091.jpg,6+2*5=16
train/14092.jpg,0*2-1=-1
train/14093.jpg,0+(1+1)=2
train/14094.jpg,0-8+3=-5
train/14095.jpg,7-9*6=-47
train/14096.jpg,0-(5+6)=-11
train/14097.jpg,(6*6)+2=38
train/14098.jpg,4-5-0=-1
train/14099.jpg,(0*6)+8=8
train/14100.jpg,(4-7)-3=-6
train/14101.jpg,3-6-5=-8
train/14102.jpg,6-2-9=-5
train/14103.jpg,5-(6+0)=-1
train/14104.jpg,7-2+4=9
train/14105.jpg,(2-5)+3=0
train/14106.jpg,1*1+3=4
train/14107.jpg,3*(0+8)=24
train/14108.jpg,2-0*4=2
train/14109.jpg,9+9+5=23
train/14110.jpg,3*(5*9)=135
train/14111.jpg,2-(8-2)=-4
train/14112.jpg,6-3-0=3
train/14113.jpg,4-8-6=-10
train/14114.jpg,0*5*7=0
train/14115.jpg,9-(3*7)=-12
train/14116.jpg,7+4-2=9
train/14117.jpg,0-(4-4)=0
train/14118.jpg,8+7+6=21
train/14119.jpg,7*6*5=210
train/14120.jpg,7*9*8=504
train/14121.jpg,4*5-9=11
train/14122.jpg,3+3*7=24
train/14123.jpg,8-2*4=0
train/14124.jpg,5+(2*1)=7
train/14125.jpg,6*(7*5)=210
train/14126.jpg,0*9+9=9
train/14127.jpg,9*(2-9)=-63
train/14128.jpg,(3-4)+3=2
train/14129.jpg,(2-8)*6=-36
train/14130.jpg,8*(9+3)=96
train/14131.jpg,(5+8)-6=7
train/14132.jpg,8*(8+1)=72
train/14133.jpg,3-3*5=-12
train/14134.jpg,1-(9*9)=-80
train/14135.jpg,2+6-7=1
train/14136.jpg,(9-9)*0=0
train/14137.jpg,0*(2*8)=0
train/14138.jpg,0-7*8=-56
train/14139.jpg,9+(1*2)=11
train/14140.jpg,6+9-8=7
train/14141.jpg,3-(6+4)=-7
train/14142.jpg,6-1*7=-1
train/14143.jpg,9+(8*4)=41
train/14144.jpg,(3*1)-8=-5
train/14145.jpg,1-(0-5)=6
train/14146.jpg,7*(3+5)=56
train/14147.jpg,0-8*4=-32
train/14148.jpg,2*(2+5)=14
train/14149.jpg,3-(1*1)=2
train/14150.jpg,9+(0-1)=8
train/14151.jpg,4-3*8=-20
train/14152.jpg,7*(6*4)=168
train/14153.jpg,(9+8)*9=153
train/14154.jpg,(9*8)+4=76
train/14155.jpg,(3+8)+7=18
train/14156.jpg,2*7+8=22
train/14157.jpg,0*6-1=-1
train/14158.jpg,(2-6)-6=-10
train/14159.jpg,3-6*1=-3
train/14160.jpg,(3*0)+8=8
train/14161.jpg,5-6-3=-4
train/14162.jpg,5*(6-3)=15
train/14163.jpg,3+3+0=6
train/14164.jpg,8+(0-6)=2
train/14165.jpg,9+8+7=24
train/14166.jpg,(9-5)-7=-3
train/14167.jpg,5+2+0=7
train/14168.jpg,1*6-7=-1
train/14169.jpg,6*1+6=12
train/14170.jpg,2+(5*1)=7
train/14171.jpg,8*(0-3)=-24
train/14172.jpg,1*9+5=14
train/14173.jpg,(3-2)*5=5
train/14174.jpg,(4-3)-5=-4
train/14175.jpg,1*(0*3)=0
train/14176.jpg,0-0+0=0
train/14177.jpg,4+(0+1)=5
train/14178.jpg,0+1+1=2
train/14179.jpg,2+9-4=7
train/14180.jpg,2-(0+9)=-7
train/14181.jpg,(1-9)+2=-6
train/14182.jpg,(8*7)+2=58
train/14183.jpg,9*5-5=40
train/14184.jpg,4+(0+7)=11
train/14185.jpg,3*2+9=15
train/14186.jpg,(2-1)*1=1
train/14187.jpg,0-(9+8)=-17
train/14188.jpg,3*(9+1)=30
train/14189.jpg,(2*2)-3=1
train/14190.jpg,0+5+0=5
train/14191.jpg,(1+5)*6=36
train/14192.jpg,2+5*9=47
train/14193.jpg,9+(1+5)=15
train/14194.jpg,(8+2)-4=6
train/14195.jpg,5*9+1=46
train/14196.jpg,(2-1)-8=-7
train/14197.jpg,1-1-5=-5
train/14198.jpg,(8-2)-5=1
train/14199.jpg,5+(3*1)=8
train/14200.jpg,2-4+5=3
train/14201.jpg,2*(4*8)=64
train/14202.jpg,5*0+6=6
train/14203.jpg,1*(6*1)=6
train/14204.jpg,5+4-4=5
train/14205.jpg,(4*2)-4=4
train/14206.jpg,3*(9*9)=243
train/14207.jpg,1*5+6=11
train/14208.jpg,2*0-4=-4
train/14209.jpg,8-3*6=-10
train/14210.jpg,4+3-3=4
train/14211.jpg,1+4+6=11
train/14212.jpg,6-(9*8)=-66
train/14213.jpg,5-(6-7)=6
train/14214.jpg,9*(4-5)=-9
train/14215.jpg,7-5+2=4
train/14216.jpg,7*5+7=42
train/14217.jpg,(2+5)*7=49
train/14218.jpg,(5+7)-1=11
train/14219.jpg,5-2-6=-3
train/14220.jpg,5-0+6=11
train/14221.jpg,9*(5*0)=0
train/14222.jpg,(3-9)+3=-3
train/14223.jpg,7-1*4=3
train/14224.jpg,5+1-1=5
train/14225.jpg,3-0-6=-3
train/14226.jpg,2*7*6=84
train/14227.jpg,7-3+2=6
train/14228.jpg,(4+8)*1=12
train/14229.jpg,5-(8+6)=-9
train/14230.jpg,6-3+1=4
train/14231.jpg,(5+4)+9=18
train/14232.jpg,5-3-5=-3
train/14233.jpg,3-9*4=-33
train/14234.jpg,5*(5*1)=25
train/14235.jpg,3+(8+1)=12
train/14236.jpg,(8*9)*0=0
train/14237.jpg,1-(2-9)=8
train/14238.jpg,0*(9-5)=0
train/14239.jpg,(3*6)-0=18
train/14240.jpg,9+7*3=30
train/14241.jpg,6-(5*9)=-39
train/14242.jpg,(5*5)*9=225
train/14243.jpg,(9*2)+7=25
train/14244.jpg,(6*6)*4=144
train/14245.jpg,(4+4)*8=64
train/14246.jpg,2-(8+3)=-9
train/14247.jpg,8+(1+6)=15
train/14248.jpg,(2+0)*7=14
train/14249.jpg,(1*6)+5=11
train/14250.jpg,(3-2)+8=9
train/14251.jpg,(5+5)*1=10
train/14252.jpg,8*5*0=0
train/14253.jpg,(4-5)-1=-2
train/14254.jpg,2*8-8=8
train/14255.jpg,3+(9*5)=48
train/14256.jpg,3*(1-8)=-21
train/14257.jpg,(7*8)*5=280
train/14258.jpg,2-(6*0)=2
train/14259.jpg,6+(1*3)=9
train/14260.jpg,(3-1)-2=0
train/14261.jpg,9-2-5=2
train/14262.jpg,(9*4)-5=31
train/14263.jpg,3*8+2=26
train/14264.jpg,8*(8-8)=0
train/14265.jpg,8*(7+9)=128
train/14266.jpg,(3-0)-0=3
train/14267.jpg,(6*7)*9=378
train/14268.jpg,6*(1+9)=60
train/14269.jpg,1*(6-9)=-3
train/14270.jpg,1*1-2=-1
train/14271.jpg,7*(0+2)=14
train/14272.jpg,2+(5-0)=7
train/14273.jpg,(0-6)+2=-4
train/14274.jpg,4+(2+4)=10
train/14275.jpg,2+5*7=37
train/14276.jpg,(9*2)+4=22
train/14277.jpg,5+(1*2)=7
train/14278.jpg,7-0+6=13
train/14279.jpg,(0+8)+0=8
train/14280.jpg,5-(1*9)=-4
train/14281.jpg,8*4-2=30
train/14282.jpg,8-6+4=6
train/14283.jpg,(8+8)*1=16
train/14284.jpg,(4*0)+3=3
train/14285.jpg,9-(9-6)=6
train/14286.jpg,(1-4)-7=-10
train/14287.jpg,(8*7)-9=47
train/14288.jpg,3*5*3=45
train/14289.jpg,(1+7)+0=8
train/14290.jpg,7+(2+5)=14
train/14291.jpg,4*2+0=8
train/14292.jpg,(6-0)-2=4
train/14293.jpg,9-0*6=9
train/14294.jpg,(9-2)*2=14
train/14295.jpg,9-6-2=1
train/14296.jpg,(3*7)+1=22
train/14297.jpg,6*0+6=6
train/14298.jpg,(0+7)+5=12
train/14299.jpg,(9+2)+4=15
train/14300.jpg,6+1-2=5
train/14301.jpg,6-(2*9)=-12
train/14302.jpg,3*5+1=16
train/14303.jpg,(9+0)*7=63
train/14304.jpg,(0-4)-9=-13
train/14305.jpg,(6+7)-2=11
train/14306.jpg,(2*5)-8=2
train/14307.jpg,7*(1-6)=-35
train/14308.jpg,(6+0)+8=14
train/14309.jpg,4-(0-9)=13
train/14310.jpg,(5-4)*6=6
train/14311.jpg,7-8+8=7
train/14312.jpg,(8-8)+5=5
train/14313.jpg,2*(5+5)=20
train/14314.jpg,4*(4+4)=32
train/14315.jpg,5-0*4=5
train/14316.jpg,0-(9+7)=-16
train/14317.jpg,(6*6)+0=36
train/14318.jpg,(4+5)-5=4
train/14319.jpg,5+(5-9)=1
train/14320.jpg,5-(7+8)=-10
train/14321.jpg,6+4-0=10
train/14322.jpg,5-5*0=5
train/14323.jpg,(1-3)*6=-12
train/14324.jpg,7-(9*2)=-11
train/14325.jpg,0+5-1=4
train/14326.jpg,2-8+0=-6
train/14327.jpg,5-(4*6)=-19
train/14328.jpg,8*(3+6)=72
train/14329.jpg,(6-6)*5=0
train/14330.jpg,2-3-8=-9
train/14331.jpg,2-(1-1)=2
train/14332.jpg,(5*7)*1=35
train/14333.jpg,(6*2)-6=6
train/14334.jpg,9*(1-1)=0
train/14335.jpg,2+0*7=2
train/14336.jpg,9-(7*6)=-33
train/14337.jpg,4-8+5=1
train/14338.jpg,(4+8)+3=15
train/14339.jpg,1-(9*6)=-53
train/14340.jpg,2-1*7=-5
train/14341.jpg,(1*5)+6=11
train/14342.jpg,6*(3-2)=6
train/14343.jpg,6+2-1=7
train/14344.jpg,(4*6)+5=29
train/14345.jpg,0*(2*6)=0
train/14346.jpg,6+7*9=69
train/14347.jpg,0+3-0=3
train/14348.jpg,(9-1)-5=3
train/14349.jpg,(2*2)+4=8
train/14350.jpg,4-7-6=-9
train/14351.jpg,0*3-6=-6
train/14352.jpg,(6+0)+1=7
train/14353.jpg,8+9*1=17
train/14354.jpg,5-(8*4)=-27
train/14355.jpg,0-(3*9)=-27
train/14356.jpg,1-(8+8)=-15
train/14357.jpg,(9-4)*9=45
train/14358.jpg,2-(2+3)=-3
train/14359.jpg,2+6-4=4
train/14360.jpg,4-(4+9)=-9
train/14361.jpg,9*9-8=73
train/14362.jpg,(8*2)*3=48
train/14363.jpg,9*(2-3)=-9
train/14364.jpg,(1+9)-5=5
train/14365.jpg,9*1-0=9
train/14366.jpg,1+(9*8)=73
train/14367.jpg,(9+7)-6=10
train/14368.jpg,(8+5)-2=11
train/14369.jpg,(6-8)-9=-11
train/14370.jpg,(7*7)-8=41
train/14371.jpg,2+4*9=38
train/14372.jpg,0-(9+1)=-10
train/14373.jpg,6-(4-2)=4
train/14374.jpg,2*(0*5)=0
train/14375.jpg,3*(1-2)=-3
train/14376.jpg,(6-9)+6=3
train/14377.jpg,(9*4)+6=42
train/14378.jpg,6*5+8=38
train/14379.jpg,9+1+2=12
train/14380.jpg,0*(9*9)=0
train/14381.jpg,6+(6*9)=60
train/14382.jpg,5+(9-8)=6
train/14383.jpg,9-(2-5)=12
train/14384.jpg,(1-9)+8=0
train/14385.jpg,(2+0)*0=0
train/14386.jpg,9*(2*4)=72
train/14387.jpg,(6-1)-5=0
train/14388.jpg,7*3*0=0
train/14389.jpg,(8-1)-0=7
train/14390.jpg,2*(3-7)=-8
train/14391.jpg,9-4*3=-3
train/14392.jpg,(2*7)-2=12
train/14393.jpg,(1*9)*8=72
train/14394.jpg,2*7+9=23
train/14395.jpg,7*4-9=19
train/14396.jpg,(1-6)-6=-11
train/14397.jpg,1-(3*0)=1
train/14398.jpg,4*(9*6)=216
train/14399.jpg,(1+5)+4=10
train/14400.jpg,9*(3-7)=-36
train/14401.jpg,(4*9)+3=39
train/14402.jpg,(6-4)-5=-3
train/14403.jpg,8*(1*9)=72
train/14404.jpg,1+3+0=4
train/14405.jpg,2-2-1=-1
train/14406.jpg,2-(1+9)=-8
train/14407.jpg,2-(6*3)=-16
train/14408.jpg,(6*0)-5=-5
train/14409.jpg,2-(3+2)=-3
train/14410.jpg,3*4+4=16
train/14411.jpg,1-9+2=-6
train/14412.jpg,7+(6*5)=37
train/14413.jpg,1-(0*9)=1
train/14414.jpg,(6+7)*6=78
train/14415.jpg,7+0*1=7
train/14416.jpg,5-5*9=-40
train/14417.jpg,0-1-7=-8
train/14418.jpg,(5*8)+8=48
train/14419.jpg,0+(1+9)=10
train/14420.jpg,2*6+4=16
train/14421.jpg,4+(8+9)=21
train/14422.jpg,0-0+5=5
train/14423.jpg,7*(4-5)=-7
train/14424.jpg,6*(5*0)=0
train/14425.jpg,8-1+7=14
train/14426.jpg,2*0-0=0
train/14427.jpg,8*(9-8)=8
train/14428.jpg,(5-7)*3=-6
train/14429.jpg,(6+3)+3=12
train/14430.jpg,9-(4*6)=-15
train/14431.jpg,4-(8+8)=-12
train/14432.jpg,(8*9)*6=432
train/14433.jpg,6+1*5=11
train/14434.jpg,1-9+8=0
train/14435.jpg,(7+8)*4=60
train/14436.jpg,1-0-5=-4
train/14437.jpg,(7+0)-9=-2
train/14438.jpg,1-5-8=-12
train/14439.jpg,5+(8-4)=9
train/14440.jpg,3+0+5=8
train/14441.jpg,1+5*5=26
train/14442.jpg,8-(3*4)=-4
train/14443.jpg,7-6+3=4
train/14444.jpg,(1*6)*2=12
train/14445.jpg,9-(1-2)=10
train/14446.jpg,3+(6+5)=14
train/14447.jpg,(5*0)+0=0
train/14448.jpg,(7*3)*5=105
train/14449.jpg,3*4*3=36
train/14450.jpg,(5*7)+9=44
train/14451.jpg,4*(6*4)=96
train/14452.jpg,(7*9)+3=66
train/14453.jpg,(3+2)+0=5
train/14454.jpg,4*(1*6)=24
train/14455.jpg,6*5-8=22
train/14456.jpg,3-2*9=-15
train/14457.jpg,(2+2)-6=-2
train/14458.jpg,(6*1)-1=5
train/14459.jpg,6-4-5=-3
train/14460.jpg,4*7+5=33
train/14461.jpg,7-(7+4)=-4
train/14462.jpg,(3+4)*9=63
train/14463.jpg,4+3+8=15
train/14464.jpg,1-(9+9)=-17
train/14465.jpg,(1-1)+4=4
train/14466.jpg,(0*0)+5=5
train/14467.jpg,7+1*0=7
train/14468.jpg,5+6+8=19
train/14469.jpg,2*0-8=-8
train/14470.jpg,7*8-6=50
train/14471.jpg,9-(5+9)=-5
train/14472.jpg,(5+0)-1=4
train/14473.jpg,3-1-4=-2
train/14474.jpg,(0-6)*3=-18
train/14475.jpg,(9-4)*3=15
train/14476.jpg,5+(4+9)=18
train/14477.jpg,(8*7)+5=61
train/14478.jpg,9+(6+3)=18
train/14479.jpg,(3+4)*4=28
train/14480.jpg,6-3+3=6
train/14481.jpg,9+5-7=7
train/14482.jpg,4*(7-9)=-8
train/14483.jpg,3-(9*5)=-42
train/14484.jpg,0*1-3=-3
train/14485.jpg,8*(0*9)=0
train/14486.jpg,(8-4)+6=10
train/14487.jpg,3+5*9=48
train/14488.jpg,7-2-9=-4
train/14489.jpg,2-(8-7)=1
train/14490.jpg,(1*0)+0=0
train/14491.jpg,9*(9-2)=63
train/14492.jpg,(9-3)*1=6
train/14493.jpg,6+4-6=4
train/14494.jpg,1*1-2=-1
train/14495.jpg,9*3*7=189
train/14496.jpg,2+(9+1)=12
train/14497.jpg,9+(9-2)=16
train/14498.jpg,4+(8-4)=8
train/14499.jpg,0*(8-7)=0
train/14500.jpg,5+8*7=61
train/14501.jpg,4-(2-7)=9
train/14502.jpg,7+0-8=-1
train/14503.jpg,1-4*4=-15
train/14504.jpg,9+7*2=23
train/14505.jpg,(4-9)-9=-14
train/14506.jpg,4-(5+0)=-1
train/14507.jpg,4+6-2=8
train/14508.jpg,(4+6)*4=40
train/14509.jpg,(9*1)*0=0
train/14510.jpg,(2-7)*1=-5
train/14511.jpg,4+(2-5)=1
train/14512.jpg,9-(3-0)=6
train/14513.jpg,(2-0)-6=-4
train/14514.jpg,1+(4*8)=33
train/14515.jpg,(7*2)-4=10
train/14516.jpg,(5+7)*4=48
train/14517.jpg,8-9+9=8
train/14518.jpg,0+8-7=1
train/14519.jpg,5-7-6=-8
train/14520.jpg,5-(4+9)=-8
train/14521.jpg,(7+3)*6=60
train/14522.jpg,1*7+3=10
train/14523.jpg,6*2+9=21
train/14524.jpg,9+4-9=4
train/14525.jpg,2-7+5=0
train/14526.jpg,(6+4)-7=3
train/14527.jpg,9+(9-4)=14
train/14528.jpg,(3+9)+7=19
train/14529.jpg,3*4-3=9
train/14530.jpg,9+(7+8)=24
train/14531.jpg,(0+8)-8=0
train/14532.jpg,8-6+0=2
train/14533.jpg,9+5*3=24
train/14534.jpg,0*(8-8)=0
train/14535.jpg,9*7+2=65
train/14536.jpg,9*(5*1)=45
train/14537.jpg,8-(7*9)=-55
train/14538.jpg,8+(9-0)=17
train/14539.jpg,8+(7-7)=8
train/14540.jpg,(8*0)+5=5
train/14541.jpg,(3-2)-7=-6
train/14542.jpg,(0+7)*5=35
train/14543.jpg,0-8-3=-11
train/14544.jpg,5+6-1=10
train/14545.jpg,6*9+4=58
train/14546.jpg,2+0-5=-3
train/14547.jpg,1*7-6=1
train/14548.jpg,(5-4)-3=-2
train/14549.jpg,(9+1)-4=6
train/14550.jpg,9*1-4=5
train/14551.jpg,(3*8)+6=30
train/14552.jpg,(5+9)*0=0
train/14553.jpg,(6+2)+0=8
train/14554.jpg,(0+0)*4=0
train/14555.jpg,9*5+1=46
train/14556.jpg,9+9*5=54
train/14557.jpg,7+7*2=21
train/14558.jpg,7+(6+0)=13
train/14559.jpg,2+2-4=0
train/14560.jpg,(6*4)+7=31
train/14561.jpg,8*6-0=48
train/14562.jpg,2*(2*5)=20
train/14563.jpg,1*0-0=0
train/14564.jpg,8+(1*6)=14
train/14565.jpg,0-5*0=0
train/14566.jpg,6+0*9=6
train/14567.jpg,2*2+3=7
train/14568.jpg,2+(3+3)=8
train/14569.jpg,1+(2*4)=9
train/14570.jpg,(2+1)+5=8
train/14571.jpg,2*7-4=10
train/14572.jpg,0+9+3=12
train/14573.jpg,(0-1)*9=-9
train/14574.jpg,0*8+3=3
train/14575.jpg,2+(1-9)=-6
train/14576.jpg,5+(8-6)=7
train/14577.jpg,4+9+8=21
train/14578.jpg,1+3+0=4
train/14579.jpg,(0*3)*3=0
train/14580.jpg,0+3+2=5
train/14581.jpg,3-6-8=-11
train/14582.jpg,7-2+0=5
train/14583.jpg,9*(2-6)=-36
train/14584.jpg,2-(2+4)=-4
train/14585.jpg,3+5+2=10
train/14586.jpg,6+(3-9)=0
train/14587.jpg,3*(0+2)=6
train/14588.jpg,(7-2)-5=0
train/14589.jpg,6+9*1=15
train/14590.jpg,4+1-8=-3
train/14591.jpg,7+(8-4)=11
train/14592.jpg,(0*6)*9=0
train/14593.jpg,0*(4*2)=0
train/14594.jpg,0+(9-1)=8
train/14595.jpg,1-(1+1)=-1
train/14596.jpg,4-9+0=-5
train/14597.jpg,9+(8+4)=21
train/14598.jpg,0*8*9=0
train/14599.jpg,(1*7)-5=2
train/14600.jpg,8+6+7=21
train/14601.jpg,2-(0+1)=1
train/14602.jpg,7*(3+4)=49
train/14603.jpg,(5-0)*1=5
train/14604.jpg,3-0-8=-5
train/14605.jpg,3+6*3=21
train/14606.jpg,(6+4)*9=90
train/14607.jpg,(4-7)+7=4
train/14608.jpg,(1+4)-5=0
train/14609.jpg,6*1*7=42
train/14610.jpg,3+6-0=9
train/14611.jpg,(3*9)*1=27
train/14612.jpg,(5-1)-6=-2
train/14613.jpg,(5-8)-2=-5
train/14614.jpg,(3-6)-3=-6
train/14615.jpg,7-6*4=-17
train/14616.jpg,0*(3-2)=0
train/14617.jpg,9*4+6=42
train/14618.jpg,6+(2-3)=5
train/14619.jpg,1*9+0=9
train/14620.jpg,0-2-5=-7
train/14621.jpg,2*3*0=0
train/14622.jpg,0+(2+3)=5
train/14623.jpg,8-(6+3)=-1
train/14624.jpg,5-(7+2)=-4
train/14625.jpg,9*(5*8)=360
train/14626.jpg,4-6*8=-44
train/14627.jpg,5-1+4=8
train/14628.jpg,1+(7+5)=13
train/14629.jpg,9-(2*6)=-3
train/14630.jpg,9-(7-4)=6
train/14631.jpg,6*(9*2)=108
train/14632.jpg,6*(0*4)=0
train/14633.jpg,6*1-7=-1
train/14634.jpg,7*(8-4)=28
train/14635.jpg,(5*9)+1=46
train/14636.jpg,5-3*7=-16
train/14637.jpg,7+3-0=10
train/14638.jpg,0*6+4=4
train/14639.jpg,(0+9)*9=81
train/14640.jpg,2-(9+5)=-12
train/14641.jpg,4+(7*6)=46
train/14642.jpg,5-7+8=6
train/14643.jpg,4+6+4=14
train/14644.jpg,(3-7)*7=-28
train/14645.jpg,(8-9)+2=1
train/14646.jpg,8+7*5=43
train/14647.jpg,1*7-4=3
train/14648.jpg,8*(4+0)=32
train/14649.jpg,2+(0*6)=2
train/14650.jpg,1-(6*5)=-29
train/14651.jpg,6-(0+1)=5
train/14652.jpg,9*9+2=83
train/14653.jpg,5*6-9=21
train/14654.jpg,9*(4*4)=144
train/14655.jpg,2-(5+0)=-3
train/14656.jpg,9*(6-2)=36
train/14657.jpg,3+6-0=9
train/14658.jpg,2-5*2=-8
train/14659.jpg,(0-6)+9=3
train/14660.jpg,0+4+9=13
train/14661.jpg,(6-9)*1=-3
train/14662.jpg,(6+0)*6=36
train/14663.jpg,9-(3+9)=-3
train/14664.jpg,4-7-1=-4
train/14665.jpg,3-(1*4)=-1
train/14666.jpg,7+4+3=14
train/14667.jpg,5-9-0=-4
train/14668.jpg,5+2+3=10
train/14669.jpg,(4+9)*9=117
train/14670.jpg,(7+7)-9=5
train/14671.jpg,8+(5*6)=38
train/14672.jpg,(3-2)+6=7
train/14673.jpg,7*7-0=49
train/14674.jpg,9+(1-4)=6
train/14675.jpg,9+5-9=5
train/14676.jpg,(5+9)-2=12
train/14677.jpg,8*(1+7)=64
train/14678.jpg,0*(0-8)=0
train/14679.jpg,3+8-5=6
train/14680.jpg,0*6+1=1
train/14681.jpg,8-(1+2)=5
train/14682.jpg,7+8-9=6
train/14683.jpg,(6-7)*7=-7
train/14684.jpg,1-8+7=0
train/14685.jpg,(8*8)-7=57
train/14686.jpg,(2*0)*4=0
train/14687.jpg,(6+1)+3=10
train/14688.jpg,0*(1+5)=0
train/14689.jpg,0+(9-0)=9
train/14690.jpg,9+6+2=17
train/14691.jpg,(4+9)+1=14
train/14692.jpg,(1-6)+0=-5
train/14693.jpg,4-0*0=4
train/14694.jpg,3+3-1=5
train/14695.jpg,(2*7)*7=98
train/14696.jpg,0-(0+4)=-4
train/14697.jpg,(4*8)*2=64
train/14698.jpg,(0+8)+2=10
train/14699.jpg,6*(7+4)=66
train/14700.jpg,1+9*5=46
train/14701.jpg,(0*9)+8=8
train/14702.jpg,(9*4)+4=40
train/14703.jpg,3+4-9=-2
train/14704.jpg,0*0*8=0
train/14705.jpg,6-(2-5)=9
train/14706.jpg,4-(2+5)=-3
train/14707.jpg,4*(0-8)=-32
train/14708.jpg,0-8-2=-10
train/14709.jpg,9*5-6=39
train/14710.jpg,7*(4-7)=-21
train/14711.jpg,3-(0-3)=6
train/14712.jpg,5*8-7=33
train/14713.jpg,0-6-6=-12
train/14714.jpg,5*2+0=10
train/14715.jpg,7*3+8=29
train/14716.jpg,(2+7)*7=63
train/14717.jpg,0+9-0=9
train/14718.jpg,5*(0*5)=0
train/14719.jpg,3*7+9=30
train/14720.jpg,2*(5+4)=18
train/14721.jpg,5*4*2=40
train/14722.jpg,1-(4+2)=-5
train/14723.jpg,0-(0-6)=6
train/14724.jpg,0+(1+9)=10
train/14725.jpg,3+9+6=18
train/14726.jpg,(7-8)+8=7
train/14727.jpg,(8+9)+3=20
train/14728.jpg,(1+2)+6=9
train/14729.jpg,(0*4)*7=0
train/14730.jpg,9*7*1=63
train/14731.jpg,7+(8+1)=16
train/14732.jpg,4+8+2=14
train/14733.jpg,5+(2+5)=12
train/14734.jpg,2-(9-0)=-7
train/14735.jpg,(4+1)-7=-2
train/14736.jpg,7*(0*4)=0
train/14737.jpg,(6*8)-5=43
train/14738.jpg,(5+2)+6=13
train/14739.jpg,9+4-9=4
train/14740.jpg,9*(2-8)=-54
train/14741.jpg,(4*3)+4=16
train/14742.jpg,(6+8)+5=19
train/14743.jpg,7-8-0=-1
train/14744.jpg,8+(6+2)=16
train/14745.jpg,0-8*9=-72
train/14746.jpg,(8-9)*3=-3
train/14747.jpg,2*5+4=14
train/14748.jpg,3+(7-3)=7
train/14749.jpg,6-(7*4)=-22
train/14750.jpg,1*(7*0)=0
train/14751.jpg,8*2*0=0
train/14752.jpg,1+0+8=9
train/14753.jpg,4*(2*0)=0
train/14754.jpg,(8+2)+9=19
train/14755.jpg,0*(6*0)=0
train/14756.jpg,(3-9)*1=-6
train/14757.jpg,(8-4)-3=1
train/14758.jpg,(7+8)*9=135
train/14759.jpg,9+(4+8)=21
train/14760.jpg,9*(9+4)=117
train/14761.jpg,8+7*1=15
train/14762.jpg,(5*5)*3=75
train/14763.jpg,(4+7)+4=15
train/14764.jpg,2*(9+3)=24
train/14765.jpg,0-1-8=-9
train/14766.jpg,2-(7-6)=1
train/14767.jpg,1-1-1=-1
train/14768.jpg,0-9*4=-36
train/14769.jpg,3+(8*7)=59
train/14770.jpg,4+(7+2)=13
train/14771.jpg,4+6-0=10
train/14772.jpg,0-(0-4)=4
train/14773.jpg,5+9*1=14
train/14774.jpg,(7*0)+8=8
train/14775.jpg,1+5-0=6
train/14776.jpg,0+(0*4)=0
train/14777.jpg,0+4+2=6
train/14778.jpg,(1-8)*6=-42
train/14779.jpg,7+0*5=7
train/14780.jpg,5+(1+5)=11
train/14781.jpg,(4-5)+9=8
train/14782.jpg,4*(8-4)=16
train/14783.jpg,8-9-2=-3
train/14784.jpg,4+(5+0)=9
train/14785.jpg,0+(5-7)=-2
train/14786.jpg,(7*2)*4=56
train/14787.jpg,7+(5-3)=9
train/14788.jpg,(0*7)*7=0
train/14789.jpg,2*5*4=40
train/14790.jpg,5-(9*3)=-22
train/14791.jpg,3+3-6=0
train/14792.jpg,5*(4*4)=80
train/14793.jpg,1-(4+0)=-3
train/14794.jpg,4+(3+5)=12
train/14795.jpg,4*9-2=34
train/14796.jpg,(9*3)-4=23
train/14797.jpg,3+(6+5)=14
train/14798.jpg,3+2+5=10
train/14799.jpg,(4+3)-6=1
train/14800.jpg,1-6*2=-11
train/14801.jpg,5-2-3=0
train/14802.jpg,(2*9)-0=18
train/14803.jpg,1-(6*5)=-29
train/14804.jpg,8+(3+8)=19
train/14805.jpg,(8-4)*3=12
train/14806.jpg,0*(9*1)=0
train/14807.jpg,7*(6-0)=42
train/14808.jpg,(8*4)-7=25
train/14809.jpg,(1-8)*1=-7
train/14810.jpg,(6+6)*0=0
train/14811.jpg,5+8*7=61
train/14812.jpg,3+(2*8)=19
train/14813.jpg,1-5*5=-24
train/14814.jpg,(1-7)*6=-36
train/14815.jpg,5*2*8=80
train/14816.jpg,(8+1)+7=16
train/14817.jpg,4+(6-1)=9
train/14818.jpg,(6-1)-5=0
train/14819.jpg,7+6+4=17
train/14820.jpg,(7*8)*9=504
train/14821.jpg,(5+5)-7=3
train/14822.jpg,(0+4)-8=-4
train/14823.jpg,1-(4+0)=-3
train/14824.jpg,(4-3)+0=1
train/14825.jpg,1+5-4=2
train/14826.jpg,5+4*0=5
train/14827.jpg,(4+2)-1=5
train/14828.jpg,(3-6)-5=-8
train/14829.jpg,5-7-2=-4
train/14830.jpg,(5-0)-1=4
train/14831.jpg,6+(2+0)=8
train/14832.jpg,(7*0)*1=0
train/14833.jpg,8-3+3=8
train/14834.jpg,7-(4-9)=12
train/14835.jpg,(3+1)-4=0
train/14836.jpg,4+7*9=67
train/14837.jpg,0*(6*3)=0
train/14838.jpg,(1*2)*4=8
train/14839.jpg,6-(9+9)=-12
train/14840.jpg,5-(3*9)=-22
train/14841.jpg,9*(1+4)=45
train/14842.jpg,(4+0)+4=8
train/14843.jpg,(0-3)*2=-6
train/14844.jpg,(3*9)*3=81
train/14845.jpg,(0-5)+5=0
train/14846.jpg,0-(0-6)=6
train/14847.jpg,(5+3)+9=17
train/14848.jpg,5*9+3=48
train/14849.jpg,(7*5)+9=44
train/14850.jpg,1-7+6=0
train/14851.jpg,8*3*4=96
train/14852.jpg,3-1+4=6
train/14853.jpg,2-2-0=0
train/14854.jpg,2+(1+2)=5
train/14855.jpg,(3*6)-6=12
train/14856.jpg,(7+1)+7=15
train/14857.jpg,(7+4)+6=17
train/14858.jpg,5*(2*7)=70
train/14859.jpg,8*7*9=504
train/14860.jpg,9+(1-0)=10
train/14861.jpg,2-(2+2)=-2
train/14862.jpg,9*1-3=6
train/14863.jpg,(1+1)*6=12
train/14864.jpg,(0+0)*1=0
train/14865.jpg,8+9+5=22
train/14866.jpg,0+(4*5)=20
train/14867.jpg,4*4-2=14
train/14868.jpg,(8*9)+5=77
train/14869.jpg,(6*3)*7=126
train/14870.jpg,9-(1*6)=3
train/14871.jpg,6-(3-3)=6
train/14872.jpg,2-(5+6)=-9
train/14873.jpg,6-(0*3)=6
train/14874.jpg,(4-1)*9=27
train/14875.jpg,7+(0-9)=-2
train/14876.jpg,5+8*5=45
train/14877.jpg,6+(9-7)=8
train/14878.jpg,(6*2)*1=12
train/14879.jpg,9-(6-2)=5
train/14880.jpg,8+4*1=12
train/14881.jpg,1-(5+9)=-13
train/14882.jpg,7*(7*9)=441
train/14883.jpg,7-(0*3)=7
train/14884.jpg,(4+9)*8=104
train/14885.jpg,(8+4)-7=5
train/14886.jpg,(5+1)-5=1
train/14887.jpg,(9-3)+2=8
train/14888.jpg,8-(5*5)=-17
train/14889.jpg,(0+2)-5=-3
train/14890.jpg,2-(8+5)=-11
train/14891.jpg,5*3-4=11
train/14892.jpg,0+4*5=20
train/14893.jpg,2-(1-0)=1
train/14894.jpg,(8+0)+4=12
train/14895.jpg,6+(4-6)=4
train/14896.jpg,1-(0-7)=8
train/14897.jpg,5+4-6=3
train/14898.jpg,7-8-2=-3
train/14899.jpg,0-(2-4)=2
train/14900.jpg,(2-8)+8=2
train/14901.jpg,(2+2)*3=12
train/14902.jpg,4+(7*1)=11
train/14903.jpg,9*(8+8)=144
train/14904.jpg,7+1*1=8
train/14905.jpg,7-1-8=-2
train/14906.jpg,4+9*6=58
train/14907.jpg,1-(3*4)=-11
train/14908.jpg,0-(2-8)=6
train/14909.jpg,(1*2)*1=2
train/14910.jpg,0-8+5=-3
train/14911.jpg,6+4+3=13
train/14912.jpg,4+2+0=6
train/14913.jpg,6-4*2=-2
train/14914.jpg,(2-0)+8=10
train/14915.jpg,9+(8*0)=9
train/14916.jpg,1+3*4=13
train/14917.jpg,9+(3*4)=21
train/14918.jpg,8+(6*9)=62
train/14919.jpg,(1+4)*2=10
train/14920.jpg,9-6+7=10
train/14921.jpg,1-(5-5)=1
train/14922.jpg,(3-0)+7=10
train/14923.jpg,2+(3*7)=23
train/14924.jpg,(0-1)+7=6
train/14925.jpg,2*(6-9)=-6
train/14926.jpg,3*4+3=15
train/14927.jpg,9*7*7=441
train/14928.jpg,6*(5-4)=6
train/14929.jpg,6-8+3=1
train/14930.jpg,5*(5*6)=150
train/14931.jpg,(5*6)+3=33
train/14932.jpg,2-1*8=-6
train/14933.jpg,(0-8)-6=-14
train/14934.jpg,(5+4)-6=3
train/14935.jpg,(4+1)+0=5
train/14936.jpg,(6-8)+8=6
train/14937.jpg,(4+8)+9=21
train/14938.jpg,6-9+2=-1
train/14939.jpg,6+(2*4)=14
train/14940.jpg,9*7-8=55
train/14941.jpg,5-7*3=-16
train/14942.jpg,(6-2)*4=16
train/14943.jpg,(8-2)-1=5
train/14944.jpg,3-(5*0)=3
train/14945.jpg,(6*8)*4=192
train/14946.jpg,4+2*4=12
train/14947.jpg,6*5*2=60
train/14948.jpg,3-5-1=-3
train/14949.jpg,4*6*9=216
train/14950.jpg,0*0+9=9
train/14951.jpg,(2*1)-7=-5
train/14952.jpg,5+(9+1)=15
train/14953.jpg,0+(4-4)=0
train/14954.jpg,(5*1)+8=13
train/14955.jpg,2*2+5=9
train/14956.jpg,1-(5+7)=-11
train/14957.jpg,5*(8-9)=-5
train/14958.jpg,8-5-9=-6
train/14959.jpg,8*(7-7)=0
train/14960.jpg,1*1-0=1
train/14961.jpg,2*6*2=24
train/14962.jpg,9-(3+6)=0
train/14963.jpg,(3-4)-6=-7
train/14964.jpg,8*(3+5)=64
train/14965.jpg,5*3*4=60
train/14966.jpg,1+5*8=41
train/14967.jpg,(2-9)+5=-2
train/14968.jpg,1+7*8=57
train/14969.jpg,(7+4)-8=3
train/14970.jpg,4-9*0=4
train/14971.jpg,(4+9)*5=65
train/14972.jpg,4+(9+9)=22
train/14973.jpg,(5+3)+6=14
train/14974.jpg,0-3*6=-18
train/14975.jpg,(3+6)-9=0
train/14976.jpg,(9-1)-9=-1
train/14977.jpg,0*(1-3)=0
train/14978.jpg,3+(8+9)=20
train/14979.jpg,9*(7*4)=252
train/14980.jpg,4-8+4=0
train/14981.jpg,(5+9)+9=23
train/14982.jpg,(1+0)-8=-7
train/14983.jpg,4-5-8=-9
train/14984.jpg,5+2+9=16
train/14985.jpg,6*4*9=216
train/14986.jpg,6+(8-4)=10
train/14987.jpg,0-0-5=-5
train/14988.jpg,(0*0)+5=5
train/14989.jpg,1*(6+8)=14
train/14990.jpg,(2*0)-9=-9
train/14991.jpg,6*7*4=168
train/14992.jpg,4*8*3=96
train/14993.jpg,(1+4)*2=10
train/14994.jpg,(9+9)*7=126
train/14995.jpg,1*(0+1)=1
train/14996.jpg,(3-0)+3=6
train/14997.jpg,(0-0)+5=5
train/14998.jpg,2+5-9=-2
train/14999.jpg,1*4+3=7
train/15000.jpg,9-1+8=16
train/15001.jpg,5-(1-8)=12
train/15002.jpg,8+(8-6)=10
train/15003.jpg,(1+8)-3=6
train/15004.jpg,3-7*7=-46
train/15005.jpg,8*7-3=53
train/15006.jpg,(1*4)*9=36
train/15007.jpg,3-1+6=8
train/15008.jpg,9*(1*0)=0
train/15009.jpg,(9*4)+1=37
train/15010.jpg,9*7*4=252
train/15011.jpg,6-7-1=-2
train/15012.jpg,(6*5)-9=21
train/15013.jpg,(1+5)+4=10
train/15014.jpg,(8-1)*9=63
train/15015.jpg,6*5-5=25
train/15016.jpg,1-(7*0)=1
train/15017.jpg,8+1*1=9
train/15018.jpg,9*(3*5)=135
train/15019.jpg,3*2+5=11
train/15020.jpg,6-(2-3)=7
train/15021.jpg,0+3-5=-2
train/15022.jpg,4+(6-0)=10
train/15023.jpg,(0*5)+9=9
train/15024.jpg,5-(1-9)=13
train/15025.jpg,5+9-8=6
train/15026.jpg,(4+2)+8=14
train/15027.jpg,7*(3-5)=-14
train/15028.jpg,(9*9)*7=567
train/15029.jpg,0+5*2=10
train/15030.jpg,0*(6+4)=0
train/15031.jpg,9*(9+9)=162
train/15032.jpg,0+(0+5)=5
train/15033.jpg,(5+4)+3=12
train/15034.jpg,2+(4*3)=14
train/15035.jpg,(4*4)*2=32
train/15036.jpg,(9+9)*8=144
train/15037.jpg,2-(8*9)=-70
train/15038.jpg,1*(1*9)=9
train/15039.jpg,5+5+6=16
train/15040.jpg,(8+7)+5=20
train/15041.jpg,(9-7)*8=16
train/15042.jpg,(2-2)+8=8
train/15043.jpg,1+2*2=5
train/15044.jpg,9+(8+0)=17
train/15045.jpg,(7*4)*3=84
train/15046.jpg,(7-4)+6=9
train/15047.jpg,3+3*9=30
train/15048.jpg,2-7*3=-19
train/15049.jpg,3+(2*2)=7
train/15050.jpg,(8-6)+9=11
train/15051.jpg,5+7+3=15
train/15052.jpg,6-(3*1)=3
train/15053.jpg,(8-9)+8=7
train/15054.jpg,2-(6-6)=2
train/15055.jpg,4*(6*8)=192
train/15056.jpg,(5+4)+2=11
train/15057.jpg,8-(6-6)=8
train/15058.jpg,(2+9)+4=15
train/15059.jpg,9-(8-8)=9
train/15060.jpg,(9*6)*7=378
train/15061.jpg,2+8*5=42
train/15062.jpg,5+(4*4)=21
train/15063.jpg,3+(5*1)=8
train/15064.jpg,2+(7+0)=9
train/15065.jpg,(4-3)-4=-3
train/15066.jpg,6+2-4=4
train/15067.jpg,(4*3)*5=60
train/15068.jpg,(7+5)+9=21
train/15069.jpg,1+(2-3)=0
train/15070.jpg,4-(7-0)=-3
train/15071.jpg,5*(2-1)=5
train/15072.jpg,5+8-8=5
train/15073.jpg,1-6+3=-2
train/15074.jpg,6*(2*3)=36
train/15075.jpg,1-6-6=-11
train/15076.jpg,(3-4)-1=-2
train/15077.jpg,0-(1*1)=-1
train/15078.jpg,5-4+6=7
train/15079.jpg,(1+0)+6=7
train/15080.jpg,8+9+4=21
train/15081.jpg,8+9-1=16
train/15082.jpg,(6+1)*0=0
train/15083.jpg,9+2-2=9
train/15084.jpg,4-5-7=-8
train/15085.jpg,3*(2+7)=27
train/15086.jpg,6*(0+9)=54
train/15087.jpg,9+1*1=10
train/15088.jpg,7*(2-5)=-21
train/15089.jpg,2+9*3=29
train/15090.jpg,(6+9)+9=24
train/15091.jpg,(8+8)-8=8
train/15092.jpg,5+(5+5)=15
train/15093.jpg,4+4+8=16
train/15094.jpg,9*7-9=54
train/15095.jpg,6+(0-7)=-1
train/15096.jpg,(0-0)+0=0
train/15097.jpg,8*(0*8)=0
train/15098.jpg,5-6+6=5
train/15099.jpg,(1*7)-2=5
train/15100.jpg,(7+3)+1=11
train/15101.jpg,1+(7+6)=14
train/15102.jpg,(6+4)*6=60
train/15103.jpg,(4-6)-1=-3
train/15104.jpg,7-4*2=-1
train/15105.jpg,8-(2+3)=3
train/15106.jpg,3*5*8=120
train/15107.jpg,4*7-6=22
train/15108.jpg,(6+0)+6=12
train/15109.jpg,3*(3*7)=63
train/15110.jpg,7-(0-9)=16
train/15111.jpg,8*(8+5)=104
train/15112.jpg,(0*7)*6=0
train/15113.jpg,3-(5+1)=-3
train/15114.jpg,(8-6)*3=6
train/15115.jpg,7-6-9=-8
train/15116.jpg,4*(2*6)=48
train/15117.jpg,4-(4-3)=3
train/15118.jpg,(0+3)+9=12
train/15119.jpg,3-(6-0)=-3
train/15120.jpg,3*6-6=12
train/15121.jpg,5-9+4=0
train/15122.jpg,3-(6-7)=4
train/15123.jpg,(8+2)+6=16
train/15124.jpg,1*7+4=11
train/15125.jpg,7+3-3=7
train/15126.jpg,3-(9+4)=-10
train/15127.jpg,2*1+5=7
train/15128.jpg,(6-2)*1=4
train/15129.jpg,2+(8+2)=12
train/15130.jpg,6*8*3=144
train/15131.jpg,6+6+6=18
train/15132.jpg,6*1-9=-3
train/15133.jpg,6-5+8=9
train/15134.jpg,2*(0*8)=0
train/15135.jpg,8*(1*5)=40
train/15136.jpg,5-(1*0)=5
train/15137.jpg,5-9*0=5
train/15138.jpg,(0+9)+2=11
train/15139.jpg,4*3*2=24
train/15140.jpg,(7*7)+0=49
train/15141.jpg,8+9-0=17
train/15142.jpg,(9*1)*5=45
train/15143.jpg,(2+7)-2=7
train/15144.jpg,1-(4*1)=-3
train/15145.jpg,(3-4)-0=-1
train/15146.jpg,4+(2-8)=-2
train/15147.jpg,(5*2)-8=2
train/15148.jpg,8+(0-1)=7
train/15149.jpg,1-3+8=6
train/15150.jpg,4*2+7=15
train/15151.jpg,7+0-6=1
train/15152.jpg,4-(5+0)=-1
train/15153.jpg,6-0-2=4
train/15154.jpg,(0-9)-1=-10
train/15155.jpg,0*(4-4)=0
train/15156.jpg,1*(8+7)=15
train/15157.jpg,(7+7)-0=14
train/15158.jpg,7-(0+9)=-2
train/15159.jpg,(8-6)-0=2
train/15160.jpg,0*6*1=0
train/15161.jpg,6+1-8=-1
train/15162.jpg,(2*6)*4=48
train/15163.jpg,9-1+3=11
train/15164.jpg,(2*2)-0=4
train/15165.jpg,9+(1*4)=13
train/15166.jpg,(5-4)-7=-6
train/15167.jpg,7-(5+7)=-5
train/15168.jpg,5*(4+2)=30
train/15169.jpg,3-8*3=-21
train/15170.jpg,2+(1+9)=12
train/15171.jpg,5*6+2=32
train/15172.jpg,(5*0)+8=8
train/15173.jpg,0+0+2=2
train/15174.jpg,6-8+6=4
train/15175.jpg,(4*0)*7=0
train/15176.jpg,0-(5-3)=-2
train/15177.jpg,(7*8)*7=392
train/15178.jpg,9*3*3=81
train/15179.jpg,6*(3+1)=24
train/15180.jpg,(9+4)*6=78
train/15181.jpg,(3+7)*6=60
train/15182.jpg,(3+7)-1=9
train/15183.jpg,4-2*9=-14
train/15184.jpg,6+7*8=62
train/15185.jpg,(3-4)-1=-2
train/15186.jpg,(7+6)+6=19
train/15187.jpg,(9*8)+7=79
train/15188.jpg,(6-6)-8=-8
train/15189.jpg,8-(9+2)=-3
train/15190.jpg,9+(0-5)=4
train/15191.jpg,8+7+2=17
train/15192.jpg,9-9-0=0
train/15193.jpg,2*9-7=11
train/15194.jpg,2-1+5=6
train/15195.jpg,0+(8-2)=6
train/15196.jpg,(5+1)-7=-1
train/15197.jpg,8+4+6=18
train/15198.jpg,7*(0-2)=-14
train/15199.jpg,(7-7)+4=4
train/15200.jpg,2-9+9=2
train/15201.jpg,1*0+6=6
train/15202.jpg,(7+3)*5=50
train/15203.jpg,(8-6)*7=14
train/15204.jpg,6+(8+8)=22
train/15205.jpg,(8-8)+8=8
train/15206.jpg,4-8-0=-4
train/15207.jpg,4+(6-4)=6
train/15208.jpg,(0+8)*4=32
train/15209.jpg,9*(0+0)=0
train/15210.jpg,2+(8-9)=1
train/15211.jpg,(9-8)-1=0
train/15212.jpg,(3-2)-8=-7
train/15213.jpg,(5+4)+8=17
train/15214.jpg,(0-1)-0=-1
train/15215.jpg,2+(7-5)=4
train/15216.jpg,0*8+2=2
train/15217.jpg,(0+2)+8=10
train/15218.jpg,2+(1+4)=7
train/15219.jpg,4*(2-6)=-16
train/15220.jpg,3-8*8=-61
train/15221.jpg,5*5-4=21
train/15222.jpg,(0-4)-7=-11
train/15223.jpg,3*2*4=24
train/15224.jpg,4+(5+0)=9
train/15225.jpg,8-(1*8)=0
train/15226.jpg,9*(0+3)=27
train/15227.jpg,6-8+9=7
train/15228.jpg,1-1+4=4
train/15229.jpg,(6+3)+4=13
train/15230.jpg,(2+6)+1=9
train/15231.jpg,0*6*6=0
train/15232.jpg,0-(3+4)=-7
train/15233.jpg,0*6-6=-6
train/15234.jpg,9+(4-7)=6
train/15235.jpg,2-(6+8)=-12
train/15236.jpg,7-(0+2)=5
train/15237.jpg,9+(0*1)=9
train/15238.jpg,2+8*1=10
train/15239.jpg,8+0-2=6
train/15240.jpg,5*(8-8)=0
train/15241.jpg,(0*5)*5=0
train/15242.jpg,8-1-4=3
train/15243.jpg,5*0-5=-5
train/15244.jpg,(4+1)-4=1
train/15245.jpg,6*(4+0)=24
train/15246.jpg,2-(8*8)=-62
train/15247.jpg,9*7*3=189
train/15248.jpg,3-(5*2)=-7
train/15249.jpg,8+(1-5)=4
train/15250.jpg,9-8*2=-7
train/15251.jpg,0+(8+7)=15
train/15252.jpg,2+(5+7)=14
train/15253.jpg,5-(4+9)=-8
train/15254.jpg,(0*8)+4=4
train/15255.jpg,4-(1+6)=-3
train/15256.jpg,2+(6-8)=0
train/15257.jpg,4-2-2=0
train/15258.jpg,(1+5)-7=-1
train/15259.jpg,0-1-6=-7
train/15260.jpg,(2+8)*4=40
train/15261.jpg,5-4-6=-5
train/15262.jpg,1+8-6=3
train/15263.jpg,3-(9*3)=-24
train/15264.jpg,(5+9)*9=126
train/15265.jpg,6+2-9=-1
train/15266.jpg,8-8-3=-3
train/15267.jpg,1-9-8=-16
train/15268.jpg,(6-0)+6=12
train/15269.jpg,1*(8-7)=1
train/15270.jpg,(7*6)*7=294
train/15271.jpg,(9-0)+5=14
train/15272.jpg,6-(9*1)=-3
train/15273.jpg,(3*3)-3=6
train/15274.jpg,(9-3)-4=2
train/15275.jpg,(8-8)*5=0
train/15276.jpg,(0+6)+1=7
train/15277.jpg,(5*0)-6=-6
train/15278.jpg,0*(0*1)=0
train/15279.jpg,6-7-9=-10
train/15280.jpg,1-(2+9)=-10
train/15281.jpg,(2+8)-8=2
train/15282.jpg,(2+5)*3=21
train/15283.jpg,9+(0-7)=2
train/15284.jpg,(3*9)+9=36
train/15285.jpg,(0*7)*4=0
train/15286.jpg,9+5+4=18
train/15287.jpg,0*(6+8)=0
train/15288.jpg,(3*0)+0=0
train/15289.jpg,3+8-4=7
train/15290.jpg,7-(7*0)=7
train/15291.jpg,(7+5)-5=7
train/15292.jpg,4-6*2=-8
train/15293.jpg,(7*2)*7=98
train/15294.jpg,4*(7+9)=64
train/15295.jpg,(3*7)-6=15
train/15296.jpg,(0+8)+2=10
train/15297.jpg,4-(9-8)=3
train/15298.jpg,7+4+6=17
train/15299.jpg,(1+9)*9=90
train/15300.jpg,1*2*4=8
train/15301.jpg,(9+9)+0=18
train/15302.jpg,(1+7)+1=9
train/15303.jpg,6*(6+1)=42
train/15304.jpg,(2-1)*7=7
train/15305.jpg,(3+4)+1=8
train/15306.jpg,(0-3)-8=-11
train/15307.jpg,7*(6+0)=42
train/15308.jpg,(7+0)+9=16
train/15309.jpg,4-(0*9)=4
train/15310.jpg,(4-6)-9=-11
train/15311.jpg,1-(3*3)=-8
train/15312.jpg,(1+2)*2=6
train/15313.jpg,8*(1*3)=24
train/15314.jpg,2-(9-4)=-3
train/15315.jpg,2*2+1=5
train/15316.jpg,0*(4-7)=0
train/15317.jpg,(0*0)*4=0
train/15318.jpg,0*8*5=0
train/15319.jpg,(9*0)*6=0
train/15320.jpg,1*2-0=2
train/15321.jpg,1+(9*9)=82
train/15322.jpg,1+0*9=1
train/15323.jpg,3-4*1=-1
train/15324.jpg,4-(9*8)=-68
train/15325.jpg,0+(9+7)=16
train/15326.jpg,1+3-8=-4
train/15327.jpg,9-(4*5)=-11
train/15328.jpg,9+6*2=21
train/15329.jpg,(1+8)-7=2
train/15330.jpg,6-3+2=5
train/15331.jpg,0-8-3=-11
train/15332.jpg,1*(6-9)=-3
train/15333.jpg,8-1+1=8
train/15334.jpg,4*(4-4)=0
train/15335.jpg,9-6-7=-4
train/15336.jpg,3-2-5=-4
train/15337.jpg,(3+4)-5=2
train/15338.jpg,3*(4*6)=72
train/15339.jpg,6+(1+9)=16
train/15340.jpg,2*(3-8)=-10
train/15341.jpg,3*(7-4)=9
train/15342.jpg,5+8*2=21
train/15343.jpg,5*(6*9)=270
train/15344.jpg,9-(3+2)=4
train/15345.jpg,(2-4)-2=-4
train/15346.jpg,4-(3-5)=6
train/15347.jpg,4-(2+2)=0
train/15348.jpg,5+7-6=6
train/15349.jpg,(9-3)-9=-3
train/15350.jpg,7*9+9=72
train/15351.jpg,6*(0+1)=6
train/15352.jpg,5+4+8=17
train/15353.jpg,2-0*1=2
train/15354.jpg,3-(4-9)=8
train/15355.jpg,6*3*8=144
train/15356.jpg,(1-0)+2=3
train/15357.jpg,1*(8+1)=9
train/15358.jpg,(1*3)-3=0
train/15359.jpg,(4-9)+0=-5
train/15360.jpg,(0*5)+2=2
train/15361.jpg,(9+2)+1=12
train/15362.jpg,2*1*7=14
train/15363.jpg,5*1+2=7
train/15364.jpg,4-(9*2)=-14
train/15365.jpg,3*(6+9)=45
train/15366.jpg,6-(8+9)=-11
train/15367.jpg,5+1-5=1
train/15368.jpg,2+(2+3)=7
train/15369.jpg,1+(6*0)=1
train/15370.jpg,(3+6)+4=13
train/15371.jpg,1+6-4=3
train/15372.jpg,(3*6)*6=108
train/15373.jpg,8+7+7=22
train/15374.jpg,8+8-3=13
train/15375.jpg,7*(4-8)=-28
train/15376.jpg,2+(4*4)=18
train/15377.jpg,(5*5)-8=17
train/15378.jpg,(7-6)+4=5
train/15379.jpg,4*6+8=32
train/15380.jpg,(6*6)-4=32
train/15381.jpg,7+(1-8)=0
train/15382.jpg,9+(7*1)=16
train/15383.jpg,(5-0)*2=10
train/15384.jpg,6+(6+3)=15
train/15385.jpg,1-9+0=-8
train/15386.jpg,8-7*7=-41
train/15387.jpg,5+3+4=12
train/15388.jpg,4*(4+5)=36
train/15389.jpg,(8+1)-1=8
train/15390.jpg,8*9+9=81
train/15391.jpg,8*8*5=320
train/15392.jpg,5+6-4=7
train/15393.jpg,2+(6-6)=2
train/15394.jpg,8*8+4=68
train/15395.jpg,(3-6)-8=-11
train/15396.jpg,0-4*8=-32
train/15397.jpg,(3+2)*2=10
train/15398.jpg,2-(7-5)=0
train/15399.jpg,(0-1)+5=4
train/15400.jpg,1+8+3=12
train/15401.jpg,(4-2)+0=2
train/15402.jpg,9*(5-8)=-27
train/15403.jpg,(4-2)*5=10
train/15404.jpg,8-(5-1)=4
train/15405.jpg,(9-7)-5=-3
train/15406.jpg,3-(2*4)=-5
train/15407.jpg,5+7*5=40
train/15408.jpg,0-(7*3)=-21
train/15409.jpg,(3-9)*1=-6
train/15410.jpg,(6-7)*7=-7
train/15411.jpg,6+(0*6)=6
train/15412.jpg,9-3-9=-3
train/15413.jpg,(1+3)+2=6
train/15414.jpg,9*4+4=40
train/15415.jpg,7-(8-9)=8
train/15416.jpg,9-(3-8)=14
train/15417.jpg,(6-6)+1=1
train/15418.jpg,0*(4*0)=0
train/15419.jpg,(0+9)-7=2
train/15420.jpg,(1*7)-9=-2
train/15421.jpg,(8*1)-0=8
train/15422.jpg,6-6+0=0
train/15423.jpg,0+9+6=15
train/15424.jpg,8+7-6=9
train/15425.jpg,5-(6*4)=-19
train/15426.jpg,(1*9)*4=36
train/15427.jpg,2*2-8=-4
train/15428.jpg,(9*5)+9=54
train/15429.jpg,8*1+5=13
train/15430.jpg,(0+4)+3=7
train/15431.jpg,8*0*9=0
train/15432.jpg,(1+5)*5=30
train/15433.jpg,5+(8-7)=6
train/15434.jpg,(6+8)+2=16
train/15435.jpg,6+2*2=10
train/15436.jpg,6+(3-2)=7
train/15437.jpg,(5*9)*5=225
train/15438.jpg,3-(0*1)=3
train/15439.jpg,3*0*8=0
train/15440.jpg,9*(6+7)=117
train/15441.jpg,0+(9*3)=27
train/15442.jpg,9+0*6=9
train/15443.jpg,(9-7)-4=-2
train/15444.jpg,6*(2+0)=12
train/15445.jpg,(7-1)+4=10
train/15446.jpg,(4-8)*9=-36
train/15447.jpg,6*7-9=33
train/15448.jpg,0-(3*6)=-18
train/15449.jpg,3*(8*3)=72
train/15450.jpg,9+(2+8)=19
train/15451.jpg,6*9*7=378
train/15452.jpg,4-0-0=4
train/15453.jpg,5*(1*8)=40
train/15454.jpg,4*(0-6)=-24
train/15455.jpg,8+(8*6)=56
train/15456.jpg,(2-1)-8=-7
train/15457.jpg,9+(5*1)=14
train/15458.jpg,9+5+2=16
train/15459.jpg,(1-1)*0=0
train/15460.jpg,(1*5)-2=3
train/15461.jpg,7-4+8=11
train/15462.jpg,5-6-2=-3
train/15463.jpg,(3+7)-3=7
train/15464.jpg,(4*1)-0=4
train/15465.jpg,7-0-6=1
train/15466.jpg,4*(9+3)=48
train/15467.jpg,4-(3-5)=6
train/15468.jpg,9*(8-2)=54
train/15469.jpg,0*(0-7)=0
train/15470.jpg,7*6+7=49
train/15471.jpg,5+4*8=37
train/15472.jpg,7-6+6=7
train/15473.jpg,7+(3+3)=13
train/15474.jpg,(1-8)*0=0
train/15475.jpg,3*(6*2)=36
train/15476.jpg,(1-1)-9=-9
train/15477.jpg,(6-6)*3=0
train/15478.jpg,(9+1)+7=17
train/15479.jpg,8+(3*4)=20
train/15480.jpg,2*6-3=9
train/15481.jpg,7-8-5=-6
train/15482.jpg,1-(9-4)=-4
train/15483.jpg,9*(3*5)=135
train/15484.jpg,3*(6+9)=45
train/15485.jpg,5*8+0=40
train/15486.jpg,(8+3)+3=14
train/15487.jpg,0*(5*5)=0
train/15488.jpg,(5*9)+1=46
train/15489.jpg,(5*5)*1=25
train/15490.jpg,4+3*5=19
train/15491.jpg,2-(1*5)=-3
train/15492.jpg,(6+4)+1=11
train/15493.jpg,(9+6)+2=17
train/15494.jpg,9*5*5=225
train/15495.jpg,1*6+7=13
train/15496.jpg,(6*8)+2=50
train/15497.jpg,(6-9)*9=-27
train/15498.jpg,(9-1)*4=32
train/15499.jpg,6-(6+9)=-9
train/15500.jpg,1*(5*7)=35
train/15501.jpg,9-4+4=9
train/15502.jpg,7*7-4=45
train/15503.jpg,2+(4-9)=-3
train/15504.jpg,3*(1-6)=-15
train/15505.jpg,1*4*9=36
train/15506.jpg,5-2+3=6
train/15507.jpg,5*(5-6)=-5
train/15508.jpg,9-(9*5)=-36
train/15509.jpg,(8*5)-9=31
train/15510.jpg,8-(4*7)=-20
train/15511.jpg,6+(9*1)=15
train/15512.jpg,1*4+5=9
train/15513.jpg,(7-2)-8=-3
train/15514.jpg,5*(5-8)=-15
train/15515.jpg,(9+0)*7=63
train/15516.jpg,(4-6)+0=-2
train/15517.jpg,8+(2-8)=2
train/15518.jpg,9+8-8=9
train/15519.jpg,9+0*2=9
train/15520.jpg,7*8*8=448
train/15521.jpg,3-(5+7)=-9
train/15522.jpg,3-(0+1)=2
train/15523.jpg,(7-8)*7=-7
train/15524.jpg,2-7+4=-1
train/15525.jpg,(3+3)+1=7
train/15526.jpg,1-4*4=-15
train/15527.jpg,2*(4+8)=24
train/15528.jpg,5+(3*8)=29
train/15529.jpg,8*1+6=14
train/15530.jpg,4+(9-6)=7
train/15531.jpg,9-(2+2)=5
train/15532.jpg,(5-2)*9=27
train/15533.jpg,(8-7)*1=1
train/15534.jpg,5*(7+5)=60
train/15535.jpg,(9+4)+1=14
train/15536.jpg,9-(8*6)=-39
train/15537.jpg,9-(6+0)=3
train/15538.jpg,4+(5*7)=39
train/15539.jpg,2*9+3=21
train/15540.jpg,(2+0)*9=18
train/15541.jpg,(2+7)*5=45
train/15542.jpg,(4*5)-4=16
train/15543.jpg,5+4*4=21
train/15544.jpg,5-(2+8)=-5
train/15545.jpg,7-9*8=-65
train/15546.jpg,8*(0+0)=0
train/15547.jpg,3+(2*6)=15
train/15548.jpg,2*(5-6)=-2
train/15549.jpg,4*4-9=7
train/15550.jpg,2+5*0=2
train/15551.jpg,0+(8*3)=24
train/15552.jpg,9-(5-1)=5
train/15553.jpg,5+(3-8)=0
train/15554.jpg,7-(2-9)=14
train/15555.jpg,3*3-2=7
train/15556.jpg,(9*9)*3=243
train/15557.jpg,0+5+2=7
train/15558.jpg,7-(9-7)=5
train/15559.jpg,8-7+5=6
train/15560.jpg,0*(6*7)=0
train/15561.jpg,(5*9)*6=270
train/15562.jpg,6+(7*4)=34
train/15563.jpg,(4+2)-6=0
train/15564.jpg,2-(3-9)=8
train/15565.jpg,4+9*7=67
train/15566.jpg,2*4+1=9
train/15567.jpg,7-4+0=3
train/15568.jpg,1*1+4=5
train/15569.jpg,6+9*2=24
train/15570.jpg,(4+7)-9=2
train/15571.jpg,(9+1)+9=19
train/15572.jpg,(5-8)+8=5
train/15573.jpg,(2+1)-3=0
train/15574.jpg,3+6-1=8
train/15575.jpg,9*3*1=27
train/15576.jpg,9*4*5=180
train/15577.jpg,0-3*0=0
train/15578.jpg,9-6+8=11
train/15579.jpg,8+(3*8)=32
train/15580.jpg,0*(4+0)=0
train/15581.jpg,(3+7)-2=8
train/15582.jpg,0*(4+5)=0
train/15583.jpg,4+(7-6)=5
train/15584.jpg,7+7*2=21
train/15585.jpg,1-(4-9)=6
train/15586.jpg,5-(6+8)=-9
train/15587.jpg,1*3-7=-4
train/15588.jpg,0-(1-3)=2
train/15589.jpg,(8-9)-1=-2
train/15590.jpg,(2+0)*4=8
train/15591.jpg,3*5-4=11
train/15592.jpg,3+8-2=9
train/15593.jpg,0*0*8=0
train/15594.jpg,1+2-2=1
train/15595.jpg,3*(2*3)=18
train/15596.jpg,9-(7+6)=-4
train/15597.jpg,7+3-6=4
train/15598.jpg,6+1+6=13
train/15599.jpg,7*1+5=12
train/15600.jpg,(1-2)-2=-3
train/15601.jpg,1+5+1=7
train/15602.jpg,5-(0+6)=-1
train/15603.jpg,8+0*0=8
train/15604.jpg,5+1-4=2
train/15605.jpg,(1-3)-4=-6
train/15606.jpg,9+(7*8)=65
train/15607.jpg,(1+1)-8=-6
train/15608.jpg,5+(9+5)=19
train/15609.jpg,5*0-1=-1
train/15610.jpg,(4+4)+0=8
train/15611.jpg,2*(8-4)=8
train/15612.jpg,8-2+8=14
train/15613.jpg,9*5*5=225
train/15614.jpg,5-(2+7)=-4
train/15615.jpg,(5-3)*5=10
train/15616.jpg,(8-9)-9=-10
train/15617.jpg,1+(2+1)=4
train/15618.jpg,3-9+6=0
train/15619.jpg,1*7*8=56
train/15620.jpg,(8+8)*6=96
train/15621.jpg,8+(0+6)=14
train/15622.jpg,2*(9-6)=6
train/15623.jpg,1-(8+4)=-11
train/15624.jpg,2-(1*4)=-2
train/15625.jpg,7-(8*2)=-9
train/15626.jpg,(8+7)-0=15
train/15627.jpg,8*(7-9)=-16
train/15628.jpg,(1*7)*2=14
train/15629.jpg,0-0*9=0
train/15630.jpg,7+9-5=11
train/15631.jpg,7-(8-7)=6
train/15632.jpg,5-(6*4)=-19
train/15633.jpg,0+0-9=-9
train/15634.jpg,(9-3)+5=11
train/15635.jpg,(3*9)-3=24
train/15636.jpg,6*(5*6)=180
train/15637.jpg,(3*9)+9=36
train/15638.jpg,8+2-2=8
train/15639.jpg,(6+3)*0=0
train/15640.jpg,0-(1*7)=-7
train/15641.jpg,6-(4-6)=8
train/15642.jpg,2+4+1=7
train/15643.jpg,7-8-3=-4
train/15644.jpg,9-2*9=-9
train/15645.jpg,2*(8-1)=14
train/15646.jpg,4+5*0=4
train/15647.jpg,(3+8)+9=20
train/15648.jpg,2-9-2=-9
train/15649.jpg,(0+4)+2=6
train/15650.jpg,3*8*5=120
train/15651.jpg,3+6*0=3
train/15652.jpg,(3-6)-1=-4
train/15653.jpg,3+(1+2)=6
train/15654.jpg,(8+5)+7=20
train/15655.jpg,8+3*6=26
train/15656.jpg,0*2*2=0
train/15657.jpg,3*5*8=120
train/15658.jpg,(6-2)+0=4
train/15659.jpg,(8+7)+9=24
train/15660.jpg,0*4-1=-1
train/15661.jpg,3-(1-8)=10
train/15662.jpg,8-(4+6)=-2
train/15663.jpg,(8*1)+8=16
train/15664.jpg,(0*2)-0=0
train/15665.jpg,(0-8)+1=-7
train/15666.jpg,(9+8)*8=136
train/15667.jpg,(0+5)+7=12
train/15668.jpg,6+(0+4)=10
train/15669.jpg,6-(4-8)=10
train/15670.jpg,3-(0+9)=-6
train/15671.jpg,5+1*1=6
train/15672.jpg,(5*2)*1=10
train/15673.jpg,4+6-7=3
train/15674.jpg,(5-0)-9=-4
train/15675.jpg,0-(1*0)=0
train/15676.jpg,5+6+1=12
train/15677.jpg,4*(7+0)=28
train/15678.jpg,(1*3)+7=10
train/15679.jpg,8-6*0=8
train/15680.jpg,6+0+4=10
train/15681.jpg,2*(4-6)=-4
train/15682.jpg,6*(7-9)=-12
train/15683.jpg,8-(4*0)=8
train/15684.jpg,(0-9)*1=-9
train/15685.jpg,6+(4+3)=13
train/15686.jpg,1*(8*8)=64
train/15687.jpg,0*3*0=0
train/15688.jpg,6*(9+2)=66
train/15689.jpg,(2-0)+8=10
train/15690.jpg,5*(6*2)=60
train/15691.jpg,2-(9*2)=-16
train/15692.jpg,(3*3)-0=9
train/15693.jpg,(6-7)*3=-3
train/15694.jpg,(2+4)*9=54
train/15695.jpg,(0-8)+6=-2
train/15696.jpg,6*(3*2)=36
train/15697.jpg,6*2*0=0
train/15698.jpg,1*4+2=6
train/15699.jpg,(9+9)+6=24
train/15700.jpg,2*(3+6)=18
train/15701.jpg,4*(7-0)=28
train/15702.jpg,8*0-1=-1
train/15703.jpg,(6*3)-1=17
train/15704.jpg,4-7+7=4
train/15705.jpg,(6+5)+5=16
train/15706.jpg,(1+5)*7=42
train/15707.jpg,6-3*9=-21
train/15708.jpg,(0*1)*0=0
train/15709.jpg,(2+4)+0=6
train/15710.jpg,2*(2+5)=14
train/15711.jpg,7-(1*5)=2
train/15712.jpg,(7-5)*9=18
train/15713.jpg,(9-2)+3=10
train/15714.jpg,0-(8-7)=-1
train/15715.jpg,(3+9)*0=0
train/15716.jpg,8-0+7=15
train/15717.jpg,(9*9)*7=567
train/15718.jpg,(2*8)+1=17
train/15719.jpg,(7-6)*7=7
train/15720.jpg,(9*6)-9=45
train/15721.jpg,2+8+4=14
train/15722.jpg,2-(2-3)=3
train/15723.jpg,4-1+5=8
train/15724.jpg,(8+9)+4=21
train/15725.jpg,2+5+6=13
train/15726.jpg,2-5+0=-3
train/15727.jpg,(9-6)+3=6
train/15728.jpg,6-(6-4)=4
train/15729.jpg,(7+7)+4=18
train/15730.jpg,7+(7-0)=14
train/15731.jpg,(1*5)-7=-2
train/15732.jpg,(5*8)+7=47
train/15733.jpg,(5-6)*8=-8
train/15734.jpg,6-2+3=7
train/15735.jpg,6*(0*5)=0
train/15736.jpg,(9*7)+1=64
train/15737.jpg,3-8+5=0
train/15738.jpg,(2+1)-7=-4
train/15739.jpg,1+(0-3)=-2
train/15740.jpg,4*1*0=0
train/15741.jpg,8-6+5=7
train/15742.jpg,4-0+2=6
train/15743.jpg,(0-5)+0=-5
train/15744.jpg,(7*4)*8=224
train/15745.jpg,3-(8-6)=1
train/15746.jpg,2-1-7=-6
train/15747.jpg,7*(1+1)=14
train/15748.jpg,8*4*9=288
train/15749.jpg,7+(4*8)=39
train/15750.jpg,(1-6)-7=-12
train/15751.jpg,(0-3)*5=-15
train/15752.jpg,(7*6)-5=37
train/15753.jpg,4-3-8=-7
train/15754.jpg,3*4*2=24
train/15755.jpg,2*6*1=12
train/15756.jpg,(7+2)-8=1
train/15757.jpg,(0-2)+1=-1
train/15758.jpg,7*(6+9)=105
train/15759.jpg,(3*2)*6=36
train/15760.jpg,(7*6)*5=210
train/15761.jpg,0+8*8=64
train/15762.jpg,4*(2-3)=-4
train/15763.jpg,2*(0+1)=2
train/15764.jpg,4+(7*7)=53
train/15765.jpg,4*(2*5)=40
train/15766.jpg,(6-3)*7=21
train/15767.jpg,(2*7)+6=20
train/15768.jpg,7-(6+0)=1
train/15769.jpg,0+7-1=6
train/15770.jpg,1+3+6=10
train/15771.jpg,5+3*8=29
train/15772.jpg,(5*3)+5=20
train/15773.jpg,(7*5)*5=175
train/15774.jpg,(6-4)-2=0
train/15775.jpg,(6*1)-7=-1
train/15776.jpg,0*(2-8)=0
train/15777.jpg,4*0*0=0
train/15778.jpg,(7*6)-5=37
train/15779.jpg,0*(6-4)=0
train/15780.jpg,4-4+1=1
train/15781.jpg,7-9+2=0
train/15782.jpg,8+8*5=48
train/15783.jpg,7-3-8=-4
train/15784.jpg,2*9+2=20
train/15785.jpg,0+(4*5)=20
train/15786.jpg,2+(9+0)=11
train/15787.jpg,2*1+7=9
train/15788.jpg,8*(1-1)=0
train/15789.jpg,4+(0*6)=4
train/15790.jpg,4+(6*8)=52
train/15791.jpg,1+(2-1)=2
train/15792.jpg,7-(3+7)=-3
train/15793.jpg,7-(7+1)=-1
train/15794.jpg,(5-5)-6=-6
train/15795.jpg,9*(8-7)=9
train/15796.jpg,3-(6-2)=-1
train/15797.jpg,1-(0+0)=1
train/15798.jpg,(0-2)+8=6
train/15799.jpg,0*7*1=0
train/15800.jpg,3-(1+4)=-2
train/15801.jpg,9+6-3=12
train/15802.jpg,(1-5)-9=-13
train/15803.jpg,6+(5-9)=2
train/15804.jpg,(6+9)+1=16
train/15805.jpg,3+(7-4)=6
train/15806.jpg,(6-7)*2=-2
train/15807.jpg,(1-9)+6=-2
train/15808.jpg,(1*0)-0=0
train/15809.jpg,6*6-4=32
train/15810.jpg,1*(9*4)=36
train/15811.jpg,0*6-5=-5
train/15812.jpg,2-(8*4)=-30
train/15813.jpg,5+0-4=1
train/15814.jpg,(3*2)-1=5
train/15815.jpg,7-(3-0)=4
train/15816.jpg,(9+5)-3=11
train/15817.jpg,(7-3)-5=-1
train/15818.jpg,4*5*3=60
train/15819.jpg,0-(7*4)=-28
train/15820.jpg,(2+7)*3=27
train/15821.jpg,6+(4*9)=42
train/15822.jpg,8+(7+2)=17
train/15823.jpg,9+(0*0)=9
train/15824.jpg,4+9*8=76
train/15825.jpg,1+7-8=0
train/15826.jpg,6*8*4=192
train/15827.jpg,(2-2)*7=0
train/15828.jpg,(3-9)*6=-36
train/15829.jpg,1-(5*1)=-4
train/15830.jpg,(5*6)+6=36
train/15831.jpg,1-(3+8)=-10
train/15832.jpg,(7*4)-7=21
train/15833.jpg,4-(5*7)=-31
train/15834.jpg,(2*4)*7=56
train/15835.jpg,(1+9)+5=15
train/15836.jpg,6*4+4=28
train/15837.jpg,4*8+7=39
train/15838.jpg,8+(5-3)=10
train/15839.jpg,(9*3)-0=27
train/15840.jpg,8+(5+5)=18
train/15841.jpg,7*(8*7)=392
train/15842.jpg,5-(7+8)=-10
train/15843.jpg,4+7*6=46
train/15844.jpg,1*(7-4)=3
train/15845.jpg,(6*9)-0=54
train/15846.jpg,(0+6)-3=3
train/15847.jpg,6*(4-1)=18
train/15848.jpg,8+4+6=18
train/15849.jpg,6*6-5=31
train/15850.jpg,7*(7*7)=343
train/15851.jpg,(7-3)+0=4
train/15852.jpg,2-(5*9)=-43
train/15853.jpg,(3-0)-0=3
train/15854.jpg,9*(5-9)=-36
train/15855.jpg,(5+3)*3=24
train/15856.jpg,(8-7)+6=7
train/15857.jpg,4-(5-7)=6
train/15858.jpg,5+5*4=25
train/15859.jpg,6-4*9=-30
train/15860.jpg,5*6*8=240
train/15861.jpg,(8+4)*5=60
train/15862.jpg,4*5+8=28
train/15863.jpg,2*(6+1)=14
train/15864.jpg,6+7-9=4
train/15865.jpg,7+2+0=9
train/15866.jpg,4*6-5=19
train/15867.jpg,5+(5*8)=45
train/15868.jpg,(0*9)+1=1
train/15869.jpg,6+8*8=70
train/15870.jpg,7*9-2=61
train/15871.jpg,9+(0*1)=9
train/15872.jpg,7*3*6=126
train/15873.jpg,0+(7*9)=63
train/15874.jpg,8+1+9=18
train/15875.jpg,5+1+2=8
train/15876.jpg,(0-0)-3=-3
train/15877.jpg,(1+6)*1=7
train/15878.jpg,8-3-3=2
train/15879.jpg,7+5+0=12
train/15880.jpg,9*0+1=1
train/15881.jpg,(7+5)-1=11
train/15882.jpg,2*(0*7)=0
train/15883.jpg,1-(0+0)=1
train/15884.jpg,(8+1)*6=54
train/15885.jpg,(7+2)*5=45
train/15886.jpg,5-(2-6)=9
train/15887.jpg,8+6*3=26
train/15888.jpg,1-(2-1)=0
train/15889.jpg,(0+1)+3=4
train/15890.jpg,(9+7)*9=144
train/15891.jpg,3+(1*0)=3
train/15892.jpg,(7-2)+8=13
train/15893.jpg,5+(8*7)=61
train/15894.jpg,7+(4-5)=6
train/15895.jpg,5-6*1=-1
train/15896.jpg,2-(4+6)=-8
train/15897.jpg,8*6*1=48
train/15898.jpg,9+(2-9)=2
train/15899.jpg,5+4-5=4
train/15900.jpg,6+(7+8)=21
train/15901.jpg,9+(5+8)=22
train/15902.jpg,2-1-0=1
train/15903.jpg,6+(5+7)=18
train/15904.jpg,4-(4+0)=0
train/15905.jpg,8+(8*7)=64
train/15906.jpg,8+(4+2)=14
train/15907.jpg,(5*1)-9=-4
train/15908.jpg,4*(0-6)=-24
train/15909.jpg,1+7*6=43
train/15910.jpg,0+(2+2)=4
train/15911.jpg,8+6-9=5
train/15912.jpg,5*(2+9)=55
train/15913.jpg,5+1-7=-1
train/15914.jpg,8*(0+0)=0
train/15915.jpg,2*8*6=96
train/15916.jpg,(4-6)-5=-7
train/15917.jpg,8-9*5=-37
train/15918.jpg,(7+2)-6=3
train/15919.jpg,(1+3)*7=28
train/15920.jpg,9-(5-1)=5
train/15921.jpg,(5*8)-4=36
train/15922.jpg,0+(1*4)=4
train/15923.jpg,0*(0-7)=0
train/15924.jpg,2+(6-4)=4
train/15925.jpg,5+(4*1)=9
train/15926.jpg,6+0*6=6
train/15927.jpg,7-9*4=-29
train/15928.jpg,8+1+3=12
train/15929.jpg,9+1+4=14
train/15930.jpg,9+9+1=19
train/15931.jpg,3-6*7=-39
train/15932.jpg,(6+7)+5=18
train/15933.jpg,4+5*9=49
train/15934.jpg,3*5*2=30
train/15935.jpg,5-0+2=7
train/15936.jpg,8+7+4=19
train/15937.jpg,(9-7)+1=3
train/15938.jpg,4+7+0=11
train/15939.jpg,4-4+4=4
train/15940.jpg,(7-8)*2=-2
train/15941.jpg,(0-4)-7=-11
train/15942.jpg,5*(9-5)=20
train/15943.jpg,(6+7)+7=20
train/15944.jpg,9*1*7=63
train/15945.jpg,(9*9)+4=85
train/15946.jpg,7*2-2=12
train/15947.jpg,7*(2-6)=-28
train/15948.jpg,0-(6+8)=-14
train/15949.jpg,8*6+1=49
train/15950.jpg,4+6*7=46
train/15951.jpg,4+3*4=16
train/15952.jpg,(5-2)-7=-4
train/15953.jpg,6*7+3=45
train/15954.jpg,(4+0)-4=0
train/15955.jpg,6*2*9=108
train/15956.jpg,(1-4)-8=-11
train/15957.jpg,0-(0+6)=-6
train/15958.jpg,0-(6-3)=-3
train/15959.jpg,(0+9)+7=16
train/15960.jpg,(5*1)*4=20
train/15961.jpg,(3-1)-7=-5
train/15962.jpg,1*(2+6)=8
train/15963.jpg,3*(1-4)=-9
train/15964.jpg,2*(1*6)=12
train/15965.jpg,7-(6-6)=7
train/15966.jpg,4+(2+5)=11
train/15967.jpg,6-(9+6)=-9
train/15968.jpg,(3+7)*0=0
train/15969.jpg,7-(0+3)=4
train/15970.jpg,4-(3+9)=-8
train/15971.jpg,9+(4+6)=19
train/15972.jpg,6*(8-0)=48
train/15973.jpg,0+3*6=18
train/15974.jpg,8+(0-3)=5
train/15975.jpg,(8-3)-2=3
train/15976.jpg,9*2+1=19
train/15977.jpg,7-(1+9)=-3
train/15978.jpg,1-(1*1)=0
train/15979.jpg,5*2-4=6
train/15980.jpg,5-9+8=4
train/15981.jpg,7*(6*8)=336
train/15982.jpg,4-(2-8)=10
train/15983.jpg,(2-5)*7=-21
train/15984.jpg,0-9*1=-9
train/15985.jpg,5+(8+2)=15
train/15986.jpg,0+6-6=0
train/15987.jpg,0-(6+8)=-14
train/15988.jpg,8-(1-1)=8
train/15989.jpg,8-(9*9)=-73
train/15990.jpg,4*7+8=36
train/15991.jpg,1-9-1=-9
train/15992.jpg,(3+5)+8=16
train/15993.jpg,(5-2)-0=3
train/15994.jpg,3+(7-8)=2
train/15995.jpg,4+6*3=22
train/15996.jpg,8-(0*0)=8
train/15997.jpg,4*5-8=12
train/15998.jpg,0-(7+9)=-16
train/15999.jpg,7*1+0=7
train/16000.jpg,(5-0)-4=1
train/16001.jpg,9+2-4=7
train/16002.jpg,9*(8*7)=504
train/16003.jpg,(8+3)+2=13
train/16004.jpg,(9+9)+6=24
train/16005.jpg,9*(1*8)=72
train/16006.jpg,(3-4)-9=-10
train/16007.jpg,6*1+6=12
train/16008.jpg,6*(6*4)=144
train/16009.jpg,(7*2)-8=6
train/16010.jpg,9*(7+7)=126
train/16011.jpg,5-6-6=-7
train/16012.jpg,0+5-7=-2
train/16013.jpg,(1*6)+6=12
train/16014.jpg,(6*2)-1=11
train/16015.jpg,4-(7+2)=-5
train/16016.jpg,(0*5)*6=0
train/16017.jpg,(6*4)-3=21
train/16018.jpg,(8+2)+4=14
train/16019.jpg,5+4-9=0
train/16020.jpg,7-(5-0)=2
train/16021.jpg,(4+4)+5=13
train/16022.jpg,0-(6*8)=-48
train/16023.jpg,(2*4)+6=14
train/16024.jpg,1+8*7=57
train/16025.jpg,4+(6*1)=10
train/16026.jpg,5*5*7=175
train/16027.jpg,(2-0)*0=0
train/16028.jpg,2+9-8=3
train/16029.jpg,9-6+2=5
train/16030.jpg,8+3-7=4
train/16031.jpg,5-5*6=-25
train/16032.jpg,(7*6)+4=46
train/16033.jpg,1-1*1=0
train/16034.jpg,(7*2)+6=20
train/16035.jpg,0+8*3=24
train/16036.jpg,(4+8)*9=108
train/16037.jpg,5-(0+0)=5
train/16038.jpg,(3-5)+9=7
train/16039.jpg,(3-7)*9=-36
train/16040.jpg,3-2+1=2
train/16041.jpg,(7*7)+6=55
train/16042.jpg,(1-1)-0=0
train/16043.jpg,4+3*1=7
train/16044.jpg,5*(6*8)=240
train/16045.jpg,(4+7)-1=10
train/16046.jpg,1*(1*5)=5
train/16047.jpg,7+(4+0)=11
train/16048.jpg,4+6*5=34
train/16049.jpg,(0+3)-8=-5
train/16050.jpg,(3-5)-0=-2
train/16051.jpg,(9-8)-3=-2
train/16052.jpg,8-(1+2)=5
train/16053.jpg,(2*7)*1=14
train/16054.jpg,(2-0)*4=8
train/16055.jpg,(8*6)*0=0
train/16056.jpg,9*(8-1)=63
train/16057.jpg,6*4+0=24
train/16058.jpg,9-7-7=-5
train/16059.jpg,(3+2)+6=11
train/16060.jpg,9*(7*4)=252
train/16061.jpg,5*(5*7)=175
train/16062.jpg,1*(3+4)=7
train/16063.jpg,6-7+1=0
train/16064.jpg,9-(7-1)=3
train/16065.jpg,3+(3*9)=30
train/16066.jpg,3-(4+5)=-6
train/16067.jpg,(0+6)-5=1
train/16068.jpg,(5*6)+6=36
train/16069.jpg,(8+5)+0=13
train/16070.jpg,9+(4-6)=7
train/16071.jpg,2*(8-1)=14
train/16072.jpg,5+(0*9)=5
train/16073.jpg,(7*5)+1=36
train/16074.jpg,7-(9-4)=2
train/16075.jpg,(2*8)*4=64
train/16076.jpg,5-(5-0)=0
train/16077.jpg,3-(5-6)=4
train/16078.jpg,8-3*1=5
train/16079.jpg,0*(6-2)=0
train/16080.jpg,(6*5)-4=26
train/16081.jpg,0*(0*8)=0
train/16082.jpg,9*7-8=55
train/16083.jpg,(7*3)-1=20
train/16084.jpg,8*7+6=62
train/16085.jpg,(4*9)*8=288
train/16086.jpg,4*(3+6)=36
train/16087.jpg,(1+7)*1=8
train/16088.jpg,8*(8-0)=64
train/16089.jpg,(3-3)+2=2
train/16090.jpg,(3-7)*0=0
train/16091.jpg,7+(7*4)=35
train/16092.jpg,9*2-4=14
train/16093.jpg,(6*8)*0=0
train/16094.jpg,1-0*1=1
train/16095.jpg,(9+6)-4=11
train/16096.jpg,2*7+0=14
train/16097.jpg,2*(4+5)=18
train/16098.jpg,(2-4)-3=-5
train/16099.jpg,7-2*7=-7
train/16100.jpg,1+(9+2)=12
train/16101.jpg,(4*3)*1=12
train/16102.jpg,(1-0)+0=1
train/16103.jpg,(0+9)-4=5
train/16104.jpg,4-(1*6)=-2
train/16105.jpg,6-(1-6)=11
train/16106.jpg,0+0+6=6
train/16107.jpg,6+2-8=0
train/16108.jpg,(0+9)-5=4
train/16109.jpg,8-9*6=-46
train/16110.jpg,(0-7)*5=-35
train/16111.jpg,4-0*4=4
train/16112.jpg,(9+5)*5=70
train/16113.jpg,(5-5)*6=0
train/16114.jpg,(1*2)+2=4
train/16115.jpg,1+(4*0)=1
train/16116.jpg,(6+4)+3=13
train/16117.jpg,3*9-3=24
train/16118.jpg,(5*0)-0=0
train/16119.jpg,4+(2-1)=5
train/16120.jpg,(7+2)-9=0
train/16121.jpg,(5-2)+1=4
train/16122.jpg,3+(3*9)=30
train/16123.jpg,(9-6)+5=8
train/16124.jpg,5*7*6=210
train/16125.jpg,1+8+7=16
train/16126.jpg,(6-6)+9=9
train/16127.jpg,4-(9*0)=4
train/16128.jpg,2*(5+8)=26
train/16129.jpg,(2-7)-1=-6
train/16130.jpg,6*3*3=54
train/16131.jpg,5-9+1=-3
train/16132.jpg,(7+2)-3=6
train/16133.jpg,4-0-6=-2
train/16134.jpg,(0+3)-5=-2
train/16135.jpg,0*6+9=9
train/16136.jpg,0-0*6=0
train/16137.jpg,1+6-3=4
train/16138.jpg,6*9*2=108
train/16139.jpg,(0-2)*7=-14
train/16140.jpg,(6-7)*7=-7
train/16141.jpg,5+(4*8)=37
train/16142.jpg,(7+7)*8=112
train/16143.jpg,(3*4)-8=4
train/16144.jpg,9+9+3=21
train/16145.jpg,8-2*2=4
train/16146.jpg,2+(0*1)=2
train/16147.jpg,(6-4)*0=0
train/16148.jpg,(0*4)-4=-4
train/16149.jpg,(5+3)*0=0
train/16150.jpg,8+4-0=12
train/16151.jpg,(4-6)+3=1
train/16152.jpg,5-(7*8)=-51
train/16153.jpg,(9-0)+3=12
train/16154.jpg,6+(4+5)=15
train/16155.jpg,8-8+5=5
train/16156.jpg,5*(9+2)=55
train/16157.jpg,6+7+3=16
train/16158.jpg,(6*8)+2=50
train/16159.jpg,5+(5*7)=40
train/16160.jpg,4-9+5=0
train/16161.jpg,(1*9)-1=8
train/16162.jpg,(6*8)-1=47
train/16163.jpg,5*(7*8)=280
train/16164.jpg,6*(9+6)=90
train/16165.jpg,7-(0-5)=12
train/16166.jpg,8+5+5=18
train/16167.jpg,9*2+7=25
train/16168.jpg,(6-3)+0=3
train/16169.jpg,2*(0-9)=-18
train/16170.jpg,(5-7)-0=-2
train/16171.jpg,(8+9)+4=21
train/16172.jpg,6-2*8=-10
train/16173.jpg,9+3*1=12
train/16174.jpg,7-9-1=-3
train/16175.jpg,0-4-0=-4
train/16176.jpg,0*(1-6)=0
train/16177.jpg,(2+5)*9=63
train/16178.jpg,4*1+7=11
train/16179.jpg,1*(8-2)=6
train/16180.jpg,7*1+4=11
train/16181.jpg,(8*9)+9=81
train/16182.jpg,9*1*1=9
train/16183.jpg,(9+0)+6=15
train/16184.jpg,(8*1)*3=24
train/16185.jpg,6*5*4=120
train/16186.jpg,3*(5-9)=-12
train/16187.jpg,(3-4)*8=-8
train/16188.jpg,8*8-3=61
train/16189.jpg,(6+2)*3=24
train/16190.jpg,5+(1-4)=2
train/16191.jpg,4+4+7=15
train/16192.jpg,0-1-6=-7
train/16193.jpg,(0-0)*7=0
train/16194.jpg,3*(2-4)=-6
train/16195.jpg,(6*1)+1=7
train/16196.jpg,7-7*0=7
train/16197.jpg,9*5+1=46
train/16198.jpg,4-(0-9)=13
train/16199.jpg,(4-5)-3=-4
train/16200.jpg,(1-9)+1=-7
train/16201.jpg,0+(8-7)=1
train/16202.jpg,0-9*5=-45
train/16203.jpg,4-(6+5)=-7
train/16204.jpg,4+9-2=11
train/16205.jpg,9-6*0=9
train/16206.jpg,7*(1+3)=28
train/16207.jpg,(0*2)+5=5
train/16208.jpg,(0-0)*6=0
train/16209.jpg,(4-5)+6=5
train/16210.jpg,(6-0)+3=9
train/16211.jpg,5-(9*7)=-58
train/16212.jpg,4+(3+0)=7
train/16213.jpg,(8+2)-7=3
train/16214.jpg,(1+7)*7=56
train/16215.jpg,5+(8-4)=9
train/16216.jpg,3+(0+0)=3
train/16217.jpg,(8*6)*4=192
train/16218.jpg,(3*5)-2=13
train/16219.jpg,0*4+6=6
train/16220.jpg,3*(3*6)=54
train/16221.jpg,3+(6-6)=3
train/16222.jpg,(6+8)+7=21
train/16223.jpg,(8+7)-8=7
train/16224.jpg,(3+0)-5=-2
train/16225.jpg,(6+9)*9=135
train/16226.jpg,8*(2*5)=80
train/16227.jpg,(6-9)-8=-11
train/16228.jpg,8-(9*9)=-73
train/16229.jpg,(4+0)+7=11
train/16230.jpg,7-(9+0)=-2
train/16231.jpg,2-(2*6)=-10
train/16232.jpg,6-7+8=7
train/16233.jpg,8+7*2=22
train/16234.jpg,7+6+5=18
train/16235.jpg,9-(5+3)=1
train/16236.jpg,1+1*7=8
train/16237.jpg,3*6-3=15
train/16238.jpg,9*0+8=8
train/16239.jpg,(9*8)*8=576
train/16240.jpg,6*5-5=25
train/16241.jpg,9*4*4=144
train/16242.jpg,(4-2)+2=4
train/16243.jpg,(7-8)-5=-6
train/16244.jpg,8*8*9=576
train/16245.jpg,9+1+3=13
train/16246.jpg,(4-8)*6=-24
train/16247.jpg,9-(1-4)=12
train/16248.jpg,4-4+2=2
train/16249.jpg,5+(1*9)=14
train/16250.jpg,4-(1+0)=3
train/16251.jpg,(8*6)+3=51
train/16252.jpg,9*3-6=21
train/16253.jpg,1-7+8=2
train/16254.jpg,(8*7)*1=56
train/16255.jpg,7-(4*9)=-29
train/16256.jpg,0-(7-2)=-5
train/16257.jpg,6-(9-4)=1
train/16258.jpg,4+(8*7)=60
train/16259.jpg,(7+8)-6=9
train/16260.jpg,(0*2)-6=-6
train/16261.jpg,6+1*8=14
train/16262.jpg,(0-1)+2=1
train/16263.jpg,(2*8)+6=22
train/16264.jpg,(4*5)+8=28
train/16265.jpg,4*8+3=35
train/16266.jpg,(1+6)-4=3
train/16267.jpg,(5+8)*7=91
train/16268.jpg,5*5*6=150
train/16269.jpg,(2-4)-1=-3
train/16270.jpg,1+(5-3)=3
train/16271.jpg,4+5*8=44
train/16272.jpg,7+2*4=15
train/16273.jpg,(4-3)*5=5
train/16274.jpg,(4-7)+1=-2
train/16275.jpg,9+5-4=10
train/16276.jpg,6-2+1=5
train/16277.jpg,1+(7-5)=3
train/16278.jpg,1+8-1=8
train/16279.jpg,4*9+7=43
train/16280.jpg,0*9*6=0
train/16281.jpg,5-(8*4)=-27
train/16282.jpg,(8*8)*8=512
train/16283.jpg,0+0-3=-3
train/16284.jpg,(1*0)-5=-5
train/16285.jpg,(0-2)+5=3
train/16286.jpg,1+3+3=7
train/16287.jpg,2+7+7=16
train/16288.jpg,(2+2)*5=20
train/16289.jpg,2*5-7=3
train/16290.jpg,5-2*4=-3
train/16291.jpg,0-(6-1)=-5
train/16292.jpg,9*(9+1)=90
train/16293.jpg,(0*4)*0=0
train/16294.jpg,9+(7*6)=51
train/16295.jpg,(5+6)+6=17
train/16296.jpg,(4+0)-1=3
train/16297.jpg,(6-6)*8=0
train/16298.jpg,0+(7+9)=16
train/16299.jpg,8+(6-5)=9
train/16300.jpg,4*4*4=64
train/16301.jpg,(7+5)*8=96
train/16302.jpg,(1-0)+6=7
train/16303.jpg,(8-5)+7=10
train/16304.jpg,8+0-5=3
train/16305.jpg,(5+2)+4=11
train/16306.jpg,(6-8)-1=-3
train/16307.jpg,0*(3*3)=0
train/16308.jpg,3-(3*7)=-18
train/16309.jpg,9*(8*9)=648
train/16310.jpg,(6-8)+9=7
train/16311.jpg,(3-0)-2=1
train/16312.jpg,5-(1*1)=4
train/16313.jpg,(7-3)-0=4
train/16314.jpg,5*(7-5)=10
train/16315.jpg,(2-6)*7=-28
train/16316.jpg,(5+6)-6=5
train/16317.jpg,(8*4)+2=34
train/16318.jpg,1-(6*6)=-35
train/16319.jpg,3-7*3=-18
train/16320.jpg,(2*5)+1=11
train/16321.jpg,5*4*9=180
train/16322.jpg,9-(3-2)=8
train/16323.jpg,1-(0+3)=-2
train/16324.jpg,4+(2+3)=9
train/16325.jpg,2+1-8=-5
train/16326.jpg,(6-4)-0=2
train/16327.jpg,2*4-3=5
train/16328.jpg,1+(4-7)=-2
train/16329.jpg,4+(5-4)=5
train/16330.jpg,2*4*1=8
train/16331.jpg,3*4*2=24
train/16332.jpg,(8-3)+0=5
train/16333.jpg,(2+4)+6=12
train/16334.jpg,(6+4)+7=17
train/16335.jpg,2-4+1=-1
train/16336.jpg,9-(7*8)=-47
train/16337.jpg,(1-7)*5=-30
train/16338.jpg,(9*8)*3=216
train/16339.jpg,5-3-8=-6
train/16340.jpg,5-(0*5)=5
train/16341.jpg,5+(5-6)=4
train/16342.jpg,3+(0+1)=4
train/16343.jpg,(4+0)-9=-5
train/16344.jpg,(0-2)*6=-12
train/16345.jpg,2*0*0=0
train/16346.jpg,5+(1-3)=3
train/16347.jpg,9*8+5=77
train/16348.jpg,(4-0)*4=16
train/16349.jpg,9*8+7=79
train/16350.jpg,(7*2)*9=126
train/16351.jpg,(3+6)+7=16
train/16352.jpg,(7-9)*0=0
train/16353.jpg,6-(8+8)=-10
train/16354.jpg,(7*3)+2=23
train/16355.jpg,4*0*7=0
train/16356.jpg,3*(4*5)=60
train/16357.jpg,8*1+3=11
train/16358.jpg,6*9-9=45
train/16359.jpg,9+(3+1)=13
train/16360.jpg,1*2+7=9
train/16361.jpg,6-2*4=-2
train/16362.jpg,1-6-2=-7
train/16363.jpg,(4-7)*0=0
train/16364.jpg,2-5*7=-33
train/16365.jpg,8*7*5=280
train/16366.jpg,9*3*9=243
train/16367.jpg,(4-5)*0=0
train/16368.jpg,(0+0)-8=-8
train/16369.jpg,(9+2)*7=77
train/16370.jpg,(0*6)*7=0
train/16371.jpg,(8-6)+7=9
train/16372.jpg,(2*4)+0=8
train/16373.jpg,2*2+9=13
train/16374.jpg,4+7-5=6
train/16375.jpg,(3*8)*2=48
train/16376.jpg,4+(4*3)=16
train/16377.jpg,5+(3-5)=3
train/16378.jpg,1-(1+3)=-3
train/16379.jpg,(1*3)+3=6
train/16380.jpg,(7-8)*6=-6
train/16381.jpg,(8+5)+3=16
train/16382.jpg,(1*2)-2=0
train/16383.jpg,2+(8*2)=18
train/16384.jpg,3-6-9=-12
train/16385.jpg,7+5+9=21
train/16386.jpg,3+(7+5)=15
train/16387.jpg,(2+3)*1=5
train/16388.jpg,6*9*8=432
train/16389.jpg,2+1-6=-3
train/16390.jpg,(6+3)-0=9
train/16391.jpg,(6+6)-5=7
train/16392.jpg,2+(6*9)=56
train/16393.jpg,(2+4)*1=6
train/16394.jpg,7-(3+0)=4
train/16395.jpg,(3-9)-3=-9
train/16396.jpg,9*(3+4)=63
train/16397.jpg,5*(8-9)=-5
train/16398.jpg,(9+2)-7=4
train/16399.jpg,1*(3-9)=-6
train/16400.jpg,4*(4-7)=-12
train/16401.jpg,(5*1)*4=20
train/16402.jpg,4*(9*3)=108
train/16403.jpg,4-(0-1)=5
train/16404.jpg,9+8-8=9
train/16405.jpg,0*9*2=0
train/16406.jpg,(4+4)-1=7
train/16407.jpg,0-9*1=-9
train/16408.jpg,(7-4)*2=6
train/16409.jpg,2-7+9=4
train/16410.jpg,7+(3-0)=10
train/16411.jpg,2+4+8=14
train/16412.jpg,(6*6)*1=36
train/16413.jpg,1-(6-6)=1
train/16414.jpg,(3*8)-9=15
train/16415.jpg,0*(6+6)=0
train/16416.jpg,(3+3)+9=15
train/16417.jpg,1+(3-3)=1
train/16418.jpg,6+4+7=17
train/16419.jpg,2+(7+0)=9
train/16420.jpg,9-7-0=2
train/16421.jpg,(1-4)*3=-9
train/16422.jpg,(2+0)+4=6
train/16423.jpg,4-(0-2)=6
train/16424.jpg,9-(1+3)=5
train/16425.jpg,1-(3+3)=-5
train/16426.jpg,7*2*0=0
train/16427.jpg,(9-4)-4=1
train/16428.jpg,(4+8)*8=96
train/16429.jpg,6-(8*2)=-10
train/16430.jpg,(0*9)-7=-7
train/16431.jpg,2+(1*9)=11
train/16432.jpg,(8-7)-7=-6
train/16433.jpg,3+(9+9)=21
train/16434.jpg,(8+5)-7=6
train/16435.jpg,5-6+6=5
train/16436.jpg,0*4+1=1
train/16437.jpg,2*(6+1)=14
train/16438.jpg,7*1*9=63
train/16439.jpg,(9-4)*1=5
train/16440.jpg,6-(6*1)=0
train/16441.jpg,(2*4)-3=5
train/16442.jpg,7+1+5=13
train/16443.jpg,(5*3)+8=23
train/16444.jpg,4*(9*8)=288
train/16445.jpg,(5*4)+8=28
train/16446.jpg,3-1-0=2
train/16447.jpg,9-(7+0)=2
train/16448.jpg,(6+7)*1=13
train/16449.jpg,8-1+9=16
train/16450.jpg,1-(5*1)=-4
train/16451.jpg,6-8+1=-1
train/16452.jpg,8*3*2=48
train/16453.jpg,(2+1)-1=2
train/16454.jpg,6*8+2=50
train/16455.jpg,6-0-8=-2
train/16456.jpg,0*7+5=5
train/16457.jpg,(2*8)-5=11
train/16458.jpg,(3+8)-6=5
train/16459.jpg,(8-9)-0=-1
train/16460.jpg,5+(5-2)=8
train/16461.jpg,8+3*5=23
train/16462.jpg,0+(2-2)=0
train/16463.jpg,(3+7)-0=10
train/16464.jpg,0*(7+4)=0
train/16465.jpg,2-(0+2)=0
train/16466.jpg,2*(9+5)=28
train/16467.jpg,6-2*9=-12
train/16468.jpg,3-7+9=5
train/16469.jpg,7-4*8=-25
train/16470.jpg,(4+5)-5=4
train/16471.jpg,6-8*1=-2
train/16472.jpg,8-6+7=9
train/16473.jpg,1-(8+4)=-11
train/16474.jpg,6-(7+5)=-6
train/16475.jpg,9-8+2=3
train/16476.jpg,(5-1)+4=8
train/16477.jpg,5-(1-7)=11
train/16478.jpg,6*5+0=30
train/16479.jpg,(5*9)*5=225
train/16480.jpg,7+4-0=11
train/16481.jpg,(0-2)-0=-2
train/16482.jpg,5*3+4=19
train/16483.jpg,5*(3-2)=5
train/16484.jpg,7+9+1=17
train/16485.jpg,7*(5-2)=21
train/16486.jpg,7*2+0=14
train/16487.jpg,4-(7*1)=-3
train/16488.jpg,(8*5)+7=47
train/16489.jpg,(5-1)-2=2
train/16490.jpg,2-5*4=-18
train/16491.jpg,3*(0*4)=0
train/16492.jpg,0*9*7=0
train/16493.jpg,(6+6)+3=15
train/16494.jpg,2+(8*9)=74
train/16495.jpg,(6+1)*8=56
train/16496.jpg,8+6*4=32
train/16497.jpg,(7-4)*7=21
train/16498.jpg,1-6-2=-7
train/16499.jpg,5*(7+3)=50
train/16500.jpg,(7-6)-0=1
train/16501.jpg,5*1-0=5
train/16502.jpg,8+5-8=5
train/16503.jpg,4+(0+0)=4
train/16504.jpg,(3+7)*9=90
train/16505.jpg,2+1-2=1
train/16506.jpg,0*1*2=0
train/16507.jpg,8*1-9=-1
train/16508.jpg,(7*4)+3=31
train/16509.jpg,0*2*1=0
train/16510.jpg,7+(0*4)=7
train/16511.jpg,(4+1)-1=4
train/16512.jpg,2*7-9=5
train/16513.jpg,7-5+1=3
train/16514.jpg,4+(4+3)=11
train/16515.jpg,(6+1)+1=8
train/16516.jpg,1+(8*1)=9
train/16517.jpg,4+6-3=7
train/16518.jpg,9*8-7=65
train/16519.jpg,8*1+9=17
train/16520.jpg,5*7+2=37
train/16521.jpg,6*6-4=32
train/16522.jpg,4+1-6=-1
train/16523.jpg,0*(3*7)=0
train/16524.jpg,0-(6*3)=-18
train/16525.jpg,9-2-4=3
train/16526.jpg,1-9+8=0
train/16527.jpg,2-2*5=-8
train/16528.jpg,5-4-8=-7
train/16529.jpg,(1-2)-0=-1
train/16530.jpg,(4+3)*2=14
train/16531.jpg,3+3+3=9
train/16532.jpg,(6-3)+1=4
train/16533.jpg,5*5-1=24
train/16534.jpg,(5-4)+7=8
train/16535.jpg,4+(8+5)=17
train/16536.jpg,6-(8+3)=-5
train/16537.jpg,9*4*4=144
train/16538.jpg,(9*7)+4=67
train/16539.jpg,(0+1)+9=10
train/16540.jpg,(0-2)+7=5
train/16541.jpg,2-4+1=-1
train/16542.jpg,(8+1)*2=18
train/16543.jpg,3*(1*2)=6
train/16544.jpg,9+(2+2)=13
train/16545.jpg,3*2*8=48
train/16546.jpg,(7-0)-7=0
train/16547.jpg,1*4-0=4
train/16548.jpg,9*(0-5)=-45
train/16549.jpg,(5*1)+6=11
train/16550.jpg,(8+4)+6=18
train/16551.jpg,8-(5-8)=11
train/16552.jpg,0-5-7=-12
train/16553.jpg,8*8-0=64
train/16554.jpg,5-(6+5)=-6
train/16555.jpg,0*2+2=2
train/16556.jpg,9*4-8=28
train/16557.jpg,3+1+5=9
train/16558.jpg,3*3+6=15
train/16559.jpg,9+(7+9)=25
train/16560.jpg,9*(7-8)=-9
train/16561.jpg,1*(3*3)=9
train/16562.jpg,(3+4)-0=7
train/16563.jpg,7+(7*5)=42
train/16564.jpg,7*0-2=-2
train/16565.jpg,7-3-0=4
train/16566.jpg,5-(7-4)=2
train/16567.jpg,(5+4)*9=81
train/16568.jpg,(0*9)*4=0
train/16569.jpg,(8*6)*0=0
train/16570.jpg,2-(1*0)=2
train/16571.jpg,(1*4)+0=4
train/16572.jpg,2+8+8=18
train/16573.jpg,7+(0+6)=13
train/16574.jpg,9*(4*9)=324
train/16575.jpg,(9*3)-7=20
train/16576.jpg,(8*2)*5=80
train/16577.jpg,8+0+2=10
train/16578.jpg,0+(6-3)=3
train/16579.jpg,2-2+3=3
train/16580.jpg,(6+5)*5=55
train/16581.jpg,6*(5*3)=90
train/16582.jpg,3-(7-4)=0
train/16583.jpg,7-3-8=-4
train/16584.jpg,0+(8*5)=40
train/16585.jpg,7*(5+6)=77
train/16586.jpg,(3*9)-6=21
train/16587.jpg,(3+5)-7=1
train/16588.jpg,6+(5*6)=36
train/16589.jpg,5-(3+5)=-3
train/16590.jpg,9+0+9=18
train/16591.jpg,0*(7*5)=0
train/16592.jpg,8-(1+2)=5
train/16593.jpg,4+(1-7)=-2
train/16594.jpg,(4+3)+0=7
train/16595.jpg,3*3+6=15
train/16596.jpg,4+9-2=11
train/16597.jpg,9*(2+5)=63
train/16598.jpg,2-(5+2)=-5
train/16599.jpg,9+(1*2)=11
train/16600.jpg,(9*8)-3=69
train/16601.jpg,0+(8-4)=4
train/16602.jpg,1-(8-4)=-3
train/16603.jpg,8*6+1=49
train/16604.jpg,6-(7-6)=5
train/16605.jpg,0*1*4=0
train/16606.jpg,5-9-6=-10
train/16607.jpg,9-9*7=-54
train/16608.jpg,(5-5)+9=9
train/16609.jpg,2-3+4=3
train/16610.jpg,(1*0)-9=-9
train/16611.jpg,4*6*3=72
train/16612.jpg,8-(7-4)=5
train/16613.jpg,(0-5)+0=-5
train/16614.jpg,7-(5*2)=-3
train/16615.jpg,(6-9)*4=-12
train/16616.jpg,6-(8-5)=3
train/16617.jpg,6-(8+1)=-3
train/16618.jpg,(2-7)+1=-4
train/16619.jpg,(2-9)*4=-28
train/16620.jpg,7+8*0=7
train/16621.jpg,8-0-5=3
train/16622.jpg,0*0-0=0
train/16623.jpg,(7-0)-9=-2
train/16624.jpg,2-0*8=2
train/16625.jpg,4-1*2=2
train/16626.jpg,(7*3)-8=13
train/16627.jpg,9+(7*7)=58
train/16628.jpg,3-9+5=-1
train/16629.jpg,(1*8)-5=3
train/16630.jpg,8-(7*7)=-41
train/16631.jpg,(9-6)+2=5
train/16632.jpg,(3*9)*4=108
train/16633.jpg,3-8-4=-9
train/16634.jpg,6*2*8=96
train/16635.jpg,2*4+7=15
train/16636.jpg,6*7*6=252
train/16637.jpg,2-(7*0)=2
train/16638.jpg,4*(2+9)=44
train/16639.jpg,(9*6)-8=46
train/16640.jpg,2+2-7=-3
train/16641.jpg,4-6-7=-9
train/16642.jpg,(1+1)+0=2
train/16643.jpg,(4+9)*0=0
train/16644.jpg,7+(3-2)=8
train/16645.jpg,7-1*6=1
train/16646.jpg,8*3*9=216
train/16647.jpg,6-(9-1)=-2
train/16648.jpg,(8+5)+5=18
train/16649.jpg,5*9*6=270
train/16650.jpg,4+(9-9)=4
train/16651.jpg,0+(3*2)=6
train/16652.jpg,0+3*8=24
train/16653.jpg,(5*9)+4=49
train/16654.jpg,0-(0-8)=8
train/16655.jpg,(3*2)-9=-3
train/16656.jpg,(6*2)+7=19
train/16657.jpg,0-(1*4)=-4
train/16658.jpg,9+3-6=6
train/16659.jpg,1*(8+0)=8
train/16660.jpg,(6+9)*1=15
train/16661.jpg,7-(9*4)=-29
train/16662.jpg,5+(7+0)=12
train/16663.jpg,6-7*3=-15
train/16664.jpg,6*(1+2)=18
train/16665.jpg,(7-1)+6=12
train/16666.jpg,8-(2*7)=-6
train/16667.jpg,2+7-8=1
train/16668.jpg,(3*7)*7=147
train/16669.jpg,0-1*6=-6
train/16670.jpg,(0-4)+0=-4
train/16671.jpg,4*4+4=20
train/16672.jpg,1+2-1=2
train/16673.jpg,6-1+5=10
train/16674.jpg,3*5-6=9
train/16675.jpg,0-7-7=-14
train/16676.jpg,8+(6+1)=15
train/16677.jpg,7+(7*3)=28
train/16678.jpg,(3*4)+1=13
train/16679.jpg,9-(5*4)=-11
train/16680.jpg,(3+0)+1=4
train/16681.jpg,9-2+6=13
train/16682.jpg,3+(6*0)=3
train/16683.jpg,(6*1)-0=6
train/16684.jpg,(6*0)+0=0
train/16685.jpg,9+(0-1)=8
train/16686.jpg,7+6-2=11
train/16687.jpg,7-0*4=7
train/16688.jpg,6*0*5=0
train/16689.jpg,3-6-0=-3
train/16690.jpg,(1-1)*1=0
train/16691.jpg,8-(9-6)=5
train/16692.jpg,3-5+9=7
train/16693.jpg,5-0-1=4
train/16694.jpg,(0*2)+7=7
train/16695.jpg,3*6*5=90
train/16696.jpg,(3*0)*5=0
train/16697.jpg,7+(7*3)=28
train/16698.jpg,1-(5-5)=1
train/16699.jpg,(2*4)*2=16
train/16700.jpg,1*3*8=24
train/16701.jpg,(7+2)-5=4
train/16702.jpg,0-(5*3)=-15
train/16703.jpg,(9-2)-2=5
train/16704.jpg,5-9*3=-22
train/16705.jpg,1-(9-1)=-7
train/16706.jpg,(4+2)+4=10
train/16707.jpg,(0*1)-5=-5
train/16708.jpg,(0*0)*3=0
train/16709.jpg,2-6*2=-10
train/16710.jpg,3-9-6=-12
train/16711.jpg,5-3+4=6
train/16712.jpg,4*1*5=20
train/16713.jpg,2+8*9=74
train/16714.jpg,(8+8)*6=96
train/16715.jpg,3-(7-3)=-1
train/16716.jpg,3-6*7=-39
train/16717.jpg,0-0*0=0
train/16718.jpg,(8+1)*6=54
train/16719.jpg,3-(1+4)=-2
train/16720.jpg,(4+8)*6=72
train/16721.jpg,(0-3)+9=6
train/16722.jpg,(6*6)+4=40
train/16723.jpg,(6+0)*6=36
train/16724.jpg,4+(0*2)=4
train/16725.jpg,1+4*2=9
train/16726.jpg,(9*6)+2=56
train/16727.jpg,(1+8)+3=12
train/16728.jpg,(8*5)*2=80
train/16729.jpg,8+2+4=14
train/16730.jpg,9-(9*2)=-9
train/16731.jpg,2-(8+0)=-6
train/16732.jpg,0+6+6=12
train/16733.jpg,(8*5)+9=49
train/16734.jpg,9-4*7=-19
train/16735.jpg,5*3*7=105
train/16736.jpg,(7+9)*1=16
train/16737.jpg,6+8-6=8
train/16738.jpg,(0*7)+9=9
train/16739.jpg,2*(5-6)=-2
train/16740.jpg,(1*6)*3=18
train/16741.jpg,7*(4-9)=-35
train/16742.jpg,7*8-0=56
train/16743.jpg,4+5+6=15
train/16744.jpg,(9-7)+1=3
train/16745.jpg,7+(8+9)=24
train/16746.jpg,(9-7)+5=7
train/16747.jpg,(3-8)-3=-8
train/16748.jpg,(7+8)*2=30
train/16749.jpg,1+(3+4)=8
train/16750.jpg,5*(7*1)=35
train/16751.jpg,9+(1-5)=5
train/16752.jpg,(9*8)*7=504
train/16753.jpg,(2*8)-6=10
train/16754.jpg,5-9-0=-4
train/16755.jpg,5*(7+7)=70
train/16756.jpg,8-8-5=-5
train/16757.jpg,8-6*0=8
train/16758.jpg,5+(5*3)=20
train/16759.jpg,4*(9-6)=12
train/16760.jpg,0+(9-8)=1
train/16761.jpg,(8+2)-1=9
train/16762.jpg,(7*7)-3=46
train/16763.jpg,(2*9)-3=15
train/16764.jpg,4-8-8=-12
train/16765.jpg,6-3+7=10
train/16766.jpg,7*1+8=15
train/16767.jpg,(7*1)-9=-2
train/16768.jpg,(8-8)-6=-6
train/16769.jpg,4+(5*0)=4
train/16770.jpg,9-(4-4)=9
train/16771.jpg,1-(0-2)=3
train/16772.jpg,(1*4)-7=-3
train/16773.jpg,6-9-0=-3
train/16774.jpg,(1+5)*0=0
train/16775.jpg,(7-3)*1=4
train/16776.jpg,2+(9*9)=83
train/16777.jpg,4-(6-7)=5
train/16778.jpg,(4+8)+3=15
train/16779.jpg,8+8*5=48
train/16780.jpg,6+(0*2)=6
train/16781.jpg,5*(9+5)=70
train/16782.jpg,5+1*4=9
train/16783.jpg,7+(4-1)=10
train/16784.jpg,8*7*3=168
train/16785.jpg,4-(7*0)=4
train/16786.jpg,7-9+2=0
train/16787.jpg,(9-2)*0=0
train/16788.jpg,(5+0)-0=5
train/16789.jpg,(3+2)*8=40
train/16790.jpg,6+(4+5)=15
train/16791.jpg,(6+1)-2=5
train/16792.jpg,8*(4*5)=160
train/16793.jpg,(5+8)*8=104
train/16794.jpg,6*5*2=60
train/16795.jpg,6-(6-5)=5
train/16796.jpg,(9-0)*2=18
train/16797.jpg,3-6*7=-39
train/16798.jpg,(7+9)-1=15
train/16799.jpg,(0-2)+4=2
train/16800.jpg,(2-3)+0=-1
train/16801.jpg,4+2-8=-2
train/16802.jpg,6*2-5=7
train/16803.jpg,7-(7*3)=-14
train/16804.jpg,(4-9)*3=-15
train/16805.jpg,(1*4)+2=6
train/16806.jpg,6+9*0=6
train/16807.jpg,3+2*6=15
train/16808.jpg,4+(0+6)=10
train/16809.jpg,3+(8+1)=12
train/16810.jpg,6-(5+8)=-7
train/16811.jpg,(5+4)-6=3
train/16812.jpg,(3-7)-5=-9
train/16813.jpg,(8-0)*0=0
train/16814.jpg,(5-0)+5=10
train/16815.jpg,5*(2*0)=0
train/16816.jpg,(6+4)*3=30
train/16817.jpg,(5*7)-3=32
train/16818.jpg,8+(2*6)=20
train/16819.jpg,8*6+7=55
train/16820.jpg,9-(7+0)=2
train/16821.jpg,6*(7-5)=12
train/16822.jpg,(6+5)+1=12
train/16823.jpg,3*(0+7)=21
train/16824.jpg,(9*7)*8=504
train/16825.jpg,(5*4)-3=17
train/16826.jpg,(0*4)*1=0
train/16827.jpg,(2-2)*0=0
train/16828.jpg,9*4-8=28
train/16829.jpg,(7-0)-4=3
train/16830.jpg,(3-8)+4=-1
train/16831.jpg,0-1*3=-3
train/16832.jpg,9-0-0=9
train/16833.jpg,1+9-7=3
train/16834.jpg,6+5*2=16
train/16835.jpg,5-(3*1)=2
train/16836.jpg,3+9*4=39
train/16837.jpg,(9+1)+5=15
train/16838.jpg,2*1-5=-3
train/16839.jpg,1*(2+8)=10
train/16840.jpg,(7-5)+7=9
train/16841.jpg,(7*0)-6=-6
train/16842.jpg,2+7*4=30
train/16843.jpg,4+(5-7)=2
train/16844.jpg,3*4*5=60
train/16845.jpg,4+(5*2)=14
train/16846.jpg,8*(5*9)=360
train/16847.jpg,1-7+6=0
train/16848.jpg,9*(3+0)=27
train/16849.jpg,1*(6+9)=15
train/16850.jpg,0+3*2=6
train/16851.jpg,1+(3+4)=8
train/16852.jpg,(0+2)-1=1
train/16853.jpg,1-(1+5)=-5
train/16854.jpg,5+(5-8)=2
train/16855.jpg,7*5*6=210
train/16856.jpg,0*3*6=0
train/16857.jpg,6*(3*6)=108
train/16858.jpg,(0-3)+2=-1
train/16859.jpg,(8*8)-6=58
train/16860.jpg,(3*1)*3=9
train/16861.jpg,4*6*1=24
train/16862.jpg,8+7+4=19
train/16863.jpg,8*2-6=10
train/16864.jpg,(2+9)-1=10
train/16865.jpg,(8+3)-9=2
train/16866.jpg,0-(5*5)=-25
train/16867.jpg,(5-6)-1=-2
train/16868.jpg,0+(3+6)=9
train/16869.jpg,0-(5+7)=-12
train/16870.jpg,6*1*4=24
train/16871.jpg,7*0*0=0
train/16872.jpg,2-0*3=2
train/16873.jpg,7-1+8=14
train/16874.jpg,5*2+8=18
train/16875.jpg,2*4+7=15
train/16876.jpg,7*(9*1)=63
train/16877.jpg,(8*1)*0=0
train/16878.jpg,(1-2)-0=-1
train/16879.jpg,(7-3)*5=20
train/16880.jpg,3+9*0=3
train/16881.jpg,8+(3-8)=3
train/16882.jpg,6+(0-8)=-2
train/16883.jpg,(9*4)-2=34
train/16884.jpg,(2-1)*3=3
train/16885.jpg,8+(4*6)=32
train/16886.jpg,7-(5*7)=-28
train/16887.jpg,(9+8)+6=23
train/16888.jpg,3*9*3=81
train/16889.jpg,2+(4+1)=7
train/16890.jpg,6-(6+7)=-7
train/16891.jpg,0+(9-2)=7
train/16892.jpg,9+6*0=9
train/16893.jpg,(8*7)*4=224
train/16894.jpg,(0-8)+7=-1
train/16895.jpg,5*2*5=50
train/16896.jpg,1*6-2=4
train/16897.jpg,(0-1)+5=4
train/16898.jpg,(4-1)*4=12
train/16899.jpg,4*0*0=0
train/16900.jpg,1+7-3=5
train/16901.jpg,0-1+3=2
train/16902.jpg,(0-1)*8=-8
train/16903.jpg,2*(7*1)=14
train/16904.jpg,(1+2)-4=-1
train/16905.jpg,(9-2)-1=6
train/16906.jpg,1+(6+5)=12
train/16907.jpg,(7*1)+2=9
train/16908.jpg,(7+0)-2=5
train/16909.jpg,3-7-0=-4
train/16910.jpg,7-(7+1)=-1
train/16911.jpg,3+(0*4)=3
train/16912.jpg,5-9+1=-3
train/16913.jpg,(2+9)+0=11
train/16914.jpg,(8+0)+5=13
train/16915.jpg,7*9-6=57
train/16916.jpg,(3-7)+7=3
train/16917.jpg,9+4-0=13
train/16918.jpg,(8*5)+9=49
train/16919.jpg,(5-0)+4=9
train/16920.jpg,(9+3)-4=8
train/16921.jpg,(7*1)+8=15
train/16922.jpg,4-(0+8)=-4
train/16923.jpg,2-(3*2)=-4
train/16924.jpg,(2-1)+6=7
train/16925.jpg,3-(9+3)=-9
train/16926.jpg,8+(7+9)=24
train/16927.jpg,2+(3*7)=23
train/16928.jpg,(4+8)-9=3
train/16929.jpg,1+(3+3)=7
train/16930.jpg,4*5+3=23
train/16931.jpg,9-5*0=9
train/16932.jpg,4+(8-2)=10
train/16933.jpg,7-(6*0)=7
train/16934.jpg,9-6-9=-6
train/16935.jpg,(4*1)-7=-3
train/16936.jpg,0-7*8=-56
train/16937.jpg,1-2+4=3
train/16938.jpg,(4-0)+2=6
train/16939.jpg,8+9+0=17
train/16940.jpg,(2*3)-2=4
train/16941.jpg,(0*7)-5=-5
train/16942.jpg,4-(1*7)=-3
train/16943.jpg,(7-4)+6=9
train/16944.jpg,5*(3*9)=135
train/16945.jpg,3-(4-2)=1
train/16946.jpg,(7*2)*7=98
train/16947.jpg,(7*5)*2=70
train/16948.jpg,4*4+0=16
train/16949.jpg,2*6-1=11
train/16950.jpg,5-3-3=-1
train/16951.jpg,6+7-0=13
train/16952.jpg,3+(0-0)=3
train/16953.jpg,0*4-3=-3
train/16954.jpg,3+(8+1)=12
train/16955.jpg,8+(5+4)=17
train/16956.jpg,3+8+7=18
train/16957.jpg,5*(7*3)=105
train/16958.jpg,6-(9*9)=-75
train/16959.jpg,6-(3+6)=-3
train/16960.jpg,(3*8)+4=28
train/16961.jpg,5+3+7=15
train/16962.jpg,8*(4-6)=-16
train/16963.jpg,2+1-1=2
train/16964.jpg,(0+6)*6=36
train/16965.jpg,(6+7)-7=6
train/16966.jpg,1*6-1=5
train/16967.jpg,(5+3)-6=2
train/16968.jpg,8-(8*1)=0
train/16969.jpg,9-(6-6)=9
train/16970.jpg,2*(3-6)=-6
train/16971.jpg,7+1+6=14
train/16972.jpg,2-(7*6)=-40
train/16973.jpg,2*(8*0)=0
train/16974.jpg,0-8+6=-2
train/16975.jpg,(6*4)*3=72
train/16976.jpg,2+(2-8)=-4
train/16977.jpg,0+5-1=4
train/16978.jpg,3-(0*5)=3
train/16979.jpg,0-5*6=-30
train/16980.jpg,0-4-8=-12
train/16981.jpg,0+3-7=-4
train/16982.jpg,2-3+6=5
train/16983.jpg,0+2+9=11
train/16984.jpg,(1*2)+3=5
train/16985.jpg,9-3-2=4
train/16986.jpg,6*(0+7)=42
train/16987.jpg,2*6*1=12
train/16988.jpg,8-(9-9)=8
train/16989.jpg,(4*0)+0=0
train/16990.jpg,3-5+7=5
train/16991.jpg,4+0*6=4
train/16992.jpg,0*4*7=0
train/16993.jpg,8+(7*3)=29
train/16994.jpg,(0+7)-8=-1
train/16995.jpg,5-4+3=4
train/16996.jpg,0*0-1=-1
train/16997.jpg,5+(1+3)=9
train/16998.jpg,3-(3-8)=8
train/16999.jpg,(1+1)-7=-5
train/17000.jpg,3+3+0=6
train/17001.jpg,4*(8+9)=68
train/17002.jpg,3+(7*9)=66
train/17003.jpg,5+(3+7)=15
train/17004.jpg,4-2-0=2
train/17005.jpg,(9-2)+3=10
train/17006.jpg,3+4-3=4
train/17007.jpg,5*(1*6)=30
train/17008.jpg,(0+1)+3=4
train/17009.jpg,9-8*9=-63
train/17010.jpg,(1*8)+2=10
train/17011.jpg,(0*0)+8=8
train/17012.jpg,5-(7+6)=-8
train/17013.jpg,7+4+2=13
train/17014.jpg,(9*7)-2=61
train/17015.jpg,7-4-5=-2
train/17016.jpg,1+4+9=14
train/17017.jpg,3*(0+7)=21
train/17018.jpg,(3*8)*1=24
train/17019.jpg,7-9-3=-5
train/17020.jpg,(7+6)-0=13
train/17021.jpg,7-8+5=4
train/17022.jpg,(7+2)+5=14
train/17023.jpg,(0*5)*0=0
train/17024.jpg,8*7+1=57
train/17025.jpg,(4-6)-8=-10
train/17026.jpg,1*5-8=-3
train/17027.jpg,(2-0)*7=14
train/17028.jpg,6*4-9=15
train/17029.jpg,(7-1)+4=10
train/17030.jpg,3*5-7=8
train/17031.jpg,6*(1*2)=12
train/17032.jpg,(4-2)*7=14
train/17033.jpg,8-6-5=-3
train/17034.jpg,(1+6)*0=0
train/17035.jpg,3+(0*3)=3
train/17036.jpg,6*(0*0)=0
train/17037.jpg,5+(3-9)=-1
train/17038.jpg,6*(1*1)=6
train/17039.jpg,7-(8*7)=-49
train/17040.jpg,6-(6+1)=-1
train/17041.jpg,(8-4)-0=4
train/17042.jpg,1-6*8=-47
train/17043.jpg,(4*0)*6=0
train/17044.jpg,1+2*6=13
train/17045.jpg,6*(1+8)=54
train/17046.jpg,5-2+2=5
train/17047.jpg,(9+3)-5=7
train/17048.jpg,5+(2*4)=13
train/17049.jpg,7-(0+8)=-1
train/17050.jpg,(2*8)-6=10
train/17051.jpg,(3+3)-9=-3
train/17052.jpg,2+2-7=-3
train/17053.jpg,3+8-8=3
train/17054.jpg,2*(2-0)=4
train/17055.jpg,(6+3)+3=12
train/17056.jpg,4+1+4=9
train/17057.jpg,5-(3*9)=-22
train/17058.jpg,(8*8)*6=384
train/17059.jpg,(4-4)+5=5
train/17060.jpg,4*(5-0)=20
train/17061.jpg,6*2*7=84
train/17062.jpg,(2-0)*3=6
train/17063.jpg,(9-9)*0=0
train/17064.jpg,4-2+3=5
train/17065.jpg,(6*0)*9=0
train/17066.jpg,0+(5-6)=-1
train/17067.jpg,8-(8-9)=9
train/17068.jpg,(8-3)+9=14
train/17069.jpg,4+(8+8)=20
train/17070.jpg,0-5+3=-2
train/17071.jpg,6-(0*9)=6
train/17072.jpg,2*6-5=7
train/17073.jpg,8-9*3=-19
train/17074.jpg,(4*2)-9=-1
train/17075.jpg,5-4*7=-23
train/17076.jpg,(7+3)*0=0
train/17077.jpg,2-(1-6)=7
train/17078.jpg,1*5*9=45
train/17079.jpg,7*1+9=16
train/17080.jpg,0-4+6=2
train/17081.jpg,(4-1)*3=9
train/17082.jpg,0*(9-3)=0
train/17083.jpg,8+(2-6)=4
train/17084.jpg,(4*4)+1=17
train/17085.jpg,7-7-2=-2
train/17086.jpg,(3-0)+0=3
train/17087.jpg,3-(0-6)=9
train/17088.jpg,7*(5-9)=-28
train/17089.jpg,(0-8)+4=-4
train/17090.jpg,(4*2)*5=40
train/17091.jpg,6-(6-2)=2
train/17092.jpg,3*4*5=60
train/17093.jpg,(6+2)-4=4
train/17094.jpg,(7*4)-3=25
train/17095.jpg,(8*6)-9=39
train/17096.jpg,7*(8*9)=504
train/17097.jpg,0*(1*1)=0
train/17098.jpg,7+(1*4)=11
train/17099.jpg,9*(9-3)=54
train/17100.jpg,(0*3)-4=-4
train/17101.jpg,(2+3)*1=5
train/17102.jpg,(1*4)-3=1
train/17103.jpg,6+3+2=11
train/17104.jpg,(3*7)-9=12
train/17105.jpg,9-4-5=0
train/17106.jpg,(4+0)+5=9
train/17107.jpg,(0+4)+5=9
train/17108.jpg,2-9*9=-79
train/17109.jpg,4+9*9=85
train/17110.jpg,(4-9)+0=-5
train/17111.jpg,(9-8)*9=9
train/17112.jpg,9-(1+9)=-1
train/17113.jpg,0*(7+7)=0
train/17114.jpg,3+(9*3)=30
train/17115.jpg,(2+1)*7=21
train/17116.jpg,(9-6)+6=9
train/17117.jpg,(6+0)-8=-2
train/17118.jpg,(1+1)*9=18
train/17119.jpg,3-3+7=7
train/17120.jpg,0-(4+1)=-5
train/17121.jpg,4*1*4=16
train/17122.jpg,(6*5)+1=31
train/17123.jpg,2-0*6=2
train/17124.jpg,2-8*1=-6
train/17125.jpg,9-8*0=9
train/17126.jpg,7-0+0=7
train/17127.jpg,(8*5)+5=45
train/17128.jpg,4-(7*1)=-3
train/17129.jpg,4-9+6=1
train/17130.jpg,8+3*5=23
train/17131.jpg,6+5+2=13
train/17132.jpg,2*3-2=4
train/17133.jpg,1-8+2=-5
train/17134.jpg,3-(0+2)=1
train/17135.jpg,3-(3-1)=1
train/17136.jpg,8-2+5=11
train/17137.jpg,3+(7-9)=1
train/17138.jpg,(3*3)+6=15
train/17139.jpg,4*(0*0)=0
train/17140.jpg,(0+0)-6=-6
train/17141.jpg,(6+8)-9=5
train/17142.jpg,2+7+1=10
train/17143.jpg,8+(7+1)=16
train/17144.jpg,3+(9-0)=12
train/17145.jpg,(9+1)+0=10
train/17146.jpg,4*5*3=60
train/17147.jpg,4+(4*3)=16
train/17148.jpg,9+(2+2)=13
train/17149.jpg,(1+6)+5=12
train/17150.jpg,1-1*8=-7
train/17151.jpg,(7*5)*1=35
train/17152.jpg,(8*4)-9=23
train/17153.jpg,6*(9-6)=18
train/17154.jpg,9+(9+3)=21
train/17155.jpg,0*1+8=8
train/17156.jpg,9*9-3=78
train/17157.jpg,1*8*2=16
train/17158.jpg,8+6-9=5
train/17159.jpg,(0+6)+9=15
train/17160.jpg,9+4-0=13
train/17161.jpg,(7+1)*0=0
train/17162.jpg,6-5-0=1
train/17163.jpg,8+(0-6)=2
train/17164.jpg,4+7-8=3
train/17165.jpg,5*4-5=15
train/17166.jpg,(3-3)-2=-2
train/17167.jpg,1*(1+1)=2
train/17168.jpg,(0*7)-0=0
train/17169.jpg,7*(5*0)=0
train/17170.jpg,5+0*9=5
train/17171.jpg,0*(0-6)=0
train/17172.jpg,9*(2+3)=45
train/17173.jpg,7-(4+2)=1
train/17174.jpg,8+9-4=13
train/17175.jpg,(2-1)-4=-3
train/17176.jpg,0-(8*4)=-32
train/17177.jpg,4+3+3=10
train/17178.jpg,2-2+6=6
train/17179.jpg,(2-4)+7=5
train/17180.jpg,9-(0+0)=9
train/17181.jpg,3+8-7=4
train/17182.jpg,(9-8)+1=2
train/17183.jpg,0*(8+4)=0
train/17184.jpg,1-2*8=-15
train/17185.jpg,(1-2)*7=-7
train/17186.jpg,(7-6)*9=9
train/17187.jpg,5*3+9=24
train/17188.jpg,1+8*0=1
train/17189.jpg,(9*2)-3=15
train/17190.jpg,1-1*4=-3
train/17191.jpg,5*8-0=40
train/17192.jpg,8*3-2=22
train/17193.jpg,1-(9+0)=-8
train/17194.jpg,(6-2)*4=16
train/17195.jpg,9+1+4=14
train/17196.jpg,(2+2)-0=4
train/17197.jpg,3+3*3=12
train/17198.jpg,4*(1*7)=28
train/17199.jpg,1*8-5=3
train/17200.jpg,(0-6)*3=-18
train/17201.jpg,(9*2)+5=23
train/17202.jpg,8-1-6=1
train/17203.jpg,6-7-4=-5
train/17204.jpg,7+(1*4)=11
train/17205.jpg,8*6-8=40
train/17206.jpg,5+(1+1)=7
train/17207.jpg,6-7+2=1
train/17208.jpg,2*9-9=9
train/17209.jpg,(1*7)-9=-2
train/17210.jpg,(0*0)-7=-7
train/17211.jpg,(1*1)*9=9
train/17212.jpg,(2+0)-0=2
train/17213.jpg,3+(0-4)=-1
train/17214.jpg,(9-1)+5=13
train/17215.jpg,(0*6)+6=6
train/17216.jpg,2+(6*9)=56
train/17217.jpg,6-(5-3)=4
train/17218.jpg,3*(2+9)=33
train/17219.jpg,4+9*6=58
train/17220.jpg,7-(5-6)=8
train/17221.jpg,0-(5*2)=-10
train/17222.jpg,7*7+2=51
train/17223.jpg,(4*4)*6=96
train/17224.jpg,(6*1)+1=7
train/17225.jpg,(1*2)-6=-4
train/17226.jpg,4+6+4=14
train/17227.jpg,(7+9)*8=128
train/17228.jpg,1+0*0=1
train/17229.jpg,(1*1)-4=-3
train/17230.jpg,5-(9+9)=-13
train/17231.jpg,4-6*7=-38
train/17232.jpg,(0+1)*6=6
train/17233.jpg,(7-4)+0=3
train/17234.jpg,(5*1)+0=5
train/17235.jpg,(7-1)-4=2
train/17236.jpg,4*(9-5)=16
train/17237.jpg,1+(4-1)=4
train/17238.jpg,(2+9)*4=44
train/17239.jpg,1+(5+1)=7
train/17240.jpg,1*6*3=18
train/17241.jpg,7*5-4=31
train/17242.jpg,6-3+2=5
train/17243.jpg,7-3+9=13
train/17244.jpg,4*(1+4)=20
train/17245.jpg,(8-9)+4=3
train/17246.jpg,7-(4-6)=9
train/17247.jpg,(3-4)*8=-8
train/17248.jpg,(5*5)*3=75
train/17249.jpg,7-(4+6)=-3
train/17250.jpg,(6-6)-4=-4
train/17251.jpg,(2-2)+2=2
train/17252.jpg,8*0*9=0
train/17253.jpg,2-(0+2)=0
train/17254.jpg,8*(0*1)=0
train/17255.jpg,(6+6)*8=96
train/17256.jpg,4-1+4=7
train/17257.jpg,7+8-7=8
train/17258.jpg,5+4*8=37
train/17259.jpg,9*(1+4)=45
train/17260.jpg,(1+8)*5=45
train/17261.jpg,(6*5)*4=120
train/17262.jpg,(6-6)+0=0
train/17263.jpg,7+5*4=27
train/17264.jpg,(6*5)+7=37
train/17265.jpg,4*(5+3)=32
train/17266.jpg,(0+0)*0=0
train/17267.jpg,3*5*0=0
train/17268.jpg,2-3+2=1
train/17269.jpg,8*(4-7)=-24
train/17270.jpg,4-(6+1)=-3
train/17271.jpg,7*3*7=147
train/17272.jpg,8*3+7=31
train/17273.jpg,8*(6+2)=64
train/17274.jpg,9+(5+4)=18
train/17275.jpg,8*2-1=15
train/17276.jpg,6-7*9=-57
train/17277.jpg,8+9*8=80
train/17278.jpg,6*8-7=41
train/17279.jpg,9-6-1=2
train/17280.jpg,2+(2-0)=4
train/17281.jpg,8-(7*7)=-41
train/17282.jpg,6*(9*3)=162
train/17283.jpg,9*0-1=-1
train/17284.jpg,(0-6)+8=2
train/17285.jpg,(0*9)+4=4
train/17286.jpg,5+7+2=14
train/17287.jpg,(4+6)+1=11
train/17288.jpg,4+3-4=3
train/17289.jpg,(4-2)-6=-4
train/17290.jpg,(0+5)-5=0
train/17291.jpg,8*7-2=54
train/17292.jpg,8+(6*4)=32
train/17293.jpg,3-(2+6)=-5
train/17294.jpg,2*9-5=13
train/17295.jpg,7+2*3=13
train/17296.jpg,4+(9*9)=85
train/17297.jpg,6+3+7=16
train/17298.jpg,9*7+3=66
train/17299.jpg,2-5+9=6
train/17300.jpg,5+6-4=7
train/17301.jpg,(8-7)-5=-4
train/17302.jpg,(4-1)+2=5
train/17303.jpg,1+(2-6)=-3
train/17304.jpg,5*(6*0)=0
train/17305.jpg,5+(9-7)=7
train/17306.jpg,0+(4-3)=1
train/17307.jpg,7*2-7=7
train/17308.jpg,9+(0+1)=10
train/17309.jpg,3*(8*4)=96
train/17310.jpg,1+(7-3)=5
train/17311.jpg,6*(2-2)=0
train/17312.jpg,1-(3-0)=-2
train/17313.jpg,(9+7)-9=7
train/17314.jpg,8+8+3=19
train/17315.jpg,(9+2)-3=8
train/17316.jpg,2*1*6=12
train/17317.jpg,4*8*2=64
train/17318.jpg,7+(0*6)=7
train/17319.jpg,(1+2)+5=8
train/17320.jpg,4+5+4=13
train/17321.jpg,3*(0*2)=0
train/17322.jpg,9*2+6=24
train/17323.jpg,(1-8)-2=-9
train/17324.jpg,(9+3)+3=15
train/17325.jpg,6+9+3=18
train/17326.jpg,(4*5)-4=16
train/17327.jpg,4*(0-5)=-20
train/17328.jpg,7-(7-4)=4
train/17329.jpg,2*(7*5)=70
train/17330.jpg,1+(8*1)=9
train/17331.jpg,7*(4*3)=84
train/17332.jpg,8+(9-5)=12
train/17333.jpg,8+7+7=22
train/17334.jpg,1+4*7=29
train/17335.jpg,2*3*9=54
train/17336.jpg,8*1*1=8
train/17337.jpg,2+(7-7)=2
train/17338.jpg,4+(7+2)=13
train/17339.jpg,0-2-5=-7
train/17340.jpg,7*(0*7)=0
train/17341.jpg,(5-1)-0=4
train/17342.jpg,(6*9)-3=51
train/17343.jpg,(2-3)*9=-9
train/17344.jpg,2*(6-3)=6
train/17345.jpg,3*(3-4)=-3
train/17346.jpg,1-(6+0)=-5
train/17347.jpg,1-4+4=1
train/17348.jpg,5*5-3=22
train/17349.jpg,(1-9)*4=-32
train/17350.jpg,(1-2)*2=-2
train/17351.jpg,5*0*7=0
train/17352.jpg,(2-9)-9=-16
train/17353.jpg,3-7+1=-3
train/17354.jpg,(0+0)*3=0
train/17355.jpg,1*(9+0)=9
train/17356.jpg,4-6+8=6
train/17357.jpg,(8-9)+4=3
train/17358.jpg,(2*9)*7=126
train/17359.jpg,(1-6)*4=-20
train/17360.jpg,8-0*9=8
train/17361.jpg,2*7-7=7
train/17362.jpg,8*3-1=23
train/17363.jpg,1*(3*8)=24
train/17364.jpg,(6-2)+8=12
train/17365.jpg,1+(6+3)=10
train/17366.jpg,(6+5)-9=2
train/17367.jpg,6+3+5=14
train/17368.jpg,(9+8)-7=10
train/17369.jpg,(4-5)*4=-4
train/17370.jpg,4+1-8=-3
train/17371.jpg,(8+8)+0=16
train/17372.jpg,7+9+6=22
train/17373.jpg,(3-1)*9=18
train/17374.jpg,6+9+8=23
train/17375.jpg,9*(8*2)=144
train/17376.jpg,0-(8-9)=1
train/17377.jpg,4*4+2=18
train/17378.jpg,(3+9)*5=60
train/17379.jpg,(9*4)+7=43
train/17380.jpg,(2+5)-0=7
train/17381.jpg,4-1*8=-4
train/17382.jpg,(9-1)-8=0
train/17383.jpg,7-9*1=-2
train/17384.jpg,5-(2+1)=2
train/17385.jpg,7-(4-1)=4
train/17386.jpg,(6*0)-9=-9
train/17387.jpg,(2*9)+9=27
train/17388.jpg,9+(6*9)=63
train/17389.jpg,3*1+1=4
train/17390.jpg,3*(4*3)=36
train/17391.jpg,(6*3)-1=17
train/17392.jpg,4-4*7=-24
train/17393.jpg,6-6-0=0
train/17394.jpg,(7+4)*4=44
train/17395.jpg,(8-6)+8=10
train/17396.jpg,2+(0-6)=-4
train/17397.jpg,8+7-7=8
train/17398.jpg,(0+7)-3=4
train/17399.jpg,7+3*4=19
train/17400.jpg,(9+4)+9=22
train/17401.jpg,6+8-9=5
train/17402.jpg,(1-6)*7=-35
train/17403.jpg,8+1+6=15
train/17404.jpg,8*9+0=72
train/17405.jpg,8+(7-6)=9
train/17406.jpg,(3-1)+8=10
train/17407.jpg,0-6+2=-4
train/17408.jpg,(7+7)*3=42
train/17409.jpg,5-0*5=5
train/17410.jpg,6*1*0=0
train/17411.jpg,(2-6)-4=-8
train/17412.jpg,8+(3+6)=17
train/17413.jpg,4+(1+8)=13
train/17414.jpg,6*2-3=9
train/17415.jpg,(3-1)+5=7
train/17416.jpg,3-8-0=-5
train/17417.jpg,7+9*3=34
train/17418.jpg,2+9-7=4
train/17419.jpg,9*4-8=28
train/17420.jpg,(4*0)-7=-7
train/17421.jpg,(5*0)-9=-9
train/17422.jpg,0+(1+5)=6
train/17423.jpg,7*3*3=63
train/17424.jpg,0*2-0=0
train/17425.jpg,7-(7-4)=4
train/17426.jpg,3+9-2=10
train/17427.jpg,(2*3)+8=14
train/17428.jpg,(5-1)+7=11
train/17429.jpg,0-4-7=-11
train/17430.jpg,(2-8)-1=-7
train/17431.jpg,9*(3*0)=0
train/17432.jpg,5+7+7=19
train/17433.jpg,8*7*9=504
train/17434.jpg,(2-0)*8=16
train/17435.jpg,0*(9-5)=0
train/17436.jpg,3+(9*4)=39
train/17437.jpg,(3+6)-3=6
train/17438.jpg,7-4+8=11
train/17439.jpg,7+(3*7)=28
train/17440.jpg,8+(2*2)=12
train/17441.jpg,2+4+6=12
train/17442.jpg,6*6-5=31
train/17443.jpg,7+7*0=7
train/17444.jpg,2*5+4=14
train/17445.jpg,3*5-4=11
train/17446.jpg,5+(7+1)=13
train/17447.jpg,(5-6)*3=-3
train/17448.jpg,1-2*6=-11
train/17449.jpg,9+(4-4)=9
train/17450.jpg,9-(2+1)=6
train/17451.jpg,(6*6)*1=36
train/17452.jpg,(9-8)+6=7
train/17453.jpg,4+3-7=0
train/17454.jpg,7-7+7=7
train/17455.jpg,0-2+7=5
train/17456.jpg,8-(5*5)=-17
train/17457.jpg,7-(2+7)=-2
train/17458.jpg,(9*8)-7=65
train/17459.jpg,7*0+3=3
train/17460.jpg,(8*8)+3=67
train/17461.jpg,(0*1)*1=0
train/17462.jpg,1+8+7=16
train/17463.jpg,3*(0*4)=0
train/17464.jpg,(0-2)*3=-6
train/17465.jpg,4+(9-5)=8
train/17466.jpg,8*2+6=22
train/17467.jpg,(4+0)*8=32
train/17468.jpg,(1-9)*3=-24
train/17469.jpg,6*4+3=27
train/17470.jpg,7-8+7=6
train/17471.jpg,9+(6*5)=39
train/17472.jpg,4-(3-2)=3
train/17473.jpg,7-(9*1)=-2
train/17474.jpg,2-(4-9)=7
train/17475.jpg,6-5+0=1
train/17476.jpg,3+(7*1)=10
train/17477.jpg,(8+5)*5=65
train/17478.jpg,7+3-1=9
train/17479.jpg,(5-3)-8=-6
train/17480.jpg,(7-9)+9=7
train/17481.jpg,8*(7+4)=88
train/17482.jpg,0*9-3=-3
train/17483.jpg,(1-3)+6=4
train/17484.jpg,(3+3)-0=6
train/17485.jpg,(8-6)+8=10
train/17486.jpg,(8*6)-6=42
train/17487.jpg,2*(6*8)=96
train/17488.jpg,0-4+8=4
train/17489.jpg,7+7+5=19
train/17490.jpg,1*2+9=11
train/17491.jpg,6*(9+7)=96
train/17492.jpg,(9-6)*9=27
train/17493.jpg,5+3*1=8
train/17494.jpg,7*(6*1)=42
train/17495.jpg,(5*0)*6=0
train/17496.jpg,(5+1)*4=24
train/17497.jpg,8+(2-1)=9
train/17498.jpg,3*(1-9)=-24
train/17499.jpg,(6-4)+9=11
train/17500.jpg,7-(2*7)=-7
train/17501.jpg,7+7+0=14
train/17502.jpg,6*9+2=56
train/17503.jpg,1-7-3=-9
train/17504.jpg,(3*3)*4=36
train/17505.jpg,4+8-0=12
train/17506.jpg,(5-9)+5=1
train/17507.jpg,4-(4*2)=-4
train/17508.jpg,(5-9)+7=3
train/17509.jpg,(7-9)+3=1
train/17510.jpg,6+(4-4)=6
train/17511.jpg,(3+4)+7=14
train/17512.jpg,5-(8-9)=6
train/17513.jpg,(7-6)-3=-2
train/17514.jpg,1+5+5=11
train/17515.jpg,8-(9*4)=-28
train/17516.jpg,(7*8)-3=53
train/17517.jpg,3+7+8=18
train/17518.jpg,(1*1)+8=9
train/17519.jpg,7-0-9=-2
train/17520.jpg,(5+3)+0=8
train/17521.jpg,7*3-4=17
train/17522.jpg,(9+5)*3=42
train/17523.jpg,(1*5)-4=1
train/17524.jpg,(7-5)-2=0
train/17525.jpg,0+(7*9)=63
train/17526.jpg,(7*8)*2=112
train/17527.jpg,(3+6)+8=17
train/17528.jpg,1+4*1=5
train/17529.jpg,5*(8+9)=85
train/17530.jpg,7*3-4=17
train/17531.jpg,9+2-0=11
train/17532.jpg,(2-3)*3=-3
train/17533.jpg,(5+3)-6=2
train/17534.jpg,(1*2)*7=14
train/17535.jpg,(7+5)*8=96
train/17536.jpg,2*(6-4)=4
train/17537.jpg,2+8+2=12
train/17538.jpg,2*(8*4)=64
train/17539.jpg,5-(0-3)=8
train/17540.jpg,2+(6-7)=1
train/17541.jpg,5*(1-7)=-30
train/17542.jpg,(1+4)*2=10
train/17543.jpg,2+(5+2)=9
train/17544.jpg,(6*7)+1=43
train/17545.jpg,3*4-5=7
train/17546.jpg,7+(8*7)=63
train/17547.jpg,(8*1)*7=56
train/17548.jpg,5-8+6=3
train/17549.jpg,8+(6*6)=44
train/17550.jpg,0*(0*1)=0
train/17551.jpg,(4-1)-1=2
train/17552.jpg,5*(3-9)=-30
train/17553.jpg,(8*0)+4=4
train/17554.jpg,(2+2)+9=13
train/17555.jpg,8-9*2=-10
train/17556.jpg,(9+4)*9=117
train/17557.jpg,(5*0)*8=0
train/17558.jpg,(2*7)+8=22
train/17559.jpg,9+3*1=12
train/17560.jpg,7+(8+8)=23
train/17561.jpg,(1+7)-6=2
train/17562.jpg,(8-6)+8=10
train/17563.jpg,6+(0*3)=6
train/17564.jpg,3*8*7=168
train/17565.jpg,(6*4)+9=33
train/17566.jpg,5+1-2=4
train/17567.jpg,(9+3)*3=36
train/17568.jpg,(6*0)+7=7
train/17569.jpg,(8-4)-5=-1
train/17570.jpg,(6*6)+4=40
train/17571.jpg,3+2-7=-2
train/17572.jpg,8-2*3=2
train/17573.jpg,(7-0)+0=7
train/17574.jpg,2-(7*3)=-19
train/17575.jpg,0-(3*5)=-15
train/17576.jpg,(1*6)+2=8
train/17577.jpg,(3+3)-0=6
train/17578.jpg,6*(7-5)=12
train/17579.jpg,1*9*3=27
train/17580.jpg,3*6-2=16
train/17581.jpg,5-(6-7)=6
train/17582.jpg,(1*1)-3=-2
train/17583.jpg,1+(4+9)=14
train/17584.jpg,(4-0)-8=-4
train/17585.jpg,(3*3)-6=3
train/17586.jpg,3-(7+8)=-12
train/17587.jpg,(5+9)+5=19
train/17588.jpg,9+(7-1)=15
train/17589.jpg,4*8-9=23
train/17590.jpg,(9-8)-4=-3
train/17591.jpg,(0*6)+3=3
train/17592.jpg,(9*1)*6=54
train/17593.jpg,3-(2-1)=2
train/17594.jpg,(3-7)-2=-6
train/17595.jpg,7*1*8=56
train/17596.jpg,1-(0*9)=1
train/17597.jpg,5*(9-6)=15
train/17598.jpg,(3*3)*8=72
train/17599.jpg,1*1-5=-4
train/17600.jpg,0+3-9=-6
train/17601.jpg,(6-7)+5=4
train/17602.jpg,8*9-4=68
train/17603.jpg,7*(8*6)=336
train/17604.jpg,2-(8+9)=-15
train/17605.jpg,2*4-0=8
train/17606.jpg,2+8*7=58
train/17607.jpg,3*3*1=9
train/17608.jpg,6*8*4=192
train/17609.jpg,(9+4)+6=19
train/17610.jpg,(6-8)*1=-2
train/17611.jpg,3+4-1=6
train/17612.jpg,4*(6-5)=4
train/17613.jpg,(3*8)*8=192
train/17614.jpg,9+5*3=24
train/17615.jpg,2+6-3=5
train/17616.jpg,8+(8*6)=56
train/17617.jpg,3+8+0=11
train/17618.jpg,3*(6+3)=27
train/17619.jpg,1*2*8=16
train/17620.jpg,5-4-8=-7
train/17621.jpg,(1-1)*1=0
train/17622.jpg,1*9-9=0
train/17623.jpg,(1+2)-3=0
train/17624.jpg,(8+5)-6=7
train/17625.jpg,5+1-5=1
train/17626.jpg,2+(7*2)=16
train/17627.jpg,3+(1-5)=-1
train/17628.jpg,6+(8+6)=20
train/17629.jpg,9-0+6=15
train/17630.jpg,9-5*2=-1
train/17631.jpg,6+(8+9)=23
train/17632.jpg,(8-6)*9=18
train/17633.jpg,3+1*5=8
train/17634.jpg,6+5*8=46
train/17635.jpg,(7-6)*6=6
train/17636.jpg,1-2-7=-8
train/17637.jpg,(3-1)*1=2
train/17638.jpg,5-(2-8)=11
train/17639.jpg,6-(0+4)=2
train/17640.jpg,1*(1-2)=-1
train/17641.jpg,6*(3*6)=108
train/17642.jpg,7*(5+9)=98
train/17643.jpg,4*8-9=23
train/17644.jpg,1-2-0=-1
train/17645.jpg,0+(0*9)=0
train/17646.jpg,2+(4-1)=5
train/17647.jpg,9-(7-6)=8
train/17648.jpg,(6+2)+1=9
train/17649.jpg,7*0+7=7
train/17650.jpg,2-8+4=-2
train/17651.jpg,(3+4)+7=14
train/17652.jpg,(6-2)-7=-3
train/17653.jpg,(9-2)-4=3
train/17654.jpg,(2-6)+3=-1
train/17655.jpg,(1+7)+8=16
train/17656.jpg,0-7-6=-13
train/17657.jpg,1-(5-2)=-2
train/17658.jpg,9-3-1=5
train/17659.jpg,1-(8+8)=-15
train/17660.jpg,1-(7*0)=1
train/17661.jpg,0+7*5=35
train/17662.jpg,(6*2)*5=60
train/17663.jpg,(8*9)+1=73
train/17664.jpg,4*8-0=32
train/17665.jpg,(1*2)*9=18
train/17666.jpg,7*8-9=47
train/17667.jpg,7+8-9=6
train/17668.jpg,(4*6)+7=31
train/17669.jpg,5+(8+7)=20
train/17670.jpg,(3*7)*0=0
train/17671.jpg,(3*0)-2=-2
train/17672.jpg,3+(1*7)=10
train/17673.jpg,1+(4+6)=11
train/17674.jpg,7+(7-8)=6
train/17675.jpg,(6-1)-5=0
train/17676.jpg,6*(9+3)=72
train/17677.jpg,1*(5-3)=2
train/17678.jpg,(6+9)+9=24
train/17679.jpg,(2-7)-0=-5
train/17680.jpg,3-7*7=-46
train/17681.jpg,(8*1)*2=16
train/17682.jpg,(4*6)+9=33
train/17683.jpg,0-(5*1)=-5
train/17684.jpg,(7+1)-8=0
train/17685.jpg,(3*4)*9=108
train/17686.jpg,1+4-1=4
train/17687.jpg,2+(4+4)=10
train/17688.jpg,1-5*3=-14
train/17689.jpg,(0+9)+9=18
train/17690.jpg,2*3+3=9
train/17691.jpg,3*8+9=33
train/17692.jpg,3-0*5=3
train/17693.jpg,7-(5+5)=-3
train/17694.jpg,(4+8)*7=84
train/17695.jpg,0*1+1=1
train/17696.jpg,(0+5)*9=45
train/17697.jpg,2*(8-9)=-2
train/17698.jpg,(1+3)-5=-1
train/17699.jpg,1+(4-2)=3
train/17700.jpg,6-(0-8)=14
train/17701.jpg,(4+5)+5=14
train/17702.jpg,1-0*4=1
train/17703.jpg,6+(1+0)=7
train/17704.jpg,(1*6)-6=0
train/17705.jpg,(3*9)*0=0
train/17706.jpg,9+3*3=18
train/17707.jpg,0+(7-0)=7
train/17708.jpg,2-1+0=1
train/17709.jpg,0+(2+5)=7
train/17710.jpg,9*0+5=5
train/17711.jpg,5+5-0=10
train/17712.jpg,7+(4*0)=7
train/17713.jpg,(5-9)+7=3
train/17714.jpg,(7+9)-8=8
train/17715.jpg,(3*7)+2=23
train/17716.jpg,6-2+9=13
train/17717.jpg,1-(0+2)=-1
train/17718.jpg,7+6-8=5
train/17719.jpg,5+(7*7)=54
train/17720.jpg,8+9+1=18
train/17721.jpg,5-(3+9)=-7
train/17722.jpg,7+(7-3)=11
train/17723.jpg,5*(6+7)=65
train/17724.jpg,1-(4+9)=-12
train/17725.jpg,4*4-6=10
train/17726.jpg,9*0*5=0
train/17727.jpg,4-9+4=-1
train/17728.jpg,(4*9)*6=216
train/17729.jpg,(6+5)*1=11
train/17730.jpg,1-(2*0)=1
train/17731.jpg,(0*0)+6=6
train/17732.jpg,(5+2)*7=49
train/17733.jpg,0*3-6=-6
train/17734.jpg,(3*6)+9=27
train/17735.jpg,8*7-5=51
train/17736.jpg,8+7*3=29
train/17737.jpg,6+5-7=4
train/17738.jpg,(0-6)+6=0
train/17739.jpg,6-2*1=4
train/17740.jpg,2-(5+9)=-12
train/17741.jpg,(1+4)+4=9
train/17742.jpg,5+0*5=5
train/17743.jpg,(9-7)*1=2
train/17744.jpg,(9*1)-4=5
train/17745.jpg,(2+1)*5=15
train/17746.jpg,(1-0)+4=5
train/17747.jpg,5*(5*7)=175
train/17748.jpg,2+(8-5)=5
train/17749.jpg,(2*6)*1=12
train/17750.jpg,4-1+5=8
train/17751.jpg,1*(6+5)=11
train/17752.jpg,(1-6)-6=-11
train/17753.jpg,(2+9)+6=17
train/17754.jpg,4-(5+9)=-10
train/17755.jpg,(8*8)*3=192
train/17756.jpg,9-(2+1)=6
train/17757.jpg,(7-5)-3=-1
train/17758.jpg,4+(5+4)=13
train/17759.jpg,8*4+7=39
train/17760.jpg,8*(6+8)=112
train/17761.jpg,0-(2*8)=-16
train/17762.jpg,(6+5)-2=9
train/17763.jpg,(6-5)-4=-3
train/17764.jpg,2+(3-8)=-3
train/17765.jpg,1-(7*0)=1
train/17766.jpg,4*(4*6)=96
train/17767.jpg,3+0*0=3
train/17768.jpg,(7-6)-9=-8
train/17769.jpg,(1+8)+4=13
train/17770.jpg,(1-3)*1=-2
train/17771.jpg,2*0+9=9
train/17772.jpg,(5+4)*5=45
train/17773.jpg,2-9+5=-2
train/17774.jpg,0-4-8=-12
train/17775.jpg,5+(7-2)=10
train/17776.jpg,2+8*8=66
train/17777.jpg,7*(1+4)=35
train/17778.jpg,(6+1)*1=7
train/17779.jpg,9-(1-3)=11
train/17780.jpg,2+(6-7)=1
train/17781.jpg,8+1*0=8
train/17782.jpg,(6-8)+1=-1
train/17783.jpg,(3-5)+7=5
train/17784.jpg,2-0+9=11
train/17785.jpg,5+(5-4)=6
train/17786.jpg,(2+0)-0=2
train/17787.jpg,(0-5)+4=-1
train/17788.jpg,3+1+0=4
train/17789.jpg,1-(1+3)=-3
train/17790.jpg,9-(8-8)=9
train/17791.jpg,4-5+0=-1
train/17792.jpg,(8*8)+8=72
train/17793.jpg,8-(4*8)=-24
train/17794.jpg,9-(6*8)=-39
train/17795.jpg,7*7+4=53
train/17796.jpg,9+(1+0)=10
train/17797.jpg,(8+0)+9=17
train/17798.jpg,4*0+2=2
train/17799.jpg,(3*5)-2=13
train/17800.jpg,4*6-7=17
train/17801.jpg,4*(5+8)=52
train/17802.jpg,0-6*5=-30
train/17803.jpg,8-(2+9)=-3
train/17804.jpg,6*0*9=0
train/17805.jpg,(3+9)+8=20
train/17806.jpg,4-5*7=-31
train/17807.jpg,8+(3-4)=7
train/17808.jpg,(6-0)*8=48
train/17809.jpg,2+(1-3)=0
train/17810.jpg,4*6-0=24
train/17811.jpg,(9*7)*4=252
train/17812.jpg,2+0*2=2
train/17813.jpg,(8+8)+3=19
train/17814.jpg,1-6-8=-13
train/17815.jpg,7-(7-6)=6
train/17816.jpg,1-5-1=-5
train/17817.jpg,4*8+8=40
train/17818.jpg,7+(2-7)=2
train/17819.jpg,1-(4+0)=-3
train/17820.jpg,(1+0)*3=3
train/17821.jpg,(5-0)-0=5
train/17822.jpg,(6*6)*3=108
train/17823.jpg,(1-1)*9=0
train/17824.jpg,0*6+8=8
train/17825.jpg,(4*1)+2=6
train/17826.jpg,(4-6)-2=-4
train/17827.jpg,5*9+3=48
train/17828.jpg,4-(2-9)=11
train/17829.jpg,2-(1-4)=5
train/17830.jpg,7+(3+7)=17
train/17831.jpg,6+9*6=60
train/17832.jpg,(8*7)-8=48
train/17833.jpg,7-0+4=11
train/17834.jpg,(9*0)+3=3
train/17835.jpg,3+(7*8)=59
train/17836.jpg,4+(8*4)=36
train/17837.jpg,3*2*0=0
train/17838.jpg,6*2+1=13
train/17839.jpg,(7*3)+3=24
train/17840.jpg,(9+5)-1=13
train/17841.jpg,(6+8)+1=15
train/17842.jpg,3+(2-5)=0
train/17843.jpg,(4-3)+2=3
train/17844.jpg,7*6*9=378
train/17845.jpg,(4*5)-1=19
train/17846.jpg,(5-8)*3=-9
train/17847.jpg,8-6-9=-7
train/17848.jpg,0-(2*4)=-8
train/17849.jpg,(1+2)+0=3
train/17850.jpg,6+6-1=11
train/17851.jpg,3-3+9=9
train/17852.jpg,(0*8)+2=2
train/17853.jpg,0*4+3=3
train/17854.jpg,9*(6-0)=54
train/17855.jpg,1+1-5=-3
train/17856.jpg,(4+7)-9=2
train/17857.jpg,8*(1+8)=72
train/17858.jpg,5-2+5=8
train/17859.jpg,2*7-9=5
train/17860.jpg,6+0-8=-2
train/17861.jpg,8-(0+3)=5
train/17862.jpg,4*(8*1)=32
train/17863.jpg,1-(7*9)=-62
train/17864.jpg,6*(9*5)=270
train/17865.jpg,0+(5*8)=40
train/17866.jpg,2*9*2=36
train/17867.jpg,8-7+5=6
train/17868.jpg,8-2-9=-3
train/17869.jpg,(8-2)-3=3
train/17870.jpg,9*(0-6)=-54
train/17871.jpg,3-(0*1)=3
train/17872.jpg,1+(1-9)=-7
train/17873.jpg,1-9+6=-2
train/17874.jpg,(0-2)*2=-4
train/17875.jpg,4*(4*9)=144
train/17876.jpg,0*(5+4)=0
train/17877.jpg,0+(5*9)=45
train/17878.jpg,(0-3)*6=-18
train/17879.jpg,(6-7)-5=-6
train/17880.jpg,7-1-6=0
train/17881.jpg,1*4*3=12
train/17882.jpg,8-(7-4)=5
train/17883.jpg,2-(7-6)=1
train/17884.jpg,(2*9)*5=90
train/17885.jpg,8*8*0=0
train/17886.jpg,(8+0)+3=11
train/17887.jpg,(8+3)*7=77
train/17888.jpg,8*5-6=34
train/17889.jpg,6*3+0=18
train/17890.jpg,8+(6-9)=5
train/17891.jpg,1*(2-7)=-5
train/17892.jpg,2-(6*2)=-10
train/17893.jpg,(6+1)*8=56
train/17894.jpg,(7-0)+3=10
train/17895.jpg,8+5-8=5
train/17896.jpg,(2+2)-3=1
train/17897.jpg,9+7+7=23
train/17898.jpg,1-8*0=1
train/17899.jpg,9-(6+0)=3
train/17900.jpg,(7*9)-9=54
train/17901.jpg,2*(2-8)=-12
train/17902.jpg,5*(4*2)=40
train/17903.jpg,5+4*2=13
train/17904.jpg,(1+0)+6=7
train/17905.jpg,7-2+1=6
train/17906.jpg,3+(3-2)=4
train/17907.jpg,(4*1)*9=36
train/17908.jpg,7-(4-9)=12
train/17909.jpg,7-4*0=7
train/17910.jpg,5+(5+0)=10
train/17911.jpg,(3-2)-3=-2
train/17912.jpg,9*1-2=7
train/17913.jpg,(0-2)-4=-6
train/17914.jpg,(4-4)*8=0
train/17915.jpg,4-(4*6)=-20
train/17916.jpg,2-1*6=-4
train/17917.jpg,3*9*5=135
train/17918.jpg,7-(0+3)=4
train/17919.jpg,(1+6)-3=4
train/17920.jpg,6-9+0=-3
train/17921.jpg,(4-1)*0=0
train/17922.jpg,4-(8+3)=-7
train/17923.jpg,2+(9+1)=12
train/17924.jpg,0*9-6=-6
train/17925.jpg,3*(1-0)=3
train/17926.jpg,(3*5)-3=12
train/17927.jpg,7+(0-9)=-2
train/17928.jpg,(8*8)*5=320
train/17929.jpg,7*5-2=33
train/17930.jpg,5-0*8=5
train/17931.jpg,5+(9-4)=10
train/17932.jpg,(4+5)-4=5
train/17933.jpg,(6*9)+6=60
train/17934.jpg,(7*6)+0=42
train/17935.jpg,0-4+3=-1
train/17936.jpg,(6*1)*0=0
train/17937.jpg,(5-3)-1=1
train/17938.jpg,2-(6-4)=0
train/17939.jpg,0+7*7=49
train/17940.jpg,(0*8)*4=0
train/17941.jpg,2+3-3=2
train/17942.jpg,9*(6+2)=72
train/17943.jpg,0-(6-0)=-6
train/17944.jpg,0+5-0=5
train/17945.jpg,(6-9)+2=-1
train/17946.jpg,2+(1*7)=9
train/17947.jpg,(0-8)+8=0
train/17948.jpg,1+6*5=31
train/17949.jpg,4-(5-1)=0
train/17950.jpg,(4+4)*6=48
train/17951.jpg,6-8+5=3
train/17952.jpg,(3-3)*5=0
train/17953.jpg,(2+2)*3=12
train/17954.jpg,6-(9*5)=-39
train/17955.jpg,1-2+6=5
train/17956.jpg,4*(7*7)=196
train/17957.jpg,2*(4+0)=8
train/17958.jpg,6-8+2=0
train/17959.jpg,4-8-3=-7
train/17960.jpg,(7-0)*2=14
train/17961.jpg,2*(0+7)=14
train/17962.jpg,4+5-4=5
train/17963.jpg,(0*6)+8=8
train/17964.jpg,(9*3)-0=27
train/17965.jpg,5-7+0=-2
train/17966.jpg,6-(0*3)=6
train/17967.jpg,(4+8)-6=6
train/17968.jpg,9*9-3=78
train/17969.jpg,(5+2)+0=7
train/17970.jpg,(4-2)-7=-5
train/17971.jpg,2*4-1=7
train/17972.jpg,6*(9*3)=162
train/17973.jpg,6-0+0=6
train/17974.jpg,(4+6)-7=3
train/17975.jpg,4+(8-5)=7
train/17976.jpg,9+3*5=24
train/17977.jpg,(9-3)+6=12
train/17978.jpg,5-(2*8)=-11
train/17979.jpg,(7*1)-7=0
train/17980.jpg,(3*6)-8=10
train/17981.jpg,(1*4)-0=4
train/17982.jpg,4+(6+6)=16
train/17983.jpg,(2*3)+4=10
train/17984.jpg,2*(7-9)=-4
train/17985.jpg,0*2-6=-6
train/17986.jpg,(3-9)*5=-30
train/17987.jpg,(0+4)*4=16
train/17988.jpg,0-6+2=-4
train/17989.jpg,6*4*3=72
train/17990.jpg,6+(2-3)=5
train/17991.jpg,(5*6)-2=28
train/17992.jpg,4-(5*5)=-21
train/17993.jpg,8*5*9=360
train/17994.jpg,8-(7*9)=-55
train/17995.jpg,7+5*9=52
train/17996.jpg,9*(1-1)=0
train/17997.jpg,0*6*4=0
train/17998.jpg,(6*4)*3=72
train/17999.jpg,5*2-6=4
train/18000.jpg,3+0+6=9
train/18001.jpg,8-(3*2)=2
train/18002.jpg,9+3-0=12
train/18003.jpg,8+2+5=15
train/18004.jpg,(8+8)*9=144
train/18005.jpg,1-1+0=0
train/18006.jpg,5*9-9=36
train/18007.jpg,0*(0-6)=0
train/18008.jpg,7*5+5=40
train/18009.jpg,4*5*2=40
train/18010.jpg,(2-1)-8=-7
train/18011.jpg,1-8+2=-5
train/18012.jpg,8*7+8=64
train/18013.jpg,0+(9-4)=5
train/18014.jpg,6-4*2=-2
train/18015.jpg,6-(6*9)=-48
train/18016.jpg,2-(3*3)=-7
train/18017.jpg,(6+0)+8=14
train/18018.jpg,(5+9)*4=56
train/18019.jpg,4+9+7=20
train/18020.jpg,1+(7-6)=2
train/18021.jpg,9+(3*3)=18
train/18022.jpg,0*(9*9)=0
train/18023.jpg,2+8+1=11
train/18024.jpg,3+(4+6)=13
train/18025.jpg,4*7+9=37
train/18026.jpg,(9+9)*2=36
train/18027.jpg,1-(7-0)=-6
train/18028.jpg,(3*2)-4=2
train/18029.jpg,(9-8)-1=0
train/18030.jpg,3-(2*7)=-11
train/18031.jpg,4-6-8=-10
train/18032.jpg,(6-5)-1=0
train/18033.jpg,5-3*5=-10
train/18034.jpg,8+(3-9)=2
train/18035.jpg,9*7*3=189
train/18036.jpg,0+5*4=20
train/18037.jpg,1*(7*1)=7
train/18038.jpg,(6-7)+0=-1
train/18039.jpg,6*9-3=51
train/18040.jpg,(6+7)*4=52
train/18041.jpg,9*(5*4)=180
train/18042.jpg,8*(2+6)=64
train/18043.jpg,1*(1+8)=9
train/18044.jpg,4*5+8=28
train/18045.jpg,(6+8)-8=6
train/18046.jpg,(9*6)-9=45
train/18047.jpg,(1*7)+6=13
train/18048.jpg,(8-8)-9=-9
train/18049.jpg,8*(8-1)=56
train/18050.jpg,7+(2-3)=6
train/18051.jpg,3*9-5=22
train/18052.jpg,(9*5)+0=45
train/18053.jpg,6-(2-0)=4
train/18054.jpg,(5+9)-6=8
train/18055.jpg,(8*3)+4=28
train/18056.jpg,(7*4)*3=84
train/18057.jpg,(5*5)-9=16
train/18058.jpg,(8+0)-1=7
train/18059.jpg,(4-4)+2=2
train/18060.jpg,(6-8)*4=-8
train/18061.jpg,8-3-2=3
train/18062.jpg,2*(8-6)=4
train/18063.jpg,(8*7)-2=54
train/18064.jpg,3*(7+1)=24
train/18065.jpg,6*1+5=11
train/18066.jpg,9*(3-1)=18
train/18067.jpg,(9-0)+2=11
train/18068.jpg,(6+8)*1=14
train/18069.jpg,(3-3)+6=6
train/18070.jpg,9+6+8=23
train/18071.jpg,7+2*0=7
train/18072.jpg,9+(5-9)=5
train/18073.jpg,3-(0-7)=10
train/18074.jpg,(8*9)*9=648
train/18075.jpg,(5*8)-8=32
train/18076.jpg,(1-9)-5=-13
train/18077.jpg,9+(4+5)=18
train/18078.jpg,(8-7)+4=5
train/18079.jpg,6*(2*6)=72
train/18080.jpg,(5-9)+6=2
train/18081.jpg,3*8-7=17
train/18082.jpg,0*8+6=6
train/18083.jpg,4*(5*3)=60
train/18084.jpg,4-(5+7)=-8
train/18085.jpg,7-(6+6)=-5
train/18086.jpg,(2-6)-7=-11
train/18087.jpg,8+0*2=8
train/18088.jpg,4-(2-2)=4
train/18089.jpg,(0-4)+6=2
train/18090.jpg,0+3*3=9
train/18091.jpg,8*9*4=288
train/18092.jpg,(0+0)-0=0
train/18093.jpg,6+(2-7)=1
train/18094.jpg,(1-4)*7=-21
train/18095.jpg,(0*4)+4=4
train/18096.jpg,6+1-3=4
train/18097.jpg,9-6*6=-27
train/18098.jpg,7-2*4=-1
train/18099.jpg,8-8+3=3
train/18100.jpg,6+(1*5)=11
train/18101.jpg,0*(6+4)=0
train/18102.jpg,3+(9*2)=21
train/18103.jpg,9+(2+8)=19
train/18104.jpg,(2*6)*4=48
train/18105.jpg,(2*3)*3=18
train/18106.jpg,0-(7-1)=-6
train/18107.jpg,2-(8*0)=2
train/18108.jpg,7*0-8=-8
train/18109.jpg,(1-2)*5=-5
train/18110.jpg,(8+5)+5=18
train/18111.jpg,8+(2-8)=2
train/18112.jpg,7*6+3=45
train/18113.jpg,5*(3+7)=50
train/18114.jpg,2-(3*2)=-4
train/18115.jpg,4*0*4=0
train/18116.jpg,2+6+9=17
train/18117.jpg,3+(2*6)=15
train/18118.jpg,1-1*8=-7
train/18119.jpg,8*4*3=96
train/18120.jpg,9+2*1=11
train/18121.jpg,0+(0-8)=-8
train/18122.jpg,1*(6-3)=3
train/18123.jpg,(6-3)*4=12
train/18124.jpg,1+(1-1)=1
train/18125.jpg,2*1-7=-5
train/18126.jpg,7*6-7=35
train/18127.jpg,1*9*3=27
train/18128.jpg,(5+9)-5=9
train/18129.jpg,8-(4*4)=-8
train/18130.jpg,(1-5)-9=-13
train/18131.jpg,0*9-6=-6
train/18132.jpg,(3-2)-2=-1
train/18133.jpg,(0+1)*3=3
train/18134.jpg,(4+8)*5=60
train/18135.jpg,8*(0+0)=0
train/18136.jpg,6+(7-8)=5
train/18137.jpg,0*(2+8)=0
train/18138.jpg,7-(6*4)=-17
train/18139.jpg,6*(7-1)=36
train/18140.jpg,(5+9)+3=17
train/18141.jpg,(8+1)-5=4
train/18142.jpg,(6*0)-5=-5
train/18143.jpg,0-(3*5)=-15
train/18144.jpg,7*(6+7)=91
train/18145.jpg,(5*3)-3=12
train/18146.jpg,6*6+8=44
train/18147.jpg,2+2*3=8
train/18148.jpg,(3-1)+7=9
train/18149.jpg,9+(6-4)=11
train/18150.jpg,(6*1)-3=3
train/18151.jpg,3*2*6=36
train/18152.jpg,8*2+9=25
train/18153.jpg,(7-4)+4=7
train/18154.jpg,(8+7)+5=20
train/18155.jpg,3-8-6=-11
train/18156.jpg,0*4-2=-2
train/18157.jpg,(9+5)+6=20
train/18158.jpg,6*3-3=15
train/18159.jpg,(8*6)*8=384
train/18160.jpg,6+(5*2)=16
train/18161.jpg,(9-2)*6=42
train/18162.jpg,(0*4)-0=0
train/18163.jpg,(4*9)*5=180
train/18164.jpg,7+6-3=10
train/18165.jpg,7+(5+9)=21
train/18166.jpg,(8-1)+5=12
train/18167.jpg,(5+3)+0=8
train/18168.jpg,6*0-8=-8
train/18169.jpg,3+(9-2)=10
train/18170.jpg,(3*9)*6=162
train/18171.jpg,(1-7)-2=-8
train/18172.jpg,5+9*2=23
train/18173.jpg,2*1+3=5
train/18174.jpg,7+(8*6)=55
train/18175.jpg,(5-5)*2=0
train/18176.jpg,9+4-7=6
train/18177.jpg,4+(7-3)=8
train/18178.jpg,7*9-3=60
train/18179.jpg,4+0+0=4
train/18180.jpg,(3*0)*3=0
train/18181.jpg,1-1+2=2
train/18182.jpg,4*2-9=-1
train/18183.jpg,8-(9-9)=8
train/18184.jpg,(2*2)*4=16
train/18185.jpg,5+(3+9)=17
train/18186.jpg,7+(1+6)=14
train/18187.jpg,(2+5)+2=9
train/18188.jpg,(7-2)-6=-1
train/18189.jpg,(2-3)+8=7
train/18190.jpg,(0*1)+5=5
train/18191.jpg,6*(9+9)=108
train/18192.jpg,1*(5+3)=8
train/18193.jpg,(4+1)-1=4
train/18194.jpg,8+(8+3)=19
train/18195.jpg,2-8*2=-14
train/18196.jpg,(7*9)+6=69
train/18197.jpg,2*1*4=8
train/18198.jpg,1+(7-5)=3
train/18199.jpg,(1*3)-9=-6
train/18200.jpg,9+6-5=10
train/18201.jpg,(7+5)+7=19
train/18202.jpg,7-(9*9)=-74
train/18203.jpg,6-(0-9)=15
train/18204.jpg,2+(7*4)=30
train/18205.jpg,4+(6+2)=12
train/18206.jpg,(3*3)+0=9
train/18207.jpg,(3-9)+2=-4
train/18208.jpg,5-(2*0)=5
train/18209.jpg,0-9+5=-4
train/18210.jpg,6+1-9=-2
train/18211.jpg,0+2-0=2
train/18212.jpg,8-(3+4)=1
train/18213.jpg,4+(8*6)=52
train/18214.jpg,4*1+9=13
train/18215.jpg,(0-8)+9=1
train/18216.jpg,8+(8*0)=8
train/18217.jpg,4-(0-5)=9
train/18218.jpg,8-(2-1)=7
train/18219.jpg,(6+7)-5=8
train/18220.jpg,(2*9)+2=20
train/18221.jpg,5+1+3=9
train/18222.jpg,3*0-1=-1
train/18223.jpg,0-9+2=-7
train/18224.jpg,(1-0)+1=2
train/18225.jpg,3+(2+1)=6
train/18226.jpg,6+(3-3)=6
train/18227.jpg,9+(6-8)=7
train/18228.jpg,2-(7-8)=3
train/18229.jpg,(9*5)-1=44
train/18230.jpg,5*(8*3)=120
train/18231.jpg,(7+0)*8=56
train/18232.jpg,8-7-0=1
train/18233.jpg,4-(6*2)=-8
train/18234.jpg,(5+0)+6=11
train/18235.jpg,(8*9)-3=69
train/18236.jpg,7+(6*1)=13
train/18237.jpg,7*(4*4)=112
train/18238.jpg,7-6-1=0
train/18239.jpg,6-(9-1)=-2
train/18240.jpg,4-4-3=-3
train/18241.jpg,2-(4*4)=-14
train/18242.jpg,2+2-9=-5
train/18243.jpg,7*(2+9)=77
train/18244.jpg,7-3*1=4
train/18245.jpg,(4-8)+8=4
train/18246.jpg,6-(8+2)=-4
train/18247.jpg,4*8+5=37
train/18248.jpg,(8*5)+2=42
train/18249.jpg,5+1-4=2
train/18250.jpg,2+(2-8)=-4
train/18251.jpg,(0*3)-3=-3
train/18252.jpg,(1*9)-2=7
train/18253.jpg,4*(1-9)=-32
train/18254.jpg,(8-8)-9=-9
train/18255.jpg,(3-0)*0=0
train/18256.jpg,7*(7*4)=196
train/18257.jpg,(9-0)+0=9
train/18258.jpg,(4+9)+7=20
train/18259.jpg,3-(3*4)=-9
train/18260.jpg,5-(8-7)=4
train/18261.jpg,0+3*2=6
train/18262.jpg,7+4-0=11
train/18263.jpg,6*5-0=30
train/18264.jpg,3*4-7=5
train/18265.jpg,9+(4*7)=37
train/18266.jpg,6*(3*4)=72
train/18267.jpg,(8-9)+6=5
train/18268.jpg,(8*4)*7=224
train/18269.jpg,(8+4)+8=20
train/18270.jpg,3*(2-0)=6
train/18271.jpg,1*(1+4)=5
train/18272.jpg,(1*0)-9=-9
train/18273.jpg,(5*9)-2=43
train/18274.jpg,8+9+0=17
train/18275.jpg,1+4*5=21
train/18276.jpg,8+(3-8)=3
train/18277.jpg,1+3+7=11
train/18278.jpg,1-(7*6)=-41
train/18279.jpg,2+9*1=11
train/18280.jpg,0+(8+3)=11
train/18281.jpg,9*0-7=-7
train/18282.jpg,2*4-6=2
train/18283.jpg,2*3*0=0
train/18284.jpg,2+9+0=11
train/18285.jpg,1*5+4=9
train/18286.jpg,3*4-6=6
train/18287.jpg,7*2+3=17
train/18288.jpg,(0*6)-3=-3
train/18289.jpg,4-(6*3)=-14
train/18290.jpg,(8*8)*3=192
train/18291.jpg,8*0-8=-8
train/18292.jpg,(6-0)+0=6
train/18293.jpg,5+(6-6)=5
train/18294.jpg,2+5-4=3
train/18295.jpg,(6+2)*7=56
train/18296.jpg,(8-6)+4=6
train/18297.jpg,(4-4)-6=-6
train/18298.jpg,3*(4-2)=6
train/18299.jpg,2-(8-1)=-5
train/18300.jpg,(0-3)*2=-6
train/18301.jpg,6+(4+2)=12
train/18302.jpg,3+0*4=3
train/18303.jpg,(2-8)+3=-3
train/18304.jpg,(6+7)+7=20
train/18305.jpg,(3*6)-9=9
train/18306.jpg,(2*8)*5=80
train/18307.jpg,5-(4-2)=3
train/18308.jpg,(9+5)-3=11
train/18309.jpg,4-1-5=-2
train/18310.jpg,5-8-4=-7
train/18311.jpg,8+(9+0)=17
train/18312.jpg,0+8-3=5
train/18313.jpg,(0*8)+5=5
train/18314.jpg,(6-7)+5=4
train/18315.jpg,(9+2)*8=88
train/18316.jpg,(6-9)*2=-6
train/18317.jpg,5-0-2=3
train/18318.jpg,8+7*6=50
train/18319.jpg,6-(3*5)=-9
train/18320.jpg,(7-9)*7=-14
train/18321.jpg,3+3+9=15
train/18322.jpg,8+(8*8)=72
train/18323.jpg,(6-0)+6=12
train/18324.jpg,(1+4)+9=14
train/18325.jpg,1*8+2=10
train/18326.jpg,7-(7*7)=-42
train/18327.jpg,(6-5)-4=-3
train/18328.jpg,2*5*4=40
train/18329.jpg,1*(5+8)=13
train/18330.jpg,(5+2)+5=12
train/18331.jpg,5+5*4=25
train/18332.jpg,(3*2)-4=2
train/18333.jpg,(1*1)*6=6
train/18334.jpg,6*(8+0)=48
train/18335.jpg,1*0*6=0
train/18336.jpg,(0+3)*5=15
train/18337.jpg,(9-0)-6=3
train/18338.jpg,(2*3)*0=0
train/18339.jpg,9-(4-7)=12
train/18340.jpg,7-(9+0)=-2
train/18341.jpg,8-(9+1)=-2
train/18342.jpg,(8-6)+0=2
train/18343.jpg,1-2*3=-5
train/18344.jpg,9*4*2=72
train/18345.jpg,(1*6)+5=11
train/18346.jpg,6+(2-4)=4
train/18347.jpg,3+1*5=8
train/18348.jpg,9+1*8=17
train/18349.jpg,1*7-9=-2
train/18350.jpg,(5-4)-7=-6
train/18351.jpg,2*(0-7)=-14
train/18352.jpg,7-(2*8)=-9
train/18353.jpg,0+(0-0)=0
train/18354.jpg,2*7*7=98
train/18355.jpg,9-8-8=-7
train/18356.jpg,7*(4*9)=252
train/18357.jpg,5+7*4=33
train/18358.jpg,(7+6)*8=104
train/18359.jpg,(2+0)*9=18
train/18360.jpg,5+2*3=11
train/18361.jpg,4+(2-4)=2
train/18362.jpg,9*6*8=432
train/18363.jpg,(7*2)*4=56
train/18364.jpg,(9+1)-4=6
train/18365.jpg,3+(3+9)=15
train/18366.jpg,8*9*7=504
train/18367.jpg,4*(9*6)=216
train/18368.jpg,(2-5)-4=-7
train/18369.jpg,9+(7*9)=72
train/18370.jpg,2-2*8=-14
train/18371.jpg,(7*6)+3=45
train/18372.jpg,8+(1-9)=0
train/18373.jpg,4-(5-0)=-1
train/18374.jpg,2-9+0=-7
train/18375.jpg,3*(9*8)=216
train/18376.jpg,(0*1)+7=7
train/18377.jpg,7-(4+1)=2
train/18378.jpg,7-(5-0)=2
train/18379.jpg,(7-7)-0=0
train/18380.jpg,(2+8)+9=19
train/18381.jpg,(6+5)-8=3
train/18382.jpg,6-8*8=-58
train/18383.jpg,(8-6)*3=6
train/18384.jpg,4-8+4=0
train/18385.jpg,7*1+5=12
train/18386.jpg,(5*2)*5=50
train/18387.jpg,7*(7*3)=147
train/18388.jpg,8+7-1=14
train/18389.jpg,6+6-7=5
train/18390.jpg,(1+6)-3=4
train/18391.jpg,1+(9-6)=4
train/18392.jpg,2*(3-6)=-6
train/18393.jpg,(2+6)-9=-1
train/18394.jpg,(4*1)*0=0
train/18395.jpg,5+(6*5)=35
train/18396.jpg,3-7*1=-4
train/18397.jpg,(9-1)+6=14
train/18398.jpg,1+(8*3)=25
train/18399.jpg,4-1*2=2
train/18400.jpg,(8*1)*2=16
train/18401.jpg,(6-3)-8=-5
train/18402.jpg,(0*3)-8=-8
train/18403.jpg,(0+0)-2=-2
train/18404.jpg,(1+5)*5=30
train/18405.jpg,(6-4)+8=10
train/18406.jpg,(4+3)*4=28
train/18407.jpg,2+9*5=47
train/18408.jpg,0-(5+9)=-14
train/18409.jpg,(0-5)-6=-11
train/18410.jpg,(4+8)*8=96
train/18411.jpg,3-(9+4)=-10
train/18412.jpg,(4+0)+9=13
train/18413.jpg,(0*3)*7=0
train/18414.jpg,(3+6)-9=0
train/18415.jpg,0*(4-2)=0
train/18416.jpg,3+(8+3)=14
train/18417.jpg,7+4+8=19
train/18418.jpg,2+3*9=29
train/18419.jpg,8-(6*3)=-10
train/18420.jpg,6*6*9=324
train/18421.jpg,9-6-3=0
train/18422.jpg,2-7-1=-6
train/18423.jpg,(7+4)*4=44
train/18424.jpg,9+7*2=23
train/18425.jpg,(8-8)+4=4
train/18426.jpg,(9+9)+3=21
train/18427.jpg,9-(5*5)=-16
train/18428.jpg,(6*9)-8=46
train/18429.jpg,1-(4-4)=1
train/18430.jpg,9+(1*3)=12
train/18431.jpg,5+5-3=7
train/18432.jpg,(4-9)*8=-40
train/18433.jpg,4-5+6=5
train/18434.jpg,6+0-3=3
train/18435.jpg,2-3+3=2
train/18436.jpg,1+(9-6)=4
train/18437.jpg,(0-4)-0=-4
train/18438.jpg,9*8+2=74
train/18439.jpg,7*(4+8)=84
train/18440.jpg,(4+4)*3=24
train/18441.jpg,(2*6)-1=11
train/18442.jpg,(6*1)+8=14
train/18443.jpg,8+1-3=6
train/18444.jpg,6+(7-7)=6
train/18445.jpg,1-8-8=-15
train/18446.jpg,5*(2+6)=40
train/18447.jpg,8+5*8=48
train/18448.jpg,(6-5)-5=-4
train/18449.jpg,(2-9)*2=-14
train/18450.jpg,(1-5)*0=0
train/18451.jpg,9+1+6=16
train/18452.jpg,7-(0+8)=-1
train/18453.jpg,(4*2)-1=7
train/18454.jpg,4-9*2=-14
train/18455.jpg,(7-1)-3=3
train/18456.jpg,6+7*2=20
train/18457.jpg,6+0*1=6
train/18458.jpg,4-7-3=-6
train/18459.jpg,(9*3)*9=243
train/18460.jpg,(0+9)*2=18
train/18461.jpg,7*(3-4)=-7
train/18462.jpg,(6*7)*7=294
train/18463.jpg,3-0-5=-2
train/18464.jpg,4*0+8=8
train/18465.jpg,(2*5)-4=6
train/18466.jpg,(2*1)+9=11
train/18467.jpg,0+(7-8)=-1
train/18468.jpg,7*5+8=43
train/18469.jpg,3-(4+4)=-5
train/18470.jpg,(0+0)-9=-9
train/18471.jpg,0+4*5=20
train/18472.jpg,(2*9)+0=18
train/18473.jpg,2+1*5=7
train/18474.jpg,7-3-8=-4
train/18475.jpg,(1*4)-4=0
train/18476.jpg,1-2+2=1
train/18477.jpg,3-(4+8)=-9
train/18478.jpg,(5-2)+8=11
train/18479.jpg,(5+1)*0=0
train/18480.jpg,(0*5)*9=0
train/18481.jpg,(4*5)*4=80
train/18482.jpg,9*3-1=26
train/18483.jpg,0-(4-0)=-4
train/18484.jpg,(5-4)+2=3
train/18485.jpg,6+(7+5)=18
train/18486.jpg,(9*4)*1=36
train/18487.jpg,3-9-8=-14
train/18488.jpg,(5*9)-5=40
train/18489.jpg,4+(8-5)=7
train/18490.jpg,1*3-0=3
train/18491.jpg,(8*4)-1=31
train/18492.jpg,7+5-7=5
train/18493.jpg,9*0+8=8
train/18494.jpg,7+(2+0)=9
train/18495.jpg,(2*6)+6=18
train/18496.jpg,(8+6)-9=5
train/18497.jpg,5-4*2=-3
train/18498.jpg,4-(3*5)=-11
train/18499.jpg,(5+0)+3=8
train/18500.jpg,9*4*4=144
train/18501.jpg,1+(7-4)=4
train/18502.jpg,5+(2+8)=15
train/18503.jpg,5*5*4=100
train/18504.jpg,8+8*8=72
train/18505.jpg,6*(0+7)=42
train/18506.jpg,(2*7)+0=14
train/18507.jpg,0*3+9=9
train/18508.jpg,1+(5*4)=21
train/18509.jpg,7+(8+2)=17
train/18510.jpg,6+8+7=21
train/18511.jpg,3+4-0=7
train/18512.jpg,3+(0*9)=3
train/18513.jpg,7*(8*7)=392
train/18514.jpg,(8-3)-1=4
train/18515.jpg,(8-8)*1=0
train/18516.jpg,1-(1-8)=8
train/18517.jpg,8+(8*5)=48
train/18518.jpg,2+(7+8)=17
train/18519.jpg,2-(1*1)=1
train/18520.jpg,(3*0)+7=7
train/18521.jpg,4*(2+9)=44
train/18522.jpg,(8+7)+2=17
train/18523.jpg,5-9+9=5
train/18524.jpg,8*(1+8)=72
train/18525.jpg,4*(6-9)=-12
train/18526.jpg,9-(9-1)=1
train/18527.jpg,8+(6*5)=38
train/18528.jpg,3-(4-2)=1
train/18529.jpg,7+(5*1)=12
train/18530.jpg,7-(0-3)=10
train/18531.jpg,3*(3-1)=6
train/18532.jpg,1+(9-4)=6
train/18533.jpg,3*(0+9)=27
train/18534.jpg,(5*7)*5=175
train/18535.jpg,(4+6)*9=90
train/18536.jpg,2-4*2=-6
train/18537.jpg,6*(1+8)=54
train/18538.jpg,2*(7*0)=0
train/18539.jpg,(1*3)*1=3
train/18540.jpg,3+5*5=28
train/18541.jpg,1*2-1=1
train/18542.jpg,6*(9+9)=108
train/18543.jpg,7-(2*7)=-7
train/18544.jpg,7+(0+3)=10
train/18545.jpg,(9+1)*4=40
train/18546.jpg,(2+1)-5=-2
train/18547.jpg,7+3*8=31
train/18548.jpg,(7+7)-1=13
train/18549.jpg,(4*4)-6=10
train/18550.jpg,2*(7*6)=84
train/18551.jpg,5+(3+1)=9
train/18552.jpg,2+0+9=11
train/18553.jpg,0-(0*6)=0
train/18554.jpg,5+6+4=15
train/18555.jpg,9-1-1=7
train/18556.jpg,6-(2-5)=9
train/18557.jpg,6*(1*0)=0
train/18558.jpg,(6+4)*8=80
train/18559.jpg,2-6*7=-40
train/18560.jpg,5+(4+5)=14
train/18561.jpg,9+8*1=17
train/18562.jpg,7-(3-9)=13
train/18563.jpg,7+(4+6)=17
train/18564.jpg,4-9-5=-10
train/18565.jpg,(6-1)-9=-4
train/18566.jpg,(4+7)+1=12
train/18567.jpg,3-0*3=3
train/18568.jpg,(8+6)*8=112
train/18569.jpg,9*(7-5)=18
train/18570.jpg,4-(7*7)=-45
train/18571.jpg,3-(4-4)=3
train/18572.jpg,6-8-0=-2
train/18573.jpg,8+1+6=15
train/18574.jpg,0-(2*1)=-2
train/18575.jpg,(4+3)*6=42
train/18576.jpg,(3+0)*8=24
train/18577.jpg,8*(7*1)=56
train/18578.jpg,1+(2+3)=6
train/18579.jpg,9*(3-1)=18
train/18580.jpg,7-0*4=7
train/18581.jpg,4*9*4=144
train/18582.jpg,(2+2)*5=20
train/18583.jpg,(7-9)+7=5
train/18584.jpg,2+(3*1)=5
train/18585.jpg,3*0+0=0
train/18586.jpg,3*9+8=35
train/18587.jpg,(5-5)+7=7
train/18588.jpg,3+(1-9)=-5
train/18589.jpg,7-(6*5)=-23
train/18590.jpg,2*9*0=0
train/18591.jpg,7-0+3=10
train/18592.jpg,(5*5)-7=18
train/18593.jpg,(3-6)*3=-9
train/18594.jpg,3+(4+9)=16
train/18595.jpg,(4-1)+5=8
train/18596.jpg,(4*1)+2=6
train/18597.jpg,(3*8)-9=15
train/18598.jpg,0*(1-2)=0
train/18599.jpg,(6*7)*6=252
train/18600.jpg,(1*3)+3=6
train/18601.jpg,2-0-5=-3
train/18602.jpg,(7+0)-1=6
train/18603.jpg,4+5+7=16
train/18604.jpg,(7*0)+2=2
train/18605.jpg,1-(2+6)=-7
train/18606.jpg,2+3*8=26
train/18607.jpg,0+(0*9)=0
train/18608.jpg,(8-9)+7=6
train/18609.jpg,4*(5+2)=28
train/18610.jpg,(8+4)-1=11
train/18611.jpg,7-7*0=7
train/18612.jpg,0-5*9=-45
train/18613.jpg,4*6-3=21
train/18614.jpg,4+(0*0)=4
train/18615.jpg,6*0-4=-4
train/18616.jpg,4-(8-8)=4
train/18617.jpg,2-8+0=-6
train/18618.jpg,0-9+9=0
train/18619.jpg,0+(3+8)=11
train/18620.jpg,3+(4+2)=9
train/18621.jpg,(1*2)*1=2
train/18622.jpg,4-(3-5)=6
train/18623.jpg,(3-7)+0=-4
train/18624.jpg,(9*5)*2=90
train/18625.jpg,4-(5+5)=-6
train/18626.jpg,9-7*2=-5
train/18627.jpg,3*7-8=13
train/18628.jpg,(6*4)-1=23
train/18629.jpg,4+(7+7)=18
train/18630.jpg,8+1-5=4
train/18631.jpg,0+6-0=6
train/18632.jpg,(1*8)*7=56
train/18633.jpg,8+(6-3)=11
train/18634.jpg,2*1*9=18
train/18635.jpg,9-(8*8)=-55
train/18636.jpg,1*(4-8)=-4
train/18637.jpg,1*0-4=-4
train/18638.jpg,6-7*5=-29
train/18639.jpg,7+7-9=5
train/18640.jpg,9*(7+0)=63
train/18641.jpg,(0+3)+1=4
train/18642.jpg,(3+5)-6=2
train/18643.jpg,(0*4)-2=-2
train/18644.jpg,0+(8-2)=6
train/18645.jpg,(1*7)+1=8
train/18646.jpg,(8+6)*9=126
train/18647.jpg,8+0+9=17
train/18648.jpg,(3+5)*6=48
train/18649.jpg,0-0-1=-1
train/18650.jpg,(0*9)*4=0
train/18651.jpg,5*7*5=175
train/18652.jpg,(7-3)*4=16
train/18653.jpg,6-(8-0)=-2
train/18654.jpg,2*(9+6)=30
train/18655.jpg,0*6-7=-7
train/18656.jpg,(1*0)-6=-6
train/18657.jpg,(4+4)+8=16
train/18658.jpg,(5*2)*4=40
train/18659.jpg,8*8-0=64
train/18660.jpg,0-(2*9)=-18
train/18661.jpg,(2*8)-5=11
train/18662.jpg,3*5*5=75
train/18663.jpg,6*(2*6)=72
train/18664.jpg,3-(2-9)=10
train/18665.jpg,(8-6)*8=16
train/18666.jpg,7+4+8=19
train/18667.jpg,3*9*8=216
train/18668.jpg,2+(8*1)=10
train/18669.jpg,5*(4*8)=160
train/18670.jpg,(4+2)-5=1
train/18671.jpg,1+(5*9)=46
train/18672.jpg,0+3+5=8
train/18673.jpg,(7*7)*4=196
train/18674.jpg,(5*8)*8=320
train/18675.jpg,(8+9)-3=14
train/18676.jpg,1*(5*7)=35
train/18677.jpg,(1-8)*7=-49
train/18678.jpg,7*(8*8)=448
train/18679.jpg,(4+6)-3=7
train/18680.jpg,4+1*1=5
train/18681.jpg,8+(5+1)=14
train/18682.jpg,4-0-9=-5
train/18683.jpg,5*(2-1)=5
train/18684.jpg,9*(4+9)=117
train/18685.jpg,5-(7-6)=4
train/18686.jpg,9*(1-7)=-54
train/18687.jpg,6+(8-2)=12
train/18688.jpg,0+5*8=40
train/18689.jpg,2*8-8=8
train/18690.jpg,9-8*5=-31
train/18691.jpg,(1*1)*6=6
train/18692.jpg,3*5+2=17
train/18693.jpg,7+(7+3)=17
train/18694.jpg,9+(8+7)=24
train/18695.jpg,(9*9)-3=78
train/18696.jpg,4*(6+5)=44
train/18697.jpg,3*(2*8)=48
train/18698.jpg,4*3+8=20
train/18699.jpg,6-(9+4)=-7
train/18700.jpg,1-8+7=0
train/18701.jpg,3+(6-3)=6
train/18702.jpg,(7+5)*4=48
train/18703.jpg,(2-2)-3=-3
train/18704.jpg,6+(7*2)=20
train/18705.jpg,1+2*4=9
train/18706.jpg,5*(5*7)=175
train/18707.jpg,(4*9)*9=324
train/18708.jpg,(4*8)-0=32
train/18709.jpg,(1*2)-5=-3
train/18710.jpg,5+(2-2)=5
train/18711.jpg,0*(9*6)=0
train/18712.jpg,1*8-8=0
train/18713.jpg,(8+9)-3=14
train/18714.jpg,(5+0)+2=7
train/18715.jpg,2+(4+0)=6
train/18716.jpg,7-(2+6)=-1
train/18717.jpg,6+7-1=12
train/18718.jpg,9+(2*6)=21
train/18719.jpg,7+9+1=17
train/18720.jpg,0-(5*6)=-30
train/18721.jpg,4+7+9=20
train/18722.jpg,(3-8)*4=-20
train/18723.jpg,(1+7)+6=14
train/18724.jpg,2*7+4=18
train/18725.jpg,(6*4)-2=22
train/18726.jpg,(3+7)-4=6
train/18727.jpg,2-2+2=2
train/18728.jpg,6*6*1=36
train/18729.jpg,7*9-6=57
train/18730.jpg,7+(6-1)=12
train/18731.jpg,(9-3)+4=10
train/18732.jpg,9*1+8=17
train/18733.jpg,(0+9)-7=2
train/18734.jpg,1*0*4=0
train/18735.jpg,(7-5)-4=-2
train/18736.jpg,4*7+9=37
train/18737.jpg,7*4+9=37
train/18738.jpg,0+(1-2)=-1
train/18739.jpg,1+(9-9)=1
train/18740.jpg,(4*3)-7=5
train/18741.jpg,1*(0-6)=-6
train/18742.jpg,9*(0-0)=0
train/18743.jpg,8-4+8=12
train/18744.jpg,2+(8*8)=66
train/18745.jpg,0*1-1=-1
train/18746.jpg,(8+2)-1=9
train/18747.jpg,0*(5+5)=0
train/18748.jpg,(6-4)*4=8
train/18749.jpg,2-5+0=-3
train/18750.jpg,3-(7*0)=3
train/18751.jpg,(8+7)+9=24
train/18752.jpg,(4*0)-7=-7
train/18753.jpg,1*(0-2)=-2
train/18754.jpg,(2-9)-3=-10
train/18755.jpg,6*(6*6)=216
train/18756.jpg,(4*5)+1=21
train/18757.jpg,5*(2*6)=60
train/18758.jpg,(5*8)*5=200
train/18759.jpg,2+7*4=30
train/18760.jpg,2-(1*2)=0
train/18761.jpg,4-(0*7)=4
train/18762.jpg,3-6*7=-39
train/18763.jpg,0-(7-7)=0
train/18764.jpg,1-(1*8)=-7
train/18765.jpg,5+6+1=12
train/18766.jpg,4*9-3=33
train/18767.jpg,0-(1+9)=-10
train/18768.jpg,4-(7+4)=-7
train/18769.jpg,1*(8*5)=40
train/18770.jpg,3+(0-2)=1
train/18771.jpg,(1-3)+9=7
train/18772.jpg,6-(8*4)=-26
train/18773.jpg,5+(8-8)=5
train/18774.jpg,(6-3)-4=-1
train/18775.jpg,(4*5)+3=23
train/18776.jpg,(5*8)*3=120
train/18777.jpg,5+3-0=8
train/18778.jpg,(9-7)-4=-2
train/18779.jpg,2+(3*9)=29
train/18780.jpg,0+6+2=8
train/18781.jpg,7-(0-4)=11
train/18782.jpg,6*5-6=24
train/18783.jpg,(0*3)-2=-2
train/18784.jpg,1-8*6=-47
train/18785.jpg,0*(2*9)=0
train/18786.jpg,1-7+4=-2
train/18787.jpg,7+6-8=5
train/18788.jpg,5*(2*7)=70
train/18789.jpg,(1+5)*5=30
train/18790.jpg,(3*9)-1=26
train/18791.jpg,6*(4-9)=-30
train/18792.jpg,7*4+6=34
train/18793.jpg,(1-0)-6=-5
train/18794.jpg,(1+1)*3=6
train/18795.jpg,0+(8-2)=6
train/18796.jpg,(7*5)+8=43
train/18797.jpg,3-4+7=6
train/18798.jpg,6-(7*1)=-1
train/18799.jpg,(3-3)*6=0
train/18800.jpg,0-(5+2)=-7
train/18801.jpg,(1-5)*6=-24
train/18802.jpg,4-(4*2)=-4
train/18803.jpg,2*5*6=60
train/18804.jpg,9+5*0=9
train/18805.jpg,2+7+2=11
train/18806.jpg,5-(3*7)=-16
train/18807.jpg,(4*4)*2=32
train/18808.jpg,2+0-8=-6
train/18809.jpg,0-3-9=-12
train/18810.jpg,(9+8)-4=13
train/18811.jpg,(5*8)-6=34
train/18812.jpg,7+(9+1)=17
train/18813.jpg,9-8*1=1
train/18814.jpg,5*5*5=125
train/18815.jpg,6-6-6=-6
train/18816.jpg,(8+8)+6=22
train/18817.jpg,(0-2)-7=-9
train/18818.jpg,9-(5*3)=-6
train/18819.jpg,1*4+8=12
train/18820.jpg,(8*4)-6=26
train/18821.jpg,(7+1)+0=8
train/18822.jpg,(8+4)+8=20
train/18823.jpg,(8+5)*9=117
train/18824.jpg,(6*6)*9=324
train/18825.jpg,9+(0+4)=13
train/18826.jpg,4-(8*4)=-28
train/18827.jpg,(3*2)+8=14
train/18828.jpg,(9*5)+0=45
train/18829.jpg,5*(2*7)=70
train/18830.jpg,1-(8+5)=-12
train/18831.jpg,(1+2)+0=3
train/18832.jpg,(5-9)+7=3
train/18833.jpg,(5*3)*3=45
train/18834.jpg,(4-8)-9=-13
train/18835.jpg,7-5+9=11
train/18836.jpg,8*9-5=67
train/18837.jpg,6-(8+7)=-9
train/18838.jpg,3*(6+6)=36
train/18839.jpg,0+3*5=15
train/18840.jpg,4+7-5=6
train/18841.jpg,(5+3)+1=9
train/18842.jpg,9-6*0=9
train/18843.jpg,9-(4-2)=7
train/18844.jpg,(7+8)+8=23
train/18845.jpg,0-(7*3)=-21
train/18846.jpg,6-5*6=-24
train/18847.jpg,(5+9)+7=21
train/18848.jpg,(8-8)*8=0
train/18849.jpg,0+8-3=5
train/18850.jpg,8+(8+9)=25
train/18851.jpg,6-3*7=-15
train/18852.jpg,6+(1+2)=9
train/18853.jpg,5*4+1=21
train/18854.jpg,6-(4*6)=-18
train/18855.jpg,(5+8)*1=13
train/18856.jpg,8-2*7=-6
train/18857.jpg,8*(6-3)=24
train/18858.jpg,(9-0)*5=45
train/18859.jpg,7+3+6=16
train/18860.jpg,4*2+7=15
train/18861.jpg,(8-2)+9=15
train/18862.jpg,8*(2*5)=80
train/18863.jpg,5-(2+6)=-3
train/18864.jpg,(2*5)*6=60
train/18865.jpg,8+(3*1)=11
train/18866.jpg,(5-6)*4=-4
train/18867.jpg,5-3*3=-4
train/18868.jpg,9*4-7=29
train/18869.jpg,6*(3*0)=0
train/18870.jpg,6*(8-0)=48
train/18871.jpg,9-(7+3)=-1
train/18872.jpg,(1-9)*6=-48
train/18873.jpg,6-3*4=-6
train/18874.jpg,7+9-0=16
train/18875.jpg,4-5-2=-3
train/18876.jpg,(6-1)*5=25
train/18877.jpg,0-1-8=-9
train/18878.jpg,5*(5+4)=45
train/18879.jpg,(3*3)*3=27
train/18880.jpg,6+0*2=6
train/18881.jpg,9+5*6=39
train/18882.jpg,8-(7-6)=7
train/18883.jpg,7+(9+3)=19
train/18884.jpg,0*(1*6)=0
train/18885.jpg,9+7-6=10
train/18886.jpg,1*(9-3)=6
train/18887.jpg,5-3-1=1
train/18888.jpg,4+(9+0)=13
train/18889.jpg,4-1*3=1
train/18890.jpg,8+(9+2)=19
train/18891.jpg,8*3-2=22
train/18892.jpg,(4*3)*0=0
train/18893.jpg,(9*4)+1=37
train/18894.jpg,(5-3)*1=2
train/18895.jpg,2-4+8=6
train/18896.jpg,2*9-8=10
train/18897.jpg,1+(5-5)=1
train/18898.jpg,3+(3*3)=12
train/18899.jpg,9-1-4=4
train/18900.jpg,8-(2*5)=-2
train/18901.jpg,5-(9*4)=-31
train/18902.jpg,(5-3)-6=-4
train/18903.jpg,3+(2+8)=13
train/18904.jpg,(4-4)*8=0
train/18905.jpg,7-2*9=-11
train/18906.jpg,9-(2-9)=16
train/18907.jpg,7+5*2=17
train/18908.jpg,(9*6)*4=216
train/18909.jpg,1+2-1=2
train/18910.jpg,(7*8)-9=47
train/18911.jpg,(2*4)+2=10
train/18912.jpg,3+(7*2)=17
train/18913.jpg,(6*1)-9=-3
train/18914.jpg,2-(9+6)=-13
train/18915.jpg,(3+8)-2=9
train/18916.jpg,(2+3)-9=-4
train/18917.jpg,4-(7*2)=-10
train/18918.jpg,5-1+8=12
train/18919.jpg,1+(9-4)=6
train/18920.jpg,0-6+0=-6
train/18921.jpg,7+(7*4)=35
train/18922.jpg,(7+9)*4=64
train/18923.jpg,5+(6-2)=9
train/18924.jpg,4*(6*7)=168
train/18925.jpg,0*(2+6)=0
train/18926.jpg,(1-3)-6=-8
train/18927.jpg,0*8*9=0
train/18928.jpg,8+(8+1)=17
train/18929.jpg,6*(1-8)=-42
train/18930.jpg,0-(4+9)=-13
train/18931.jpg,7*(4*3)=84
train/18932.jpg,(0-3)-9=-12
train/18933.jpg,8+(1*6)=14
train/18934.jpg,8*6-9=39
train/18935.jpg,6*(8+9)=102
train/18936.jpg,2+(1*9)=11
train/18937.jpg,(5*1)+9=14
train/18938.jpg,2-9*4=-34
train/18939.jpg,(2+9)+5=16
train/18940.jpg,3+4+1=8
train/18941.jpg,1+0+8=9
train/18942.jpg,(3+1)*2=8
train/18943.jpg,1*6+8=14
train/18944.jpg,(8-9)+7=6
train/18945.jpg,6-(5*9)=-39
train/18946.jpg,9+5+7=21
train/18947.jpg,4*(2*8)=64
train/18948.jpg,5+0+9=14
train/18949.jpg,0-9-2=-11
train/18950.jpg,(2+0)*0=0
train/18951.jpg,3*(4*4)=48
train/18952.jpg,6*0-1=-1
train/18953.jpg,7-(2-4)=9
train/18954.jpg,9-(7+8)=-6
train/18955.jpg,3*(7*4)=84
train/18956.jpg,(6-2)*6=24
train/18957.jpg,8-(6*4)=-16
train/18958.jpg,7-(8+9)=-10
train/18959.jpg,1+2-7=-4
train/18960.jpg,4+(8+2)=14
train/18961.jpg,5-(3*9)=-22
train/18962.jpg,(8+5)-1=12
train/18963.jpg,(3*6)*2=36
train/18964.jpg,6+0-4=2
train/18965.jpg,(8+8)-7=9
train/18966.jpg,(4+0)*4=16
train/18967.jpg,(6*8)-7=41
train/18968.jpg,8-(9+5)=-6
train/18969.jpg,(2*3)*3=18
train/18970.jpg,0*0+9=9
train/18971.jpg,5*3*5=75
train/18972.jpg,(1+6)-7=0
train/18973.jpg,3-(0*3)=3
train/18974.jpg,6+4-9=1
train/18975.jpg,5+6-5=6
train/18976.jpg,5-3*6=-13
train/18977.jpg,1-(7+2)=-8
train/18978.jpg,1-0+2=3
train/18979.jpg,8+6-2=12
train/18980.jpg,1+(1-6)=-4
train/18981.jpg,(5-1)*4=16
train/18982.jpg,3*(4*2)=24
train/18983.jpg,3*(0*0)=0
train/18984.jpg,6-(2-2)=6
train/18985.jpg,6+(8-8)=6
train/18986.jpg,(6-3)*2=6
train/18987.jpg,5-9+2=-2
train/18988.jpg,1-(3-0)=-2
train/18989.jpg,(8+0)*2=16
train/18990.jpg,0*4-3=-3
train/18991.jpg,(5-8)*5=-15
train/18992.jpg,1*(5-1)=4
train/18993.jpg,(5-7)-9=-11
train/18994.jpg,(1*5)*5=25
train/18995.jpg,(1+6)*9=63
train/18996.jpg,0-6-6=-12
train/18997.jpg,9+(6+6)=21
train/18998.jpg,(5-8)+6=3
train/18999.jpg,(5-7)-9=-11
train/19000.jpg,5+(5+1)=11
train/19001.jpg,(9*8)-1=71
train/19002.jpg,8*4+3=35
train/19003.jpg,6+(9+8)=23
train/19004.jpg,2+(8-0)=10
train/19005.jpg,8*(6*3)=144
train/19006.jpg,(0*9)*1=0
train/19007.jpg,0-(5+1)=-6
train/19008.jpg,(0*6)*3=0
train/19009.jpg,2*(7+0)=14
train/19010.jpg,(4-7)-0=-3
train/19011.jpg,(3+8)-7=4
train/19012.jpg,6*(3*7)=126
train/19013.jpg,3*8+0=24
train/19014.jpg,(7*6)*4=168
train/19015.jpg,(3-2)+9=10
train/19016.jpg,9*8-9=63
train/19017.jpg,0+1+0=1
train/19018.jpg,5+(2-3)=4
train/19019.jpg,7+(2-8)=1
train/19020.jpg,2+(9*6)=56
train/19021.jpg,(9-8)-6=-5
train/19022.jpg,7+5+1=13
train/19023.jpg,(8-6)*6=12
train/19024.jpg,7*(2+0)=14
train/19025.jpg,3+9*8=75
train/19026.jpg,4-(5-2)=1
train/19027.jpg,6*(8*4)=192
train/19028.jpg,(0-4)+2=-2
train/19029.jpg,0+(9+7)=16
train/19030.jpg,(1+1)-3=-1
train/19031.jpg,(4+7)*5=55
train/19032.jpg,0*(8+0)=0
train/19033.jpg,9-(4*0)=9
train/19034.jpg,9*2+5=23
train/19035.jpg,7+9+4=20
train/19036.jpg,2*(2*3)=12
train/19037.jpg,(9+5)+1=15
train/19038.jpg,(9*3)*6=162
train/19039.jpg,8+2-2=8
train/19040.jpg,1*3-2=1
train/19041.jpg,(9+0)+4=13
train/19042.jpg,(7+1)*6=48
train/19043.jpg,2+0+7=9
train/19044.jpg,9+(2*7)=23
train/19045.jpg,(7-2)-8=-3
train/19046.jpg,(3+7)+3=13
train/19047.jpg,(2-7)*3=-15
train/19048.jpg,(2-1)-4=-3
train/19049.jpg,(9*3)*0=0
train/19050.jpg,3+4*0=3
train/19051.jpg,9*(3-9)=-54
train/19052.jpg,3+4+9=16
train/19053.jpg,(3*3)-6=3
train/19054.jpg,(8-7)*4=4
train/19055.jpg,9-(2+6)=1
train/19056.jpg,4*8-5=27
train/19057.jpg,(5+9)+2=16
train/19058.jpg,1*(9*6)=54
train/19059.jpg,(0*5)-5=-5
train/19060.jpg,0+4*2=8
train/19061.jpg,(6+4)-0=10
train/19062.jpg,(0+3)*9=27
train/19063.jpg,7*(1-6)=-35
train/19064.jpg,4+8*9=76
train/19065.jpg,7+9*1=16
train/19066.jpg,2*(3+7)=20
train/19067.jpg,2-(6-2)=-2
train/19068.jpg,(4-7)+8=5
train/19069.jpg,9+0-2=7
train/19070.jpg,0*(3-3)=0
train/19071.jpg,(7+9)-5=11
train/19072.jpg,6*1-5=1
train/19073.jpg,1+2+5=8
train/19074.jpg,(3-3)+5=5
train/19075.jpg,5+6+0=11
train/19076.jpg,3+(2-6)=-1
train/19077.jpg,6+(0+8)=14
train/19078.jpg,(7-3)*8=32
train/19079.jpg,6*2-3=9
train/19080.jpg,2+5-1=6
train/19081.jpg,(8*7)*1=56
train/19082.jpg,(1-6)+4=-1
train/19083.jpg,8-(0-0)=8
train/19084.jpg,0*3*1=0
train/19085.jpg,8*3+0=24
train/19086.jpg,(1-8)*2=-14
train/19087.jpg,(9+9)+3=21
train/19088.jpg,8-7*7=-41
train/19089.jpg,3-3+3=3
train/19090.jpg,4+2*3=10
train/19091.jpg,3*(4*4)=48
train/19092.jpg,0*9-8=-8
train/19093.jpg,(7-4)*3=9
train/19094.jpg,5+(2-9)=-2
train/19095.jpg,6*(2-7)=-30
train/19096.jpg,8+3*1=11
train/19097.jpg,(8*9)+0=72
train/19098.jpg,5-5*2=-5
train/19099.jpg,0+7+2=9
train/19100.jpg,(0-5)-1=-6
train/19101.jpg,(1-2)-9=-10
train/19102.jpg,0-(2*4)=-8
train/19103.jpg,(6-7)+2=1
train/19104.jpg,5+(5-7)=3
train/19105.jpg,4-(4*5)=-16
train/19106.jpg,1+(2*9)=19
train/19107.jpg,(5*9)+8=53
train/19108.jpg,2-4-4=-6
train/19109.jpg,5-(0+6)=-1
train/19110.jpg,7+2+3=12
train/19111.jpg,4-(5*1)=-1
train/19112.jpg,9-(2-6)=13
train/19113.jpg,2+(0-2)=0
train/19114.jpg,2*(1+4)=10
train/19115.jpg,4-(7*5)=-31
train/19116.jpg,0-(7*1)=-7
train/19117.jpg,(5+4)-5=4
train/19118.jpg,(8-1)-8=-1
train/19119.jpg,(7+5)+5=17
train/19120.jpg,2*0+4=4
train/19121.jpg,0-4+6=2
train/19122.jpg,3*7-5=16
train/19123.jpg,(2-6)+8=4
train/19124.jpg,0-(6+1)=-7
train/19125.jpg,0-(2-3)=1
train/19126.jpg,(8*6)-5=43
train/19127.jpg,(8*8)*6=384
train/19128.jpg,3*(2-9)=-21
train/19129.jpg,2+(2-8)=-4
train/19130.jpg,(0-2)+8=6
train/19131.jpg,(5-9)*3=-12
train/19132.jpg,2-0-1=1
train/19133.jpg,3-(8-0)=-5
train/19134.jpg,(0-0)*8=0
train/19135.jpg,9*3*5=135
train/19136.jpg,7+2*7=21
train/19137.jpg,3+(7+6)=16
train/19138.jpg,5-(4-5)=6
train/19139.jpg,4-4+6=6
train/19140.jpg,5*(0-3)=-15
train/19141.jpg,(7*8)*8=448
train/19142.jpg,6+(9-6)=9
train/19143.jpg,1-1*6=-5
train/19144.jpg,1*(1+9)=10
train/19145.jpg,(7-7)+4=4
train/19146.jpg,(3+1)+4=8
train/19147.jpg,6*(6-7)=-6
train/19148.jpg,8+(3-6)=5
train/19149.jpg,(8-9)+8=7
train/19150.jpg,5-4-8=-7
train/19151.jpg,7+3*7=28
train/19152.jpg,(9+4)+2=15
train/19153.jpg,1*7-0=7
train/19154.jpg,8+(9*9)=89
train/19155.jpg,2+7*0=2
train/19156.jpg,1+(2-5)=-2
train/19157.jpg,(7+3)-4=6
train/19158.jpg,8-(0-5)=13
train/19159.jpg,7-(0-8)=15
train/19160.jpg,(7-2)-8=-3
train/19161.jpg,(4+5)*6=54
train/19162.jpg,(1-6)*3=-15
train/19163.jpg,0*(0*0)=0
train/19164.jpg,(7-8)*4=-4
train/19165.jpg,5-(5+6)=-6
train/19166.jpg,8-8*7=-48
train/19167.jpg,8*(2*6)=96
train/19168.jpg,8*9*9=648
train/19169.jpg,3+(9*9)=84
train/19170.jpg,(5*5)-5=20
train/19171.jpg,0+7+3=10
train/19172.jpg,3+9+8=20
train/19173.jpg,4-0*9=4
train/19174.jpg,4-1+0=3
train/19175.jpg,(2-6)*0=0
train/19176.jpg,(8+5)-7=6
train/19177.jpg,0-(0+2)=-2
train/19178.jpg,(0+8)-7=1
train/19179.jpg,(6-7)+2=1
train/19180.jpg,(1+7)+0=8
train/19181.jpg,5+1+2=8
train/19182.jpg,8-6*7=-34
train/19183.jpg,4*2-1=7
train/19184.jpg,4*(1+8)=36
train/19185.jpg,(3-0)*2=6
train/19186.jpg,(4+5)+5=14
train/19187.jpg,0*8+1=1
train/19188.jpg,(7*3)*5=105
train/19189.jpg,(7-1)+0=6
train/19190.jpg,4+1-4=1
train/19191.jpg,(7-0)*7=49
train/19192.jpg,2*9+1=19
train/19193.jpg,(9-9)+2=2
train/19194.jpg,4*(9+3)=48
train/19195.jpg,(3*4)+0=12
train/19196.jpg,0+4-7=-3
train/19197.jpg,(6+5)*6=66
train/19198.jpg,7*(2*4)=56
train/19199.jpg,9+9*0=9
train/19200.jpg,(4-7)*5=-15
train/19201.jpg,3*(0*9)=0
train/19202.jpg,2+6+3=11
train/19203.jpg,(2+1)-8=-5
train/19204.jpg,3+(2-9)=-4
train/19205.jpg,1*(9-7)=2
train/19206.jpg,(8+4)*4=48
train/19207.jpg,0+(5+3)=8
train/19208.jpg,1-(7-1)=-5
train/19209.jpg,(9-7)*0=0
train/19210.jpg,1+(7*3)=22
train/19211.jpg,0*8+9=9
train/19212.jpg,9*5-9=36
train/19213.jpg,2*0*2=0
train/19214.jpg,3-7*8=-53
train/19215.jpg,1*(1-6)=-5
train/19216.jpg,(3+1)+0=4
train/19217.jpg,9+(5-0)=14
train/19218.jpg,2+(7*0)=2
train/19219.jpg,0-4-8=-12
train/19220.jpg,(8+5)-9=4
train/19221.jpg,3+8*9=75
train/19222.jpg,7*(8*1)=56
train/19223.jpg,3+(3*7)=24
train/19224.jpg,(0+0)-3=-3
train/19225.jpg,5+2-6=1
train/19226.jpg,0-0+3=3
train/19227.jpg,(0+1)*2=2
train/19228.jpg,9*0*3=0
train/19229.jpg,1+(8+5)=14
train/19230.jpg,6*(7*0)=0
train/19231.jpg,6+(0*8)=6
train/19232.jpg,2+3+4=9
train/19233.jpg,(0+2)+3=5
train/19234.jpg,(8-2)*0=0
train/19235.jpg,4+1-1=4
train/19236.jpg,8-(5+2)=1
train/19237.jpg,(0-9)+5=-4
train/19238.jpg,(2-3)*9=-9
train/19239.jpg,1*3+1=4
train/19240.jpg,8*(9*9)=648
train/19241.jpg,(6-8)*0=0
train/19242.jpg,4-3+7=8
train/19243.jpg,(1-1)*0=0
train/19244.jpg,(0*5)-9=-9
train/19245.jpg,(9+1)*5=50
train/19246.jpg,(2-4)-9=-11
train/19247.jpg,2+(4+3)=9
train/19248.jpg,5*3+5=20
train/19249.jpg,(2+0)-8=-6
train/19250.jpg,(2+7)-9=0
train/19251.jpg,4*(8-2)=24
train/19252.jpg,5-(2*5)=-5
train/19253.jpg,(8*4)+7=39
train/19254.jpg,0*(0*6)=0
train/19255.jpg,2*8-3=13
train/19256.jpg,2-(1-0)=1
train/19257.jpg,0-2+9=7
train/19258.jpg,(7*2)*0=0
train/19259.jpg,4*(6-1)=20
train/19260.jpg,(1*0)+0=0
train/19261.jpg,1-4-3=-6
train/19262.jpg,8-(3+4)=1
train/19263.jpg,1+(9*3)=28
train/19264.jpg,6-7*6=-36
train/19265.jpg,2+8-0=10
train/19266.jpg,(5-2)+4=7
train/19267.jpg,(3-4)+9=8
train/19268.jpg,5+(5*8)=45
train/19269.jpg,(0+8)*2=16
train/19270.jpg,(4-2)*1=2
train/19271.jpg,(0-4)+1=-3
train/19272.jpg,5*1+8=13
train/19273.jpg,2-8+2=-4
train/19274.jpg,0-9-5=-14
train/19275.jpg,4*4-5=11
train/19276.jpg,0+7-2=5
train/19277.jpg,1*6+8=14
train/19278.jpg,(1-6)*1=-5
train/19279.jpg,(1-4)-3=-6
train/19280.jpg,(7+9)-0=16
train/19281.jpg,2*(1*3)=6
train/19282.jpg,4+6-9=1
train/19283.jpg,2+3-1=4
train/19284.jpg,(0*8)+0=0
train/19285.jpg,2-0-7=-5
train/19286.jpg,8+7*4=36
train/19287.jpg,5+8+3=16
train/19288.jpg,8-7+1=2
train/19289.jpg,4-(4*9)=-32
train/19290.jpg,4+7-7=4
train/19291.jpg,5-9-1=-5
train/19292.jpg,2-(7*9)=-61
train/19293.jpg,7-(4+5)=-2
train/19294.jpg,6-9-5=-8
train/19295.jpg,7+1*7=14
train/19296.jpg,0+8+9=17
train/19297.jpg,4-5+1=0
train/19298.jpg,(0-5)+6=1
train/19299.jpg,7+(3*2)=13
train/19300.jpg,2+8-3=7
train/19301.jpg,8-(2+1)=5
train/19302.jpg,(9+4)+1=14
train/19303.jpg,(2+3)*1=5
train/19304.jpg,3-(7-9)=5
train/19305.jpg,2*(7*7)=98
train/19306.jpg,(1*9)-2=7
train/19307.jpg,3*(3*6)=54
train/19308.jpg,3-(3-5)=5
train/19309.jpg,9*(9+1)=90
train/19310.jpg,1*(4*9)=36
train/19311.jpg,7-9*1=-2
train/19312.jpg,6*7+1=43
train/19313.jpg,(7+3)*6=60
train/19314.jpg,8+6-2=12
train/19315.jpg,3+(1-8)=-4
train/19316.jpg,(3+0)-0=3
train/19317.jpg,4+7-6=5
train/19318.jpg,1*(6+8)=14
train/19319.jpg,2+1*5=7
train/19320.jpg,(5*6)*0=0
train/19321.jpg,3-9-6=-12
train/19322.jpg,1-2+1=0
train/19323.jpg,7-2*0=7
train/19324.jpg,4+(8+6)=18
train/19325.jpg,3-3-6=-6
train/19326.jpg,5-1+2=6
train/19327.jpg,7*(6+3)=63
train/19328.jpg,(2+8)+7=17
train/19329.jpg,(3+1)+4=8
train/19330.jpg,4+(0-8)=-4
train/19331.jpg,6+5+0=11
train/19332.jpg,4*(8*2)=64
train/19333.jpg,5+9+0=14
train/19334.jpg,9*5*6=270
train/19335.jpg,4*8*6=192
train/19336.jpg,3-3-5=-5
train/19337.jpg,(7-1)-0=6
train/19338.jpg,(6*8)-9=39
train/19339.jpg,0*1+7=7
train/19340.jpg,6-5+4=5
train/19341.jpg,4+(3-2)=5
train/19342.jpg,3-2-1=0
train/19343.jpg,(2-3)+5=4
train/19344.jpg,(9*6)+5=59
train/19345.jpg,7-1+1=7
train/19346.jpg,2*(0+9)=18
train/19347.jpg,0*(3*6)=0
train/19348.jpg,1-(8*6)=-47
train/19349.jpg,6+0-9=-3
train/19350.jpg,(9*6)-9=45
train/19351.jpg,3*2-3=3
train/19352.jpg,(7*4)*2=56
train/19353.jpg,(9+6)*3=45
train/19354.jpg,(0+3)-2=1
train/19355.jpg,(8*1)-3=5
train/19356.jpg,(1-8)-4=-11
train/19357.jpg,(4-8)*8=-32
train/19358.jpg,5+(8*5)=45
train/19359.jpg,5+5-8=2
train/19360.jpg,(0-5)*4=-20
train/19361.jpg,(7-6)+0=1
train/19362.jpg,4+1*8=12
train/19363.jpg,(5+4)*7=63
train/19364.jpg,(8*1)-6=2
train/19365.jpg,(0-7)-5=-12
train/19366.jpg,6*6+4=40
train/19367.jpg,3+(1*7)=10
train/19368.jpg,8*(2+1)=24
train/19369.jpg,(7+2)-5=4
train/19370.jpg,0+8-9=-1
train/19371.jpg,5+6+5=16
train/19372.jpg,(4-7)-3=-6
train/19373.jpg,(2-6)-2=-6
train/19374.jpg,0-7+5=-2
train/19375.jpg,3-(3+7)=-7
train/19376.jpg,1+(2+7)=10
train/19377.jpg,0*(2+6)=0
train/19378.jpg,(4+3)+5=12
train/19379.jpg,(0+9)*7=63
train/19380.jpg,(2-8)-1=-7
train/19381.jpg,(2*6)+9=21
train/19382.jpg,1+(9*7)=64
train/19383.jpg,5+(8-6)=7
train/19384.jpg,(4+7)+0=11
train/19385.jpg,3+(7+0)=10
train/19386.jpg,4*(5-5)=0
train/19387.jpg,0-1-3=-4
train/19388.jpg,4-9*4=-32
train/19389.jpg,0-(2*4)=-8
train/19390.jpg,2-(4+7)=-9
train/19391.jpg,9*1-9=0
train/19392.jpg,6+5*2=16
train/19393.jpg,2-1+8=9
train/19394.jpg,(3*0)+4=4
train/19395.jpg,4+(5*8)=44
train/19396.jpg,1*(7-0)=7
train/19397.jpg,2-5*0=2
train/19398.jpg,6+6-4=8
train/19399.jpg,(7*2)+9=23
train/19400.jpg,5+9-0=14
train/19401.jpg,(8*6)+9=57
train/19402.jpg,6*6-7=29
train/19403.jpg,(8+7)+8=23
train/19404.jpg,(2*8)+2=18
train/19405.jpg,(0-0)+6=6
train/19406.jpg,6+0-6=0
train/19407.jpg,(1+7)-6=2
train/19408.jpg,(3+6)-0=9
train/19409.jpg,(8*9)-6=66
train/19410.jpg,8+0*9=8
train/19411.jpg,0+5-3=2
train/19412.jpg,(6-4)+8=10
train/19413.jpg,8-5*0=8
train/19414.jpg,9+(8-4)=13
train/19415.jpg,9-(2*6)=-3
train/19416.jpg,1*0-5=-5
train/19417.jpg,6*(8*1)=48
train/19418.jpg,2+(7+3)=12
train/19419.jpg,(7*5)-6=29
train/19420.jpg,4+6*8=52
train/19421.jpg,4-(7-4)=1
train/19422.jpg,9-0*7=9
train/19423.jpg,2-8*7=-54
train/19424.jpg,4+3*7=25
train/19425.jpg,4*1*3=12
train/19426.jpg,(5*5)+2=27
train/19427.jpg,5*0*2=0
train/19428.jpg,(2+0)-7=-5
train/19429.jpg,(1*2)-6=-4
train/19430.jpg,5+(4+3)=12
train/19431.jpg,4*(1-9)=-32
train/19432.jpg,5+(2+6)=13
train/19433.jpg,8+5+9=22
train/19434.jpg,7-4+5=8
train/19435.jpg,6*9-5=49
train/19436.jpg,0-(4*6)=-24
train/19437.jpg,(9*5)-8=37
train/19438.jpg,8*(0-6)=-48
train/19439.jpg,1+7+1=9
train/19440.jpg,(1*9)*3=27
train/19441.jpg,(0-9)+8=-1
train/19442.jpg,(4*7)*3=84
train/19443.jpg,8*5-0=40
train/19444.jpg,(8*4)*0=0
train/19445.jpg,(9-5)+7=11
train/19446.jpg,6-(6-8)=8
train/19447.jpg,(2*0)-8=-8
train/19448.jpg,0*8+9=9
train/19449.jpg,0*3+6=6
train/19450.jpg,5+(5-7)=3
train/19451.jpg,8-3+4=9
train/19452.jpg,(0-0)-0=0
train/19453.jpg,(4-7)*0=0
train/19454.jpg,(5+2)+6=13
train/19455.jpg,3-(9*4)=-33
train/19456.jpg,(8+4)*2=24
train/19457.jpg,3-4*0=3
train/19458.jpg,2-7+7=2
train/19459.jpg,2*4-6=2
train/19460.jpg,6-5*1=1
train/19461.jpg,9+9-9=9
train/19462.jpg,1-(1-1)=1
train/19463.jpg,0*(5*9)=0
train/19464.jpg,7*5*2=70
train/19465.jpg,4*5-7=13
train/19466.jpg,2-3-8=-9
train/19467.jpg,(4-4)*4=0
train/19468.jpg,1+5*1=6
train/19469.jpg,4-(5-8)=7
train/19470.jpg,(1-1)*0=0
train/19471.jpg,0*(5+5)=0
train/19472.jpg,7*(1+1)=14
train/19473.jpg,1-2*1=-1
train/19474.jpg,0+2*1=2
train/19475.jpg,(2-8)*5=-30
train/19476.jpg,1+0-5=-4
train/19477.jpg,4-(4+6)=-6
train/19478.jpg,(5+0)*8=40
train/19479.jpg,(2*1)-8=-6
train/19480.jpg,9+9-0=18
train/19481.jpg,1-(7-0)=-6
train/19482.jpg,(0+8)-9=-1
train/19483.jpg,9-(6+6)=-3
train/19484.jpg,5-(2*8)=-11
train/19485.jpg,9+(3*3)=18
train/19486.jpg,4*(9-3)=24
train/19487.jpg,1-(9+3)=-11
train/19488.jpg,(5-2)-4=-1
train/19489.jpg,(9+9)*5=90
train/19490.jpg,8+(9*7)=71
train/19491.jpg,0-4*2=-8
train/19492.jpg,6-(7*5)=-29
train/19493.jpg,(9-2)+0=7
train/19494.jpg,(3+6)+6=15
train/19495.jpg,(9*4)*9=324
train/19496.jpg,(6*7)-3=39
train/19497.jpg,4*5*0=0
train/19498.jpg,(8*8)-5=59
train/19499.jpg,(0-8)-6=-14
train/19500.jpg,6*(8-8)=0
train/19501.jpg,3*(2*7)=42
train/19502.jpg,(1-6)-2=-7
train/19503.jpg,(8*3)-8=16
train/19504.jpg,0-5-5=-10
train/19505.jpg,0*(3+5)=0
train/19506.jpg,9+(6-0)=15
train/19507.jpg,(3*2)*8=48
train/19508.jpg,1*2+0=2
train/19509.jpg,6*0+3=3
train/19510.jpg,7+2*0=7
train/19511.jpg,8*(4*0)=0
train/19512.jpg,3*5*2=30
train/19513.jpg,(1*7)*6=42
train/19514.jpg,(0-1)-4=-5
train/19515.jpg,2-(3*4)=-10
train/19516.jpg,8-(0+9)=-1
train/19517.jpg,3+(5+4)=12
train/19518.jpg,4-3*2=-2
train/19519.jpg,7*(0+4)=28
train/19520.jpg,(0+0)*2=0
train/19521.jpg,9-(4*1)=5
train/19522.jpg,6*(4+8)=72
train/19523.jpg,5*8+4=44
train/19524.jpg,(1-0)-9=-8
train/19525.jpg,6+0+1=7
train/19526.jpg,(9+8)-4=13
train/19527.jpg,8-8-4=-4
train/19528.jpg,7*(0-6)=-42
train/19529.jpg,(0+5)+4=9
train/19530.jpg,(5-9)-2=-6
train/19531.jpg,(4-5)+7=6
train/19532.jpg,7-8*2=-9
train/19533.jpg,6*0*1=0
train/19534.jpg,8+(5*0)=8
train/19535.jpg,(7+0)+3=10
train/19536.jpg,9*(6*8)=432
train/19537.jpg,1+2-9=-6
train/19538.jpg,0+7*5=35
train/19539.jpg,2*6-5=7
train/19540.jpg,(3-1)-6=-4
train/19541.jpg,5+(6-5)=6
train/19542.jpg,6-0*7=6
train/19543.jpg,6-(3+1)=2
train/19544.jpg,5-(5*6)=-25
train/19545.jpg,8*(3*0)=0
train/19546.jpg,6*0-8=-8
train/19547.jpg,6+2*3=12
train/19548.jpg,2+6-0=8
train/19549.jpg,(5*6)+7=37
train/19550.jpg,(0-9)+8=-1
train/19551.jpg,(4+8)-9=3
train/19552.jpg,(3-6)-5=-8
train/19553.jpg,7-(1-0)=6
train/19554.jpg,(0-8)-8=-16
train/19555.jpg,6*1-6=0
train/19556.jpg,9-1*2=7
train/19557.jpg,(9*8)+8=80
train/19558.jpg,(6+9)+5=20
train/19559.jpg,5+7-9=3
train/19560.jpg,5*(9-9)=0
train/19561.jpg,(9*7)+4=67
train/19562.jpg,(3+1)+1=5
train/19563.jpg,(3+9)+6=18
train/19564.jpg,5-(6*6)=-31
train/19565.jpg,8-(4-6)=10
train/19566.jpg,2*6*4=48
train/19567.jpg,8+4*7=36
train/19568.jpg,0+9+6=15
train/19569.jpg,6-(2-3)=7
train/19570.jpg,1+5*3=16
train/19571.jpg,(4-4)*4=0
train/19572.jpg,8+1*3=11
train/19573.jpg,0*0+9=9
train/19574.jpg,(7+1)+5=13
train/19575.jpg,2*6*4=48
train/19576.jpg,5*7+2=37
train/19577.jpg,(7*3)+7=28
train/19578.jpg,4+(9*6)=58
train/19579.jpg,(9*4)-4=32
train/19580.jpg,6+(1+8)=15
train/19581.jpg,(8-4)-9=-5
train/19582.jpg,8*5-4=36
train/19583.jpg,9-(5-7)=11
train/19584.jpg,5*(0*4)=0
train/19585.jpg,2-(3+6)=-7
train/19586.jpg,7-4+6=9
train/19587.jpg,(3-5)+6=4
train/19588.jpg,(2*6)*6=72
train/19589.jpg,(3*0)*0=0
train/19590.jpg,1+0*1=1
train/19591.jpg,3+(7+8)=18
train/19592.jpg,(0*1)+4=4
train/19593.jpg,5+(0+2)=7
train/19594.jpg,(8-8)-9=-9
train/19595.jpg,(4-4)+4=4
train/19596.jpg,5-9+4=0
train/19597.jpg,3-7-0=-4
train/19598.jpg,2-(9*1)=-7
train/19599.jpg,4*(4-9)=-20
train/19600.jpg,2+(6*9)=56
train/19601.jpg,(6+3)+3=12
train/19602.jpg,(2-9)*5=-35
train/19603.jpg,1-0*9=1
train/19604.jpg,(3-2)+4=5
train/19605.jpg,(5+5)*6=60
train/19606.jpg,3-(7-6)=2
train/19607.jpg,9-5*9=-36
train/19608.jpg,5+(2+6)=13
train/19609.jpg,(0-8)*8=-64
train/19610.jpg,5-5+5=5
train/19611.jpg,(3+8)*2=22
train/19612.jpg,(7+5)*1=12
train/19613.jpg,7*(7+0)=49
train/19614.jpg,8-1-6=1
train/19615.jpg,(4-4)-5=-5
train/19616.jpg,7*(6*7)=294
train/19617.jpg,1-4*6=-23
train/19618.jpg,(7+4)*9=99
train/19619.jpg,3+3-2=4
train/19620.jpg,6*8+5=53
train/19621.jpg,9+0*4=9
train/19622.jpg,(8-3)*1=5
train/19623.jpg,0+9+1=10
train/19624.jpg,9-4*4=-7
train/19625.jpg,2-(7+9)=-14
train/19626.jpg,1+(5+6)=12
train/19627.jpg,4-(1*8)=-4
train/19628.jpg,3+(6*2)=15
train/19629.jpg,7-(6+9)=-8
train/19630.jpg,0+8*5=40
train/19631.jpg,7+(3*7)=28
train/19632.jpg,8+(6-7)=7
train/19633.jpg,5+9-7=7
train/19634.jpg,(6-7)-1=-2
train/19635.jpg,3-3-2=-2
train/19636.jpg,(0-2)-0=-2
train/19637.jpg,3+5-2=6
train/19638.jpg,5-(0+7)=-2
train/19639.jpg,(9+3)*2=24
train/19640.jpg,6*(0*8)=0
train/19641.jpg,(1*1)-4=-3
train/19642.jpg,(4+0)-9=-5
train/19643.jpg,4*6*9=216
train/19644.jpg,4*9*0=0
train/19645.jpg,(1+2)*8=24
train/19646.jpg,7+5-8=4
train/19647.jpg,(6-2)*6=24
train/19648.jpg,(1*2)-1=1
train/19649.jpg,6-(1+9)=-4
train/19650.jpg,1-(1*3)=-2
train/19651.jpg,(9+3)+1=13
train/19652.jpg,(6+2)+0=8
train/19653.jpg,(5-6)+3=2
train/19654.jpg,6+(5-6)=5
train/19655.jpg,7*(9-8)=7
train/19656.jpg,(7+7)*2=28
train/19657.jpg,(2+9)+7=18
train/19658.jpg,(6+6)*7=84
train/19659.jpg,(9+9)-1=17
train/19660.jpg,8+0+3=11
train/19661.jpg,8*3*2=48
train/19662.jpg,7*(8*0)=0
train/19663.jpg,8*1-7=1
train/19664.jpg,(6*3)+7=25
train/19665.jpg,2*3-8=-2
train/19666.jpg,(0+0)-5=-5
train/19667.jpg,3*(5*7)=105
train/19668.jpg,6-9*1=-3
train/19669.jpg,1-6*1=-5
train/19670.jpg,2+0*3=2
train/19671.jpg,(2*8)*5=80
train/19672.jpg,3*(8-0)=24
train/19673.jpg,(8+7)*6=90
train/19674.jpg,(6*4)-3=21
train/19675.jpg,8*(4*6)=192
train/19676.jpg,0-(2-6)=4
train/19677.jpg,5-1-1=3
train/19678.jpg,5*7+0=35
train/19679.jpg,2+(2+9)=13
train/19680.jpg,5+(4+6)=15
train/19681.jpg,(6*0)*4=0
train/19682.jpg,9-1+1=9
train/19683.jpg,2+2-5=-1
train/19684.jpg,6-7+4=3
train/19685.jpg,(8*5)*6=240
train/19686.jpg,9+(4-2)=11
train/19687.jpg,(1*3)-2=1
train/19688.jpg,6-(8+5)=-7
train/19689.jpg,8*(7+0)=56
train/19690.jpg,7+4*1=11
train/19691.jpg,0+3+0=3
train/19692.jpg,(4+8)-5=7
train/19693.jpg,5*0+9=9
train/19694.jpg,9*(3*2)=54
train/19695.jpg,(6*0)+3=3
train/19696.jpg,1*(3-7)=-4
train/19697.jpg,(4-1)-7=-4
train/19698.jpg,(7*8)*7=392
train/19699.jpg,7*(6+2)=56
train/19700.jpg,7+8*3=31
train/19701.jpg,9+(0*6)=9
train/19702.jpg,(7-7)+4=4
train/19703.jpg,2+(5+1)=8
train/19704.jpg,8+(9-7)=10
train/19705.jpg,6*(5*3)=90
train/19706.jpg,9*(9*5)=405
train/19707.jpg,0*(5*7)=0
train/19708.jpg,(4*8)-4=28
train/19709.jpg,8*(8-0)=64
train/19710.jpg,(2-0)*5=10
train/19711.jpg,5-(9+5)=-9
train/19712.jpg,5*5-8=17
train/19713.jpg,(2+1)-3=0
train/19714.jpg,(4+7)-5=6
train/19715.jpg,4*(3-8)=-20
train/19716.jpg,(4-2)-2=0
train/19717.jpg,(9+9)-9=9
train/19718.jpg,4+(4+1)=9
train/19719.jpg,4-(6+6)=-8
train/19720.jpg,7+(0+5)=12
train/19721.jpg,9-(0+8)=1
train/19722.jpg,3*(9+3)=36
train/19723.jpg,8*(0*8)=0
train/19724.jpg,4+1*4=8
train/19725.jpg,(6-7)*2=-2
train/19726.jpg,3*(7*7)=147
train/19727.jpg,8-(7*2)=-6
train/19728.jpg,(4+3)-8=-1
train/19729.jpg,2+(6+6)=14
train/19730.jpg,(3+1)-8=-4
train/19731.jpg,9-(7*3)=-12
train/19732.jpg,5*(4+5)=45
train/19733.jpg,(8*5)-2=38
train/19734.jpg,(6*3)*6=108
train/19735.jpg,(9+1)*4=40
train/19736.jpg,0+(8*6)=48
train/19737.jpg,1*(2*1)=2
train/19738.jpg,9+5+3=17
train/19739.jpg,0+(8+9)=17
train/19740.jpg,8-5-4=-1
train/19741.jpg,9-5*1=4
train/19742.jpg,(3*0)+4=4
train/19743.jpg,0-0-0=0
train/19744.jpg,1+1-8=-6
train/19745.jpg,6+(7*0)=6
train/19746.jpg,1+(9-3)=7
train/19747.jpg,8-(5*2)=-2
train/19748.jpg,0+(1-6)=-5
train/19749.jpg,7*(9+6)=105
train/19750.jpg,(6-6)*0=0
train/19751.jpg,(6*4)*1=24
train/19752.jpg,5+(8+2)=15
train/19753.jpg,8-0+6=14
train/19754.jpg,2-3*2=-4
train/19755.jpg,1*0*4=0
train/19756.jpg,5+(4*0)=5
train/19757.jpg,1-(6+3)=-8
train/19758.jpg,1*(2+8)=10
train/19759.jpg,7-0-9=-2
train/19760.jpg,(4+7)+9=20
train/19761.jpg,(7*9)+7=70
train/19762.jpg,0+(0+8)=8
train/19763.jpg,(1+2)-1=2
train/19764.jpg,2+5+9=16
train/19765.jpg,(9-5)*5=20
train/19766.jpg,(6+5)-0=11
train/19767.jpg,7*2+7=21
train/19768.jpg,3-8*5=-37
train/19769.jpg,1+(9-8)=2
train/19770.jpg,(4+9)*0=0
train/19771.jpg,7-1*6=1
train/19772.jpg,5-6-8=-9
train/19773.jpg,9*(9*5)=405
train/19774.jpg,6*(0-7)=-42
train/19775.jpg,9+(4+9)=22
train/19776.jpg,5-1*9=-4
train/19777.jpg,(5*9)-6=39
train/19778.jpg,0+(2+3)=5
train/19779.jpg,3*(9*2)=54
train/19780.jpg,9-(8-3)=4
train/19781.jpg,7-(6*6)=-29
train/19782.jpg,5*(5+9)=70
train/19783.jpg,2-(8*4)=-30
train/19784.jpg,5*(1-2)=-5
train/19785.jpg,1*1+6=7
train/19786.jpg,0-6-7=-13
train/19787.jpg,4*(1+9)=40
train/19788.jpg,(6*3)+4=22
train/19789.jpg,7*(4*0)=0
train/19790.jpg,(4+6)+8=18
train/19791.jpg,9+4+6=19
train/19792.jpg,(2*3)*8=48
train/19793.jpg,5-(0+9)=-4
train/19794.jpg,3+(9+3)=15
train/19795.jpg,1*(1-8)=-7
train/19796.jpg,(9+0)+6=15
train/19797.jpg,(5+7)-3=9
train/19798.jpg,4-5*6=-26
train/19799.jpg,3+0*7=3
train/19800.jpg,0-7*1=-7
train/19801.jpg,8*0*4=0
train/19802.jpg,0*7*5=0
train/19803.jpg,3+9*2=21
train/19804.jpg,(4*7)-7=21
train/19805.jpg,5*8+7=47
train/19806.jpg,(5+0)+8=13
train/19807.jpg,0*(5-3)=0
train/19808.jpg,(8*6)+9=57
train/19809.jpg,(3*8)+2=26
train/19810.jpg,9+1-5=5
train/19811.jpg,9*(4*3)=108
train/19812.jpg,6*(1-3)=-12
train/19813.jpg,2*3+4=10
train/19814.jpg,(7-6)+6=7
train/19815.jpg,3-(4+8)=-9
train/19816.jpg,9-5-0=4
train/19817.jpg,6-2*2=2
train/19818.jpg,3+7-1=9
train/19819.jpg,(9+5)+3=17
train/19820.jpg,(6+7)+5=18
train/19821.jpg,6*(6*8)=288
train/19822.jpg,5+4-0=9
train/19823.jpg,7+(4-2)=9
train/19824.jpg,(8-9)-6=-7
train/19825.jpg,8+(2+6)=16
train/19826.jpg,(1-7)-7=-13
train/19827.jpg,(2-5)*2=-6
train/19828.jpg,2-3-9=-10
train/19829.jpg,(1*7)+7=14
train/19830.jpg,3-5+6=4
train/19831.jpg,9-(3+2)=4
train/19832.jpg,5+8+5=18
train/19833.jpg,9-2*9=-9
train/19834.jpg,1*(4*9)=36
train/19835.jpg,7*1-9=-2
train/19836.jpg,6-5*4=-14
train/19837.jpg,(1*7)*5=35
train/19838.jpg,4-2-9=-7
train/19839.jpg,5-(2-4)=7
train/19840.jpg,7-(5-2)=4
train/19841.jpg,9*7+3=66
train/19842.jpg,8+(8*8)=72
train/19843.jpg,0-2+6=4
train/19844.jpg,2-6-2=-6
train/19845.jpg,(9*9)*5=405
train/19846.jpg,(8+4)-3=9
train/19847.jpg,(9+2)+4=15
train/19848.jpg,8+(5+7)=20
train/19849.jpg,2*(1-5)=-8
train/19850.jpg,6*9*1=54
train/19851.jpg,8*(3*8)=192
train/19852.jpg,5-7-6=-8
train/19853.jpg,(3*8)*9=216
train/19854.jpg,1+5-0=6
train/19855.jpg,6*(5+1)=36
train/19856.jpg,7+8*9=79
train/19857.jpg,(4*1)+7=11
train/19858.jpg,6+(6*8)=54
train/19859.jpg,1*(4+0)=4
train/19860.jpg,(2+9)*7=77
train/19861.jpg,8+8*4=40
train/19862.jpg,9*(9-9)=0
train/19863.jpg,(0*7)-2=-2
train/19864.jpg,6*(1+2)=18
train/19865.jpg,7-5-5=-3
train/19866.jpg,1+(5-4)=2
train/19867.jpg,4*4-7=9
train/19868.jpg,2*(2-2)=0
train/19869.jpg,0*2*2=0
train/19870.jpg,5-5*5=-20
train/19871.jpg,1*(8-6)=2
train/19872.jpg,0-(9*6)=-54
train/19873.jpg,3-(3*0)=3
train/19874.jpg,(0*1)+1=1
train/19875.jpg,3*(7-6)=3
train/19876.jpg,(8-0)*9=72
train/19877.jpg,3-9-7=-13
train/19878.jpg,5+(3-6)=2
train/19879.jpg,2+6+0=8
train/19880.jpg,(6+3)+1=10
train/19881.jpg,7-(6-8)=9
train/19882.jpg,0+(2+7)=9
train/19883.jpg,3*6*4=72
train/19884.jpg,8+7-0=15
train/19885.jpg,4+(6*6)=40
train/19886.jpg,(5*6)+6=36
train/19887.jpg,1-(3+2)=-4
train/19888.jpg,0+6*2=12
train/19889.jpg,6+5+1=12
train/19890.jpg,8*9+3=75
train/19891.jpg,3*5*0=0
train/19892.jpg,6-(0*6)=6
train/19893.jpg,(9+9)+2=20
train/19894.jpg,9*4-7=29
train/19895.jpg,(6*8)+5=53
train/19896.jpg,8*(5+9)=112
train/19897.jpg,0+(5-3)=2
train/19898.jpg,9-(1-4)=12
train/19899.jpg,(3*6)-5=13
train/19900.jpg,5-(2*9)=-13
train/19901.jpg,1+(3+8)=12
train/19902.jpg,8-8+5=5
train/19903.jpg,0+(4*8)=32
train/19904.jpg,0-3-7=-10
train/19905.jpg,0+(5*2)=10
train/19906.jpg,0+(3*2)=6
train/19907.jpg,(2*0)*4=0
train/19908.jpg,1+(6-8)=-1
train/19909.jpg,(8-1)-7=0
train/19910.jpg,(2-6)+5=1
train/19911.jpg,(3-3)-3=-3
train/19912.jpg,3-(9-0)=-6
train/19913.jpg,8*(5-1)=32
train/19914.jpg,0*8-1=-1
train/19915.jpg,9*9-8=73
train/19916.jpg,(1*8)+2=10
train/19917.jpg,(1*8)+2=10
train/19918.jpg,(1+3)-4=0
train/19919.jpg,1-7-4=-10
train/19920.jpg,(8+8)+4=20
train/19921.jpg,(2*6)*3=36
train/19922.jpg,1+2+4=7
train/19923.jpg,2*(5+7)=24
train/19924.jpg,0+(4+0)=4
train/19925.jpg,(5*0)-1=-1
train/19926.jpg,8-2-7=-1
train/19927.jpg,3*(0*7)=0
train/19928.jpg,5*(2*1)=10
train/19929.jpg,9*(4-6)=-18
train/19930.jpg,0+(1-1)=0
train/19931.jpg,9-(1-8)=16
train/19932.jpg,8+4+5=17
train/19933.jpg,(7*7)-6=43
train/19934.jpg,7+6-5=8
train/19935.jpg,(2-9)+6=-1
train/19936.jpg,4+(8-4)=8
train/19937.jpg,4*(2-4)=-8
train/19938.jpg,9+(1*2)=11
train/19939.jpg,6-9-8=-11
train/19940.jpg,4+8+3=15
train/19941.jpg,3-(5-5)=3
train/19942.jpg,(0-3)+5=2
train/19943.jpg,3-4*7=-25
train/19944.jpg,(9*4)*4=144
train/19945.jpg,(5*9)*5=225
train/19946.jpg,7+(8*8)=71
train/19947.jpg,(7*7)+5=54
train/19948.jpg,4*4+1=17
train/19949.jpg,3*(1+6)=21
train/19950.jpg,7-2-1=4
train/19951.jpg,1-1+5=5
train/19952.jpg,6-(5+6)=-5
train/19953.jpg,1-4*2=-7
train/19954.jpg,(7-7)-9=-9
train/19955.jpg,9-(0-8)=17
train/19956.jpg,0-(9+0)=-9
train/19957.jpg,4*2*5=40
train/19958.jpg,9*(6+9)=135
train/19959.jpg,9*(7-8)=-9
train/19960.jpg,8+6-2=12
train/19961.jpg,3*(8+2)=30
train/19962.jpg,7*(2+7)=63
train/19963.jpg,1*2-1=1
train/19964.jpg,(2+0)+1=3
train/19965.jpg,4*(1*4)=16
train/19966.jpg,0+3*3=9
train/19967.jpg,8*(1+7)=64
train/19968.jpg,8+(4+0)=12
train/19969.jpg,9+6*0=9
train/19970.jpg,(2+0)-7=-5
train/19971.jpg,(4+9)-2=11
train/19972.jpg,(9+3)+1=13
train/19973.jpg,9*(0*6)=0
train/19974.jpg,6+(8+7)=21
train/19975.jpg,5+0+7=12
train/19976.jpg,(0+0)+6=6
train/19977.jpg,5-7+8=6
train/19978.jpg,3+9*2=21
train/19979.jpg,5-1-4=0
train/19980.jpg,(9+2)*4=44
train/19981.jpg,4-(0*8)=4
train/19982.jpg,2*(0-0)=0
train/19983.jpg,9+4+5=18
train/19984.jpg,7+(0+5)=12
train/19985.jpg,9-(5*9)=-36
train/19986.jpg,9+7*1=16
train/19987.jpg,(8*9)*3=216
train/19988.jpg,1*4+0=4
train/19989.jpg,(3+8)*3=33
train/19990.jpg,3-(6+1)=-4
train/19991.jpg,6*9*3=162
train/19992.jpg,5-(8-3)=0
train/19993.jpg,2*(1+3)=8
train/19994.jpg,9*2+2=20
train/19995.jpg,(9-1)*6=48
train/19996.jpg,1+(4-8)=-3
train/19997.jpg,(8+6)-2=12
train/19998.jpg,0-3-6=-9
train/19999.jpg,4-(3-5)=6
train/20000.jpg,4-6+6=4
train/20001.jpg,(2*4)*9=72
train/20002.jpg,0-(6*3)=-18
train/20003.jpg,5*8+2=42
train/20004.jpg,9*(5+8)=117
train/20005.jpg,4-4-4=-4
train/20006.jpg,4*5+4=24
train/20007.jpg,(6-4)+6=8
train/20008.jpg,4+(8+9)=21
train/20009.jpg,(2+0)+4=6
train/20010.jpg,7+(4*9)=43
train/20011.jpg,9-7-5=-3
train/20012.jpg,3-(2-5)=6
train/20013.jpg,8*3-8=16
train/20014.jpg,(9-0)-6=3
train/20015.jpg,0+3*5=15
train/20016.jpg,(0*3)+9=9
train/20017.jpg,2-0+2=4
train/20018.jpg,6*(4*1)=24
train/20019.jpg,(3-2)*0=0
train/20020.jpg,(0-1)*3=-3
train/20021.jpg,3+7*9=66
train/20022.jpg,(0*8)*3=0
train/20023.jpg,6-(4+1)=1
train/20024.jpg,7+1-3=5
train/20025.jpg,1*(8-4)=4
train/20026.jpg,0*(8-3)=0
train/20027.jpg,0*3*6=0
train/20028.jpg,(6+0)-3=3
train/20029.jpg,2-(8-3)=-3
train/20030.jpg,(0-5)-6=-11
train/20031.jpg,6-7-1=-2
train/20032.jpg,(1*6)*3=18
train/20033.jpg,1+2+7=10
train/20034.jpg,2*(3+1)=8
train/20035.jpg,4+2+9=15
train/20036.jpg,(3+9)-5=7
train/20037.jpg,2*5*1=10
train/20038.jpg,(3*5)*9=135
train/20039.jpg,3-(7+5)=-9
train/20040.jpg,1+(6-5)=2
train/20041.jpg,(5+4)-2=7
train/20042.jpg,1-3-5=-7
train/20043.jpg,1*(7+5)=12
train/20044.jpg,5+(6-5)=6
train/20045.jpg,0-(6*7)=-42
train/20046.jpg,1*0*4=0
train/20047.jpg,0-4+7=3
train/20048.jpg,(6+7)+5=18
train/20049.jpg,6+9+8=23
train/20050.jpg,2*(7*3)=42
train/20051.jpg,0*(1-9)=0
train/20052.jpg,2+(2+7)=11
train/20053.jpg,4+0-5=-1
train/20054.jpg,5+5+5=15
train/20055.jpg,(0-1)*2=-2
train/20056.jpg,2+(2*3)=8
train/20057.jpg,3+8+6=17
train/20058.jpg,(3-9)*9=-54
train/20059.jpg,(3+2)-8=-3
train/20060.jpg,3*3*9=81
train/20061.jpg,4*(2-5)=-12
train/20062.jpg,(6-9)*3=-9
train/20063.jpg,(5*9)+5=50
train/20064.jpg,0*(6+5)=0
train/20065.jpg,(6*2)+3=15
train/20066.jpg,8+7-5=10
train/20067.jpg,8*(1+2)=24
train/20068.jpg,3-0+6=9
train/20069.jpg,4*(5*1)=20
train/20070.jpg,7+(2-0)=9
train/20071.jpg,3*4-4=8
train/20072.jpg,(9-1)-9=-1
train/20073.jpg,6*(3*3)=54
train/20074.jpg,2+(2+7)=11
train/20075.jpg,(0*4)+5=5
train/20076.jpg,7+(6+7)=20
train/20077.jpg,5*(7-8)=-5
train/20078.jpg,0-(5-6)=1
train/20079.jpg,5-(6-5)=4
train/20080.jpg,(7-1)+2=8
train/20081.jpg,6*9*8=432
train/20082.jpg,8-8*4=-24
train/20083.jpg,(1*3)-0=3
train/20084.jpg,(4*7)*0=0
train/20085.jpg,1+7-8=0
train/20086.jpg,5-0-6=-1
train/20087.jpg,4-7+0=-3
train/20088.jpg,(5*2)-9=1
train/20089.jpg,6-9*0=6
train/20090.jpg,0*5*2=0
train/20091.jpg,8*1*8=64
train/20092.jpg,7*4-2=26
train/20093.jpg,(2*1)+3=5
train/20094.jpg,2+(6-3)=5
train/20095.jpg,6-2+1=5
train/20096.jpg,0-6*6=-36
train/20097.jpg,(0-6)-7=-13
train/20098.jpg,(7*8)*6=336
train/20099.jpg,7*2-5=9
train/20100.jpg,2-4*0=2
train/20101.jpg,4*1+4=8
train/20102.jpg,(5+0)*9=45
train/20103.jpg,0-3+4=1
train/20104.jpg,(8*3)-2=22
train/20105.jpg,0-2+3=1
train/20106.jpg,(1+8)+9=18
train/20107.jpg,(3-4)+0=-1
train/20108.jpg,(4*3)*0=0
train/20109.jpg,3*6*5=90
train/20110.jpg,7-(7*6)=-35
train/20111.jpg,4-(6+2)=-4
train/20112.jpg,3-(3-4)=4
train/20113.jpg,1+(6-9)=-2
train/20114.jpg,2*9*3=54
train/20115.jpg,(4+5)+8=17
train/20116.jpg,4*(2+6)=32
train/20117.jpg,0*(3*2)=0
train/20118.jpg,0-4+2=-2
train/20119.jpg,(8-0)+1=9
train/20120.jpg,6*(1-9)=-48
train/20121.jpg,7*8-8=48
train/20122.jpg,5+2-9=-2
train/20123.jpg,6+8-5=9
train/20124.jpg,(4*8)*4=128
train/20125.jpg,(2-7)*4=-20
train/20126.jpg,8+9-9=8
train/20127.jpg,9*4+3=39
train/20128.jpg,3-4+7=6
train/20129.jpg,(4-8)-5=-9
train/20130.jpg,(4*7)-6=22
train/20131.jpg,5-9+1=-3
train/20132.jpg,5*2*7=70
train/20133.jpg,1-(8*7)=-55
train/20134.jpg,4+5+4=13
train/20135.jpg,7+7-6=8
train/20136.jpg,2+(6-5)=3
train/20137.jpg,5*7*7=245
train/20138.jpg,(4+3)+4=11
train/20139.jpg,(5+9)-4=10
train/20140.jpg,5+1-3=3
train/20141.jpg,(0-8)+4=-4
train/20142.jpg,2+(7-7)=2
train/20143.jpg,4*8-3=29
train/20144.jpg,(5+4)-7=2
train/20145.jpg,2-5-3=-6
train/20146.jpg,6*1-5=1
train/20147.jpg,6+4*7=34
train/20148.jpg,(1*1)+2=3
train/20149.jpg,7*(2+1)=21
train/20150.jpg,7+(0*3)=7
train/20151.jpg,(3*7)*0=0
train/20152.jpg,8+(4*4)=24
train/20153.jpg,(3*3)+3=12
train/20154.jpg,5+(9*8)=77
train/20155.jpg,6+(4*2)=14
train/20156.jpg,(3*4)-0=12
train/20157.jpg,6-7-8=-9
train/20158.jpg,(0-6)*4=-24
train/20159.jpg,6-(1*4)=2
train/20160.jpg,9+(7+7)=23
train/20161.jpg,6+9*2=24
train/20162.jpg,(3+2)+0=5
train/20163.jpg,(5-5)*8=0
train/20164.jpg,(7*9)+1=64
train/20165.jpg,2-(9-6)=-1
train/20166.jpg,(9-9)-4=-4
train/20167.jpg,2-5-5=-8
train/20168.jpg,7-(9-9)=7
train/20169.jpg,9+(3-2)=10
train/20170.jpg,7*(8+2)=70
train/20171.jpg,7+1-0=8
train/20172.jpg,9-1*6=3
train/20173.jpg,2+9*2=20
train/20174.jpg,7-(1*0)=7
train/20175.jpg,(3-7)-4=-8
train/20176.jpg,(6+0)*8=48
train/20177.jpg,9*(7-8)=-9
train/20178.jpg,6+(2-0)=8
train/20179.jpg,2+2+2=6
train/20180.jpg,(0+9)*0=0
train/20181.jpg,1+5+4=10
train/20182.jpg,6+(9+9)=24
train/20183.jpg,(1+7)-5=3
train/20184.jpg,7-3-3=1
train/20185.jpg,(4*9)-9=27
train/20186.jpg,7-(1*5)=2
train/20187.jpg,2+7+3=12
train/20188.jpg,5+(1-5)=1
train/20189.jpg,2+2+0=4
train/20190.jpg,(0*9)*4=0
train/20191.jpg,8*0-1=-1
train/20192.jpg,(7-1)*4=24
train/20193.jpg,(0-0)-4=-4
train/20194.jpg,5+8*2=21
train/20195.jpg,9-(2+1)=6
train/20196.jpg,9+2-3=8
train/20197.jpg,5+(0+1)=6
train/20198.jpg,(2+3)*7=35
train/20199.jpg,(8+3)+2=13
train/20200.jpg,6+(7*4)=34
train/20201.jpg,6*(5*7)=210
train/20202.jpg,7-(8-3)=2
train/20203.jpg,(6+3)+3=12
train/20204.jpg,0*(2-6)=0
train/20205.jpg,4+(5*8)=44
train/20206.jpg,(3-3)+8=8
train/20207.jpg,1-(2*3)=-5
train/20208.jpg,6+3-1=8
train/20209.jpg,3+9-2=10
train/20210.jpg,6-(0*6)=6
train/20211.jpg,4*6*4=96
train/20212.jpg,(2+3)+6=11
train/20213.jpg,5*(4-4)=0
train/20214.jpg,6-(5+1)=0
train/20215.jpg,8*6*7=336
train/20216.jpg,8-8+5=5
train/20217.jpg,(4+6)+5=15
train/20218.jpg,(7+2)*4=36
train/20219.jpg,6*(6*9)=324
train/20220.jpg,2-4+9=7
train/20221.jpg,(6-3)*7=21
train/20222.jpg,6*(0+6)=36
train/20223.jpg,2+(1*6)=8
train/20224.jpg,2-8-6=-12
train/20225.jpg,6+9-2=13
train/20226.jpg,3*(3*8)=72
train/20227.jpg,2*(9*7)=126
train/20228.jpg,(5*1)-2=3
train/20229.jpg,6-9*4=-30
train/20230.jpg,9-9-4=-4
train/20231.jpg,3+0*9=3
train/20232.jpg,9*0-3=-3
train/20233.jpg,5-3-0=2
train/20234.jpg,8+(0-7)=1
train/20235.jpg,(8-1)+0=7
train/20236.jpg,6+4+1=11
train/20237.jpg,2+7+6=15
train/20238.jpg,7*(0-8)=-56
train/20239.jpg,(8-4)*1=4
train/20240.jpg,2*(9-2)=14
train/20241.jpg,(8+8)*6=96
train/20242.jpg,6*(7+9)=96
train/20243.jpg,(0-7)*3=-21
train/20244.jpg,7*7*0=0
train/20245.jpg,(2*3)+3=9
train/20246.jpg,6-6-3=-3
train/20247.jpg,3+9*7=66
train/20248.jpg,1+3*9=28
train/20249.jpg,0*2-5=-5
train/20250.jpg,3*(5-6)=-3
train/20251.jpg,7*3*4=84
train/20252.jpg,(6+2)+9=17
train/20253.jpg,9-8-5=-4
train/20254.jpg,3+(0+6)=9
train/20255.jpg,(8*4)+9=41
train/20256.jpg,6-7*5=-29
train/20257.jpg,1+(3*7)=22
train/20258.jpg,(9-8)*1=1
train/20259.jpg,2+(2-8)=-4
train/20260.jpg,(1-1)-0=0
train/20261.jpg,4*0*5=0
train/20262.jpg,8*1-2=6
train/20263.jpg,4*6*7=168
train/20264.jpg,(5+3)-4=4
train/20265.jpg,(7-8)-8=-9
train/20266.jpg,0+(1-8)=-7
train/20267.jpg,3*6*5=90
train/20268.jpg,(3+0)-3=0
train/20269.jpg,8*2*6=96
train/20270.jpg,7+7+2=16
train/20271.jpg,8*(1-7)=-48
train/20272.jpg,8+5+6=19
train/20273.jpg,(1-6)+0=-5
train/20274.jpg,(5-1)*5=20
train/20275.jpg,(4-2)+9=11
train/20276.jpg,6*(5-8)=-18
train/20277.jpg,(9+0)*0=0
train/20278.jpg,7+0*3=7
train/20279.jpg,6+7+9=22
train/20280.jpg,1+8-0=9
train/20281.jpg,4+(3+5)=12
train/20282.jpg,6+(7-0)=13
train/20283.jpg,0*(1*9)=0
train/20284.jpg,7-2-7=-2
train/20285.jpg,4*(4+8)=48
train/20286.jpg,2-4-3=-5
train/20287.jpg,9+(0+3)=12
train/20288.jpg,9+(2*7)=23
train/20289.jpg,4-8+4=0
train/20290.jpg,5+4+3=12
train/20291.jpg,6-(3-6)=9
train/20292.jpg,9-4*7=-19
train/20293.jpg,3*9+2=29
train/20294.jpg,5-5-2=-2
train/20295.jpg,1-4*0=1
train/20296.jpg,9-5-9=-5
train/20297.jpg,8+(8+1)=17
train/20298.jpg,(6-5)-5=-4
train/20299.jpg,6-2+5=9
train/20300.jpg,3+(0+3)=6
train/20301.jpg,5+(3-8)=0
train/20302.jpg,(1+9)+1=11
train/20303.jpg,(2*6)+6=18
train/20304.jpg,(8*6)+5=53
train/20305.jpg,0*3*6=0
train/20306.jpg,3*3+7=16
train/20307.jpg,0-7-0=-7
train/20308.jpg,(7*2)*4=56
train/20309.jpg,0*7*2=0
train/20310.jpg,0+(3+0)=3
train/20311.jpg,(4+9)+5=18
train/20312.jpg,0*(5*1)=0
train/20313.jpg,5-(5+3)=-3
train/20314.jpg,0*(3-7)=0
train/20315.jpg,2*9*2=36
train/20316.jpg,(1-1)+5=5
train/20317.jpg,(6-8)-2=-4
train/20318.jpg,6+5*6=36
train/20319.jpg,1+6-0=7
train/20320.jpg,0-(9*5)=-45
train/20321.jpg,8*1*2=16
train/20322.jpg,(8-8)*9=0
train/20323.jpg,5+1-7=-1
train/20324.jpg,6+(0-9)=-3
train/20325.jpg,7*2+7=21
train/20326.jpg,(8*2)+4=20
train/20327.jpg,(5-8)+0=-3
train/20328.jpg,(7+7)+0=14
train/20329.jpg,1+(8-5)=4
train/20330.jpg,7*(9+0)=63
train/20331.jpg,0+3*9=27
train/20332.jpg,3+(7-6)=4
train/20333.jpg,7*(1+5)=42
train/20334.jpg,(0*8)-1=-1
train/20335.jpg,7*1*4=28
train/20336.jpg,8+(8+4)=20
train/20337.jpg,9*6+3=57
train/20338.jpg,(2+7)*6=54
train/20339.jpg,7*(5*3)=105
train/20340.jpg,1-3*9=-26
train/20341.jpg,9+8-0=17
train/20342.jpg,(4+3)+7=14
train/20343.jpg,(8*3)-4=20
train/20344.jpg,(2-8)-1=-7
train/20345.jpg,(7-8)-6=-7
train/20346.jpg,8*6*4=192
train/20347.jpg,2*1*6=12
train/20348.jpg,8-3-2=3
train/20349.jpg,3+7*5=38
train/20350.jpg,(8-7)-4=-3
train/20351.jpg,(3-2)*8=8
train/20352.jpg,(7-2)-1=4
train/20353.jpg,(5*1)-6=-1
train/20354.jpg,1*9+4=13
train/20355.jpg,(6-5)+6=7
train/20356.jpg,1+7*8=57
train/20357.jpg,7-(0+3)=4
train/20358.jpg,8*(4-1)=24
train/20359.jpg,1*(1-9)=-8
train/20360.jpg,8*(0-2)=-16
train/20361.jpg,0+(3*1)=3
train/20362.jpg,(0-7)-3=-10
train/20363.jpg,5-9-1=-5
train/20364.jpg,5*1*5=25
train/20365.jpg,1*9-2=7
train/20366.jpg,1-0-8=-7
train/20367.jpg,(6-8)-0=-2
train/20368.jpg,(1+5)-9=-3
train/20369.jpg,5+(6*7)=47
train/20370.jpg,2+(7-5)=4
train/20371.jpg,(3*0)-6=-6
train/20372.jpg,(7+0)+5=12
train/20373.jpg,(0+9)*5=45
train/20374.jpg,7*9+6=69
train/20375.jpg,3+(4-5)=2
train/20376.jpg,1-(1+4)=-4
train/20377.jpg,(0-5)-5=-10
train/20378.jpg,3*(9+2)=33
train/20379.jpg,9+(0-9)=0
train/20380.jpg,(5*3)+6=21
train/20381.jpg,6-7-4=-5
train/20382.jpg,(1-4)-3=-6
train/20383.jpg,5+3-1=7
train/20384.jpg,9+(5-1)=13
train/20385.jpg,(5-8)-2=-5
train/20386.jpg,5-6+0=-1
train/20387.jpg,2*0*8=0
train/20388.jpg,1+8-3=6
train/20389.jpg,(8*9)-1=71
train/20390.jpg,7+(0-4)=3
train/20391.jpg,5+4+0=9
train/20392.jpg,4*7*5=140
train/20393.jpg,9*(4-3)=9
train/20394.jpg,5*8-7=33
train/20395.jpg,8+(7-8)=7
train/20396.jpg,1+6-9=-2
train/20397.jpg,(2+5)+1=8
train/20398.jpg,(8-3)+9=14
train/20399.jpg,4-1+3=6
train/20400.jpg,(4-0)-3=1
train/20401.jpg,1-5+3=-1
train/20402.jpg,(8*2)+7=23
train/20403.jpg,(7*1)*9=63
train/20404.jpg,(4-1)-7=-4
train/20405.jpg,1+(9-2)=8
train/20406.jpg,(9-1)+3=11
train/20407.jpg,(9-2)+1=8
train/20408.jpg,0+1-8=-7
train/20409.jpg,(1*4)+5=9
train/20410.jpg,(5*2)*1=10
train/20411.jpg,1*(3-5)=-2
train/20412.jpg,(3-9)-6=-12
train/20413.jpg,1*(8-5)=3
train/20414.jpg,7-(3+9)=-5
train/20415.jpg,(3*7)-0=21
train/20416.jpg,1+8+8=17
train/20417.jpg,(3*0)+3=3
train/20418.jpg,(8-7)*9=9
train/20419.jpg,8*(9-9)=0
train/20420.jpg,8*(5+6)=88
train/20421.jpg,4*0-3=-3
train/20422.jpg,4-(8-2)=-2
train/20423.jpg,(2-5)+3=0
train/20424.jpg,1-(0-5)=6
train/20425.jpg,8*5*0=0
train/20426.jpg,3+(0+4)=7
train/20427.jpg,8-4+1=5
train/20428.jpg,0*(7+1)=0
train/20429.jpg,2*(5-0)=10
train/20430.jpg,6-1-2=3
train/20431.jpg,4*6-9=15
train/20432.jpg,5*(5-7)=-10
train/20433.jpg,(0+3)*2=6
train/20434.jpg,9*6+7=61
train/20435.jpg,9-0-5=4
train/20436.jpg,7-(4+3)=0
train/20437.jpg,(5+6)*7=77
train/20438.jpg,(4+6)+4=14
train/20439.jpg,2-(1*9)=-7
train/20440.jpg,7*1-0=7
train/20441.jpg,4+0+6=10
train/20442.jpg,9+(2-3)=8
train/20443.jpg,1-(3-7)=5
train/20444.jpg,4+8*1=12
train/20445.jpg,(9-6)+6=9
train/20446.jpg,2*5+7=17
train/20447.jpg,(5+0)-4=1
train/20448.jpg,3*(8+0)=24
train/20449.jpg,7*9*2=126
train/20450.jpg,(8*7)-0=56
train/20451.jpg,0*9-6=-6
train/20452.jpg,6-(3+1)=2
train/20453.jpg,8-(7-8)=9
train/20454.jpg,0-(5*2)=-10
train/20455.jpg,5+(9+2)=16
train/20456.jpg,4-7-0=-3
train/20457.jpg,6+7-4=9
train/20458.jpg,6*6*5=180
train/20459.jpg,(6*4)+3=27
train/20460.jpg,8+3-9=2
train/20461.jpg,8*6-3=45
train/20462.jpg,9+7+1=17
train/20463.jpg,5*3+7=22
train/20464.jpg,(4+1)-7=-2
train/20465.jpg,2*(4+8)=24
train/20466.jpg,9-(7*1)=2
train/20467.jpg,(0+2)+9=11
train/20468.jpg,(7*5)-1=34
train/20469.jpg,(7+4)+5=16
train/20470.jpg,9*4+7=43
train/20471.jpg,(2-3)-9=-10
train/20472.jpg,1+(8-5)=4
train/20473.jpg,3-(6+3)=-6
train/20474.jpg,8+7+3=18
train/20475.jpg,9+9+1=19
train/20476.jpg,7*(0-2)=-14
train/20477.jpg,2*1+8=10
train/20478.jpg,(1-2)*3=-3
train/20479.jpg,(6-8)*2=-4
train/20480.jpg,6+(8-2)=12
train/20481.jpg,1+(7*4)=29
train/20482.jpg,4+(3+1)=8
train/20483.jpg,5*(0-3)=-15
train/20484.jpg,0*(0*0)=0
train/20485.jpg,(7+6)*5=65
train/20486.jpg,9*(1+0)=9
train/20487.jpg,3*5+2=17
train/20488.jpg,(7+4)+4=15
train/20489.jpg,5*1*2=10
train/20490.jpg,4*3+2=14
train/20491.jpg,(0*6)*7=0
train/20492.jpg,(5-3)-4=-2
train/20493.jpg,8*(8*6)=384
train/20494.jpg,2*(9*7)=126
train/20495.jpg,(6-1)+0=5
train/20496.jpg,3+6+7=16
train/20497.jpg,7+(3+8)=18
train/20498.jpg,1+5*1=6
train/20499.jpg,9-(6+8)=-5
train/20500.jpg,2*(0*3)=0
train/20501.jpg,(5*9)-4=41
train/20502.jpg,6-(7-6)=5
train/20503.jpg,6*(2-1)=6
train/20504.jpg,(9-6)*9=27
train/20505.jpg,8*9-7=65
train/20506.jpg,(1+4)+0=5
train/20507.jpg,7*(3*4)=84
train/20508.jpg,4+6+1=11
train/20509.jpg,(8*4)*0=0
train/20510.jpg,(1-4)+1=-2
train/20511.jpg,8+6+4=18
train/20512.jpg,(4+7)+0=11
train/20513.jpg,3-(6*7)=-39
train/20514.jpg,5*(9*6)=270
train/20515.jpg,6*9-4=50
train/20516.jpg,(9-2)*2=14
train/20517.jpg,2-(6+4)=-8
train/20518.jpg,8-(6*1)=2
train/20519.jpg,7*9-9=54
train/20520.jpg,0+7-4=3
train/20521.jpg,2*(5-7)=-4
train/20522.jpg,(7+4)-4=7
train/20523.jpg,8+9*4=44
train/20524.jpg,(0-6)-6=-12
train/20525.jpg,7*4*0=0
train/20526.jpg,(4*9)*8=288
train/20527.jpg,0-0+3=3
train/20528.jpg,4*(4*1)=16
train/20529.jpg,1+5*4=21
train/20530.jpg,(7-1)*0=0
train/20531.jpg,7+2-2=7
train/20532.jpg,7-1*4=3
train/20533.jpg,3*4-1=11
train/20534.jpg,(5*4)-6=14
train/20535.jpg,2-(6*7)=-40
train/20536.jpg,1+(1+4)=6
train/20537.jpg,(5+9)+2=16
train/20538.jpg,3+8-8=3
train/20539.jpg,4+4-6=2
train/20540.jpg,5-5*2=-5
train/20541.jpg,7-3-7=-3
train/20542.jpg,(3-6)-6=-9
train/20543.jpg,(4+2)-2=4
train/20544.jpg,7-1*4=3
train/20545.jpg,1+(0*1)=1
train/20546.jpg,(5-9)+7=3
train/20547.jpg,(2*7)-8=6
train/20548.jpg,1*(6-0)=6
train/20549.jpg,(2*4)-3=5
train/20550.jpg,9+(2-2)=9
train/20551.jpg,(1+0)+1=2
train/20552.jpg,9*5*5=225
train/20553.jpg,9+(5+1)=15
train/20554.jpg,9-5-5=-1
train/20555.jpg,2*9*5=90
train/20556.jpg,1-(0+8)=-7
train/20557.jpg,6*3-1=17
train/20558.jpg,(4+4)+5=13
train/20559.jpg,(9-9)-8=-8
train/20560.jpg,1-(3*9)=-26
train/20561.jpg,3-3+1=1
train/20562.jpg,7*1-7=0
train/20563.jpg,(5-7)+5=3
train/20564.jpg,6-(7-7)=6
train/20565.jpg,0+(2*1)=2
train/20566.jpg,0*1*1=0
train/20567.jpg,2-2+9=9
train/20568.jpg,(3+2)*1=5
train/20569.jpg,8-(4*6)=-16
train/20570.jpg,4*(7-8)=-4
train/20571.jpg,2+3+1=6
train/20572.jpg,(7*2)*9=126
train/20573.jpg,2+4*8=34
train/20574.jpg,3*9+2=29
train/20575.jpg,(0*6)*9=0
train/20576.jpg,6-5+0=1
train/20577.jpg,9-8*6=-39
train/20578.jpg,3-4-0=-1
train/20579.jpg,(6*8)-3=45
train/20580.jpg,(9-2)-5=2
train/20581.jpg,0-(0*1)=0
train/20582.jpg,(8*7)+3=59
train/20583.jpg,(2*2)*3=12
train/20584.jpg,0-(5*9)=-45
train/20585.jpg,2*(3*0)=0
train/20586.jpg,1-2+8=7
train/20587.jpg,(0*7)-8=-8
train/20588.jpg,0*4-2=-2
train/20589.jpg,2-0+4=6
train/20590.jpg,5-4*9=-31
train/20591.jpg,6-(0+7)=-1
train/20592.jpg,6-2-0=4
train/20593.jpg,7-3-0=4
train/20594.jpg,8*6-5=43
train/20595.jpg,(8*9)*7=504
train/20596.jpg,2*(8*7)=112
train/20597.jpg,4-(6-1)=-1
train/20598.jpg,(5+0)-0=5
train/20599.jpg,(1+5)*2=12
train/20600.jpg,(8-7)-9=-8
train/20601.jpg,1*8-4=4
train/20602.jpg,2-(9+3)=-10
train/20603.jpg,9-8+7=8
train/20604.jpg,5*2-4=6
train/20605.jpg,3+9+3=15
train/20606.jpg,(6*1)*0=0
train/20607.jpg,5-(4-8)=9
train/20608.jpg,7+2-1=8
train/20609.jpg,7*8*1=56
train/20610.jpg,(1*8)+3=11
train/20611.jpg,(8*6)+1=49
train/20612.jpg,2-(7*9)=-61
train/20613.jpg,(2+5)*5=35
train/20614.jpg,5+(1+8)=14
train/20615.jpg,(6-8)-4=-6
train/20616.jpg,9+(1-5)=5
train/20617.jpg,6*(0*5)=0
train/20618.jpg,2-5+3=0
train/20619.jpg,0+(6+1)=7
train/20620.jpg,6-0-4=2
train/20621.jpg,8+(6+8)=22
train/20622.jpg,3+(3-9)=-3
train/20623.jpg,(4-7)-2=-5
train/20624.jpg,8-(0+0)=8
train/20625.jpg,5+0+9=14
train/20626.jpg,5-3-3=-1
train/20627.jpg,7-5+4=6
train/20628.jpg,8-6+7=9
train/20629.jpg,(8*6)+6=54
train/20630.jpg,(3+6)*3=27
train/20631.jpg,(6+2)*5=40
train/20632.jpg,9+3*8=33
train/20633.jpg,5*5+0=25
train/20634.jpg,(3*3)-7=2
train/20635.jpg,5+(3-7)=1
train/20636.jpg,8*(5*5)=200
train/20637.jpg,8*6*5=240
train/20638.jpg,8+0+9=17
train/20639.jpg,0*(2*2)=0
train/20640.jpg,(3+8)+2=13
train/20641.jpg,8*6-9=39
train/20642.jpg,4-(6+8)=-10
train/20643.jpg,6-(6+0)=0
train/20644.jpg,(9-9)*9=0
train/20645.jpg,2-5+1=-2
train/20646.jpg,(0*5)-1=-1
train/20647.jpg,4*7*4=112
train/20648.jpg,3+7-9=1
train/20649.jpg,(4*3)*2=24
train/20650.jpg,(3-3)+0=0
train/20651.jpg,3*6+5=23
train/20652.jpg,6+(8+8)=22
train/20653.jpg,4-(4*6)=-20
train/20654.jpg,(1-1)+3=3
train/20655.jpg,5-(7-6)=4
train/20656.jpg,3*(2+4)=18
train/20657.jpg,5+3+9=17
train/20658.jpg,(9+4)-8=5
train/20659.jpg,2-9+0=-7
train/20660.jpg,4+7-7=4
train/20661.jpg,(9*2)-8=10
train/20662.jpg,8*8+9=73
train/20663.jpg,5-6*9=-49
train/20664.jpg,9*(4*5)=180
train/20665.jpg,7-(1+4)=2
train/20666.jpg,(1+9)-0=10
train/20667.jpg,6+(4+8)=18
train/20668.jpg,0*0+5=5
train/20669.jpg,9*8-0=72
train/20670.jpg,3+1+9=13
train/20671.jpg,6+(9-8)=7
train/20672.jpg,2*7-3=11
train/20673.jpg,2-(2*5)=-8
train/20674.jpg,(0+8)*2=16
train/20675.jpg,3*(3*9)=81
train/20676.jpg,8+(4*6)=32
train/20677.jpg,(6*4)-5=19
train/20678.jpg,3-(9-7)=1
train/20679.jpg,1-8-8=-15
train/20680.jpg,9*(7+4)=99
train/20681.jpg,(8*7)-9=47
train/20682.jpg,8*(2-2)=0
train/20683.jpg,(9*2)*3=54
train/20684.jpg,6+3-6=3
train/20685.jpg,(1+9)-7=3
train/20686.jpg,(1*9)+8=17
train/20687.jpg,3+2-4=1
train/20688.jpg,9*7+6=69
train/20689.jpg,1-0+4=5
train/20690.jpg,0*6+9=9
train/20691.jpg,6*(8-1)=42
train/20692.jpg,0+2*0=0
train/20693.jpg,0+(6+4)=10
train/20694.jpg,2*1+0=2
train/20695.jpg,9*(0+0)=0
train/20696.jpg,9+(2-5)=6
train/20697.jpg,(3-5)+5=3
train/20698.jpg,7-(0+7)=0
train/20699.jpg,9-0*8=9
train/20700.jpg,2-5-5=-8
train/20701.jpg,7+6-4=9
train/20702.jpg,0+9-5=4
train/20703.jpg,9-(1-6)=14
train/20704.jpg,(8-8)*0=0
train/20705.jpg,1-8+6=-1
train/20706.jpg,1-7+1=-5
train/20707.jpg,2*(5+5)=20
train/20708.jpg,1*0-0=0
train/20709.jpg,(6+9)*6=90
train/20710.jpg,(2+7)+9=18
train/20711.jpg,(9*7)-6=57
train/20712.jpg,(5+2)+1=8
train/20713.jpg,3*(3+5)=24
train/20714.jpg,9+0-6=3
train/20715.jpg,(6-4)+2=4
train/20716.jpg,(8+3)*4=44
train/20717.jpg,(7-2)-3=2
train/20718.jpg,5+(4+2)=11
train/20719.jpg,0+(5*1)=5
train/20720.jpg,1-8-8=-15
train/20721.jpg,5*(1*5)=25
train/20722.jpg,(4+5)*4=36
train/20723.jpg,0*(2+7)=0
train/20724.jpg,2+3+8=13
train/20725.jpg,1*6+2=8
train/20726.jpg,(3-9)*9=-54
train/20727.jpg,8-(3*9)=-19
train/20728.jpg,(1-4)*2=-6
train/20729.jpg,(9*5)-7=38
train/20730.jpg,5-(5+8)=-8
train/20731.jpg,7-(7-4)=4
train/20732.jpg,2+4*7=30
train/20733.jpg,0-(0*1)=0
train/20734.jpg,(4*2)-5=3
train/20735.jpg,(5*6)*7=210
train/20736.jpg,(8*3)-0=24
train/20737.jpg,0*4-1=-1
train/20738.jpg,9-8-3=-2
train/20739.jpg,0+6-1=5
train/20740.jpg,(9-9)*4=0
train/20741.jpg,(3+0)+3=6
train/20742.jpg,3-9+7=1
train/20743.jpg,(9-9)+4=4
train/20744.jpg,4-3-0=1
train/20745.jpg,2-8+6=0
train/20746.jpg,3-(9-2)=-4
train/20747.jpg,3*(3*4)=36
train/20748.jpg,6+(6-2)=10
train/20749.jpg,(9*6)*6=324
train/20750.jpg,3+(2+8)=13
train/20751.jpg,6-(2+2)=2
train/20752.jpg,0-(8*5)=-40
train/20753.jpg,9-8+9=10
train/20754.jpg,(5-0)*7=35
train/20755.jpg,5+1*9=14
train/20756.jpg,8-(5+8)=-5
train/20757.jpg,2-(0+1)=1
train/20758.jpg,(9*4)-7=29
train/20759.jpg,3*6+1=19
train/20760.jpg,(0+9)+5=14
train/20761.jpg,(8*8)*5=320
train/20762.jpg,(5-4)+5=6
train/20763.jpg,0+2+0=2
train/20764.jpg,2+1+9=12
train/20765.jpg,1*7-3=4
train/20766.jpg,1-5-8=-12
train/20767.jpg,8*9*7=504
train/20768.jpg,0-(6*0)=0
train/20769.jpg,(0+6)-4=2
train/20770.jpg,2*2-5=-1
train/20771.jpg,0-(4*5)=-20
train/20772.jpg,8+8+3=19
train/20773.jpg,0-(1*5)=-5
train/20774.jpg,3+7-1=9
train/20775.jpg,5*(0*0)=0
train/20776.jpg,5*(6-5)=5
train/20777.jpg,0-(1*5)=-5
train/20778.jpg,0+(9*3)=27
train/20779.jpg,3+3*3=12
train/20780.jpg,(9*4)+3=39
train/20781.jpg,7*(9*5)=315
train/20782.jpg,(5*3)*1=15
train/20783.jpg,6*(4*1)=24
train/20784.jpg,7-5*1=2
train/20785.jpg,9-(4-0)=5
train/20786.jpg,5-4-8=-7
train/20787.jpg,(7+1)+0=8
train/20788.jpg,1+1*1=2
train/20789.jpg,7-7+0=0
train/20790.jpg,0+3+2=5
train/20791.jpg,(8+5)-3=10
train/20792.jpg,(5-4)*6=6
train/20793.jpg,7-8*3=-17
train/20794.jpg,6-(2+4)=0
train/20795.jpg,7*0*7=0
train/20796.jpg,(5-6)-1=-2
train/20797.jpg,3*1-1=2
train/20798.jpg,1*(8-5)=3
train/20799.jpg,6+9*2=24
train/20800.jpg,8-6+3=5
train/20801.jpg,(6+6)*5=60
train/20802.jpg,1-5*9=-44
train/20803.jpg,(8*3)-6=18
train/20804.jpg,0-7-3=-10
train/20805.jpg,2+0+3=5
train/20806.jpg,(2-4)*3=-6
train/20807.jpg,(7+2)*6=54
train/20808.jpg,(7-9)*0=0
train/20809.jpg,2+(0+9)=11
train/20810.jpg,4*1-7=-3
train/20811.jpg,(7+8)+9=24
train/20812.jpg,(3-0)-6=-3
train/20813.jpg,9+(1*0)=9
train/20814.jpg,3+(1+4)=8
train/20815.jpg,8*(0*6)=0
train/20816.jpg,5*4+6=26
train/20817.jpg,2*0+7=7
train/20818.jpg,(4-9)-2=-7
train/20819.jpg,4*0*7=0
train/20820.jpg,2+(0-1)=1
train/20821.jpg,4-2+4=6
train/20822.jpg,(3-6)+5=2
train/20823.jpg,9*5-1=44
train/20824.jpg,0-4-6=-10
train/20825.jpg,5+3+7=15
train/20826.jpg,7*2-3=11
train/20827.jpg,(9*3)-9=18
train/20828.jpg,0*8+7=7
train/20829.jpg,6*2+9=21
train/20830.jpg,2-(0-1)=3
train/20831.jpg,4*(0-7)=-28
train/20832.jpg,(2-8)+8=2
train/20833.jpg,(1*8)*6=48
train/20834.jpg,(6*2)-8=4
train/20835.jpg,0+3-1=2
train/20836.jpg,2-3*3=-7
train/20837.jpg,(0*4)*4=0
train/20838.jpg,5*(3*8)=120
train/20839.jpg,9*(2*2)=36
train/20840.jpg,1*1*4=4
train/20841.jpg,3*4*5=60
train/20842.jpg,3-4*7=-25
train/20843.jpg,5+(0-5)=0
train/20844.jpg,(8-2)-0=6
train/20845.jpg,(5*8)-3=37
train/20846.jpg,(0*9)+0=0
train/20847.jpg,5+3-6=2
train/20848.jpg,(0+4)+3=7
train/20849.jpg,(8+5)-4=9
train/20850.jpg,7+(3-4)=6
train/20851.jpg,(9+6)*5=75
train/20852.jpg,8-(6-1)=3
train/20853.jpg,5*(5-3)=10
train/20854.jpg,5*(0*5)=0
train/20855.jpg,(6+5)+4=15
train/20856.jpg,3-8+3=-2
train/20857.jpg,9+(2-5)=6
train/20858.jpg,9*5-4=41
train/20859.jpg,2-1-7=-6
train/20860.jpg,(4+6)-2=8
train/20861.jpg,7*(5-3)=14
train/20862.jpg,(3-2)*0=0
train/20863.jpg,(8-3)+2=7
train/20864.jpg,9*(6-6)=0
train/20865.jpg,7*3-1=20
train/20866.jpg,(1*5)+5=10
train/20867.jpg,9*1+0=9
train/20868.jpg,(1-0)*8=8
train/20869.jpg,(8+1)+8=17
train/20870.jpg,9-(3-0)=6
train/20871.jpg,8+4*3=20
train/20872.jpg,5-(5*0)=5
train/20873.jpg,0*3*3=0
train/20874.jpg,0+(7*8)=56
train/20875.jpg,(1-3)+3=1
train/20876.jpg,7*(1*7)=49
train/20877.jpg,0*2*4=0
train/20878.jpg,(2*6)*4=48
train/20879.jpg,7*(4-4)=0
train/20880.jpg,4+1-8=-3
train/20881.jpg,1+(3*8)=25
train/20882.jpg,4-(6-2)=0
train/20883.jpg,8*7-5=51
train/20884.jpg,2-(1-1)=2
train/20885.jpg,3+1*7=10
train/20886.jpg,1*(6-8)=-2
train/20887.jpg,4*7-5=23
train/20888.jpg,0-(9-5)=-4
train/20889.jpg,7+4+4=15
train/20890.jpg,(8*3)*3=72
train/20891.jpg,7*3+5=26
train/20892.jpg,0*4*4=0
train/20893.jpg,8+(4*2)=16
train/20894.jpg,(4+2)+3=9
train/20895.jpg,(0+6)+7=13
train/20896.jpg,(8*9)*1=72
train/20897.jpg,9-(0+6)=3
train/20898.jpg,3+(1+4)=8
train/20899.jpg,7-(6*0)=7
train/20900.jpg,3+0+4=7
train/20901.jpg,7*2*6=84
train/20902.jpg,(5*0)*4=0
train/20903.jpg,3+(6-2)=7
train/20904.jpg,(4*7)-5=23
train/20905.jpg,(6-2)+1=5
train/20906.jpg,1-4-6=-9
train/20907.jpg,9*0*8=0
train/20908.jpg,8*(8*5)=320
train/20909.jpg,(0-1)+9=8
train/20910.jpg,7+(4+1)=12
train/20911.jpg,2-7*2=-12
train/20912.jpg,3-4+4=3
train/20913.jpg,5+3+0=8
train/20914.jpg,7-(0+1)=6
train/20915.jpg,1+(6-4)=3
train/20916.jpg,3+(8-7)=4
train/20917.jpg,(4+8)-6=6
train/20918.jpg,(0-9)+1=-8
train/20919.jpg,4+3*1=7
train/20920.jpg,2*(6-2)=8
train/20921.jpg,(0+6)*2=12
train/20922.jpg,1*(8-4)=4
train/20923.jpg,3+(0*7)=3
train/20924.jpg,(1*1)*3=3
train/20925.jpg,2+9*7=65
train/20926.jpg,(6+5)+0=11
train/20927.jpg,5*(5-7)=-10
train/20928.jpg,(6*1)*6=36
train/20929.jpg,(1*8)+9=17
train/20930.jpg,(9*4)+7=43
train/20931.jpg,(2+5)+8=15
train/20932.jpg,2-1*8=-6
train/20933.jpg,2*9+0=18
train/20934.jpg,1+5-6=0
train/20935.jpg,9+2+4=15
train/20936.jpg,5-5+0=0
train/20937.jpg,(0+4)+4=8
train/20938.jpg,1+2+5=8
train/20939.jpg,8+6*2=20
train/20940.jpg,2+(1+4)=7
train/20941.jpg,3+8*0=3
train/20942.jpg,(5-9)+6=2
train/20943.jpg,4-(4*0)=4
train/20944.jpg,(7*0)*7=0
train/20945.jpg,3+5+2=10
train/20946.jpg,6-(7+5)=-6
train/20947.jpg,2+(8+0)=10
train/20948.jpg,(5*6)+3=33
train/20949.jpg,9+(9+5)=23
train/20950.jpg,4-8+7=3
train/20951.jpg,(4-7)+7=4
train/20952.jpg,(0+8)+3=11
train/20953.jpg,(7-1)+8=14
train/20954.jpg,2+(5*7)=37
train/20955.jpg,(2*7)*9=126
train/20956.jpg,2*2+3=7
train/20957.jpg,8+1+2=11
train/20958.jpg,(2-4)-3=-5
train/20959.jpg,(0*1)-4=-4
train/20960.jpg,(4+8)*4=48
train/20961.jpg,1-6*9=-53
train/20962.jpg,2*7*2=28
train/20963.jpg,(9*2)-2=16
train/20964.jpg,9+2+3=14
train/20965.jpg,3*(0-2)=-6
train/20966.jpg,(9-3)+3=9
train/20967.jpg,(1*9)+0=9
train/20968.jpg,(6*6)-3=33
train/20969.jpg,4*(4+7)=44
train/20970.jpg,4+(4+2)=10
train/20971.jpg,0+(4-8)=-4
train/20972.jpg,5+(4-2)=7
train/20973.jpg,(1*6)+6=12
train/20974.jpg,1*3+2=5
train/20975.jpg,8+(9*8)=80
train/20976.jpg,(1+1)-4=-2
train/20977.jpg,4-(8-2)=-2
train/20978.jpg,2+(7+0)=9
train/20979.jpg,6+(9+8)=23
train/20980.jpg,(2*8)-7=9
train/20981.jpg,0+9-6=3
train/20982.jpg,(6*9)*8=432
train/20983.jpg,6+9-3=12
train/20984.jpg,(9*3)+7=34
train/20985.jpg,(1+9)+0=10
train/20986.jpg,1-5*6=-29
train/20987.jpg,(5+0)+6=11
train/20988.jpg,(9-0)-2=7
train/20989.jpg,6*5*9=270
train/20990.jpg,(5+9)+5=19
train/20991.jpg,(5*2)-9=1
train/20992.jpg,(9-7)+9=11
train/20993.jpg,(9*8)-1=71
train/20994.jpg,3-(5+5)=-7
train/20995.jpg,3*(3-1)=6
train/20996.jpg,5*5*7=175
train/20997.jpg,(9*5)+0=45
train/20998.jpg,6-3+9=12
train/20999.jpg,4-(5*9)=-41
train/21000.jpg,(4-6)*7=-14
train/21001.jpg,8*(0-9)=-72
train/21002.jpg,(6*1)*2=12
train/21003.jpg,1-7-9=-15
train/21004.jpg,1*(7-8)=-1
train/21005.jpg,0*(9-7)=0
train/21006.jpg,2+(5-6)=1
train/21007.jpg,1+(0+9)=10
train/21008.jpg,1+4+6=11
train/21009.jpg,1-5+7=3
train/21010.jpg,(8*7)+7=63
train/21011.jpg,6-2*0=6
train/21012.jpg,(4+2)*3=18
train/21013.jpg,(9+8)*2=34
train/21014.jpg,1-(1+3)=-3
train/21015.jpg,0+3+2=5
train/21016.jpg,(6*9)*7=378
train/21017.jpg,5-0*0=5
train/21018.jpg,(3*6)*6=108
train/21019.jpg,9*(9-5)=36
train/21020.jpg,2-(2*9)=-16
train/21021.jpg,0+2*5=10
train/21022.jpg,(0*1)+0=0
train/21023.jpg,(8+7)*6=90
train/21024.jpg,6+(3-8)=1
train/21025.jpg,9*(3-3)=0
train/21026.jpg,5*(3-9)=-30
train/21027.jpg,(8-7)+8=9
train/21028.jpg,3+(4*2)=11
train/21029.jpg,6*(5*3)=90
train/21030.jpg,(9*3)*9=243
train/21031.jpg,(6-8)+6=4
train/21032.jpg,0-(8*9)=-72
train/21033.jpg,4*(3-7)=-16
train/21034.jpg,2*0+1=1
train/21035.jpg,8*(6-9)=-24
train/21036.jpg,(5+6)+3=14
train/21037.jpg,(8*9)+2=74
train/21038.jpg,4-2*7=-10
train/21039.jpg,8-(0-1)=9
train/21040.jpg,9*(8-9)=-9
train/21041.jpg,2*5+8=18
train/21042.jpg,1+1*8=9
train/21043.jpg,0+(7*0)=0
train/21044.jpg,2*(0+4)=8
train/21045.jpg,(3-7)+9=5
train/21046.jpg,2*9+7=25
train/21047.jpg,0-(2+3)=-5
train/21048.jpg,2-2*4=-6
train/21049.jpg,1-0*8=1
train/21050.jpg,1-4+0=-3
train/21051.jpg,8*(9*2)=144
train/21052.jpg,5+(7*9)=68
train/21053.jpg,(7-0)*0=0
train/21054.jpg,4-(0+6)=-2
train/21055.jpg,(9+5)-5=9
train/21056.jpg,(7-1)*4=24
train/21057.jpg,7-9*2=-11
train/21058.jpg,8*(0+9)=72
train/21059.jpg,2-(7+8)=-13
train/21060.jpg,1-9+9=1
train/21061.jpg,0*2*1=0
train/21062.jpg,(0-9)-6=-15
train/21063.jpg,8*(1+6)=56
train/21064.jpg,7-(9*7)=-56
train/21065.jpg,8-(2*4)=0
train/21066.jpg,5-(5*1)=0
train/21067.jpg,(6-0)-1=5
train/21068.jpg,(1-1)*5=0
train/21069.jpg,8-(7*7)=-41
train/21070.jpg,(5-0)-1=4
train/21071.jpg,5+(1+6)=12
train/21072.jpg,6+(6*1)=12
train/21073.jpg,(3-2)*8=8
train/21074.jpg,9+(0*9)=9
train/21075.jpg,0+(0-7)=-7
train/21076.jpg,(8-3)+8=13
train/21077.jpg,9-6+0=3
train/21078.jpg,(7*7)*4=196
train/21079.jpg,0-(9+8)=-17
train/21080.jpg,(8+3)-4=7
train/21081.jpg,0-6+4=-2
train/21082.jpg,(2*4)+4=12
train/21083.jpg,2+(2+4)=8
train/21084.jpg,1+7-4=4
train/21085.jpg,0-(6+8)=-14
train/21086.jpg,8*(7-2)=40
train/21087.jpg,8-(1+3)=4
train/21088.jpg,4*(1*3)=12
train/21089.jpg,4*0+9=9
train/21090.jpg,(4+2)+6=12
train/21091.jpg,(3*7)*3=63
train/21092.jpg,1*(3*4)=12
train/21093.jpg,8*(8+4)=96
train/21094.jpg,0-(8+2)=-10
train/21095.jpg,3*4*7=84
train/21096.jpg,4*9+6=42
train/21097.jpg,0+(6+2)=8
train/21098.jpg,8-4-6=-2
train/21099.jpg,(9-3)+8=14
train/21100.jpg,(8+4)+2=14
train/21101.jpg,(8+3)*3=33
train/21102.jpg,1+(0+6)=7
train/21103.jpg,9*(8+7)=135
train/21104.jpg,2-1*1=1
train/21105.jpg,5-6*6=-31
train/21106.jpg,(8-5)-3=0
train/21107.jpg,(5-8)-3=-6
train/21108.jpg,7-(2-7)=12
train/21109.jpg,9-9*8=-63
train/21110.jpg,2*6+5=17
train/21111.jpg,6+7+6=19
train/21112.jpg,(4-9)+0=-5
train/21113.jpg,(5+0)-4=1
train/21114.jpg,1+5-6=0
train/21115.jpg,7*(9+2)=77
train/21116.jpg,5+(4*5)=25
train/21117.jpg,(9*0)-9=-9
train/21118.jpg,8*(1-7)=-48
train/21119.jpg,(7+4)*2=22
train/21120.jpg,(6-2)*3=12
train/21121.jpg,5-(9+3)=-7
train/21122.jpg,6*(0-4)=-24
train/21123.jpg,0+(2-3)=-1
train/21124.jpg,(5+2)+2=9
train/21125.jpg,(1*5)+2=7
train/21126.jpg,6+4+5=15
train/21127.jpg,1*(7+3)=10
train/21128.jpg,(9-3)-6=0
train/21129.jpg,1+6*5=31
train/21130.jpg,(3*8)*3=72
train/21131.jpg,8-9+9=8
train/21132.jpg,6-0*3=6
train/21133.jpg,(0*6)+7=7
train/21134.jpg,2+(9-7)=4
train/21135.jpg,5-(2-9)=12
train/21136.jpg,8-(0+9)=-1
train/21137.jpg,8+3*1=11
train/21138.jpg,2*(0-8)=-16
train/21139.jpg,9*0-4=-4
train/21140.jpg,1*1*1=1
train/21141.jpg,8-(2*4)=0
train/21142.jpg,2-(2*4)=-6
train/21143.jpg,4-(8+6)=-10
train/21144.jpg,3-1+5=7
train/21145.jpg,3-(0+3)=0
train/21146.jpg,(1+4)+9=14
train/21147.jpg,8-(6-3)=5
train/21148.jpg,2-8*0=2
train/21149.jpg,6-(8-7)=5
train/21150.jpg,(2-9)+7=0
train/21151.jpg,6*1*4=24
train/21152.jpg,3*1-5=-2
train/21153.jpg,6-4-0=2
train/21154.jpg,2*2+8=12
train/21155.jpg,3+(7*9)=66
train/21156.jpg,(2-7)*9=-45
train/21157.jpg,(9+8)*9=153
train/21158.jpg,5*(1-5)=-20
train/21159.jpg,1*(1+4)=5
train/21160.jpg,9*2-6=12
train/21161.jpg,(2+1)-5=-2
train/21162.jpg,2*(8*2)=32
train/21163.jpg,1-(9+8)=-16
train/21164.jpg,5+(2+0)=7
train/21165.jpg,3+1+6=10
train/21166.jpg,6*8+5=53
train/21167.jpg,7-(5+7)=-5
train/21168.jpg,(5+7)+0=12
train/21169.jpg,3*(5-7)=-6
train/21170.jpg,(5-1)-7=-3
train/21171.jpg,(9+7)+4=20
train/21172.jpg,6+(1*4)=10
train/21173.jpg,9*5-2=43
train/21174.jpg,3+0*4=3
train/21175.jpg,0-6+7=1
train/21176.jpg,5*(1-9)=-40
train/21177.jpg,1-0+0=1
train/21178.jpg,7-(6*7)=-35
train/21179.jpg,2*(6*0)=0
train/21180.jpg,8*8-4=60
train/21181.jpg,(9+2)*7=77
train/21182.jpg,(3+4)+2=9
train/21183.jpg,9*(5-0)=45
train/21184.jpg,(5*3)*3=45
train/21185.jpg,6-4+5=7
train/21186.jpg,(1*3)*6=18
train/21187.jpg,0*6-9=-9
train/21188.jpg,7*(0-2)=-14
train/21189.jpg,(5+2)*8=56
train/21190.jpg,(3*9)+7=34
train/21191.jpg,4*0+7=7
train/21192.jpg,(9+1)+0=10
train/21193.jpg,(5-4)*0=0
train/21194.jpg,0*(2+7)=0
train/21195.jpg,7+7-7=7
train/21196.jpg,7*(0-8)=-56
train/21197.jpg,3*(0+8)=24
train/21198.jpg,2+8*8=66
train/21199.jpg,(8-7)*0=0
train/21200.jpg,(0-0)-6=-6
train/21201.jpg,6+(2*2)=10
train/21202.jpg,(0-0)+7=7
train/21203.jpg,5*7-1=34
train/21204.jpg,(6+5)-4=7
train/21205.jpg,1*8-0=8
train/21206.jpg,(9*3)+0=27
train/21207.jpg,0*(3-3)=0
train/21208.jpg,(3+7)+4=14
train/21209.jpg,1*7+2=9
train/21210.jpg,7-(2+7)=-2
train/21211.jpg,6*4-8=16
train/21212.jpg,(9-9)-2=-2
train/21213.jpg,4*(7+3)=40
train/21214.jpg,1-(0*2)=1
train/21215.jpg,(5-6)*1=-1
train/21216.jpg,(6-1)*8=40
train/21217.jpg,7+(3+7)=17
train/21218.jpg,(3*0)*4=0
train/21219.jpg,6+(1-9)=-2
train/21220.jpg,0+6+8=14
train/21221.jpg,6-3+2=5
train/21222.jpg,(3*3)+1=10
train/21223.jpg,5*9-7=38
train/21224.jpg,9-(1-7)=15
train/21225.jpg,(0+2)+3=5
train/21226.jpg,6-1-6=-1
train/21227.jpg,(9*6)+3=57
train/21228.jpg,3*0*9=0
train/21229.jpg,(2+0)*0=0
train/21230.jpg,3+(7+1)=11
train/21231.jpg,0-(9+9)=-18
train/21232.jpg,4+(7-8)=3
train/21233.jpg,9-(0-9)=18
train/21234.jpg,8+(7-4)=11
train/21235.jpg,6*3*9=162
train/21236.jpg,5*4*7=140
train/21237.jpg,6*(0-5)=-30
train/21238.jpg,4-1-2=1
train/21239.jpg,0-(7+4)=-11
train/21240.jpg,(3-1)+7=9
train/21241.jpg,7-(1+4)=2
train/21242.jpg,7+(4*1)=11
train/21243.jpg,1*6-6=0
train/21244.jpg,7*(0+9)=63
train/21245.jpg,9*(3*1)=27
train/21246.jpg,0+9*2=18
train/21247.jpg,7+9*2=25
train/21248.jpg,3-(1*4)=-1
train/21249.jpg,4*(6*6)=144
train/21250.jpg,(3*0)*7=0
train/21251.jpg,(7+3)+7=17
train/21252.jpg,9+4*4=25
train/21253.jpg,4*5*3=60
train/21254.jpg,5*0+2=2
train/21255.jpg,9*(3-9)=-54
train/21256.jpg,4*7+1=29
train/21257.jpg,(9*1)+2=11
train/21258.jpg,(5+7)*7=84
train/21259.jpg,(8+9)+7=24
train/21260.jpg,4+(7-2)=9
train/21261.jpg,(0*1)-4=-4
train/21262.jpg,4-(5+1)=-2
train/21263.jpg,1+(6-4)=3
train/21264.jpg,(2-0)-0=2
train/21265.jpg,(8+2)-7=3
train/21266.jpg,(7-1)*9=54
train/21267.jpg,3-4-2=-3
train/21268.jpg,9+4+9=22
train/21269.jpg,3*(1-6)=-15
train/21270.jpg,6-8+2=0
train/21271.jpg,1*1*0=0
train/21272.jpg,8-(4-7)=11
train/21273.jpg,6-(7+1)=-2
train/21274.jpg,8-3-2=3
train/21275.jpg,1-0*2=1
train/21276.jpg,5*8+4=44
train/21277.jpg,(8+9)*1=17
train/21278.jpg,(6-3)-7=-4
train/21279.jpg,(3*2)+4=10
train/21280.jpg,1+(8-6)=3
train/21281.jpg,9-7*9=-54
train/21282.jpg,4-(7-1)=-2
train/21283.jpg,2*7*8=112
train/21284.jpg,0*0*6=0
train/21285.jpg,6+(4+2)=12
train/21286.jpg,1+5+6=12
train/21287.jpg,8*(0-7)=-56
train/21288.jpg,(5*7)-8=27
train/21289.jpg,7+2*6=19
train/21290.jpg,9+(4*8)=41
train/21291.jpg,3*8*9=216
train/21292.jpg,8-(9*0)=8
train/21293.jpg,4-(1-6)=9
train/21294.jpg,7*1*1=7
train/21295.jpg,7+9*0=7
train/21296.jpg,1-2-6=-7
train/21297.jpg,(2*7)-3=11
train/21298.jpg,0+(4+9)=13
train/21299.jpg,9-2*2=5
train/21300.jpg,2*(3+8)=22
train/21301.jpg,1*1-9=-8
train/21302.jpg,6+1-9=-2
train/21303.jpg,4*5*0=0
train/21304.jpg,9+(9-3)=15
train/21305.jpg,3*5+5=20
train/21306.jpg,(9+6)-8=7
train/21307.jpg,0*6+7=7
train/21308.jpg,3+(3+4)=10
train/21309.jpg,8*(2-7)=-40
train/21310.jpg,(8-5)-5=-2
train/21311.jpg,1*7*5=35
train/21312.jpg,1+5*6=31
train/21313.jpg,(0*0)*2=0
train/21314.jpg,(3-9)-5=-11
train/21315.jpg,(8*2)-0=16
train/21316.jpg,(0-9)*4=-36
train/21317.jpg,4*(0-5)=-20
train/21318.jpg,(1*5)*5=25
train/21319.jpg,5+(7+7)=19
train/21320.jpg,6-(7-6)=5
train/21321.jpg,1*9+0=9
train/21322.jpg,4*1-1=3
train/21323.jpg,3+(4+3)=10
train/21324.jpg,7*8-8=48
train/21325.jpg,5+9*2=23
train/21326.jpg,0+8-8=0
train/21327.jpg,2*(9*1)=18
train/21328.jpg,8*(5-5)=0
train/21329.jpg,2+(7-1)=8
train/21330.jpg,5-(5+5)=-5
train/21331.jpg,8+0-8=0
train/21332.jpg,3*8*8=192
train/21333.jpg,(4-3)*2=2
train/21334.jpg,3-7*6=-39
train/21335.jpg,9-(7*6)=-33
train/21336.jpg,8+6+2=16
train/21337.jpg,2*(5+9)=28
train/21338.jpg,(7*5)-8=27
train/21339.jpg,1+1*1=2
train/21340.jpg,7+(1*1)=8
train/21341.jpg,(3-1)*7=14
train/21342.jpg,5*(2+5)=35
train/21343.jpg,3*2+9=15
train/21344.jpg,3+1+5=9
train/21345.jpg,5*(0+7)=35
train/21346.jpg,1+0*1=1
train/21347.jpg,2+(9+9)=20
train/21348.jpg,6*(6*4)=144
train/21349.jpg,6+1*3=9
train/21350.jpg,0*0*1=0
train/21351.jpg,9-2*9=-9
train/21352.jpg,0-(5*6)=-30
train/21353.jpg,1-9+3=-5
train/21354.jpg,1-7-3=-9
train/21355.jpg,4-2*5=-6
train/21356.jpg,8-(6*8)=-40
train/21357.jpg,2-(2+5)=-5
train/21358.jpg,(7-6)-4=-3
train/21359.jpg,(2*8)-1=15
train/21360.jpg,7-(3-2)=6
train/21361.jpg,8-7-6=-5
train/21362.jpg,9*0+8=8
train/21363.jpg,1-5-3=-7
train/21364.jpg,(2+6)*1=8
train/21365.jpg,5-4+5=6
train/21366.jpg,9+1-9=1
train/21367.jpg,(7*7)-0=49
train/21368.jpg,(0-7)+7=0
train/21369.jpg,2+(6+1)=9
train/21370.jpg,2+(4-5)=1
train/21371.jpg,7*(0*0)=0
train/21372.jpg,1*(8+4)=12
train/21373.jpg,5-5-8=-8
train/21374.jpg,3*3+8=17
train/21375.jpg,(5*8)-3=37
train/21376.jpg,(9-9)-4=-4
train/21377.jpg,(1-6)+8=3
train/21378.jpg,(7-0)*7=49
train/21379.jpg,(5+9)*2=28
train/21380.jpg,(5-2)-8=-5
train/21381.jpg,(2*5)*5=50
train/21382.jpg,7*(1-2)=-7
train/21383.jpg,9*(1+5)=54
train/21384.jpg,2+6*4=26
train/21385.jpg,5-7*5=-30
train/21386.jpg,7*(9-8)=7
train/21387.jpg,2-4*7=-26
train/21388.jpg,(5*4)*3=60
train/21389.jpg,(5*1)-3=2
train/21390.jpg,(5+7)-1=11
train/21391.jpg,0+2+0=2
train/21392.jpg,7+4+4=15
train/21393.jpg,6*7*5=210
train/21394.jpg,(8*9)*6=432
train/21395.jpg,(9+1)+3=13
train/21396.jpg,5+1*3=8
train/21397.jpg,8+(0*4)=8
train/21398.jpg,(1+6)*7=49
train/21399.jpg,0-(0-8)=8
train/21400.jpg,3-(1+0)=2
train/21401.jpg,5-1+8=12
train/21402.jpg,1+(3-3)=1
train/21403.jpg,6+3-6=3
train/21404.jpg,(9*8)*7=504
train/21405.jpg,7*(2-6)=-28
train/21406.jpg,6+(5-7)=4
train/21407.jpg,5+(1*0)=5
train/21408.jpg,(0+8)+6=14
train/21409.jpg,(7+4)-3=8
train/21410.jpg,9-(9-3)=3
train/21411.jpg,(4+5)-9=0
train/21412.jpg,9*(5+6)=99
train/21413.jpg,6+9+4=19
train/21414.jpg,9+(3-3)=9
train/21415.jpg,0-2*3=-6
train/21416.jpg,1+(8*8)=65
train/21417.jpg,(4-1)*8=24
train/21418.jpg,(9+1)+2=12
train/21419.jpg,3*(9-6)=9
train/21420.jpg,0+(0+0)=0
train/21421.jpg,0+(0+7)=7
train/21422.jpg,(2*9)+3=21
train/21423.jpg,3+6+8=17
train/21424.jpg,(6+4)+7=17
train/21425.jpg,4-(8+9)=-13
train/21426.jpg,(3*5)+8=23
train/21427.jpg,5*2*0=0
train/21428.jpg,(8-3)*2=10
train/21429.jpg,2*(3-4)=-2
train/21430.jpg,3+(3+7)=13
train/21431.jpg,8*4*9=288
train/21432.jpg,7+(3+4)=14
train/21433.jpg,(5+4)+0=9
train/21434.jpg,5*(5*9)=225
train/21435.jpg,(9-5)*3=12
train/21436.jpg,7+(3+5)=15
train/21437.jpg,7-(6+0)=1
train/21438.jpg,(0+9)+7=16
train/21439.jpg,8*6*7=336
train/21440.jpg,3*2+4=10
train/21441.jpg,1*5*5=25
train/21442.jpg,(5-3)+9=11
train/21443.jpg,9*7*7=441
train/21444.jpg,(1+1)+8=10
train/21445.jpg,7*(2+9)=77
train/21446.jpg,1*0-4=-4
train/21447.jpg,(1+6)+7=14
train/21448.jpg,(5+8)-5=8
train/21449.jpg,2-(0+1)=1
train/21450.jpg,9+(8*3)=33
train/21451.jpg,4-(8+4)=-8
train/21452.jpg,9+(2*7)=23
train/21453.jpg,8-(5+3)=0
train/21454.jpg,7*(7+1)=56
train/21455.jpg,7*(3+8)=77
train/21456.jpg,6+(5-8)=3
train/21457.jpg,9*(3-3)=0
train/21458.jpg,(0-0)*0=0
train/21459.jpg,1*(2+3)=5
train/21460.jpg,(9*1)*9=81
train/21461.jpg,7*8-5=51
train/21462.jpg,(9*9)+0=81
train/21463.jpg,5*4*0=0
train/21464.jpg,7+(0+6)=13
train/21465.jpg,0*(6-3)=0
train/21466.jpg,8*(9-6)=24
train/21467.jpg,8*(9-7)=16
train/21468.jpg,2*2*8=32
train/21469.jpg,5-8+9=6
train/21470.jpg,2*8-0=16
train/21471.jpg,(4*4)+6=22
train/21472.jpg,(4*8)-5=27
train/21473.jpg,(8*3)-6=18
train/21474.jpg,9*1*0=0
train/21475.jpg,(3+0)*0=0
train/21476.jpg,6*5*3=90
train/21477.jpg,1-4*8=-31
train/21478.jpg,9*0+6=6
train/21479.jpg,6*(9*9)=486
train/21480.jpg,0*(0-5)=0
train/21481.jpg,(7+5)+9=21
train/21482.jpg,(9-4)+5=10
train/21483.jpg,(1-9)-1=-9
train/21484.jpg,(0*5)*7=0
train/21485.jpg,5*2+7=17
train/21486.jpg,0+(6+1)=7
train/21487.jpg,4-(7*1)=-3
train/21488.jpg,5*8*2=80
train/21489.jpg,4*(4*9)=144
train/21490.jpg,7*2*5=70
train/21491.jpg,2-(5-1)=-2
train/21492.jpg,(3-0)+9=12
train/21493.jpg,6-9-0=-3
train/21494.jpg,(7-3)*6=24
train/21495.jpg,5-4*2=-3
train/21496.jpg,(9-3)*3=18
train/21497.jpg,(5+1)+4=10
train/21498.jpg,(0+1)-2=-1
train/21499.jpg,0*6-2=-2
train/21500.jpg,4-0+9=13
train/21501.jpg,6-0*6=6
train/21502.jpg,1-(9-5)=-3
train/21503.jpg,9-(1-8)=16
train/21504.jpg,2-(8-1)=-5
train/21505.jpg,0-(8-1)=-7
train/21506.jpg,1+9*5=46
train/21507.jpg,2+(4-8)=-2
train/21508.jpg,(4*1)*5=20
train/21509.jpg,5-(7+8)=-10
train/21510.jpg,5+4-1=8
train/21511.jpg,9+8-3=14
train/21512.jpg,(8-3)-8=-3
train/21513.jpg,7+(7+0)=14
train/21514.jpg,1+(0*9)=1
train/21515.jpg,8*(5-8)=-24
train/21516.jpg,7-(4-9)=12
train/21517.jpg,7-(1+3)=3
train/21518.jpg,(7+0)-8=-1
train/21519.jpg,(2+9)*4=44
train/21520.jpg,(1-4)+5=2
train/21521.jpg,1-(8*3)=-23
train/21522.jpg,9+(5*3)=24
train/21523.jpg,1-(7*9)=-62
train/21524.jpg,(6*2)-7=5
train/21525.jpg,(1*5)+0=5
train/21526.jpg,0*5-5=-5
train/21527.jpg,(5+0)-6=-1
train/21528.jpg,9*5+4=49
train/21529.jpg,(1+7)-5=3
train/21530.jpg,2*9+6=24
train/21531.jpg,(3+0)*4=12
train/21532.jpg,(9*4)-8=28
train/21533.jpg,4-7*7=-45
train/21534.jpg,1-(2+2)=-3
train/21535.jpg,6+(7+8)=21
train/21536.jpg,(0*2)+4=4
train/21537.jpg,4-9+3=-2
train/21538.jpg,3*3*3=27
train/21539.jpg,(9*4)-9=27
train/21540.jpg,(7*9)-2=61
train/21541.jpg,4*(3-2)=4
train/21542.jpg,6-(5-8)=9
train/21543.jpg,(4+9)*4=52
train/21544.jpg,1+(9*1)=10
train/21545.jpg,(9*4)-4=32
train/21546.jpg,2-(3-5)=4
train/21547.jpg,7+(0*1)=7
train/21548.jpg,1+2+0=3
train/21549.jpg,1+(2-2)=1
train/21550.jpg,0-(5-0)=-5
train/21551.jpg,1*(2-5)=-3
train/21552.jpg,0+5-2=3
train/21553.jpg,6+(5-0)=11
train/21554.jpg,3*2-9=-3
train/21555.jpg,9+(1+4)=14
train/21556.jpg,4*4-2=14
train/21557.jpg,6+2-6=2
train/21558.jpg,9*0*7=0
train/21559.jpg,4+8+1=13
train/21560.jpg,(9+8)*8=136
train/21561.jpg,8+7-6=9
train/21562.jpg,(9-9)*2=0
train/21563.jpg,1+1-3=-1
train/21564.jpg,6*(6+4)=60
train/21565.jpg,5+(9*9)=86
train/21566.jpg,2-2+8=8
train/21567.jpg,5*8+5=45
train/21568.jpg,2+(3*8)=26
train/21569.jpg,5+(1+7)=13
train/21570.jpg,3*6-4=14
train/21571.jpg,2+4-0=6
train/21572.jpg,0+3+5=8
train/21573.jpg,4+(8*1)=12
train/21574.jpg,(5*0)*6=0
train/21575.jpg,(4*5)-2=18
train/21576.jpg,(4+8)+9=21
train/21577.jpg,0+6+4=10
train/21578.jpg,3+2+4=9
train/21579.jpg,6-(4+1)=1
train/21580.jpg,1-2+4=3
train/21581.jpg,9*8+7=79
train/21582.jpg,(4*4)-2=14
train/21583.jpg,7-(9+8)=-10
train/21584.jpg,4*(0*4)=0
train/21585.jpg,8+(2*9)=26
train/21586.jpg,4-(9+7)=-12
train/21587.jpg,4+6-4=6
train/21588.jpg,2-(3+7)=-8
train/21589.jpg,8+2*5=18
train/21590.jpg,9+6*1=15
train/21591.jpg,(7-9)*6=-12
train/21592.jpg,4+(5+1)=10
train/21593.jpg,(1*9)-4=5
train/21594.jpg,3-2*6=-9
train/21595.jpg,8+(2+9)=19
train/21596.jpg,(0-0)*1=0
train/21597.jpg,8+7-0=15
train/21598.jpg,(6-8)+9=7
train/21599.jpg,(7*0)+8=8
train/21600.jpg,0+6*1=6
train/21601.jpg,(7*9)-0=63
train/21602.jpg,0-(5*8)=-40
train/21603.jpg,1-(2+6)=-7
train/21604.jpg,(4+1)-3=2
train/21605.jpg,(0+9)-3=6
train/21606.jpg,9+(6+8)=23
train/21607.jpg,(4*0)*5=0
train/21608.jpg,(1-2)-5=-6
train/21609.jpg,2*(5-9)=-8
train/21610.jpg,6+7+1=14
train/21611.jpg,(2*6)*0=0
train/21612.jpg,(4-5)*3=-3
train/21613.jpg,(1-7)*5=-30
train/21614.jpg,(0-7)*1=-7
train/21615.jpg,6+(7*3)=27
train/21616.jpg,(0-5)-8=-13
train/21617.jpg,(2+8)*8=80
train/21618.jpg,(1*7)*6=42
train/21619.jpg,6*(1*0)=0
train/21620.jpg,0+4-7=-3
train/21621.jpg,5+(0+4)=9
train/21622.jpg,7+3+2=12
train/21623.jpg,7*(4+0)=28
train/21624.jpg,6-1-7=-2
train/21625.jpg,5+4*0=5
train/21626.jpg,(0*6)*9=0
train/21627.jpg,(8*9)+5=77
train/21628.jpg,(9-2)-9=-2
train/21629.jpg,(1-9)+7=-1
train/21630.jpg,2*7+0=14
train/21631.jpg,2*4+0=8
train/21632.jpg,9*(7+9)=144
train/21633.jpg,(4-1)*2=6
train/21634.jpg,(7+5)+7=19
train/21635.jpg,8-(0*2)=8
train/21636.jpg,6+7+0=13
train/21637.jpg,2-(6-3)=-1
train/21638.jpg,(8*7)*4=224
train/21639.jpg,3-(9+0)=-6
train/21640.jpg,1*(9+0)=9
train/21641.jpg,7-(1+2)=4
train/21642.jpg,9-(0*6)=9
train/21643.jpg,3-8*7=-53
train/21644.jpg,2-(1*3)=-1
train/21645.jpg,5-0+1=6
train/21646.jpg,2-6*9=-52
train/21647.jpg,4*(4*4)=64
train/21648.jpg,(8*8)*9=576
train/21649.jpg,6+2*8=22
train/21650.jpg,(8-3)+9=14
train/21651.jpg,6*4-3=21
train/21652.jpg,(4+5)+6=15
train/21653.jpg,(6-8)+5=3
train/21654.jpg,2-(8*0)=2
train/21655.jpg,5*(9+3)=60
train/21656.jpg,1*0+1=1
train/21657.jpg,3*(2*5)=30
train/21658.jpg,(9-5)-1=3
train/21659.jpg,(3+0)-0=3
train/21660.jpg,(8+7)-0=15
train/21661.jpg,3-1+2=4
train/21662.jpg,2+(5-6)=1
train/21663.jpg,2*0+1=1
train/21664.jpg,2*(8+0)=16
train/21665.jpg,(6*9)*1=54
train/21666.jpg,(9+7)+4=20
train/21667.jpg,7+(9*4)=43
train/21668.jpg,6*5*3=90
train/21669.jpg,(6-0)+8=14
train/21670.jpg,1-(3*5)=-14
train/21671.jpg,9+(2*3)=15
train/21672.jpg,4+(4-2)=6
train/21673.jpg,4-7-9=-12
train/21674.jpg,1*(1+8)=9
train/21675.jpg,(9+4)*0=0
train/21676.jpg,5-(6-5)=4
train/21677.jpg,7*8+7=63
train/21678.jpg,1*3-6=-3
train/21679.jpg,(4*7)*0=0
train/21680.jpg,(0-3)*5=-15
train/21681.jpg,0*2*7=0
train/21682.jpg,6+3+2=11
train/21683.jpg,4+5-1=8
train/21684.jpg,(5+6)-9=2
train/21685.jpg,0*(0-5)=0
train/21686.jpg,8*(0-7)=-56
train/21687.jpg,(6-8)-7=-9
train/21688.jpg,4-4-7=-7
train/21689.jpg,3*(6+4)=30
train/21690.jpg,2-(5*7)=-33
train/21691.jpg,0-5+6=1
train/21692.jpg,5+(6-0)=11
train/21693.jpg,2-2*9=-16
train/21694.jpg,(1-1)*7=0
train/21695.jpg,(5+7)*2=24
train/21696.jpg,(8+2)*4=40
train/21697.jpg,5*7+2=37
train/21698.jpg,3-(4-1)=0
train/21699.jpg,(9+1)+8=18
train/21700.jpg,5-(3-1)=3
train/21701.jpg,8-(6+1)=1
train/21702.jpg,0-4+8=4
train/21703.jpg,3*2*2=12
train/21704.jpg,2*(0*9)=0
train/21705.jpg,3+8*7=59
train/21706.jpg,7+3*7=28
train/21707.jpg,(7-7)-9=-9
train/21708.jpg,(7+0)+2=9
train/21709.jpg,7+(6-9)=4
train/21710.jpg,(6+0)+3=9
train/21711.jpg,(4*9)*3=108
train/21712.jpg,(0+7)+5=12
train/21713.jpg,5-(6*5)=-25
train/21714.jpg,6+6*2=18
train/21715.jpg,(3+3)-5=1
train/21716.jpg,(0*1)+6=6
train/21717.jpg,4-5*9=-41
train/21718.jpg,2*6+8=20
train/21719.jpg,(1*3)+6=9
train/21720.jpg,9*(5+6)=99
train/21721.jpg,6*(2*5)=60
train/21722.jpg,(1-4)+9=6
train/21723.jpg,4+0+9=13
train/21724.jpg,5*6*7=210
train/21725.jpg,9-(2-3)=10
train/21726.jpg,2*(1+5)=12
train/21727.jpg,4*(3+9)=48
train/21728.jpg,7+(8+0)=15
train/21729.jpg,(2+4)+0=6
train/21730.jpg,(5-6)*7=-7
train/21731.jpg,0*(1*1)=0
train/21732.jpg,7*8*5=280
train/21733.jpg,7+6-3=10
train/21734.jpg,(1+8)-1=8
train/21735.jpg,1-(4*9)=-35
train/21736.jpg,8-9+0=-1
train/21737.jpg,9+2-4=7
train/21738.jpg,1+(8-9)=0
train/21739.jpg,(1*4)+2=6
train/21740.jpg,4-2-3=-1
train/21741.jpg,0*8-3=-3
train/21742.jpg,9+9+6=24
train/21743.jpg,9+(5+0)=14
train/21744.jpg,7*7-2=47
train/21745.jpg,(2*8)+6=22
train/21746.jpg,2-3*7=-19
train/21747.jpg,0-7+1=-6
train/21748.jpg,9-3-2=4
train/21749.jpg,3+(5*7)=38
train/21750.jpg,5*1+9=14
train/21751.jpg,(7-0)-5=2
train/21752.jpg,8-(2*5)=-2
train/21753.jpg,(3*0)+9=9
train/21754.jpg,(6-2)*5=20
train/21755.jpg,0+(7-7)=0
train/21756.jpg,4-(6-3)=1
train/21757.jpg,6+5+0=11
train/21758.jpg,0+(9-8)=1
train/21759.jpg,(6-9)*9=-27
train/21760.jpg,0+5*6=30
train/21761.jpg,9+(8*1)=17
train/21762.jpg,(6-8)*2=-4
train/21763.jpg,(5+4)+5=14
train/21764.jpg,(1*7)*9=63
train/21765.jpg,4+6+4=14
train/21766.jpg,6-3*7=-15
train/21767.jpg,(8*4)-9=23
train/21768.jpg,0-4+3=-1
train/21769.jpg,9-(9-8)=8
train/21770.jpg,(1+8)*8=72
train/21771.jpg,0+(7-8)=-1
train/21772.jpg,0+(0-6)=-6
train/21773.jpg,7-(0*1)=7
train/21774.jpg,3-3-1=-1
train/21775.jpg,9+(1*6)=15
train/21776.jpg,(2*9)-4=14
train/21777.jpg,8*(9*8)=576
train/21778.jpg,7-(2+8)=-3
train/21779.jpg,8*(9-9)=0
train/21780.jpg,(6*5)-8=22
train/21781.jpg,1-9*6=-53
train/21782.jpg,7-(0+9)=-2
train/21783.jpg,(7*2)-6=8
train/21784.jpg,(7*1)*0=0
train/21785.jpg,(8+6)+3=17
train/21786.jpg,(7+2)*5=45
train/21787.jpg,0+6-0=6
train/21788.jpg,2-3-1=-2
train/21789.jpg,(8-9)*2=-2
train/21790.jpg,5+7*0=5
train/21791.jpg,(9*0)*4=0
train/21792.jpg,3+(6*7)=45
train/21793.jpg,(9-4)-8=-3
train/21794.jpg,6*(6-9)=-18
train/21795.jpg,8+7+3=18
train/21796.jpg,(1+0)-0=1
train/21797.jpg,(2-9)-8=-15
train/21798.jpg,(8-4)+0=4
train/21799.jpg,7*(7*1)=49
train/21800.jpg,4-9*2=-14
train/21801.jpg,8-4*5=-12
train/21802.jpg,(7+1)*1=8
train/21803.jpg,(9*3)-4=23
train/21804.jpg,1-(6-7)=2
train/21805.jpg,7+8-1=14
train/21806.jpg,9-(9+4)=-4
train/21807.jpg,0*1-7=-7
train/21808.jpg,7+(2*9)=25
train/21809.jpg,5+8-3=10
train/21810.jpg,9+(1-3)=7
train/21811.jpg,5*(8-9)=-5
train/21812.jpg,(3+0)+3=6
train/21813.jpg,(9+7)-2=14
train/21814.jpg,3+3*8=27
train/21815.jpg,0*(0-7)=0
train/21816.jpg,(6*8)-4=44
train/21817.jpg,5-7+1=-1
train/21818.jpg,(2*4)*7=56
train/21819.jpg,2*(9*1)=18
train/21820.jpg,(0*0)*2=0
train/21821.jpg,(0+7)-3=4
train/21822.jpg,8+(5+9)=22
train/21823.jpg,5-(3-8)=10
train/21824.jpg,(5*4)*4=80
train/21825.jpg,3+7-9=1
train/21826.jpg,3-(5+3)=-5
train/21827.jpg,(9+0)+6=15
train/21828.jpg,(8-2)+9=15
train/21829.jpg,9*2+2=20
train/21830.jpg,1-2-1=-2
train/21831.jpg,3*(2-3)=-3
train/21832.jpg,6+(7-2)=11
train/21833.jpg,1+0-4=-3
train/21834.jpg,8+(8*8)=72
train/21835.jpg,(1+2)+2=5
train/21836.jpg,6-3*4=-6
train/21837.jpg,7-(1-5)=11
train/21838.jpg,4*7*8=224
train/21839.jpg,(5*6)+4=34
train/21840.jpg,1-2-6=-7
train/21841.jpg,8-9+0=-1
train/21842.jpg,8+(7-8)=7
train/21843.jpg,6+7*1=13
train/21844.jpg,0*4-0=0
train/21845.jpg,3*9*1=27
train/21846.jpg,2*(5+9)=28
train/21847.jpg,(0-7)+8=1
train/21848.jpg,(4*4)*3=48
train/21849.jpg,9*(8-1)=63
train/21850.jpg,4+(0-6)=-2
train/21851.jpg,3*5*0=0
train/21852.jpg,5*5*3=75
train/21853.jpg,(2-2)+2=2
train/21854.jpg,9-(8-7)=8
train/21855.jpg,0*1+0=0
train/21856.jpg,(7+6)*0=0
train/21857.jpg,0*5+3=3
train/21858.jpg,8+0-6=2
train/21859.jpg,(2-6)*8=-32
train/21860.jpg,0-(8*8)=-64
train/21861.jpg,2*(5+6)=22
train/21862.jpg,1-1-5=-5
train/21863.jpg,(5*8)*4=160
train/21864.jpg,5-(4+8)=-7
train/21865.jpg,(8*6)-5=43
train/21866.jpg,(4+5)*3=27
train/21867.jpg,4*7*7=196
train/21868.jpg,3-8+3=-2
train/21869.jpg,7+6*4=31
train/21870.jpg,(7*9)+0=63
train/21871.jpg,6-(8+7)=-9
train/21872.jpg,2+(5+5)=12
train/21873.jpg,0+(9-6)=3
train/21874.jpg,(6+4)+3=13
train/21875.jpg,7*5+5=40
train/21876.jpg,(5-6)*2=-2
train/21877.jpg,(1-9)-4=-12
train/21878.jpg,(5*2)*5=50
train/21879.jpg,1*9*6=54
train/21880.jpg,8-6+9=11
train/21881.jpg,5*0*2=0
train/21882.jpg,5+8*5=45
train/21883.jpg,2+(1+3)=6
train/21884.jpg,8-2-8=-2
train/21885.jpg,1-(8+2)=-9
train/21886.jpg,7-6*9=-47
train/21887.jpg,9+(0+5)=14
train/21888.jpg,9-(3-0)=6
train/21889.jpg,(3-2)-5=-4
train/21890.jpg,6-8-8=-10
train/21891.jpg,(7*6)*6=252
train/21892.jpg,(1*7)-0=7
train/21893.jpg,(3+3)+7=13
train/21894.jpg,6*6*2=72
train/21895.jpg,5*2*3=30
train/21896.jpg,8-(5-8)=11
train/21897.jpg,2*6-6=6
train/21898.jpg,8-(0*4)=8
train/21899.jpg,5+6*7=47
train/21900.jpg,9+(6-5)=10
train/21901.jpg,9*4+4=40
train/21902.jpg,(7*8)-2=54
train/21903.jpg,(5-5)+0=0
train/21904.jpg,(5*9)*5=225
train/21905.jpg,(4-8)+7=3
train/21906.jpg,(5+9)-6=8
train/21907.jpg,4-0+0=4
train/21908.jpg,(7*7)+6=55
train/21909.jpg,(2*2)-2=2
train/21910.jpg,1+7+2=10
train/21911.jpg,1-4+8=5
train/21912.jpg,2+0+7=9
train/21913.jpg,(1*9)*9=81
train/21914.jpg,6+4*7=34
train/21915.jpg,4+(1-2)=3
train/21916.jpg,1+4+1=6
train/21917.jpg,3*8*9=216
train/21918.jpg,(9-5)-1=3
train/21919.jpg,(1-8)*8=-56
train/21920.jpg,4-4*4=-12
train/21921.jpg,5+(5+0)=10
train/21922.jpg,(3*8)*8=192
train/21923.jpg,3*0+7=7
train/21924.jpg,(6*1)-5=1
train/21925.jpg,4+3-5=2
train/21926.jpg,2+3+2=7
train/21927.jpg,0+(8*8)=64
train/21928.jpg,4*4-9=7
train/21929.jpg,6*4*7=168
train/21930.jpg,6*9+8=62
train/21931.jpg,(5+5)*1=10
train/21932.jpg,(4-9)-1=-6
train/21933.jpg,1-(2+9)=-10
train/21934.jpg,(8*1)-2=6
train/21935.jpg,0+(7-2)=5
train/21936.jpg,(4+0)*9=36
train/21937.jpg,6*(3*9)=162
train/21938.jpg,0*3-6=-6
train/21939.jpg,8*8+2=66
train/21940.jpg,(8+9)+7=24
train/21941.jpg,8*9-9=63
train/21942.jpg,4*5*0=0
train/21943.jpg,(9-3)+2=8
train/21944.jpg,4+(5*3)=19
train/21945.jpg,9*(2-7)=-45
train/21946.jpg,(9-4)*3=15
train/21947.jpg,(0-9)-1=-10
train/21948.jpg,9+(4-1)=12
train/21949.jpg,5*(4-8)=-20
train/21950.jpg,(1*7)+5=12
train/21951.jpg,1*(8+4)=12
train/21952.jpg,7*(4-7)=-21
train/21953.jpg,(3+9)*6=72
train/21954.jpg,(9+6)+4=19
train/21955.jpg,6*(2+0)=12
train/21956.jpg,(6-3)+2=5
train/21957.jpg,(2-8)*2=-12
train/21958.jpg,1-(2+0)=-1
train/21959.jpg,(0*6)+6=6
train/21960.jpg,9+(7+4)=20
train/21961.jpg,0-(9*2)=-18
train/21962.jpg,(0-2)*8=-16
train/21963.jpg,3-(1-5)=7
train/21964.jpg,3*(4+7)=33
train/21965.jpg,7-(2-8)=13
train/21966.jpg,2-2*5=-8
train/21967.jpg,0*(9+1)=0
train/21968.jpg,(5-2)+8=11
train/21969.jpg,(2+5)+8=15
train/21970.jpg,1-(9+0)=-8
train/21971.jpg,(8+3)+8=19
train/21972.jpg,(1*8)*8=64
train/21973.jpg,3*4-1=11
train/21974.jpg,6+4+0=10
train/21975.jpg,2-8+5=-1
train/21976.jpg,(7+3)-2=8
train/21977.jpg,9*(7-4)=27
train/21978.jpg,(3+6)*8=72
train/21979.jpg,2+7+3=12
train/21980.jpg,8-(2*1)=6
train/21981.jpg,9+(2-0)=11
train/21982.jpg,5*(3+5)=40
train/21983.jpg,(4-3)-3=-2
train/21984.jpg,(1+7)+7=15
train/21985.jpg,0-1-6=-7
train/21986.jpg,(9*8)-0=72
train/21987.jpg,5-(7-9)=7
train/21988.jpg,8*(6-9)=-24
train/21989.jpg,7-7*8=-49
train/21990.jpg,(5-5)+9=9
train/21991.jpg,(4+3)*1=7
train/21992.jpg,9*(3+7)=90
train/21993.jpg,(7+8)*4=60
train/21994.jpg,1+(3+9)=13
train/21995.jpg,0*2-7=-7
train/21996.jpg,9-(3*3)=0
train/21997.jpg,5-(8*9)=-67
train/21998.jpg,7+(9*2)=25
train/21999.jpg,7*(1-8)=-49
train/22000.jpg,7-9+9=7
train/22001.jpg,1+0+4=5
train/22002.jpg,(2+5)-3=4
train/22003.jpg,(3-1)-1=1
train/22004.jpg,(4+9)+8=21
train/22005.jpg,(7*7)+8=57
train/22006.jpg,8*(7*8)=448
train/22007.jpg,5*(3+1)=20
train/22008.jpg,5*(0-9)=-45
train/22009.jpg,4+(1*2)=6
train/22010.jpg,(8*8)*0=0
train/22011.jpg,4*(8*8)=256
train/22012.jpg,2-(9*8)=-70
train/22013.jpg,(5+1)*1=6
train/22014.jpg,0*(3-4)=0
train/22015.jpg,(6*6)-6=30
train/22016.jpg,2*(3+4)=14
train/22017.jpg,7*(3-5)=-14
train/22018.jpg,(5*7)+0=35
train/22019.jpg,(4-7)+8=5
train/22020.jpg,0-(4+9)=-13
train/22021.jpg,(4*2)*8=64
train/22022.jpg,5+8*8=69
train/22023.jpg,(7*2)+9=23
train/22024.jpg,4+(0*1)=4
train/22025.jpg,5*5+6=31
train/22026.jpg,3+5-1=7
train/22027.jpg,3-6-3=-6
train/22028.jpg,3*(2+8)=30
train/22029.jpg,(2-3)+4=3
train/22030.jpg,5-1-0=4
train/22031.jpg,6*3*0=0
train/22032.jpg,5-(5*6)=-25
train/22033.jpg,1+2-1=2
train/22034.jpg,(5+4)*2=18
train/22035.jpg,(0*1)+1=1
train/22036.jpg,1-0-3=-2
train/22037.jpg,1+(5*8)=41
train/22038.jpg,(4+2)-4=2
train/22039.jpg,6*(8-2)=36
train/22040.jpg,(2-6)+3=-1
train/22041.jpg,6-(3-4)=7
train/22042.jpg,(8*3)+8=32
train/22043.jpg,(0+1)+6=7
train/22044.jpg,0-(0-7)=7
train/22045.jpg,7+(9-1)=15
train/22046.jpg,6*(2*0)=0
train/22047.jpg,9+(9+0)=18
train/22048.jpg,8*7+5=61
train/22049.jpg,2-(5-6)=3
train/22050.jpg,3+(4*4)=19
train/22051.jpg,5+2+7=14
train/22052.jpg,3+6*9=57
train/22053.jpg,3+(5*5)=28
train/22054.jpg,(9-3)-9=-3
train/22055.jpg,(4*9)-3=33
train/22056.jpg,7*3-0=21
train/22057.jpg,6*(0+4)=24
train/22058.jpg,(7*7)*0=0
train/22059.jpg,7-4*5=-13
train/22060.jpg,2-(1*0)=2
train/22061.jpg,3+(8+3)=14
train/22062.jpg,(3*9)*9=243
train/22063.jpg,9+6-8=7
train/22064.jpg,(0-9)-9=-18
train/22065.jpg,6+6*0=6
train/22066.jpg,6-9-7=-10
train/22067.jpg,(9-8)*1=1
train/22068.jpg,(1-4)*9=-27
train/22069.jpg,(9-4)-9=-4
train/22070.jpg,1+7+7=15
train/22071.jpg,4-8-3=-7
train/22072.jpg,4*(3-8)=-20
train/22073.jpg,6+(4+9)=19
train/22074.jpg,5-1-1=3
train/22075.jpg,(2+5)+3=10
train/22076.jpg,4-3-2=-1
train/22077.jpg,(8+4)-4=8
train/22078.jpg,(8*6)-2=46
train/22079.jpg,0-(4+3)=-7
train/22080.jpg,(2+5)+8=15
train/22081.jpg,1-(5+2)=-6
train/22082.jpg,8+(7+5)=20
train/22083.jpg,9*7-7=56
train/22084.jpg,2*(3-2)=2
train/22085.jpg,5-(4+0)=1
train/22086.jpg,3-(5-9)=7
train/22087.jpg,8*6+8=56
train/22088.jpg,6*(1-3)=-12
train/22089.jpg,3+(9*6)=57
train/22090.jpg,(0+2)*5=10
train/22091.jpg,0-(0-0)=0
train/22092.jpg,5*2+7=17
train/22093.jpg,9*0*1=0
train/22094.jpg,4-7*3=-17
train/22095.jpg,(8*9)*9=648
train/22096.jpg,0*8+5=5
train/22097.jpg,(2-2)-2=-2
train/22098.jpg,(2*8)*8=128
train/22099.jpg,(1-2)+8=7
train/22100.jpg,3-9-6=-12
train/22101.jpg,6*(0*1)=0
train/22102.jpg,4-(2*5)=-6
train/22103.jpg,9-3+3=9
train/22104.jpg,4-(9-2)=-3
train/22105.jpg,(4*3)+5=17
train/22106.jpg,3-4*5=-17
train/22107.jpg,6+8*7=62
train/22108.jpg,1*2+8=10
train/22109.jpg,5-5*4=-15
train/22110.jpg,3-5*0=3
train/22111.jpg,0*(2*8)=0
train/22112.jpg,3*(4-8)=-12
train/22113.jpg,9+6*0=9
train/22114.jpg,2*(2+0)=4
train/22115.jpg,1*9-4=5
train/22116.jpg,9-6-0=3
train/22117.jpg,(9+4)*7=91
train/22118.jpg,9+3*8=33
train/22119.jpg,9*2*2=36
train/22120.jpg,1+8*6=49
train/22121.jpg,3*2+1=7
train/22122.jpg,(9*1)-8=1
train/22123.jpg,7+(2-5)=4
train/22124.jpg,(8+8)+2=18
train/22125.jpg,2*(4+5)=18
train/22126.jpg,2+(7*1)=9
train/22127.jpg,8+9*4=44
train/22128.jpg,1+8*1=9
train/22129.jpg,7*(5-4)=7
train/22130.jpg,8+(0*7)=8
train/22131.jpg,5*3-0=15
train/22132.jpg,1+(8+2)=11
train/22133.jpg,(0*9)+3=3
train/22134.jpg,(3-5)-0=-2
train/22135.jpg,8*4+7=39
train/22136.jpg,5+(0*9)=5
train/22137.jpg,(9*6)+6=60
train/22138.jpg,3*(5*0)=0
train/22139.jpg,(1+7)*1=8
train/22140.jpg,(2+7)+4=13
train/22141.jpg,1*(5+3)=8
train/22142.jpg,4+(5-7)=2
train/22143.jpg,2+8+8=18
train/22144.jpg,5*3-3=12
train/22145.jpg,(8-4)*9=36
train/22146.jpg,2+3-3=2
train/22147.jpg,2*7+5=19
train/22148.jpg,2-(4-6)=4
train/22149.jpg,(9*1)+7=16
train/22150.jpg,(2-9)-5=-12
train/22151.jpg,8*2-4=12
train/22152.jpg,0*(7*5)=0
train/22153.jpg,(3*0)-8=-8
train/22154.jpg,4*(3+0)=12
train/22155.jpg,1*(1*6)=6
train/22156.jpg,0+(4*8)=32
train/22157.jpg,7*(3-6)=-21
train/22158.jpg,1-(5+4)=-8
train/22159.jpg,(8*5)-0=40
train/22160.jpg,0+(1*5)=5
train/22161.jpg,(6-0)+7=13
train/22162.jpg,(9-7)*9=18
train/22163.jpg,2+6+8=16
train/22164.jpg,8+9*5=53
train/22165.jpg,(4+3)+5=12
train/22166.jpg,2+1-8=-5
train/22167.jpg,7+2+5=14
train/22168.jpg,1-7+4=-2
train/22169.jpg,8+(8+5)=21
train/22170.jpg,(5+1)-0=6
train/22171.jpg,(7-8)+9=8
train/22172.jpg,7+9*2=25
train/22173.jpg,(7+1)+3=11
train/22174.jpg,4-8*6=-44
train/22175.jpg,1-(1+5)=-5
train/22176.jpg,2*4*5=40
train/22177.jpg,1*5+0=5
train/22178.jpg,0+(7-8)=-1
train/22179.jpg,3+8+1=12
train/22180.jpg,7-(1+6)=0
train/22181.jpg,(2-5)-4=-7
train/22182.jpg,(7+7)+4=18
train/22183.jpg,0-4-0=-4
train/22184.jpg,5*9-8=37
train/22185.jpg,6-(1+9)=-4
train/22186.jpg,7*0+0=0
train/22187.jpg,6+7-8=5
train/22188.jpg,0*(8-7)=0
train/22189.jpg,4+0-4=0
train/22190.jpg,0+4+2=6
train/22191.jpg,(8*1)-3=5
train/22192.jpg,6+7+2=15
train/22193.jpg,7-6*7=-35
train/22194.jpg,1-(4-1)=-2
train/22195.jpg,7*(9*2)=126
train/22196.jpg,(2*3)+8=14
train/22197.jpg,(4+2)+1=7
train/22198.jpg,(7*6)-9=33
train/22199.jpg,4+(2-1)=5
train/22200.jpg,9+(4-0)=13
train/22201.jpg,(2+4)*0=0
train/22202.jpg,0+5*4=20
train/22203.jpg,8-(7*3)=-13
train/22204.jpg,5*(3+5)=40
train/22205.jpg,0+8*5=40
train/22206.jpg,6*1+0=6
train/22207.jpg,0-(2*7)=-14
train/22208.jpg,5-(2+3)=0
train/22209.jpg,(3-3)*4=0
train/22210.jpg,(5*4)+4=24
train/22211.jpg,5+(3+4)=12
train/22212.jpg,1*(8-6)=2
train/22213.jpg,7-6-4=-3
train/22214.jpg,2*6-5=7
train/22215.jpg,(0-8)-8=-16
train/22216.jpg,3-2*2=-1
train/22217.jpg,6+(3+2)=11
train/22218.jpg,2*5-7=3
train/22219.jpg,1+(6*5)=31
train/22220.jpg,9-(4*3)=-3
train/22221.jpg,(2+4)*0=0
train/22222.jpg,5*7-7=28
train/22223.jpg,8+0+9=17
train/22224.jpg,5*8-5=35
train/22225.jpg,(6-1)*9=45
train/22226.jpg,5*(5-4)=5
train/22227.jpg,5+2-8=-1
train/22228.jpg,9+9+8=26
train/22229.jpg,(4+4)*0=0
train/22230.jpg,(8+1)-6=3
train/22231.jpg,(8*5)+3=43
train/22232.jpg,1+(8-0)=9
train/22233.jpg,7*(1-2)=-7
train/22234.jpg,8*7+6=62
train/22235.jpg,6+2*5=16
train/22236.jpg,9*(2-6)=-36
train/22237.jpg,3*4+5=17
train/22238.jpg,0-7+1=-6
train/22239.jpg,9*6-1=53
train/22240.jpg,(8-0)-4=4
train/22241.jpg,1*(8*7)=56
train/22242.jpg,4-8+8=4
train/22243.jpg,3*2+9=15
train/22244.jpg,(6+9)+7=22
train/22245.jpg,(9-7)-8=-6
train/22246.jpg,7*0*0=0
train/22247.jpg,1+6+9=16
train/22248.jpg,8+4-6=6
train/22249.jpg,0-(9-6)=-3
train/22250.jpg,1-(2+1)=-2
train/22251.jpg,7*6*7=294
train/22252.jpg,(9-0)*3=27
train/22253.jpg,6-(9*8)=-66
train/22254.jpg,5*5-2=23
train/22255.jpg,2*(2*4)=16
train/22256.jpg,2*(5*9)=90
train/22257.jpg,(2*3)+5=11
train/22258.jpg,(6+8)-4=10
train/22259.jpg,8-3*2=2
train/22260.jpg,8-(0+0)=8
train/22261.jpg,6*3*5=90
train/22262.jpg,8*(4-2)=16
train/22263.jpg,(3*9)-3=24
train/22264.jpg,4*1-8=-4
train/22265.jpg,9*(8*5)=360
train/22266.jpg,3*0-2=-2
train/22267.jpg,9-(0+8)=1
train/22268.jpg,8-7+4=5
train/22269.jpg,0-(2+3)=-5
train/22270.jpg,(6-3)-6=-3
train/22271.jpg,4*7-2=26
train/22272.jpg,1*0*6=0
train/22273.jpg,(5-7)+8=6
train/22274.jpg,(3-7)*9=-36
train/22275.jpg,(9+1)*4=40
train/22276.jpg,5-9+9=5
train/22277.jpg,(8+2)+7=17
train/22278.jpg,3-8+7=2
train/22279.jpg,(7-4)+9=12
train/22280.jpg,0-(0-9)=9
train/22281.jpg,3+3*2=9
train/22282.jpg,(2*7)+4=18
train/22283.jpg,(4*2)+3=11
train/22284.jpg,4-(9-4)=-1
train/22285.jpg,(2+7)+8=17
train/22286.jpg,(5-4)-7=-6
train/22287.jpg,7-(9+9)=-11
train/22288.jpg,0-(2*2)=-4
train/22289.jpg,6-(6*3)=-12
train/22290.jpg,(7+1)*9=72
train/22291.jpg,(6-0)*3=18
train/22292.jpg,4*(2-5)=-12
train/22293.jpg,(2+7)+1=10
train/22294.jpg,0*0+1=1
train/22295.jpg,9+(9-6)=12
train/22296.jpg,(5-9)-7=-11
train/22297.jpg,(1-2)*5=-5
train/22298.jpg,1+(1-0)=2
train/22299.jpg,3+(4+5)=12
train/22300.jpg,5+3-7=1
train/22301.jpg,5+(6+0)=11
train/22302.jpg,7+(4+1)=12
train/22303.jpg,3*(1*7)=21
train/22304.jpg,8+9-4=13
train/22305.jpg,0-4*8=-32
train/22306.jpg,2-(5*0)=2
train/22307.jpg,2*(9-1)=16
train/22308.jpg,5+0+0=5
train/22309.jpg,0-(0-9)=9
train/22310.jpg,1-(2*3)=-5
train/22311.jpg,(9*2)-8=10
train/22312.jpg,(8+5)*8=104
train/22313.jpg,7*(5-9)=-28
train/22314.jpg,7-6+1=2
train/22315.jpg,5*9-1=44
train/22316.jpg,6+(8*7)=62
train/22317.jpg,4-(2-0)=2
train/22318.jpg,9+8+5=22
train/22319.jpg,1+1*4=5
train/22320.jpg,6*(2+1)=18
train/22321.jpg,(6+7)+4=17
train/22322.jpg,6+3-2=7
train/22323.jpg,2*4-7=1
train/22324.jpg,8-(8*0)=8
train/22325.jpg,6*5-2=28
train/22326.jpg,3-(5*0)=3
train/22327.jpg,2-(0*5)=2
train/22328.jpg,(7+6)*1=13
train/22329.jpg,(5-6)+6=5
train/22330.jpg,(9-8)-0=1
train/22331.jpg,6+4+9=19
train/22332.jpg,(6+7)+8=21
train/22333.jpg,2*(3*8)=48
train/22334.jpg,4+(5*5)=29
train/22335.jpg,5*0*0=0
train/22336.jpg,1-(6+8)=-13
train/22337.jpg,6*1-8=-2
train/22338.jpg,2+2*3=8
train/22339.jpg,9*0*5=0
train/22340.jpg,3-2+7=8
train/22341.jpg,(9-4)-5=0
train/22342.jpg,1+(4*4)=17
train/22343.jpg,4+6*2=16
train/22344.jpg,(9-1)*2=16
train/22345.jpg,(7-8)*4=-4
train/22346.jpg,4+1-9=-4
train/22347.jpg,7*(1-0)=7
train/22348.jpg,1+1+9=11
train/22349.jpg,7*3-6=15
train/22350.jpg,(7*6)-8=34
train/22351.jpg,1*8-5=3
train/22352.jpg,0+8+8=16
train/22353.jpg,4+(9+8)=21
train/22354.jpg,6*9-7=47
train/22355.jpg,6*(8+7)=90
train/22356.jpg,8+(7+1)=16
train/22357.jpg,(2-1)-9=-8
train/22358.jpg,4+(3+3)=10
train/22359.jpg,(6+8)-8=6
train/22360.jpg,8+(6+2)=16
train/22361.jpg,0-(4*1)=-4
train/22362.jpg,1+(4+9)=14
train/22363.jpg,(9+0)-2=7
train/22364.jpg,7*(3*2)=42
train/22365.jpg,4-7*6=-38
train/22366.jpg,9+5*6=39
train/22367.jpg,5+(3+9)=17
train/22368.jpg,8*(7+3)=80
train/22369.jpg,(7+8)+5=20
train/22370.jpg,(5*5)-1=24
train/22371.jpg,0+(3-7)=-4
train/22372.jpg,5+5-5=5
train/22373.jpg,1*(2-4)=-2
train/22374.jpg,(7-2)-3=2
train/22375.jpg,(1*1)+6=7
train/22376.jpg,(5+8)-6=7
train/22377.jpg,6+5+6=17
train/22378.jpg,(8-0)-5=3
train/22379.jpg,(7-3)-2=2
train/22380.jpg,6-1*0=6
train/22381.jpg,(9-1)*9=72
train/22382.jpg,(8+7)-7=8
train/22383.jpg,(2-0)+9=11
train/22384.jpg,3+(2+7)=12
train/22385.jpg,2*5-0=10
train/22386.jpg,2-2*3=-4
train/22387.jpg,(0*6)*3=0
train/22388.jpg,(9+7)+0=16
train/22389.jpg,8+7+6=21
train/22390.jpg,0*9*5=0
train/22391.jpg,1*9*6=54
train/22392.jpg,1+(2*6)=13
train/22393.jpg,7*5-7=28
train/22394.jpg,3-1-6=-4
train/22395.jpg,3+(1*1)=4
train/22396.jpg,(4-2)+7=9
train/22397.jpg,1-8*3=-23
train/22398.jpg,(4-3)-8=-7
train/22399.jpg,1+(6*5)=31
train/22400.jpg,7+(6*6)=43
train/22401.jpg,(3+1)+6=10
train/22402.jpg,7-2-6=-1
train/22403.jpg,7+(3+1)=11
train/22404.jpg,1*6-9=-3
train/22405.jpg,4-(3*2)=-2
train/22406.jpg,(8*0)-3=-3
train/22407.jpg,8-7*1=1
train/22408.jpg,0*(0-6)=0
train/22409.jpg,3*(2-9)=-21
train/22410.jpg,1+6+3=10
train/22411.jpg,1*(9+7)=16
train/22412.jpg,(9*1)+7=16
train/22413.jpg,6+4-4=6
train/22414.jpg,4-(8+4)=-8
train/22415.jpg,8-3-2=3
train/22416.jpg,0*(7-9)=0
train/22417.jpg,2*(0*3)=0
train/22418.jpg,2*(1*6)=12
train/22419.jpg,0*(6+3)=0
train/22420.jpg,3+(8+3)=14
train/22421.jpg,(0+2)*7=14
train/22422.jpg,4+(4*8)=36
train/22423.jpg,2-9*9=-79
train/22424.jpg,(9*5)*0=0
train/22425.jpg,2+3+2=7
train/22426.jpg,7-8-2=-3
train/22427.jpg,2+(9-8)=3
train/22428.jpg,(8-0)*2=16
train/22429.jpg,7+4*8=39
train/22430.jpg,5+(3+6)=14
train/22431.jpg,1-(4*8)=-31
train/22432.jpg,9-(8*0)=9
train/22433.jpg,1*3-0=3
train/22434.jpg,1-4*1=-3
train/22435.jpg,8*9-1=71
train/22436.jpg,0+0*6=0
train/22437.jpg,9-(6*0)=9
train/22438.jpg,0*5+8=8
train/22439.jpg,8-3*8=-16
train/22440.jpg,(6-3)+8=11
train/22441.jpg,3*(8*8)=192
train/22442.jpg,6+(0+1)=7
train/22443.jpg,2-5-9=-12
train/22444.jpg,(3*0)*4=0
train/22445.jpg,8+(6*3)=26
train/22446.jpg,0-(8+4)=-12
train/22447.jpg,2*(0+0)=0
train/22448.jpg,7*0-2=-2
train/22449.jpg,(9-8)*6=6
train/22450.jpg,(0-7)-4=-11
train/22451.jpg,0-(5+1)=-6
train/22452.jpg,4-(1*0)=4
train/22453.jpg,(3-1)-2=0
train/22454.jpg,9-7+7=9
train/22455.jpg,3+7-5=5
train/22456.jpg,(6-6)+8=8
train/22457.jpg,(4-3)+7=8
train/22458.jpg,9+(6-3)=12
train/22459.jpg,8*2-1=15
train/22460.jpg,7*4+5=33
train/22461.jpg,(7*1)+0=7
train/22462.jpg,2-(0*7)=2
train/22463.jpg,7*(9*5)=315
train/22464.jpg,3*(7-3)=12
train/22465.jpg,(6-4)+2=4
train/22466.jpg,2+(4+4)=10
train/22467.jpg,4-(6-1)=-1
train/22468.jpg,(1*2)-2=0
train/22469.jpg,2+1-2=1
train/22470.jpg,0-5+8=3
train/22471.jpg,6+(9-3)=12
train/22472.jpg,0*(0-4)=0
train/22473.jpg,(2+0)-9=-7
train/22474.jpg,(9-9)*1=0
train/22475.jpg,1-5-6=-10
train/22476.jpg,(7+2)+0=9
train/22477.jpg,7-(2-0)=5
train/22478.jpg,(8*2)+7=23
train/22479.jpg,(3+1)+5=9
train/22480.jpg,0-(0-6)=6
train/22481.jpg,(3*0)+5=5
train/22482.jpg,1*4-0=4
train/22483.jpg,7*(8+5)=91
train/22484.jpg,(3+5)+1=9
train/22485.jpg,(8-8)+9=9
train/22486.jpg,1-(3*5)=-14
train/22487.jpg,(1+3)+6=10
train/22488.jpg,(3*9)-3=24
train/22489.jpg,8*(7*7)=392
train/22490.jpg,(4-9)-3=-8
train/22491.jpg,2*(7*0)=0
train/22492.jpg,(0*1)*1=0
train/22493.jpg,(2+0)+3=5
train/22494.jpg,9*(6*4)=216
train/22495.jpg,4*(0*0)=0
train/22496.jpg,3*3+0=9
train/22497.jpg,(7+2)+8=17
train/22498.jpg,6+(0-2)=4
train/22499.jpg,6*(0-4)=-24
train/22500.jpg,(3*9)-2=25
train/22501.jpg,(5*5)+0=25
train/22502.jpg,8+9*2=26
train/22503.jpg,2-7+9=4
train/22504.jpg,9+(2-9)=2
train/22505.jpg,8*(7+2)=72
train/22506.jpg,8+4-9=3
train/22507.jpg,0*8-2=-2
train/22508.jpg,7+7-8=6
train/22509.jpg,(7*7)+6=55
train/22510.jpg,9-0+2=11
train/22511.jpg,3+(0*8)=3
train/22512.jpg,3*3*7=63
train/22513.jpg,(9-5)*7=28
train/22514.jpg,8-0*6=8
train/22515.jpg,(3+0)*4=12
train/22516.jpg,(8*3)-9=15
train/22517.jpg,9*(0+6)=54
train/22518.jpg,8-(1+9)=-2
train/22519.jpg,(0+9)-5=4
train/22520.jpg,8+4*3=20
train/22521.jpg,(7+2)-0=9
train/22522.jpg,(8+0)+8=16
train/22523.jpg,8-4-2=2
train/22524.jpg,2+(1*1)=3
train/22525.jpg,7+6-7=6
train/22526.jpg,5*(7*1)=35
train/22527.jpg,8-5*1=3
train/22528.jpg,6*0*0=0
train/22529.jpg,6-(9+3)=-6
train/22530.jpg,(4*3)-0=12
train/22531.jpg,0+9*6=54
train/22532.jpg,6-7-5=-6
train/22533.jpg,7*(1+1)=14
train/22534.jpg,(3-5)+9=7
train/22535.jpg,4*4-1=15
train/22536.jpg,7-(2*9)=-11
train/22537.jpg,(7-6)+2=3
train/22538.jpg,4*(9*1)=36
train/22539.jpg,0+2-6=-4
train/22540.jpg,5+(2*5)=15
train/22541.jpg,(8+2)-4=6
train/22542.jpg,3*2+0=6
train/22543.jpg,0+3*5=15
train/22544.jpg,(2-0)-7=-5
train/22545.jpg,(7+0)-6=1
train/22546.jpg,7*9-1=62
train/22547.jpg,3-2*5=-7
train/22548.jpg,2*(9-0)=18
train/22549.jpg,0*8+8=8
train/22550.jpg,(9+1)+9=19
train/22551.jpg,(7+2)+3=12
train/22552.jpg,(7*9)-7=56
train/22553.jpg,1*(3+1)=4
train/22554.jpg,1*5*3=15
train/22555.jpg,7+2-9=0
train/22556.jpg,0+9-4=5
train/22557.jpg,2*(1+3)=8
train/22558.jpg,1-1*1=0
train/22559.jpg,8+(0-7)=1
train/22560.jpg,(2-1)*5=5
train/22561.jpg,(8+3)+3=14
train/22562.jpg,4*3-7=5
train/22563.jpg,7+9*1=16
train/22564.jpg,(9-4)*6=30
train/22565.jpg,8+3-2=9
train/22566.jpg,8+(6*0)=8
train/22567.jpg,4*3-2=10
train/22568.jpg,5+(0+6)=11
train/22569.jpg,4*(0*8)=0
train/22570.jpg,2-(7*8)=-54
train/22571.jpg,(2+5)*4=28
train/22572.jpg,4-(3-9)=10
train/22573.jpg,(9-4)*9=45
train/22574.jpg,(1-3)+3=1
train/22575.jpg,(7*8)-6=50
train/22576.jpg,3*(3-0)=9
train/22577.jpg,(7-9)+3=1
train/22578.jpg,0-(8+2)=-10
train/22579.jpg,9+(6-2)=13
train/22580.jpg,4+(3-7)=0
train/22581.jpg,(2-2)+9=9
train/22582.jpg,(1*9)-8=1
train/22583.jpg,4*(4-2)=8
train/22584.jpg,6-2*0=6
train/22585.jpg,7+(4+8)=19
train/22586.jpg,1-4-4=-7
train/22587.jpg,(2-7)*4=-20
train/22588.jpg,(8*0)-0=0
train/22589.jpg,(8-1)*3=21
train/22590.jpg,9+5+4=18
train/22591.jpg,9*(2+9)=99
train/22592.jpg,9-(3-2)=8
train/22593.jpg,(7-3)+5=9
train/22594.jpg,8-(1+9)=-2
train/22595.jpg,(6-1)-1=4
train/22596.jpg,7+(6+0)=13
train/22597.jpg,0+8+3=11
train/22598.jpg,0*(3-0)=0
train/22599.jpg,7*6*0=0
train/22600.jpg,1*(7*8)=56
train/22601.jpg,1-1-6=-6
train/22602.jpg,0+8+8=16
train/22603.jpg,6-0+4=10
train/22604.jpg,7-(9-6)=4
train/22605.jpg,3*6-7=11
train/22606.jpg,3+0*8=3
train/22607.jpg,9*1+5=14
train/22608.jpg,5*1*8=40
train/22609.jpg,(0*8)-8=-8
train/22610.jpg,9*5-2=43
train/22611.jpg,5-(6-1)=0
train/22612.jpg,(0*2)-0=0
train/22613.jpg,1+0*9=1
train/22614.jpg,(0+7)-0=7
train/22615.jpg,8-(1*7)=1
train/22616.jpg,(0+2)+4=6
train/22617.jpg,(0-8)*7=-56
train/22618.jpg,5-(1*3)=2
train/22619.jpg,2+1*2=4
train/22620.jpg,1*(5-4)=1
train/22621.jpg,4+(5*1)=9
train/22622.jpg,0*3*8=0
train/22623.jpg,2*3+7=13
train/22624.jpg,(9+5)*8=112
train/22625.jpg,7-(5*5)=-18
train/22626.jpg,3*(3+7)=30
train/22627.jpg,(1*4)-4=0
train/22628.jpg,0*(9*6)=0
train/22629.jpg,1+9-7=3
train/22630.jpg,6+(7-6)=7
train/22631.jpg,(2*5)-6=4
train/22632.jpg,9*5-6=39
train/22633.jpg,8+(2-1)=9
train/22634.jpg,(0+1)+2=3
train/22635.jpg,7+8*5=47
train/22636.jpg,6+4*5=26
train/22637.jpg,(3-6)*5=-15
train/22638.jpg,(2*7)+3=17
train/22639.jpg,8-(8*0)=8
train/22640.jpg,0+6-3=3
train/22641.jpg,4-(9+3)=-8
train/22642.jpg,(4*1)-1=3
train/22643.jpg,5*6*2=60
train/22644.jpg,3+3*4=15
train/22645.jpg,3+(1-3)=1
train/22646.jpg,0-1*8=-8
train/22647.jpg,6-1-5=0
train/22648.jpg,5*(6*4)=120
train/22649.jpg,(0+9)*3=27
train/22650.jpg,2-(3*3)=-7
train/22651.jpg,0-1-5=-6
train/22652.jpg,(4+8)-0=12
train/22653.jpg,4-2*7=-10
train/22654.jpg,5*8+5=45
train/22655.jpg,7*(9+3)=84
train/22656.jpg,8*2-8=8
train/22657.jpg,4+(5*8)=44
train/22658.jpg,2+(1+3)=6
train/22659.jpg,7-(9-6)=4
train/22660.jpg,7+4-2=9
train/22661.jpg,(2-8)+4=-2
train/22662.jpg,2*(5*0)=0
train/22663.jpg,(2+4)*8=48
train/22664.jpg,(8+2)-6=4
train/22665.jpg,6-1+4=9
train/22666.jpg,(4-4)*0=0
train/22667.jpg,3*(4+5)=27
train/22668.jpg,(9*1)*5=45
train/22669.jpg,(5*3)*0=0
train/22670.jpg,(3+4)+5=12
train/22671.jpg,0+(1+8)=9
train/22672.jpg,5+(3-4)=4
train/22673.jpg,9+(5+5)=19
train/22674.jpg,7+5-6=6
train/22675.jpg,7-9*6=-47
train/22676.jpg,0*(2*7)=0
train/22677.jpg,9+(9*0)=9
train/22678.jpg,(9-6)-5=-2
train/22679.jpg,8*(5*0)=0
train/22680.jpg,6+(9-5)=10
train/22681.jpg,2+4*6=26
train/22682.jpg,5+(9*0)=5
train/22683.jpg,3+(2-1)=4
train/22684.jpg,3+8-3=8
train/22685.jpg,(2-3)+2=1
train/22686.jpg,4-(2*4)=-4
train/22687.jpg,3+0-3=0
train/22688.jpg,0*(8*6)=0
train/22689.jpg,(0-8)*0=0
train/22690.jpg,2+(9-6)=5
train/22691.jpg,0-9-5=-14
train/22692.jpg,(5*1)*1=5
train/22693.jpg,3-1*4=-1
train/22694.jpg,0+7+9=16
train/22695.jpg,0*3*1=0
train/22696.jpg,(8+9)+0=17
train/22697.jpg,(0-4)*0=0
train/22698.jpg,1*(2*2)=4
train/22699.jpg,5-3+4=6
train/22700.jpg,(0*5)+5=5
train/22701.jpg,9-0-8=1
train/22702.jpg,1-(9+1)=-9
train/22703.jpg,2-2+0=0
train/22704.jpg,1*1+1=2
train/22705.jpg,9*(9+4)=117
train/22706.jpg,6*(6-5)=6
train/22707.jpg,3-1*8=-5
train/22708.jpg,5+(2-1)=6
train/22709.jpg,2+(4+5)=11
train/22710.jpg,(4*9)-5=31
train/22711.jpg,5+(0+9)=14
train/22712.jpg,1-0+9=10
train/22713.jpg,2-9-3=-10
train/22714.jpg,(2*8)-4=12
train/22715.jpg,9*7-0=63
train/22716.jpg,2*(9*4)=72
train/22717.jpg,0*5+4=4
train/22718.jpg,(0*7)+1=1
train/22719.jpg,(0*7)+9=9
train/22720.jpg,4-6+9=7
train/22721.jpg,0-(8+1)=-9
train/22722.jpg,7+7*7=56
train/22723.jpg,(1-6)*0=0
train/22724.jpg,8+(9-5)=12
train/22725.jpg,(7+9)*8=128
train/22726.jpg,6-(3-8)=11
train/22727.jpg,1-(5*3)=-14
train/22728.jpg,2*7+5=19
train/22729.jpg,8*8*1=64
train/22730.jpg,7*(1-1)=0
train/22731.jpg,9-(9*1)=0
train/22732.jpg,0-(6-2)=-4
train/22733.jpg,(6*9)*0=0
train/22734.jpg,4*(1*6)=24
train/22735.jpg,8+3+5=16
train/22736.jpg,0-4+3=-1
train/22737.jpg,(0*5)*5=0
train/22738.jpg,9*(4+8)=108
train/22739.jpg,6*(5+1)=36
train/22740.jpg,9+(3+7)=19
train/22741.jpg,1-3+0=-2
train/22742.jpg,(1*7)+2=9
train/22743.jpg,8-5-1=2
train/22744.jpg,5+(3*0)=5
train/22745.jpg,1*4*6=24
train/22746.jpg,6+8-8=6
train/22747.jpg,7*(7+7)=98
train/22748.jpg,9+5+2=16
train/22749.jpg,(3+9)+5=17
train/22750.jpg,8*(9*0)=0
train/22751.jpg,(1-7)+3=-3
train/22752.jpg,(6+2)+9=17
train/22753.jpg,4*(2*6)=48
train/22754.jpg,4+(3+1)=8
train/22755.jpg,9*2+1=19
train/22756.jpg,7*(6+2)=56
train/22757.jpg,6*1-6=0
train/22758.jpg,8-7-7=-6
train/22759.jpg,1-(5+0)=-4
train/22760.jpg,4+0+6=10
train/22761.jpg,9*5-3=42
train/22762.jpg,0*7+2=2
train/22763.jpg,1-6+3=-2
train/22764.jpg,(7+1)+9=17
train/22765.jpg,1+2+6=9
train/22766.jpg,(4*1)*6=24
train/22767.jpg,3-(5-5)=3
train/22768.jpg,(9+5)+2=16
train/22769.jpg,7-2-0=5
train/22770.jpg,1*(5+9)=14
train/22771.jpg,1+(5+6)=12
train/22772.jpg,(2-5)*8=-24
train/22773.jpg,(9-7)*4=8
train/22774.jpg,(8+4)+4=16
train/22775.jpg,9+0+2=11
train/22776.jpg,3-8-3=-8
train/22777.jpg,0*(9+2)=0
train/22778.jpg,(1+1)*6=12
train/22779.jpg,(5-4)*3=3
train/22780.jpg,(0*0)-1=-1
train/22781.jpg,8-7-6=-5
train/22782.jpg,(1-0)+5=6
train/22783.jpg,0-(1-2)=1
train/22784.jpg,(2+0)+5=7
train/22785.jpg,(9-5)+2=6
train/22786.jpg,5-4-8=-7
train/22787.jpg,2-(7+9)=-14
train/22788.jpg,(8*6)+9=57
train/22789.jpg,(9*9)+9=90
train/22790.jpg,(8*4)*8=256
train/22791.jpg,(2+9)-3=8
train/22792.jpg,0-2*3=-6
train/22793.jpg,(5+7)+9=21
train/22794.jpg,(5*8)*2=80
train/22795.jpg,3+(3-1)=5
train/22796.jpg,(3+5)*0=0
train/22797.jpg,(2-1)*1=1
train/22798.jpg,(9-1)+3=11
train/22799.jpg,7-8+3=2
train/22800.jpg,1-1*6=-5
train/22801.jpg,(7*1)-3=4
train/22802.jpg,(9+1)*2=20
train/22803.jpg,3+1+5=9
train/22804.jpg,(2+9)*6=66
train/22805.jpg,4-(4-3)=3
train/22806.jpg,7*(2*6)=84
train/22807.jpg,1*(8+6)=14
train/22808.jpg,(1-0)+0=1
train/22809.jpg,(2*1)+1=3
train/22810.jpg,0-(5-0)=-5
train/22811.jpg,(0+3)*3=9
train/22812.jpg,(7-8)-2=-3
train/22813.jpg,9+9-6=12
train/22814.jpg,(5*6)*4=120
train/22815.jpg,(5-0)*3=15
train/22816.jpg,(2*0)+0=0
train/22817.jpg,1-4-6=-9
train/22818.jpg,(3+7)-2=8
train/22819.jpg,1-(1+5)=-5
train/22820.jpg,4*2+2=10
train/22821.jpg,(4*8)+2=34
train/22822.jpg,6+(2-9)=-1
train/22823.jpg,7*(5*8)=280
train/22824.jpg,1-6*2=-11
train/22825.jpg,5+(1*6)=11
train/22826.jpg,0-(6*8)=-48
train/22827.jpg,9-8-3=-2
train/22828.jpg,(5+2)*1=7
train/22829.jpg,7*4-1=27
train/22830.jpg,1+7-1=7
train/22831.jpg,9-9+1=1
train/22832.jpg,1-8+7=0
train/22833.jpg,(9-4)-4=1
train/22834.jpg,4*(7-9)=-8
train/22835.jpg,(7-7)*7=0
train/22836.jpg,5-5-5=-5
train/22837.jpg,(4*5)-6=14
train/22838.jpg,(6*2)*0=0
train/22839.jpg,1-(4-6)=3
train/22840.jpg,6-0*7=6
train/22841.jpg,(9-4)-6=-1
train/22842.jpg,(1-0)-9=-8
train/22843.jpg,6+(5*7)=41
train/22844.jpg,2*(8+7)=30
train/22845.jpg,(6-6)*0=0
train/22846.jpg,(5+8)+9=22
train/22847.jpg,(2+0)+8=10
train/22848.jpg,8-(3-4)=9
train/22849.jpg,2-0-4=-2
train/22850.jpg,0-(5+4)=-9
train/22851.jpg,(1*8)*0=0
train/22852.jpg,7*0*9=0
train/22853.jpg,2+(4+9)=15
train/22854.jpg,9-(2-1)=8
train/22855.jpg,0+(3+8)=11
train/22856.jpg,7*(7+9)=112
train/22857.jpg,6*9+8=62
train/22858.jpg,0*8+1=1
train/22859.jpg,0-7+9=2
train/22860.jpg,(7*1)+8=15
train/22861.jpg,2+0+4=6
train/22862.jpg,9-0-4=5
train/22863.jpg,0-1+2=1
train/22864.jpg,2+4*0=2
train/22865.jpg,3+2-6=-1
train/22866.jpg,3*6*3=54
train/22867.jpg,4*(8*8)=256
train/22868.jpg,5*(3*2)=30
train/22869.jpg,6+0-6=0
train/22870.jpg,5-9+7=3
train/22871.jpg,4-(7-7)=4
train/22872.jpg,4*0*3=0
train/22873.jpg,(6-2)*7=28
train/22874.jpg,0*(6-2)=0
train/22875.jpg,1+6+7=14
train/22876.jpg,4*(4+8)=48
train/22877.jpg,(0+7)+3=10
train/22878.jpg,7*4*9=252
train/22879.jpg,4+8+9=21
train/22880.jpg,5*7+9=44
train/22881.jpg,4-0-0=4
train/22882.jpg,9-(3-7)=13
train/22883.jpg,2-4-7=-9
train/22884.jpg,4+0*1=4
train/22885.jpg,9*(6*8)=432
train/22886.jpg,8*(4-4)=0
train/22887.jpg,3+(0-8)=-5
train/22888.jpg,5+9-5=9
train/22889.jpg,1*8+6=14
train/22890.jpg,9-4-0=5
train/22891.jpg,0+(5*3)=15
train/22892.jpg,9-9+3=3
train/22893.jpg,9-8*7=-47
train/22894.jpg,3+7*4=31
train/22895.jpg,2+5+4=11
train/22896.jpg,6-8-5=-7
train/22897.jpg,7-0*4=7
train/22898.jpg,(7*1)-8=-1
train/22899.jpg,4-(5+8)=-9
train/22900.jpg,(1*3)-6=-3
train/22901.jpg,(5*7)-5=30
train/22902.jpg,(7-6)*1=1
train/22903.jpg,6-9-3=-6
train/22904.jpg,3+(7+1)=11
train/22905.jpg,(0-7)*2=-14
train/22906.jpg,4+2*8=20
train/22907.jpg,6+(8-0)=14
train/22908.jpg,7-(9+3)=-5
train/22909.jpg,8+4*5=28
train/22910.jpg,(3*1)+5=8
train/22911.jpg,(8-0)*7=56
train/22912.jpg,(8*0)-0=0
train/22913.jpg,4+6-0=10
train/22914.jpg,3+6-2=7
train/22915.jpg,(8*9)+7=79
train/22916.jpg,3+(8+3)=14
train/22917.jpg,(0+6)*6=36
train/22918.jpg,(6-3)-7=-4
train/22919.jpg,6+0*0=6
train/22920.jpg,4+2-5=1
train/22921.jpg,(9-4)*5=25
train/22922.jpg,8+9*3=35
train/22923.jpg,(2-4)-4=-6
train/22924.jpg,9-2*9=-9
train/22925.jpg,(3*1)+4=7
train/22926.jpg,(5+3)+3=11
train/22927.jpg,2+8+7=17
train/22928.jpg,4+(9+3)=16
train/22929.jpg,0-(9*7)=-63
train/22930.jpg,(9*4)*2=72
train/22931.jpg,5-(6-2)=1
train/22932.jpg,1-(5-5)=1
train/22933.jpg,(7-1)+8=14
train/22934.jpg,(5-8)-7=-10
train/22935.jpg,(8-5)+6=9
train/22936.jpg,6*3+0=18
train/22937.jpg,(4*0)-2=-2
train/22938.jpg,8*1*4=32
train/22939.jpg,(0-2)-9=-11
train/22940.jpg,(5+0)*7=35
train/22941.jpg,(0*6)+4=4
train/22942.jpg,4*(2*5)=40
train/22943.jpg,0-(9+6)=-15
train/22944.jpg,8*8*9=576
train/22945.jpg,1-(1*8)=-7
train/22946.jpg,2*9*9=162
train/22947.jpg,9+7+8=24
train/22948.jpg,(4*2)*5=40
train/22949.jpg,3*(1+6)=21
train/22950.jpg,3*(3-0)=9
train/22951.jpg,3+(7+9)=19
train/22952.jpg,5+2+7=14
train/22953.jpg,9+(0*6)=9
train/22954.jpg,(2+7)*5=45
train/22955.jpg,(6+7)+5=18
train/22956.jpg,0+(2+1)=3
train/22957.jpg,1+(8*3)=25
train/22958.jpg,3+(4*3)=15
train/22959.jpg,6+(3+9)=18
train/22960.jpg,9+(8+4)=21
train/22961.jpg,2*9-8=10
train/22962.jpg,1*(1*7)=7
train/22963.jpg,7+(8*6)=55
train/22964.jpg,5-4-4=-3
train/22965.jpg,1+(5-0)=6
train/22966.jpg,3-8-9=-14
train/22967.jpg,4-(8-9)=5
train/22968.jpg,8+(2-2)=8
train/22969.jpg,8*5+9=49
train/22970.jpg,9*5+9=54
train/22971.jpg,(4-5)+4=3
train/22972.jpg,5*6*4=120
train/22973.jpg,(8+0)*5=40
train/22974.jpg,9*(7-5)=18
train/22975.jpg,8-(5+6)=-3
train/22976.jpg,(0*8)-2=-2
train/22977.jpg,(1*8)*9=72
train/22978.jpg,3-8-4=-9
train/22979.jpg,6-3-3=0
train/22980.jpg,9-(3+8)=-2
train/22981.jpg,(8-2)*3=18
train/22982.jpg,9-8+4=5
train/22983.jpg,(4-4)*6=0
train/22984.jpg,8+(0+6)=14
train/22985.jpg,(5+1)+8=14
train/22986.jpg,(6-2)*9=36
train/22987.jpg,2*(9*8)=144
train/22988.jpg,(6*6)*1=36
train/22989.jpg,(4*1)+2=6
train/22990.jpg,(0-9)-4=-13
train/22991.jpg,4-9*9=-77
train/22992.jpg,6+(4+2)=12
train/22993.jpg,1-3-6=-8
train/22994.jpg,6*(3-1)=12
train/22995.jpg,2-5*7=-33
train/22996.jpg,1-(4+3)=-6
train/22997.jpg,3*(1*5)=15
train/22998.jpg,(1-6)*9=-45
train/22999.jpg,7*0+3=3
train/23000.jpg,(3*9)+1=28
train/23001.jpg,(1-9)+2=-6
train/23002.jpg,5+(4*4)=21
train/23003.jpg,(0-5)+9=4
train/23004.jpg,(3*4)+2=14
train/23005.jpg,9*4+8=44
train/23006.jpg,5+2*8=21
train/23007.jpg,7*4*7=196
train/23008.jpg,9*(6*6)=324
train/23009.jpg,6*2-1=11
train/23010.jpg,8*7+0=56
train/23011.jpg,3-7*3=-18
train/23012.jpg,3*0+1=1
train/23013.jpg,(2-8)*7=-42
train/23014.jpg,(0*8)+8=8
train/23015.jpg,(4*9)+3=39
train/23016.jpg,7*4*3=84
train/23017.jpg,8-(9+7)=-8
train/23018.jpg,6-4-7=-5
train/23019.jpg,(1+0)+5=6
train/23020.jpg,(0-9)*5=-45
train/23021.jpg,9-(0*3)=9
train/23022.jpg,0+6-1=5
train/23023.jpg,(5+1)*0=0
train/23024.jpg,(6+3)+9=18
train/23025.jpg,6+(8-6)=8
train/23026.jpg,4+9+5=18
train/23027.jpg,5*7-2=33
train/23028.jpg,5+(2*5)=15
train/23029.jpg,3+0*6=3
train/23030.jpg,9+7-8=8
train/23031.jpg,3+(0-4)=-1
train/23032.jpg,6-3-9=-6
train/23033.jpg,(1*5)*5=25
train/23034.jpg,3-8-9=-14
train/23035.jpg,7+(0*3)=7
train/23036.jpg,6-8-3=-5
train/23037.jpg,(5*4)-6=14
train/23038.jpg,2*(1+1)=4
train/23039.jpg,7-(2+2)=3
train/23040.jpg,2-6+6=2
train/23041.jpg,6+(3*6)=24
train/23042.jpg,0-(2+1)=-3
train/23043.jpg,(3+0)-4=-1
train/23044.jpg,2-1-8=-7
train/23045.jpg,5+9-0=14
train/23046.jpg,8*(8-9)=-8
train/23047.jpg,3*6+0=18
train/23048.jpg,(5-1)-7=-3
train/23049.jpg,5*4*0=0
train/23050.jpg,(4*0)+4=4
train/23051.jpg,(0-1)*4=-4
train/23052.jpg,1*6+8=14
train/23053.jpg,(8*6)-0=48
train/23054.jpg,(3*7)+1=22
train/23055.jpg,(6-2)*1=4
train/23056.jpg,(5-8)*7=-21
train/23057.jpg,8-(1*0)=8
train/23058.jpg,(9-4)+1=6
train/23059.jpg,2*4+9=17
train/23060.jpg,8*3*5=120
train/23061.jpg,(9*4)*4=144
train/23062.jpg,9*(7*1)=63
train/23063.jpg,(7-6)*3=3
train/23064.jpg,9-2-8=-1
train/23065.jpg,5-(6*6)=-31
train/23066.jpg,(7+2)*9=81
train/23067.jpg,(7+5)+5=17
train/23068.jpg,7+(4+8)=19
train/23069.jpg,2-(9*9)=-79
train/23070.jpg,(6+9)*3=45
train/23071.jpg,6*8*8=384
train/23072.jpg,5+(9-2)=12
train/23073.jpg,(9+7)*2=32
train/23074.jpg,7-(8-4)=3
train/23075.jpg,7-9*3=-20
train/23076.jpg,8-(4*1)=4
train/23077.jpg,6+2*5=16
train/23078.jpg,9+6-3=12
train/23079.jpg,9+(7*9)=72
train/23080.jpg,5-(8*1)=-3
train/23081.jpg,6+(0*5)=6
train/23082.jpg,0-7+4=-3
train/23083.jpg,6-(9-3)=0
train/23084.jpg,3*8-8=16
train/23085.jpg,0-7*7=-49
train/23086.jpg,0-(9+3)=-12
train/23087.jpg,8*(3*5)=120
train/23088.jpg,3+3*6=21
train/23089.jpg,2-(5+4)=-7
train/23090.jpg,9*(7-0)=63
train/23091.jpg,2+(7*1)=9
train/23092.jpg,(4+1)+1=6
train/23093.jpg,7-5+8=10
train/23094.jpg,(4*8)*3=96
train/23095.jpg,(0+4)*2=8
train/23096.jpg,1-5*3=-14
train/23097.jpg,5-3+7=9
train/23098.jpg,6-(3*0)=6
train/23099.jpg,6+5+2=13
train/23100.jpg,5-(3*8)=-19
train/23101.jpg,4*6-0=24
train/23102.jpg,4+(2+8)=14
train/23103.jpg,4-(0*6)=4
train/23104.jpg,(2+5)-5=2
train/23105.jpg,0+(8*3)=24
train/23106.jpg,3-(5+5)=-7
train/23107.jpg,(0+4)+4=8
train/23108.jpg,3+(9*3)=30
train/23109.jpg,5+1-0=6
train/23110.jpg,(1-3)+2=0
train/23111.jpg,5*(7+9)=80
train/23112.jpg,0*8-1=-1
train/23113.jpg,7+(1-8)=0
train/23114.jpg,(4-6)+8=6
train/23115.jpg,4+9-6=7
train/23116.jpg,8*0+8=8
train/23117.jpg,1+1*0=1
train/23118.jpg,(4+4)+8=16
train/23119.jpg,2+6-1=7
train/23120.jpg,(9*8)-4=68
train/23121.jpg,9-0+8=17
train/23122.jpg,2*6+9=21
train/23123.jpg,5*(8*7)=280
train/23124.jpg,8*(3+0)=24
train/23125.jpg,6+(6*1)=12
train/23126.jpg,6+8-9=5
train/23127.jpg,(5+2)-3=4
train/23128.jpg,8-(6+3)=-1
train/23129.jpg,6*7*4=168
train/23130.jpg,(4-4)*0=0
train/23131.jpg,4*(5-0)=20
train/23132.jpg,(6+8)-5=9
train/23133.jpg,9+4*3=21
train/23134.jpg,1*1-7=-6
train/23135.jpg,3+2*4=11
train/23136.jpg,2+(6*0)=2
train/23137.jpg,(2-8)*2=-12
train/23138.jpg,8-(8*5)=-32
train/23139.jpg,4*9+6=42
train/23140.jpg,7-6*9=-47
train/23141.jpg,0+6*5=30
train/23142.jpg,5+(0*9)=5
train/23143.jpg,(8-7)*0=0
train/23144.jpg,9-8+2=3
train/23145.jpg,(3+6)+0=9
train/23146.jpg,3+(4*9)=39
train/23147.jpg,3+3+6=12
train/23148.jpg,(2*6)-5=7
train/23149.jpg,2-(9-4)=-3
train/23150.jpg,2+1-8=-5
train/23151.jpg,5+(2-9)=-2
train/23152.jpg,(5*4)+4=24
train/23153.jpg,(2+7)-4=5
train/23154.jpg,(4+8)+2=14
train/23155.jpg,2+8+7=17
train/23156.jpg,0*4*6=0
train/23157.jpg,(1+5)-0=6
train/23158.jpg,1-5-0=-4
train/23159.jpg,(8-2)*2=12
train/23160.jpg,6*8+4=52
train/23161.jpg,4+(5+3)=12
train/23162.jpg,3*2-1=5
train/23163.jpg,0+2+3=5
train/23164.jpg,(2+0)-7=-5
train/23165.jpg,2*(0+7)=14
train/23166.jpg,9-1-3=5
train/23167.jpg,6-5*1=1
train/23168.jpg,2+9-2=9
train/23169.jpg,(1+2)-1=2
train/23170.jpg,(9*8)-5=67
train/23171.jpg,(7+1)-1=7
train/23172.jpg,7-(1-2)=8
train/23173.jpg,2*2+4=8
train/23174.jpg,2+3*9=29
train/23175.jpg,7*(6-8)=-14
train/23176.jpg,2+5+5=12
train/23177.jpg,1+9+8=18
train/23178.jpg,5-(6-1)=0
train/23179.jpg,2-6+9=5
train/23180.jpg,1*(7*8)=56
train/23181.jpg,(5*0)-9=-9
train/23182.jpg,6-1+9=14
train/23183.jpg,(4*9)*6=216
train/23184.jpg,4*(3-8)=-20
train/23185.jpg,(5-2)+2=5
train/23186.jpg,6*(8*5)=240
train/23187.jpg,8-(5-9)=12
train/23188.jpg,1-3+5=3
train/23189.jpg,(5+3)*1=8
train/23190.jpg,5+3-1=7
train/23191.jpg,1*(9*1)=9
train/23192.jpg,(2+8)*9=90
train/23193.jpg,2*6+6=18
train/23194.jpg,(2-9)+2=-5
train/23195.jpg,6+(9-6)=9
train/23196.jpg,(5+4)-3=6
train/23197.jpg,2*0-3=-3
train/23198.jpg,4+1-8=-3
train/23199.jpg,3*(6+4)=30
train/23200.jpg,(1+8)-1=8
train/23201.jpg,(3-4)*3=-3
train/23202.jpg,6*9+2=56
train/23203.jpg,7*(0*9)=0
train/23204.jpg,0-6*7=-42
train/23205.jpg,5+4*5=25
train/23206.jpg,5-(5+3)=-3
train/23207.jpg,2-1-7=-6
train/23208.jpg,(8*6)-8=40
train/23209.jpg,1+(7+1)=9
train/23210.jpg,1-1+3=3
train/23211.jpg,6+(7+3)=16
train/23212.jpg,0-(7+2)=-9
train/23213.jpg,6+(4*7)=34
train/23214.jpg,3+(2*6)=15
train/23215.jpg,(9*2)*9=162
train/23216.jpg,0-1+5=4
train/23217.jpg,(2-3)-5=-6
train/23218.jpg,(1*4)-9=-5
train/23219.jpg,8*6-8=40
train/23220.jpg,(8*2)-4=12
train/23221.jpg,(2-2)+4=4
train/23222.jpg,9*0-6=-6
train/23223.jpg,(4*9)*2=72
train/23224.jpg,3*2-9=-3
train/23225.jpg,1*3*6=18
train/23226.jpg,9-6+9=12
train/23227.jpg,(9+1)*9=90
train/23228.jpg,2*8*7=112
train/23229.jpg,(6+2)+1=9
train/23230.jpg,6-9-9=-12
train/23231.jpg,7*6*7=294
train/23232.jpg,7*(2*0)=0
train/23233.jpg,(4-8)+0=-4
train/23234.jpg,(1*3)*6=18
train/23235.jpg,(4+7)+0=11
train/23236.jpg,(2*9)+3=21
train/23237.jpg,7*(3+9)=84
train/23238.jpg,3*(0-9)=-27
train/23239.jpg,0+1-0=1
train/23240.jpg,9*3-8=19
train/23241.jpg,3+(5-0)=8
train/23242.jpg,(6-0)+8=14
train/23243.jpg,8-9*3=-19
train/23244.jpg,4*(9-6)=12
train/23245.jpg,6-0-5=1
train/23246.jpg,(4-4)*7=0
train/23247.jpg,2*(6-6)=0
train/23248.jpg,2*7-0=14
train/23249.jpg,(7+1)+4=12
train/23250.jpg,7-8+1=0
train/23251.jpg,9-5+2=6
train/23252.jpg,5+6-1=10
train/23253.jpg,1*(8+2)=10
train/23254.jpg,(2+0)*8=16
train/23255.jpg,(1*4)-4=0
train/23256.jpg,9+0-5=4
train/23257.jpg,3+(6-5)=4
train/23258.jpg,2*(1*0)=0
train/23259.jpg,(7*3)-1=20
train/23260.jpg,3+4+2=9
train/23261.jpg,9-0-6=3
train/23262.jpg,2-6*2=-10
train/23263.jpg,1-(7+5)=-11
train/23264.jpg,2*(7*5)=70
train/23265.jpg,(7-1)-6=0
train/23266.jpg,5-9+1=-3
train/23267.jpg,1*3*5=15
train/23268.jpg,6-(9*1)=-3
train/23269.jpg,6+9+6=21
train/23270.jpg,(1*5)-9=-4
train/23271.jpg,2-(6*9)=-52
train/23272.jpg,(1-7)*1=-6
train/23273.jpg,8-(4-7)=11
train/23274.jpg,4*(5*0)=0
train/23275.jpg,1*0*1=0
train/23276.jpg,(1-9)+8=0
train/23277.jpg,0*5-7=-7
train/23278.jpg,2-(7-8)=3
train/23279.jpg,3-(6-7)=4
train/23280.jpg,(0*2)*2=0
train/23281.jpg,(1*8)*6=48
train/23282.jpg,0*5-7=-7
train/23283.jpg,(6+1)*9=63
train/23284.jpg,5+1+6=12
train/23285.jpg,(1-7)+6=0
train/23286.jpg,9+(7+9)=25
train/23287.jpg,8+8+6=22
train/23288.jpg,6*(2*7)=84
train/23289.jpg,(9*0)*2=0
train/23290.jpg,(3-1)-7=-5
train/23291.jpg,(4*8)+1=33
train/23292.jpg,0-(8-8)=0
train/23293.jpg,4+4-3=5
train/23294.jpg,(6+2)*1=8
train/23295.jpg,4+8-1=11
train/23296.jpg,7*(5-8)=-21
train/23297.jpg,5-(9-4)=0
train/23298.jpg,6+9-1=14
train/23299.jpg,5+1-8=-2
train/23300.jpg,8-(3+7)=-2
train/23301.jpg,2*4-9=-1
train/23302.jpg,(4+4)*1=8
train/23303.jpg,0+(3*2)=6
train/23304.jpg,7*(1+9)=70
train/23305.jpg,8+(4-7)=5
train/23306.jpg,(6+0)*7=42
train/23307.jpg,5-(3+6)=-4
train/23308.jpg,(0-9)*4=-36
train/23309.jpg,(5-6)*1=-1
train/23310.jpg,1*2+2=4
train/23311.jpg,3+(0-4)=-1
train/23312.jpg,(3*8)*3=72
train/23313.jpg,(8-4)+4=8
train/23314.jpg,(6+7)*2=26
train/23315.jpg,5+(6+7)=18
train/23316.jpg,1*(6*0)=0
train/23317.jpg,4*(9*5)=180
train/23318.jpg,6-(3-4)=7
train/23319.jpg,(4*5)+4=24
train/23320.jpg,6+4+1=11
train/23321.jpg,(0+4)-2=2
train/23322.jpg,6*(2-2)=0
train/23323.jpg,7*0-7=-7
train/23324.jpg,8-(4+2)=2
train/23325.jpg,(2-0)+1=3
train/23326.jpg,6-1-4=1
train/23327.jpg,5+3*0=5
train/23328.jpg,(1-6)*0=0
train/23329.jpg,(8*5)*3=120
train/23330.jpg,(8*3)+2=26
train/23331.jpg,8*8+6=70
train/23332.jpg,(1*0)+7=7
train/23333.jpg,(5*6)*9=270
train/23334.jpg,3+(0+6)=9
train/23335.jpg,7+4*9=43
train/23336.jpg,9*(1-5)=-36
train/23337.jpg,7*(4+8)=84
train/23338.jpg,2-3-6=-7
train/23339.jpg,7-(5*2)=-3
train/23340.jpg,(3-4)*2=-2
train/23341.jpg,2*(9-0)=18
train/23342.jpg,2*(2-3)=-2
train/23343.jpg,(9-5)+2=6
train/23344.jpg,(0*6)-3=-3
train/23345.jpg,1-(1+7)=-7
train/23346.jpg,8*4+0=32
train/23347.jpg,5+(0+4)=9
train/23348.jpg,6-7+8=7
train/23349.jpg,6-(5+3)=-2
train/23350.jpg,(9+2)*4=44
train/23351.jpg,(0*7)+7=7
train/23352.jpg,5-(1*1)=4
train/23353.jpg,4*(1*7)=28
train/23354.jpg,9+(9-7)=11
train/23355.jpg,(3*4)+2=14
train/23356.jpg,5*2+5=15
train/23357.jpg,8*9*9=648
train/23358.jpg,4+(8-2)=10
train/23359.jpg,9*4-0=36
train/23360.jpg,1-(5*1)=-4
train/23361.jpg,4+2+2=8
train/23362.jpg,(0+0)+7=7
train/23363.jpg,(3-6)*9=-27
train/23364.jpg,3-(8-6)=1
train/23365.jpg,(9-0)+3=12
train/23366.jpg,7+0-9=-2
train/23367.jpg,1-(6*9)=-53
train/23368.jpg,9*8*6=432
train/23369.jpg,3+(7*3)=24
train/23370.jpg,8+(7+5)=20
train/23371.jpg,(4*7)*4=112
train/23372.jpg,(3-5)-3=-5
train/23373.jpg,9*(8-9)=-9
train/23374.jpg,1*(2-0)=2
train/23375.jpg,(4*0)*2=0
train/23376.jpg,5*4-0=20
train/23377.jpg,9*(5+1)=54
train/23378.jpg,(0-6)+3=-3
train/23379.jpg,(6+9)*5=75
train/23380.jpg,9-8-5=-4
train/23381.jpg,(0-5)-3=-8
train/23382.jpg,6*4*2=48
train/23383.jpg,6-8+2=0
train/23384.jpg,4+(9+5)=18
train/23385.jpg,(7-8)-2=-3
train/23386.jpg,(0-8)*1=-8
train/23387.jpg,6*(0-8)=-48
train/23388.jpg,(6*0)*6=0
train/23389.jpg,4+2+4=10
train/23390.jpg,9-4*5=-11
train/23391.jpg,7*(1-5)=-28
train/23392.jpg,1+(4+7)=12
train/23393.jpg,7-7-5=-5
train/23394.jpg,(4-6)-2=-4
train/23395.jpg,(4*4)*7=112
train/23396.jpg,5*8-1=39
train/23397.jpg,1*1+8=9
train/23398.jpg,1+(2-2)=1
train/23399.jpg,(2*1)*3=6
train/23400.jpg,(4*8)+0=32
train/23401.jpg,2+(7-5)=4
train/23402.jpg,(1*6)-9=-3
train/23403.jpg,6-(2+0)=4
train/23404.jpg,3+1*4=7
train/23405.jpg,(4*4)-7=9
train/23406.jpg,7*2-1=13
train/23407.jpg,(4+8)*0=0
train/23408.jpg,1*9*3=27
train/23409.jpg,3-7*3=-18
train/23410.jpg,(8*6)*7=336
train/23411.jpg,5-4+6=7
train/23412.jpg,9*(2-3)=-9
train/23413.jpg,(2*4)*8=64
train/23414.jpg,4-9+2=-3
train/23415.jpg,6+(9-2)=13
train/23416.jpg,9+(7*4)=37
train/23417.jpg,(1+9)-2=8
train/23418.jpg,9-0-6=3
train/23419.jpg,7-2-5=0
train/23420.jpg,9*(5+2)=63
train/23421.jpg,9+0-5=4
train/23422.jpg,8*(1-5)=-32
train/23423.jpg,2-6*2=-10
train/23424.jpg,(3*4)*9=108
train/23425.jpg,5*(9-1)=40
train/23426.jpg,(4*9)+5=41
train/23427.jpg,3*2-8=-2
train/23428.jpg,7*7+1=50
train/23429.jpg,7-2*1=5
train/23430.jpg,(8-6)-6=-4
train/23431.jpg,(5*7)-1=34
train/23432.jpg,9+(9+6)=24
train/23433.jpg,(5+1)+2=8
train/23434.jpg,0-(2+4)=-6
train/23435.jpg,3-3-9=-9
train/23436.jpg,2-(4+0)=-2
train/23437.jpg,0+(0*5)=0
train/23438.jpg,8-(1*9)=-1
train/23439.jpg,3+2+3=8
train/23440.jpg,4+2-7=-1
train/23441.jpg,6*0-1=-1
train/23442.jpg,(4*5)-3=17
train/23443.jpg,6-(5-1)=2
train/23444.jpg,1*(7*7)=49
train/23445.jpg,(5+5)+1=11
train/23446.jpg,(2+5)-3=4
train/23447.jpg,(4-4)-9=-9
train/23448.jpg,9*(6-1)=45
train/23449.jpg,4*(4*3)=48
train/23450.jpg,9+(7*4)=37
train/23451.jpg,3+6+2=11
train/23452.jpg,6*(4+1)=30
train/23453.jpg,2+(2-7)=-3
train/23454.jpg,(5-3)+0=2
train/23455.jpg,(2*9)*9=162
train/23456.jpg,(5-2)-2=1
train/23457.jpg,3+(2+8)=13
train/23458.jpg,7+(4*3)=19
train/23459.jpg,(7+1)-6=2
train/23460.jpg,7*1*0=0
train/23461.jpg,8+7-1=14
train/23462.jpg,4+(4*4)=20
train/23463.jpg,1-0*0=1
train/23464.jpg,(1*3)*2=6
train/23465.jpg,(7-8)+2=1
train/23466.jpg,4-0+3=7
train/23467.jpg,3-6-0=-3
train/23468.jpg,0*9-7=-7
train/23469.jpg,7+4+6=17
train/23470.jpg,2-(8-8)=2
train/23471.jpg,2*(7*0)=0
train/23472.jpg,(1+1)-1=1
train/23473.jpg,(3-9)*9=-54
train/23474.jpg,(3*3)+2=11
train/23475.jpg,3+(5-8)=0
train/23476.jpg,(8*2)*7=112
train/23477.jpg,0*6-0=0
train/23478.jpg,4+(7*5)=39
train/23479.jpg,(0-8)*8=-64
train/23480.jpg,5+(1+7)=13
train/23481.jpg,3-(4*0)=3
train/23482.jpg,7-(1*6)=1
train/23483.jpg,5*5-2=23
train/23484.jpg,9*0+3=3
train/23485.jpg,8*0-1=-1
train/23486.jpg,(2*8)+0=16
train/23487.jpg,9*7-3=60
train/23488.jpg,(9-8)*9=9
train/23489.jpg,9*(2+0)=18
train/23490.jpg,(3*4)-0=12
train/23491.jpg,5*3*7=105
train/23492.jpg,2+9*0=2
train/23493.jpg,7-5+4=6
train/23494.jpg,9+3+7=19
train/23495.jpg,9+(6-4)=11
train/23496.jpg,0*(6-4)=0
train/23497.jpg,9*1*6=54
train/23498.jpg,7+2+6=15
train/23499.jpg,1+8-3=6
train/23500.jpg,7+7-7=7
train/23501.jpg,5-(5-1)=1
train/23502.jpg,(1+8)+9=18
train/23503.jpg,1+2-4=-1
train/23504.jpg,(2-2)*4=0
train/23505.jpg,3-(6-1)=-2
train/23506.jpg,(5-4)+8=9
train/23507.jpg,0+1-6=-5
train/23508.jpg,1-(0+8)=-7
train/23509.jpg,(8*0)*3=0
train/23510.jpg,(1-8)*8=-56
train/23511.jpg,(1-9)*7=-56
train/23512.jpg,2*(4*8)=64
train/23513.jpg,4-(4+6)=-6
train/23514.jpg,0+(7-1)=6
train/23515.jpg,2*(5*9)=90
train/23516.jpg,0+1*7=7
train/23517.jpg,(9*9)-1=80
train/23518.jpg,8*(4+9)=104
train/23519.jpg,(7-3)*6=24
train/23520.jpg,2+0-2=0
train/23521.jpg,2+(3*5)=17
train/23522.jpg,(3-0)*5=15
train/23523.jpg,3-3*6=-15
train/23524.jpg,(1-5)-7=-11
train/23525.jpg,(0-0)+7=7
train/23526.jpg,3-(6+1)=-4
train/23527.jpg,(7-6)-5=-4
train/23528.jpg,2+6-9=-1
train/23529.jpg,(3-6)*8=-24
train/23530.jpg,(0-7)*4=-28
train/23531.jpg,7-(1*1)=6
train/23532.jpg,9+(9+9)=27
train/23533.jpg,6-4*8=-26
train/23534.jpg,5*9*7=315
train/23535.jpg,(8*5)-2=38
train/23536.jpg,(5-3)*1=2
train/23537.jpg,2*6*7=84
train/23538.jpg,(0*7)+3=3
train/23539.jpg,6+(5-5)=6
train/23540.jpg,(1-4)-7=-10
train/23541.jpg,(5-3)*9=18
train/23542.jpg,6-(2*6)=-6
train/23543.jpg,3+7*5=38
train/23544.jpg,(6+1)-5=2
train/23545.jpg,9*4+7=43
train/23546.jpg,7-(1-8)=14
train/23547.jpg,(9*5)-1=44
train/23548.jpg,(4+0)-2=2
train/23549.jpg,3*5+3=18
train/23550.jpg,9+3-9=3
train/23551.jpg,0+1-6=-5
train/23552.jpg,4+4*1=8
train/23553.jpg,3+(5-4)=4
train/23554.jpg,(8+2)-1=9
train/23555.jpg,(4*8)+5=37
train/23556.jpg,8+(7+5)=20
train/23557.jpg,(6-2)*3=12
train/23558.jpg,9*(9*9)=729
train/23559.jpg,2+4*2=10
train/23560.jpg,0+(5+9)=14
train/23561.jpg,(6*4)*0=0
train/23562.jpg,(7*6)+8=50
train/23563.jpg,9*1*8=72
train/23564.jpg,6+9*1=15
train/23565.jpg,1+(5*2)=11
train/23566.jpg,(8+4)-1=11
train/23567.jpg,(2-0)-0=2
train/23568.jpg,9*2-2=16
train/23569.jpg,(7-4)*0=0
train/23570.jpg,8+(8*8)=72
train/23571.jpg,5-(9+9)=-13
train/23572.jpg,(6-3)+0=3
train/23573.jpg,7*0-8=-8
train/23574.jpg,2-(2*9)=-16
train/23575.jpg,7*(5+3)=56
train/23576.jpg,(8*2)*4=64
train/23577.jpg,(1-5)*0=0
train/23578.jpg,(2*4)-4=4
train/23579.jpg,0*8*9=0
train/23580.jpg,5-0*7=5
train/23581.jpg,(5-5)-1=-1
train/23582.jpg,(6+8)+4=18
train/23583.jpg,9-(3-6)=12
train/23584.jpg,7+9*5=52
train/23585.jpg,4+(5-1)=8
train/23586.jpg,(6-6)-3=-3
train/23587.jpg,6+(5*7)=41
train/23588.jpg,(1+0)-9=-8
train/23589.jpg,6*8*5=240
train/23590.jpg,0*8-7=-7
train/23591.jpg,2*1-2=0
train/23592.jpg,1+0+9=10
train/23593.jpg,(9-4)*1=5
train/23594.jpg,(4*7)*2=56
train/23595.jpg,(8-7)*4=4
train/23596.jpg,7-1*3=4
train/23597.jpg,3*7*3=63
train/23598.jpg,(8+7)-3=12
train/23599.jpg,9-(4+6)=-1
train/23600.jpg,3-(4-6)=5
train/23601.jpg,2*(0*7)=0
train/23602.jpg,(8-8)*8=0
train/23603.jpg,8*3-2=22
train/23604.jpg,8+4-2=10
train/23605.jpg,0-(1+6)=-7
train/23606.jpg,(6*3)*5=90
train/23607.jpg,6-(6-4)=4
train/23608.jpg,4*8+5=37
train/23609.jpg,2-9-9=-16
train/23610.jpg,9-9-6=-6
train/23611.jpg,(0+3)+4=7
train/23612.jpg,5*(7*4)=140
train/23613.jpg,(2+5)+4=11
train/23614.jpg,1+(2+0)=3
train/23615.jpg,9*9*3=243
train/23616.jpg,7*(5+7)=84
train/23617.jpg,(5+2)+9=16
train/23618.jpg,5+2+8=15
train/23619.jpg,0-8-9=-17
train/23620.jpg,(3*8)-5=19
train/23621.jpg,5-(8+3)=-6
train/23622.jpg,0+6-9=-3
train/23623.jpg,(9*2)+6=24
train/23624.jpg,0*(7+3)=0
train/23625.jpg,(9+5)-7=7
train/23626.jpg,(7+4)*8=88
train/23627.jpg,1*2*7=14
train/23628.jpg,1*(6-7)=-1
train/23629.jpg,0-(2+1)=-3
train/23630.jpg,6+6+2=14
train/23631.jpg,(0+0)+5=5
train/23632.jpg,9+(9*8)=81
train/23633.jpg,1+(9+7)=17
train/23634.jpg,(6*7)+4=46
train/23635.jpg,2*5+3=13
train/23636.jpg,9-(7*7)=-40
train/23637.jpg,1*(0+9)=9
train/23638.jpg,8-(2+6)=0
train/23639.jpg,(9*7)+5=68
train/23640.jpg,(1+4)+4=9
train/23641.jpg,6-6*7=-36
train/23642.jpg,3-(1*5)=-2
train/23643.jpg,7-7-7=-7
train/23644.jpg,9*2+1=19
train/23645.jpg,8*2-5=11
train/23646.jpg,4*(7-4)=12
train/23647.jpg,9*3+0=27
train/23648.jpg,3-(5+4)=-6
train/23649.jpg,5-(0+3)=2
train/23650.jpg,(8+2)*0=0
train/23651.jpg,4+(8+9)=21
train/23652.jpg,(3*3)-4=5
train/23653.jpg,(0*3)*2=0
train/23654.jpg,(3+2)-6=-1
train/23655.jpg,9-(0*8)=9
train/23656.jpg,1-(3*7)=-20
train/23657.jpg,1+(9-1)=9
train/23658.jpg,8*1*7=56
train/23659.jpg,0-(9-9)=0
train/23660.jpg,8*(9+0)=72
train/23661.jpg,8-5*0=8
train/23662.jpg,6+4*7=34
train/23663.jpg,6-(4*3)=-6
train/23664.jpg,(7+6)-0=13
train/23665.jpg,(6+7)+0=13
train/23666.jpg,(2+3)-0=5
train/23667.jpg,7*1*9=63
train/23668.jpg,9+1+7=17
train/23669.jpg,(6-9)*8=-24
train/23670.jpg,3+9+0=12
train/23671.jpg,3*(0*2)=0
train/23672.jpg,9*(3*8)=216
train/23673.jpg,0+(2*9)=18
train/23674.jpg,(4-8)+0=-4
train/23675.jpg,(6*1)+4=10
train/23676.jpg,(3*1)*3=9
train/23677.jpg,(3-6)-4=-7
train/23678.jpg,9+1*2=11
train/23679.jpg,(3+0)-1=2
train/23680.jpg,2-(1+3)=-2
train/23681.jpg,2+7*3=23
train/23682.jpg,0+1-4=-3
train/23683.jpg,9+3+3=15
train/23684.jpg,2+0+9=11
train/23685.jpg,9+(5+3)=17
train/23686.jpg,1-(6+7)=-12
train/23687.jpg,2-(1-1)=2
train/23688.jpg,1*8+1=9
train/23689.jpg,9-3+8=14
train/23690.jpg,4+9*2=22
train/23691.jpg,6+4-0=10
train/23692.jpg,(7*1)-7=0
train/23693.jpg,(2+2)-3=1
train/23694.jpg,9+(3+3)=15
train/23695.jpg,(9*8)*2=144
train/23696.jpg,6-9*0=6
train/23697.jpg,4+2+2=8
train/23698.jpg,0-(9*1)=-9
train/23699.jpg,4+(6-4)=6
train/23700.jpg,5+(4+6)=15
train/23701.jpg,(4*9)+1=37
train/23702.jpg,(4-2)-3=-1
train/23703.jpg,8+(9+8)=25
train/23704.jpg,7+(6-8)=5
train/23705.jpg,(7*1)*5=35
train/23706.jpg,4+8*3=28
train/23707.jpg,(0-3)*0=0
train/23708.jpg,7-4+5=8
train/23709.jpg,4*(0+4)=16
train/23710.jpg,(7*7)-9=40
train/23711.jpg,9-1-2=6
train/23712.jpg,0*0-0=0
train/23713.jpg,(9+0)-4=5
train/23714.jpg,8+(5+4)=17
train/23715.jpg,4+(4+2)=10
train/23716.jpg,2*0-4=-4
train/23717.jpg,(3-5)-2=-4
train/23718.jpg,7*4-2=26
train/23719.jpg,2+0*0=2
train/23720.jpg,5-(8-3)=0
train/23721.jpg,7-(1-9)=15
train/23722.jpg,(8+0)*2=16
train/23723.jpg,7*(8*0)=0
train/23724.jpg,0*(0*9)=0
train/23725.jpg,7+(2+9)=18
train/23726.jpg,(9*7)-2=61
train/23727.jpg,6+(2*4)=14
train/23728.jpg,4-0-5=-1
train/23729.jpg,5-6-2=-3
train/23730.jpg,(3*0)-3=-3
train/23731.jpg,(1*0)+0=0
train/23732.jpg,(1-1)-8=-8
train/23733.jpg,(5-4)*9=9
train/23734.jpg,9+(5+7)=21
train/23735.jpg,2+(6-6)=2
train/23736.jpg,3+9*8=75
train/23737.jpg,(6+2)*5=40
train/23738.jpg,(5-4)+1=2
train/23739.jpg,(5-9)+1=-3
train/23740.jpg,7*7-0=49
train/23741.jpg,6-0*9=6
train/23742.jpg,3*7*5=105
train/23743.jpg,0*0-5=-5
train/23744.jpg,8*5+4=44
train/23745.jpg,8-(7-0)=1
train/23746.jpg,7*(0-3)=-21
train/23747.jpg,9+(1+1)=11
train/23748.jpg,2+(2*7)=16
train/23749.jpg,(9-9)-2=-2
train/23750.jpg,(3-1)-5=-3
train/23751.jpg,5-3+1=3
train/23752.jpg,(8*5)+5=45
train/23753.jpg,0+0*1=0
train/23754.jpg,(1-8)*8=-56
train/23755.jpg,8+(5*4)=28
train/23756.jpg,9*3+3=30
train/23757.jpg,(2+3)+5=10
train/23758.jpg,6-(1*9)=-3
train/23759.jpg,1*3-8=-5
train/23760.jpg,3-4-5=-6
train/23761.jpg,6-0*9=6
train/23762.jpg,8*(6-1)=40
train/23763.jpg,3-4*3=-9
train/23764.jpg,9+(9*7)=72
train/23765.jpg,0*3-0=0
train/23766.jpg,2*5-2=8
train/23767.jpg,8*8-2=62
train/23768.jpg,6*(1+7)=48
train/23769.jpg,2+3*2=8
train/23770.jpg,8*(1*4)=32
train/23771.jpg,8-(3+6)=-1
train/23772.jpg,(1-5)-0=-4
train/23773.jpg,6*(6+8)=84
train/23774.jpg,1-6-6=-11
train/23775.jpg,0-(9-2)=-7
train/23776.jpg,6+(6+7)=19
train/23777.jpg,7+5-2=10
train/23778.jpg,(8-7)*4=4
train/23779.jpg,(0-6)*2=-12
train/23780.jpg,4+4*5=24
train/23781.jpg,6+(2*7)=20
train/23782.jpg,4*(9*3)=108
train/23783.jpg,1*(4*5)=20
train/23784.jpg,(4+6)+7=17
train/23785.jpg,1+5+9=15
train/23786.jpg,5+(0*2)=5
train/23787.jpg,(3*6)-6=12
train/23788.jpg,1*(7+6)=13
train/23789.jpg,4-7*5=-31
train/23790.jpg,5-2*0=5
train/23791.jpg,8*(9-9)=0
train/23792.jpg,4+6-9=1
train/23793.jpg,(7*2)*8=112
train/23794.jpg,4-(6+6)=-8
train/23795.jpg,(3-0)-8=-5
train/23796.jpg,(8*9)-9=63
train/23797.jpg,7+5*9=52
train/23798.jpg,8+1-7=2
train/23799.jpg,(1+0)+6=7
train/23800.jpg,5-(2*1)=3
train/23801.jpg,0*1+8=8
train/23802.jpg,(4*6)*7=168
train/23803.jpg,6+6+9=21
train/23804.jpg,3+(1*1)=4
train/23805.jpg,8+(2*4)=16
train/23806.jpg,6-4-5=-3
train/23807.jpg,(5+4)+1=10
train/23808.jpg,(6-6)*4=0
train/23809.jpg,1-(3*3)=-8
train/23810.jpg,8*3+4=28
train/23811.jpg,(7*3)*1=21
train/23812.jpg,(0-5)-7=-12
train/23813.jpg,1+(9+6)=16
train/23814.jpg,3+5*9=48
train/23815.jpg,(6+5)+9=20
train/23816.jpg,7*(6-0)=42
train/23817.jpg,2-1-7=-6
train/23818.jpg,2-2-6=-6
train/23819.jpg,3*7*0=0
train/23820.jpg,0+4-9=-5
train/23821.jpg,2+5+5=12
train/23822.jpg,(5-9)+7=3
train/23823.jpg,4-5+9=8
train/23824.jpg,0-(6-3)=-3
train/23825.jpg,1-9*4=-35
train/23826.jpg,1-(2+8)=-9
train/23827.jpg,(4-6)-5=-7
train/23828.jpg,7-0-1=6
train/23829.jpg,0*(9-2)=0
train/23830.jpg,(6*1)*1=6
train/23831.jpg,(0-0)+3=3
train/23832.jpg,(8*1)+5=13
train/23833.jpg,1+(4*7)=29
train/23834.jpg,8-3-8=-3
train/23835.jpg,(0-2)+2=0
train/23836.jpg,8+(0*8)=8
train/23837.jpg,(7*2)+3=17
train/23838.jpg,1-(0*9)=1
train/23839.jpg,4+6+7=17
train/23840.jpg,(9+5)*2=28
train/23841.jpg,1*1-3=-2
train/23842.jpg,5-6+2=1
train/23843.jpg,6+4-2=8
train/23844.jpg,7*(2*9)=126
train/23845.jpg,8+5+0=13
train/23846.jpg,0+2*2=4
train/23847.jpg,(6*0)*5=0
train/23848.jpg,2*2-6=-2
train/23849.jpg,9+2+4=15
train/23850.jpg,9+(1+2)=12
train/23851.jpg,8-7-3=-2
train/23852.jpg,3*6-5=13
train/23853.jpg,6+3*1=9
train/23854.jpg,(1*3)*2=6
train/23855.jpg,(7*9)*6=378
train/23856.jpg,(6-6)-3=-3
train/23857.jpg,(4-9)*1=-5
train/23858.jpg,8+2*5=18
train/23859.jpg,9*2+6=24
train/23860.jpg,(4*0)+3=3
train/23861.jpg,0*(7-9)=0
train/23862.jpg,8-(7*8)=-48
train/23863.jpg,(3-9)+5=-1
train/23864.jpg,5*1*0=0
train/23865.jpg,1-(6-6)=1
train/23866.jpg,(8-4)*5=20
train/23867.jpg,4-(1+6)=-3
train/23868.jpg,7+0*0=7
train/23869.jpg,7*1*0=0
train/23870.jpg,1*9+1=10
train/23871.jpg,7-(3-4)=8
train/23872.jpg,(5+0)+3=8
train/23873.jpg,1*0-3=-3
train/23874.jpg,(5+3)*9=72
train/23875.jpg,(0-4)-7=-11
train/23876.jpg,1-(2+7)=-8
train/23877.jpg,4+7+7=18
train/23878.jpg,8-7+1=2
train/23879.jpg,8-(3*7)=-13
train/23880.jpg,(1-2)-7=-8
train/23881.jpg,2*4*3=24
train/23882.jpg,7+4+3=14
train/23883.jpg,8-(3-3)=8
train/23884.jpg,(1-2)*5=-5
train/23885.jpg,(7-9)*2=-4
train/23886.jpg,(0*4)+5=5
train/23887.jpg,3*5+5=20
train/23888.jpg,(7+3)*3=30
train/23889.jpg,(5-4)-4=-3
train/23890.jpg,(3+1)-3=1
train/23891.jpg,2-7*3=-19
train/23892.jpg,(3-7)+3=-1
train/23893.jpg,7+(5+2)=14
train/23894.jpg,(3*8)*9=216
train/23895.jpg,3-(7*9)=-60
train/23896.jpg,(6+3)*5=45
train/23897.jpg,(6-5)+2=3
train/23898.jpg,(9-3)*8=48
train/23899.jpg,4-3+6=7
train/23900.jpg,7-1-0=6
train/23901.jpg,4-(4-3)=3
train/23902.jpg,8+(0+2)=10
train/23903.jpg,(5+2)-0=7
train/23904.jpg,0-(3-7)=4
train/23905.jpg,(7*3)-8=13
train/23906.jpg,2+0-3=-1
train/23907.jpg,4+6*5=34
train/23908.jpg,(4-5)+5=4
train/23909.jpg,(9+6)-5=10
train/23910.jpg,8*(0-1)=-8
train/23911.jpg,6-0+0=6
train/23912.jpg,1*7-4=3
train/23913.jpg,(3+4)*5=35
train/23914.jpg,6-(0*2)=6
train/23915.jpg,8+(0*4)=8
train/23916.jpg,0*(4+7)=0
train/23917.jpg,0*(6*8)=0
train/23918.jpg,4*(8-8)=0
train/23919.jpg,0-6-7=-13
train/23920.jpg,9+(5-0)=14
train/23921.jpg,0-2+8=6
train/23922.jpg,(7+2)+0=9
train/23923.jpg,9+4+5=18
train/23924.jpg,(2+0)*1=2
train/23925.jpg,(9+8)-8=9
train/23926.jpg,(8+8)-4=12
train/23927.jpg,7+4-7=4
train/23928.jpg,5*8-2=38
train/23929.jpg,7+(7-6)=8
train/23930.jpg,7-(2+9)=-4
train/23931.jpg,1+2*6=13
train/23932.jpg,9-(5-2)=6
train/23933.jpg,6+7*3=27
train/23934.jpg,4-7-9=-12
train/23935.jpg,7*(4-2)=14
train/23936.jpg,7+(3+8)=18
train/23937.jpg,7*3*3=63
train/23938.jpg,(3+3)-8=-2
train/23939.jpg,1-(8*3)=-23
train/23940.jpg,9+(1+2)=12
train/23941.jpg,5+(1-7)=-1
train/23942.jpg,8+4-6=6
train/23943.jpg,5*2*2=20
train/23944.jpg,9+6-5=10
train/23945.jpg,(5*1)*1=5
train/23946.jpg,(2-9)-8=-15
train/23947.jpg,3+(5-1)=7
train/23948.jpg,(2-9)+5=-2
train/23949.jpg,(4*2)+2=10
train/23950.jpg,(4-1)+9=12
train/23951.jpg,8*6*7=336
train/23952.jpg,7-4*3=-5
train/23953.jpg,(2-4)*6=-12
train/23954.jpg,4+(8*1)=12
train/23955.jpg,(4-3)+9=10
train/23956.jpg,2*6*1=12
train/23957.jpg,(4+4)-7=1
train/23958.jpg,(8-6)-6=-4
train/23959.jpg,(1-2)*6=-6
train/23960.jpg,6+(6+7)=19
train/23961.jpg,3+0-4=-1
train/23962.jpg,8*7+7=63
train/23963.jpg,3+1-9=-5
train/23964.jpg,4*3-6=6
train/23965.jpg,5-(4*8)=-27
train/23966.jpg,7*8*6=336
train/23967.jpg,8+(8+8)=24
train/23968.jpg,(2*6)+2=14
train/23969.jpg,7-0+3=10
train/23970.jpg,9+8*6=57
train/23971.jpg,7+(4-3)=8
train/23972.jpg,(4*6)-6=18
train/23973.jpg,8*1-3=5
train/23974.jpg,(5+5)*4=40
train/23975.jpg,2-2*1=0
train/23976.jpg,8+(0+4)=12
train/23977.jpg,2+(1*8)=10
train/23978.jpg,3+8+1=12
train/23979.jpg,(6*7)+8=50
train/23980.jpg,(7+5)-3=9
train/23981.jpg,4*(7*1)=28
train/23982.jpg,3*(0-0)=0
train/23983.jpg,(7+5)*5=60
train/23984.jpg,(1*2)*5=10
train/23985.jpg,2-(8+4)=-10
train/23986.jpg,(9+6)+0=15
train/23987.jpg,7*2+9=23
train/23988.jpg,4+(3-9)=-2
train/23989.jpg,(0-0)-9=-9
train/23990.jpg,1-(7+5)=-11
train/23991.jpg,9-(1+8)=0
train/23992.jpg,0-(3-5)=2
train/23993.jpg,(1-8)-2=-9
train/23994.jpg,5*(6+3)=45
train/23995.jpg,(5-7)+7=5
train/23996.jpg,7+3*1=10
train/23997.jpg,8-2*2=4
train/23998.jpg,8-4+7=11
train/23999.jpg,(3+3)+5=11
train/24000.jpg,(8*6)+2=50
train/24001.jpg,5*(2*6)=60
train/24002.jpg,(4+3)*9=63
train/24003.jpg,(3-3)+5=5
train/24004.jpg,5-(0-3)=8
train/24005.jpg,6+(2+7)=15
train/24006.jpg,4+(2+8)=14
train/24007.jpg,0-(0*1)=0
train/24008.jpg,6*(1-6)=-30
train/24009.jpg,(4-4)*6=0
train/24010.jpg,(4-2)-1=1
train/24011.jpg,8*4+1=33
train/24012.jpg,5*1-7=-2
train/24013.jpg,9-(1+6)=2
train/24014.jpg,6*(5-7)=-12
train/24015.jpg,9*(2+5)=63
train/24016.jpg,5*(8*6)=240
train/24017.jpg,6*4+2=26
train/24018.jpg,8+(5*0)=8
train/24019.jpg,(8*6)+5=53
train/24020.jpg,1+5+6=12
train/24021.jpg,8*7-5=51
train/24022.jpg,(2+3)*8=40
train/24023.jpg,5+(5+9)=19
train/24024.jpg,(5+6)+2=13
train/24025.jpg,2*(2-0)=4
train/24026.jpg,(3+8)-9=2
train/24027.jpg,(9*3)-0=27
train/24028.jpg,(2*6)-5=7
train/24029.jpg,7+(2+1)=10
train/24030.jpg,7+(7*6)=49
train/24031.jpg,0*7*3=0
train/24032.jpg,2-(5+8)=-11
train/24033.jpg,(3-5)*9=-18
train/24034.jpg,4+(0*9)=4
train/24035.jpg,4-(5*0)=4
train/24036.jpg,5+(9+9)=23
train/24037.jpg,3+7+3=13
train/24038.jpg,1*(1*5)=5
train/24039.jpg,1-9-0=-8
train/24040.jpg,4+(4+9)=17
train/24041.jpg,7+(5*8)=47
train/24042.jpg,1+(8-6)=3
train/24043.jpg,5+(7-3)=9
train/24044.jpg,(2*3)*9=54
train/24045.jpg,(3+7)-9=1
train/24046.jpg,(5*8)*8=320
train/24047.jpg,2-5-8=-11
train/24048.jpg,3+6*9=57
train/24049.jpg,0*(8-6)=0
train/24050.jpg,(3-4)*2=-2
train/24051.jpg,7-(8-0)=-1
train/24052.jpg,2-9*3=-25
train/24053.jpg,6*(5*2)=60
train/24054.jpg,(9+4)-8=5
train/24055.jpg,(6+1)*2=14
train/24056.jpg,(6*0)*4=0
train/24057.jpg,(1*8)+8=16
train/24058.jpg,6+(9-9)=6
train/24059.jpg,(8+1)+6=15
train/24060.jpg,8*2-5=11
train/24061.jpg,2+(5*5)=27
train/24062.jpg,4-(2-1)=3
train/24063.jpg,9*4*7=252
train/24064.jpg,(4-7)+1=-2
train/24065.jpg,1*8*6=48
train/24066.jpg,2*(7+4)=22
train/24067.jpg,(4-7)+7=4
train/24068.jpg,4+9*6=58
train/24069.jpg,9+(0*6)=9
train/24070.jpg,9+(9*2)=27
train/24071.jpg,6-3-5=-2
train/24072.jpg,2-(2+6)=-6
train/24073.jpg,8*7*7=392
train/24074.jpg,1*6-9=-3
train/24075.jpg,(8*5)+1=41
train/24076.jpg,(8*4)*1=32
train/24077.jpg,7-(8-6)=5
train/24078.jpg,3+2+2=7
train/24079.jpg,(1*0)+1=1
train/24080.jpg,(8*9)-4=68
train/24081.jpg,5*9-0=45
train/24082.jpg,3-(1-6)=8
train/24083.jpg,8*2*7=112
train/24084.jpg,(9+5)-6=8
train/24085.jpg,3*(6+6)=36
train/24086.jpg,9+6-3=12
train/24087.jpg,4+2*4=12
train/24088.jpg,(6+2)-6=2
train/24089.jpg,0*0-1=-1
train/24090.jpg,(6-7)+6=5
train/24091.jpg,4-(9*1)=-5
train/24092.jpg,2+6-3=5
train/24093.jpg,(0-4)+9=5
train/24094.jpg,(0-0)+5=5
train/24095.jpg,5-(2*7)=-9
train/24096.jpg,6+9*7=69
train/24097.jpg,0+3*3=9
train/24098.jpg,5+(7-2)=10
train/24099.jpg,8+9*4=44
train/24100.jpg,1+(9+0)=10
train/24101.jpg,6+(6+1)=13
train/24102.jpg,0*(9*0)=0
train/24103.jpg,7*0+0=0
train/24104.jpg,(9*2)-2=16
train/24105.jpg,4+(1-6)=-1
train/24106.jpg,7*2+6=20
train/24107.jpg,7-(9-9)=7
train/24108.jpg,1*2+9=11
train/24109.jpg,4*7+1=29
train/24110.jpg,(7*2)*1=14
train/24111.jpg,6+(6+0)=12
train/24112.jpg,(7*2)+1=15
train/24113.jpg,5*1+1=6
train/24114.jpg,8*0+8=8
train/24115.jpg,3-5+0=-2
train/24116.jpg,(9+8)+4=21
train/24117.jpg,2-(7-3)=-2
train/24118.jpg,2-(1+9)=-8
train/24119.jpg,7*3-6=15
train/24120.jpg,5*(3+2)=25
train/24121.jpg,8+(7-3)=12
train/24122.jpg,0+(7+9)=16
train/24123.jpg,6-(5-2)=3
train/24124.jpg,7+(7+8)=22
train/24125.jpg,(6+2)+2=10
train/24126.jpg,2*(2*6)=24
train/24127.jpg,(8-4)+2=6
train/24128.jpg,(3-5)*1=-2
train/24129.jpg,1*6*8=48
train/24130.jpg,2+(7+8)=17
train/24131.jpg,(9*2)*9=162
train/24132.jpg,0-(2+7)=-9
train/24133.jpg,(1*3)+7=10
train/24134.jpg,3-1-6=-4
train/24135.jpg,1+7-9=-1
train/24136.jpg,8*8-5=59
train/24137.jpg,9+2*8=25
train/24138.jpg,(4-8)+1=-3
train/24139.jpg,4*8-9=23
train/24140.jpg,(6*2)*7=84
train/24141.jpg,6-1*9=-3
train/24142.jpg,(0-0)*6=0
train/24143.jpg,8-4-0=4
train/24144.jpg,2-8*3=-22
train/24145.jpg,(1-7)*6=-36
train/24146.jpg,(2-6)*4=-16
train/24147.jpg,(9-3)+6=12
train/24148.jpg,5*(4*5)=100
train/24149.jpg,2-5*3=-13
train/24150.jpg,(8-2)*3=18
train/24151.jpg,2+4-4=2
train/24152.jpg,(7*3)*3=63
train/24153.jpg,(8+2)*1=10
train/24154.jpg,2-3+1=0
train/24155.jpg,(8+7)*2=30
train/24156.jpg,8+(0*5)=8
train/24157.jpg,6-4+0=2
train/24158.jpg,1+7+8=16
train/24159.jpg,1-2*8=-15
train/24160.jpg,0-1-7=-8
train/24161.jpg,4+(5*4)=24
train/24162.jpg,6+8-6=8
train/24163.jpg,9*(2+6)=72
train/24164.jpg,1-6-8=-13
train/24165.jpg,2*3+2=8
train/24166.jpg,(4*6)+0=24
train/24167.jpg,5*3+6=21
train/24168.jpg,1*(3-6)=-3
train/24169.jpg,(7-3)+9=13
train/24170.jpg,(7-3)+9=13
train/24171.jpg,8+(6*5)=38
train/24172.jpg,(6+3)-1=8
train/24173.jpg,4*0-5=-5
train/24174.jpg,4-6-4=-6
train/24175.jpg,2*8*0=0
train/24176.jpg,8*(3-4)=-8
train/24177.jpg,6+(6-5)=7
train/24178.jpg,(7*0)-5=-5
train/24179.jpg,(4+8)*6=72
train/24180.jpg,1+(9+6)=16
train/24181.jpg,7*(9*6)=378
train/24182.jpg,0-(9-3)=-6
train/24183.jpg,1+(3-5)=-1
train/24184.jpg,8+(7+5)=20
train/24185.jpg,2+(6-7)=1
train/24186.jpg,9*1-8=1
train/24187.jpg,(4-0)+2=6
train/24188.jpg,(1+3)-7=-3
train/24189.jpg,3-8*3=-21
train/24190.jpg,9-2+3=10
train/24191.jpg,7*(3*9)=189
train/24192.jpg,9-7-9=-7
train/24193.jpg,5+(2-7)=0
train/24194.jpg,1*7-9=-2
train/24195.jpg,(4*2)-9=-1
train/24196.jpg,1*3+6=9
train/24197.jpg,1-4+7=4
train/24198.jpg,0+8-5=3
train/24199.jpg,9+5+6=20
train/24200.jpg,2*(9-1)=16
train/24201.jpg,(2+4)+0=6
train/24202.jpg,(4*5)-6=14
train/24203.jpg,(5*3)+8=23
train/24204.jpg,(5*7)-4=31
train/24205.jpg,(2+8)*7=70
train/24206.jpg,4-9*8=-68
train/24207.jpg,6*(1*5)=30
train/24208.jpg,5-(5-4)=4
train/24209.jpg,1+1+8=10
train/24210.jpg,(8-5)*7=21
train/24211.jpg,5*(1*2)=10
train/24212.jpg,(5+1)+5=11
train/24213.jpg,6*2-6=6
train/24214.jpg,3*9*1=27
train/24215.jpg,9-5-0=4
train/24216.jpg,(4-3)-8=-7
train/24217.jpg,1*(3*9)=27
train/24218.jpg,(6*4)+4=28
train/24219.jpg,5+(6*7)=47
train/24220.jpg,2*1*2=4
train/24221.jpg,2+7-2=7
train/24222.jpg,(2-4)+9=7
train/24223.jpg,3+7*5=38
train/24224.jpg,(5-8)-5=-8
train/24225.jpg,5+(1*8)=13
train/24226.jpg,3*(5-7)=-6
train/24227.jpg,5-4+4=5
train/24228.jpg,9*9+0=81
train/24229.jpg,7-(2+9)=-4
train/24230.jpg,(1+4)-3=2
train/24231.jpg,0+5+0=5
train/24232.jpg,1+9+3=13
train/24233.jpg,(5*8)*1=40
train/24234.jpg,1+(5-5)=1
train/24235.jpg,0*1+6=6
train/24236.jpg,(5+2)+2=9
train/24237.jpg,2-5+7=4
train/24238.jpg,1-(8-7)=0
train/24239.jpg,(0*8)-4=-4
train/24240.jpg,3*3+4=13
train/24241.jpg,(7-7)*6=0
train/24242.jpg,7-(0-4)=11
train/24243.jpg,(7+5)*3=36
train/24244.jpg,(4+0)-7=-3
train/24245.jpg,0+(2*6)=12
train/24246.jpg,6*(3+7)=60
train/24247.jpg,2*(7-7)=0
train/24248.jpg,6*4+9=33
train/24249.jpg,(7*7)+6=55
train/24250.jpg,6-(6*7)=-36
train/24251.jpg,(8-2)-8=-2
train/24252.jpg,2*(7+1)=16
train/24253.jpg,(3*5)-9=6
train/24254.jpg,3*(8*2)=48
train/24255.jpg,(4+7)*5=55
train/24256.jpg,4+9*1=13
train/24257.jpg,3+6-4=5
train/24258.jpg,4+(2-6)=0
train/24259.jpg,4-3*3=-5
train/24260.jpg,6+1*4=10
train/24261.jpg,(9*4)*5=180
train/24262.jpg,8-(0*3)=8
train/24263.jpg,0-3*3=-9
train/24264.jpg,3*5*4=60
train/24265.jpg,7-3*0=7
train/24266.jpg,2-3+2=1
train/24267.jpg,6-(7+3)=-4
train/24268.jpg,2+(7+0)=9
train/24269.jpg,4-(5*3)=-11
train/24270.jpg,(2*0)-6=-6
train/24271.jpg,2-8-3=-9
train/24272.jpg,(3*4)-1=11
train/24273.jpg,5-4*2=-3
train/24274.jpg,(6*0)+8=8
train/24275.jpg,2+(9-0)=11
train/24276.jpg,(3+6)*5=45
train/24277.jpg,2-(0+5)=-3
train/24278.jpg,1-(0-4)=5
train/24279.jpg,1+0*6=1
train/24280.jpg,7-(9-1)=-1
train/24281.jpg,(8-7)-2=-1
train/24282.jpg,(4+9)*7=91
train/24283.jpg,7+8-8=7
train/24284.jpg,4+(9*4)=40
train/24285.jpg,(2*4)*5=40
train/24286.jpg,(6*8)+8=56
train/24287.jpg,4-3-3=-2
train/24288.jpg,(1*2)-4=-2
train/24289.jpg,9+3+2=14
train/24290.jpg,7-(2+0)=5
train/24291.jpg,3-8*3=-21
train/24292.jpg,(1*1)-4=-3
train/24293.jpg,8-9-1=-2
train/24294.jpg,(7*7)+6=55
train/24295.jpg,(9-9)*2=0
train/24296.jpg,5*7-8=27
train/24297.jpg,(7-6)+6=7
train/24298.jpg,6*8+5=53
train/24299.jpg,(0*9)-2=-2
train/24300.jpg,2*1*5=10
train/24301.jpg,(5+5)-5=5
train/24302.jpg,5+(6*0)=5
train/24303.jpg,(9-4)*5=25
train/24304.jpg,(5*6)*4=120
train/24305.jpg,2+(5+3)=10
train/24306.jpg,2*(1+2)=6
train/24307.jpg,0-(0*4)=0
train/24308.jpg,8-(4+0)=4
train/24309.jpg,3-(1*5)=-2
train/24310.jpg,5*(3-0)=15
train/24311.jpg,0*(1*7)=0
train/24312.jpg,1*(3-6)=-3
train/24313.jpg,6*5+2=32
train/24314.jpg,(2+5)*4=28
train/24315.jpg,(4-9)*6=-30
train/24316.jpg,1*3+3=6
train/24317.jpg,6+8+4=18
train/24318.jpg,(8*3)+7=31
train/24319.jpg,0-(6+5)=-11
train/24320.jpg,7-(9-1)=-1
train/24321.jpg,8*9*3=216
train/24322.jpg,7*(3+2)=35
train/24323.jpg,0*9*2=0
train/24324.jpg,(5-3)+2=4
train/24325.jpg,0*0+7=7
train/24326.jpg,9-(2+5)=2
train/24327.jpg,8*(8-1)=56
train/24328.jpg,1*(5+0)=5
train/24329.jpg,0+(7*9)=63
train/24330.jpg,0*1+8=8
train/24331.jpg,8+(5+1)=14
train/24332.jpg,0*3+8=8
train/24333.jpg,7-(7*1)=0
train/24334.jpg,8*8+3=67
train/24335.jpg,(5*2)*4=40
train/24336.jpg,(8*7)-2=54
train/24337.jpg,(3-6)-9=-12
train/24338.jpg,(6+2)+8=16
train/24339.jpg,4+1-2=3
train/24340.jpg,(8+3)-6=5
train/24341.jpg,(0*6)+0=0
train/24342.jpg,(8-7)+2=3
train/24343.jpg,2-8+7=1
train/24344.jpg,8+(3-9)=2
train/24345.jpg,9*(2-5)=-27
train/24346.jpg,5+6-7=4
train/24347.jpg,3-(0-8)=11
train/24348.jpg,9+5+5=19
train/24349.jpg,2+(0+1)=3
train/24350.jpg,(5+2)*1=7
train/24351.jpg,4+(0-4)=0
train/24352.jpg,5-0-6=-1
train/24353.jpg,7*8+7=63
train/24354.jpg,(4+9)*3=39
train/24355.jpg,(8*1)-6=2
train/24356.jpg,4-(8-8)=4
train/24357.jpg,7*5-9=26
train/24358.jpg,7+3+0=10
train/24359.jpg,(2*6)+0=12
train/24360.jpg,6-(4*0)=6
train/24361.jpg,2-9-1=-8
train/24362.jpg,1+(9-7)=3
train/24363.jpg,4+9*2=22
train/24364.jpg,3+1+0=4
train/24365.jpg,8*2+9=25
train/24366.jpg,9*(8-7)=9
train/24367.jpg,5*6*9=270
train/24368.jpg,8-(2*9)=-10
train/24369.jpg,3*0+8=8
train/24370.jpg,7*7*0=0
train/24371.jpg,9-8*5=-31
train/24372.jpg,9+(2-0)=11
train/24373.jpg,(2-2)-7=-7
train/24374.jpg,(9-0)*9=81
train/24375.jpg,0-2+5=3
train/24376.jpg,3+7+3=13
train/24377.jpg,1+(7+6)=14
train/24378.jpg,0-4+2=-2
train/24379.jpg,(9-8)*4=4
train/24380.jpg,9*(7*9)=567
train/24381.jpg,4-4*9=-32
train/24382.jpg,1-(6+6)=-11
train/24383.jpg,1+3*0=1
train/24384.jpg,4*(3*2)=24
train/24385.jpg,4*2-3=5
train/24386.jpg,8*(8+0)=64
train/24387.jpg,(1-2)+4=3
train/24388.jpg,3*9-4=23
train/24389.jpg,4*(6-6)=0
train/24390.jpg,4*1+3=7
train/24391.jpg,(8-4)+8=12
train/24392.jpg,(0*4)*3=0
train/24393.jpg,(4*0)+6=6
train/24394.jpg,9*2+9=27
train/24395.jpg,5-(5-9)=9
train/24396.jpg,(8-7)*9=9
train/24397.jpg,8-(1*7)=1
train/24398.jpg,(5*0)-6=-6
train/24399.jpg,0*(3-0)=0
train/24400.jpg,9*(3*5)=135
train/24401.jpg,(4-1)*0=0
train/24402.jpg,(3-7)-8=-12
train/24403.jpg,5-4+5=6
train/24404.jpg,(6-5)+8=9
train/24405.jpg,9-(8*7)=-47
train/24406.jpg,3-6*8=-45
train/24407.jpg,(9+0)+2=11
train/24408.jpg,6+(9*8)=78
train/24409.jpg,1-2*8=-15
train/24410.jpg,(0+3)*4=12
train/24411.jpg,4*(3*4)=48
train/24412.jpg,(5*5)+4=29
train/24413.jpg,0-4*3=-12
train/24414.jpg,6*(5+5)=60
train/24415.jpg,5+7+7=19
train/24416.jpg,6+(0-3)=3
train/24417.jpg,3-2-1=0
train/24418.jpg,2+(2*5)=12
train/24419.jpg,7*(0+8)=56
train/24420.jpg,6+(9*0)=6
train/24421.jpg,2+2*1=4
train/24422.jpg,7-(6-0)=1
train/24423.jpg,(4*1)+0=4
train/24424.jpg,9+7*7=58
train/24425.jpg,(4-2)*4=8
train/24426.jpg,0-7*9=-63
train/24427.jpg,1*(2+0)=2
train/24428.jpg,2-(6+9)=-13
train/24429.jpg,(5*1)-0=5
train/24430.jpg,(6*2)-4=8
train/24431.jpg,0*6-9=-9
train/24432.jpg,(2-6)-4=-8
train/24433.jpg,(3*0)-3=-3
train/24434.jpg,(2*3)*6=36
train/24435.jpg,5-9+0=-4
train/24436.jpg,9*2*9=162
train/24437.jpg,(6+5)+7=18
train/24438.jpg,(8*3)-0=24
train/24439.jpg,(8-5)-8=-5
train/24440.jpg,(3+8)*2=22
train/24441.jpg,6-(5-3)=4
train/24442.jpg,(3*2)*5=30
train/24443.jpg,(8-9)+0=-1
train/24444.jpg,9*5-1=44
train/24445.jpg,(1+1)-8=-6
train/24446.jpg,6+1*6=12
train/24447.jpg,6*5+1=31
train/24448.jpg,6-(0*1)=6
train/24449.jpg,(1*0)*8=0
train/24450.jpg,6*(7+0)=42
train/24451.jpg,2-(4*9)=-34
train/24452.jpg,7+9*0=7
train/24453.jpg,(7-3)*2=8
train/24454.jpg,3+9*1=12
train/24455.jpg,(1-4)*8=-24
train/24456.jpg,5+2-2=5
train/24457.jpg,(3-2)-0=1
train/24458.jpg,(6+5)-8=3
train/24459.jpg,0+(0*0)=0
train/24460.jpg,(5+8)+3=16
train/24461.jpg,6*5+0=30
train/24462.jpg,(7-2)+3=8
train/24463.jpg,1-(7-4)=-2
train/24464.jpg,2+(3*9)=29
train/24465.jpg,3-(2-7)=8
train/24466.jpg,5*(5*9)=225
train/24467.jpg,(0-5)*8=-40
train/24468.jpg,4+(0+1)=5
train/24469.jpg,(5+7)+7=19
train/24470.jpg,(7-6)-5=-4
train/24471.jpg,8-(0*3)=8
train/24472.jpg,(5-7)*4=-8
train/24473.jpg,0-3*9=-27
train/24474.jpg,(3-9)-7=-13
train/24475.jpg,2-(2-6)=6
train/24476.jpg,2-1-2=-1
train/24477.jpg,(8-1)-8=-1
train/24478.jpg,6*3+0=18
train/24479.jpg,8+3-5=6
train/24480.jpg,8*(0+8)=64
train/24481.jpg,2+(1+2)=5
train/24482.jpg,2-2+2=2
train/24483.jpg,5-6-7=-8
train/24484.jpg,9+(0-4)=5
train/24485.jpg,0-(9+0)=-9
train/24486.jpg,3+7+0=10
train/24487.jpg,7-(2+0)=5
train/24488.jpg,8-(2+5)=1
train/24489.jpg,(0+2)-1=1
train/24490.jpg,1-1-3=-3
train/24491.jpg,8+6+6=20
train/24492.jpg,4-9*7=-59
train/24493.jpg,(8-7)*6=6
train/24494.jpg,7-(1+0)=6
train/24495.jpg,(1*8)+0=8
train/24496.jpg,8-(7+0)=1
train/24497.jpg,0*9*5=0
train/24498.jpg,5-(8*6)=-43
train/24499.jpg,(8+5)*6=78
train/24500.jpg,8+(3-2)=9
train/24501.jpg,(7*6)+9=51
train/24502.jpg,9*(3-8)=-45
train/24503.jpg,3*(9-3)=18
train/24504.jpg,0-1-3=-4
train/24505.jpg,3+(6-9)=0
train/24506.jpg,3+(2-2)=3
train/24507.jpg,(5-5)+7=7
train/24508.jpg,5*2-9=1
train/24509.jpg,6*7+2=44
train/24510.jpg,3*7+6=27
train/24511.jpg,(2*4)+1=9
train/24512.jpg,3-(8+0)=-5
train/24513.jpg,8-9*2=-10
train/24514.jpg,(4+7)+5=16
train/24515.jpg,4*(6-9)=-12
train/24516.jpg,(9*4)*8=288
train/24517.jpg,6+6*3=24
train/24518.jpg,(8-1)*7=49
train/24519.jpg,7+2-9=0
train/24520.jpg,(5*8)-2=38
train/24521.jpg,(8*5)*4=160
train/24522.jpg,6-(2+1)=3
train/24523.jpg,1-(1+3)=-3
train/24524.jpg,9*(9+5)=126
train/24525.jpg,(9*7)+7=70
train/24526.jpg,1*5+2=7
train/24527.jpg,(9+9)*2=36
train/24528.jpg,(6-6)-5=-5
train/24529.jpg,(2*1)+9=11
train/24530.jpg,(0*5)+3=3
train/24531.jpg,6+6-2=10
train/24532.jpg,(8*9)*9=648
train/24533.jpg,3-(5-1)=-1
train/24534.jpg,4-(4*7)=-24
train/24535.jpg,6+(7+0)=13
train/24536.jpg,9+(0-7)=2
train/24537.jpg,3*(9*5)=135
train/24538.jpg,0+(1-2)=-1
train/24539.jpg,0-(6-8)=2
train/24540.jpg,6+(5+1)=12
train/24541.jpg,9*(5-1)=36
train/24542.jpg,(1*1)+5=6
train/24543.jpg,(5*4)-4=16
train/24544.jpg,(8-0)-4=4
train/24545.jpg,5+0+1=6
train/24546.jpg,(2*0)+0=0
train/24547.jpg,(8+5)+7=20
train/24548.jpg,9*(7+5)=108
train/24549.jpg,(9+2)-7=4
train/24550.jpg,(2-4)-6=-8
train/24551.jpg,1+8*2=17
train/24552.jpg,(4*8)-9=23
train/24553.jpg,(1*8)*2=16
train/24554.jpg,6*(8-2)=36
train/24555.jpg,7-(6+9)=-8
train/24556.jpg,2+4-4=2
train/24557.jpg,(7+3)-4=6
train/24558.jpg,(2+7)*6=54
train/24559.jpg,6+(8*0)=6
train/24560.jpg,0*8+1=1
train/24561.jpg,(9-8)+9=10
train/24562.jpg,(3*9)*7=189
train/24563.jpg,7*(9*7)=441
train/24564.jpg,1+7*8=57
train/24565.jpg,1+3*2=7
train/24566.jpg,(6+4)+8=18
train/24567.jpg,0-7*4=-28
train/24568.jpg,8+(4-1)=11
train/24569.jpg,3-5*7=-32
train/24570.jpg,(4*0)*1=0
train/24571.jpg,(9-2)*3=21
train/24572.jpg,2-6-6=-10
train/24573.jpg,1+(8+6)=15
train/24574.jpg,5*7-3=32
train/24575.jpg,(8*5)+1=41
train/24576.jpg,4*(2-1)=4
train/24577.jpg,(9*2)-9=9
train/24578.jpg,5-6-0=-1
train/24579.jpg,(7-1)-6=0
train/24580.jpg,(8+3)*1=11
train/24581.jpg,(6*2)-6=6
train/24582.jpg,1-3+5=3
train/24583.jpg,2+9*8=74
train/24584.jpg,5*0*0=0
train/24585.jpg,0+0+5=5
train/24586.jpg,4-4+1=1
train/24587.jpg,8-(9-9)=8
train/24588.jpg,4*(3+1)=16
train/24589.jpg,7+7*2=21
train/24590.jpg,5+1+8=14
train/24591.jpg,(5-8)*8=-24
train/24592.jpg,4-0*8=4
train/24593.jpg,3*(9*6)=162
train/24594.jpg,5-(9-1)=-3
train/24595.jpg,(8*6)+4=52
train/24596.jpg,5-(5-4)=4
train/24597.jpg,4+8+4=16
train/24598.jpg,6*(8+4)=72
train/24599.jpg,3*6-1=17
train/24600.jpg,5-4-9=-8
train/24601.jpg,7+5+3=15
train/24602.jpg,5*2+5=15
train/24603.jpg,8*1*1=8
train/24604.jpg,4+7*1=11
train/24605.jpg,(7-0)*8=56
train/24606.jpg,7+7-9=5
train/24607.jpg,2*(8*3)=48
train/24608.jpg,(3*3)-9=0
train/24609.jpg,4*(7*8)=224
train/24610.jpg,7*(4-7)=-21
train/24611.jpg,1-8-0=-7
train/24612.jpg,4+(3+1)=8
train/24613.jpg,3*6*1=18
train/24614.jpg,3*(7*3)=63
train/24615.jpg,5-5*3=-10
train/24616.jpg,(6+1)+7=14
train/24617.jpg,2-(2-9)=9
train/24618.jpg,6-(5-7)=8
train/24619.jpg,3+(6-6)=3
train/24620.jpg,5-5+4=4
train/24621.jpg,1*1+8=9
train/24622.jpg,4-7*6=-38
train/24623.jpg,(2-5)-8=-11
train/24624.jpg,8-(6-0)=2
train/24625.jpg,6*6+5=41
train/24626.jpg,2-6*8=-46
train/24627.jpg,8-(7+1)=0
train/24628.jpg,3*4+0=12
train/24629.jpg,5+9+4=18
train/24630.jpg,2*3-0=6
train/24631.jpg,7*0-8=-8
train/24632.jpg,7*8-1=55
train/24633.jpg,5+8-0=13
train/24634.jpg,6*5-8=22
train/24635.jpg,0*3+0=0
train/24636.jpg,6+(1-6)=1
train/24637.jpg,4-(3+7)=-6
train/24638.jpg,(8+9)*5=85
train/24639.jpg,(2+6)*5=40
train/24640.jpg,2-8+5=-1
train/24641.jpg,1-5-8=-12
train/24642.jpg,5-(1-5)=9
train/24643.jpg,(0-8)+7=-1
train/24644.jpg,(5+3)*8=64
train/24645.jpg,(9*3)-8=19
train/24646.jpg,1-(4-2)=-1
train/24647.jpg,3*4+6=18
train/24648.jpg,0*(9+4)=0
train/24649.jpg,5-2+7=10
train/24650.jpg,2*7*0=0
train/24651.jpg,(3*3)-5=4
train/24652.jpg,(3*9)+0=27
train/24653.jpg,2*(2-1)=2
train/24654.jpg,3*5-2=13
train/24655.jpg,9-3+8=14
train/24656.jpg,0+(6-8)=-2
train/24657.jpg,9*4+8=44
train/24658.jpg,7-7*5=-28
train/24659.jpg,1+9+5=15
train/24660.jpg,2*5+7=17
train/24661.jpg,(8-9)-3=-4
train/24662.jpg,8*(0*3)=0
train/24663.jpg,3+(8-7)=4
train/24664.jpg,9*(6-6)=0
train/24665.jpg,9-0*2=9
train/24666.jpg,6+(3*6)=24
train/24667.jpg,(3+0)-6=-3
train/24668.jpg,(8-2)*2=12
train/24669.jpg,5+(6*0)=5
train/24670.jpg,(0+8)-9=-1
train/24671.jpg,(2+4)+6=12
train/24672.jpg,7+(3+1)=11
train/24673.jpg,7*(0+0)=0
train/24674.jpg,(6-3)+1=4
train/24675.jpg,(4*7)*3=84
train/24676.jpg,(0-9)-2=-11
train/24677.jpg,(1+9)*9=90
train/24678.jpg,4+(3*3)=13
train/24679.jpg,7-(3+0)=4
train/24680.jpg,2-2-3=-3
train/24681.jpg,(6*5)+5=35
train/24682.jpg,(6-4)-0=2
train/24683.jpg,2+(9*1)=11
train/24684.jpg,(1+7)-5=3
train/24685.jpg,(9+0)+5=14
train/24686.jpg,6-6-7=-7
train/24687.jpg,(2-9)+8=1
train/24688.jpg,(1-2)+1=0
train/24689.jpg,6*(2-6)=-24
train/24690.jpg,7+(0-0)=7
train/24691.jpg,3*4+5=17
train/24692.jpg,8*3*8=192
train/24693.jpg,(4-6)+3=1
train/24694.jpg,3*(4+4)=24
train/24695.jpg,5-1*7=-2
train/24696.jpg,9-9*5=-36
train/24697.jpg,5+(6-3)=8
train/24698.jpg,7-(5+0)=2
train/24699.jpg,(1*4)-8=-4
train/24700.jpg,3*(9+2)=33
train/24701.jpg,(5+4)*3=27
train/24702.jpg,(6+2)-5=3
train/24703.jpg,0+7+6=13
train/24704.jpg,0*1*3=0
train/24705.jpg,(3*7)-4=17
train/24706.jpg,2*(9+4)=26
train/24707.jpg,(4*5)+4=24
train/24708.jpg,2-(8+1)=-7
train/24709.jpg,6*(1*8)=48
train/24710.jpg,9-(4*6)=-15
train/24711.jpg,7+0+8=15
train/24712.jpg,6+(9*0)=6
train/24713.jpg,8-(5-0)=3
train/24714.jpg,8+5*4=28
train/24715.jpg,1-7+4=-2
train/24716.jpg,5-(1+4)=0
train/24717.jpg,5+(5-1)=9
train/24718.jpg,(0*4)*1=0
train/24719.jpg,(4+4)*0=0
train/24720.jpg,(8-8)-5=-5
train/24721.jpg,3+2-5=0
train/24722.jpg,0-(4+3)=-7
train/24723.jpg,3+(5-5)=3
train/24724.jpg,6+2*3=12
train/24725.jpg,5+2*2=9
train/24726.jpg,5+2*2=9
train/24727.jpg,7+8*4=39
train/24728.jpg,4*(5*3)=60
train/24729.jpg,9+5+1=15
train/24730.jpg,3-4-6=-7
train/24731.jpg,7-(8*4)=-25
train/24732.jpg,(8+7)*3=45
train/24733.jpg,2*5-6=4
train/24734.jpg,2-4*3=-10
train/24735.jpg,1+(6+3)=10
train/24736.jpg,1-8+1=-6
train/24737.jpg,(9+2)*0=0
train/24738.jpg,(2+7)*5=45
train/24739.jpg,1+(8-7)=2
train/24740.jpg,(8-4)+5=9
train/24741.jpg,(6*6)*8=288
train/24742.jpg,8+(9+2)=19
train/24743.jpg,5-1+5=9
train/24744.jpg,5-(3+5)=-3
train/24745.jpg,(1-1)-4=-4
train/24746.jpg,(3-7)*3=-12
train/24747.jpg,2*(5*2)=20
train/24748.jpg,(0-6)-0=-6
train/24749.jpg,2-(5-9)=6
train/24750.jpg,5*(2+3)=25
train/24751.jpg,5*(7+2)=45
train/24752.jpg,0+4-5=-1
train/24753.jpg,6+(5-3)=8
train/24754.jpg,(2*2)-8=-4
train/24755.jpg,2+2-3=1
train/24756.jpg,6+(6*6)=42
train/24757.jpg,6+(9-7)=8
train/24758.jpg,(7*7)+6=55
train/24759.jpg,7+(2-0)=9
train/24760.jpg,4+3*4=16
train/24761.jpg,3*5-7=8
train/24762.jpg,2-(3*3)=-7
train/24763.jpg,1*9*0=0
train/24764.jpg,(1*7)*2=14
train/24765.jpg,0+8+6=14
train/24766.jpg,(7-8)-2=-3
train/24767.jpg,(9-7)+1=3
train/24768.jpg,6+(0+6)=12
train/24769.jpg,8-9+5=4
train/24770.jpg,3+(2*9)=21
train/24771.jpg,(2+0)-8=-6
train/24772.jpg,2*5*3=30
train/24773.jpg,(2-8)-0=-6
train/24774.jpg,(6-8)*9=-18
train/24775.jpg,(2*5)+2=12
train/24776.jpg,3-1-7=-5
train/24777.jpg,5*(1-6)=-25
train/24778.jpg,9*0+7=7
train/24779.jpg,9+7*9=72
train/24780.jpg,0-(6*0)=0
train/24781.jpg,(2-7)+9=4
train/24782.jpg,6-9-6=-9
train/24783.jpg,5-(5*1)=0
train/24784.jpg,9+5*9=54
train/24785.jpg,5+(2-0)=7
train/24786.jpg,3-7+1=-3
train/24787.jpg,9+4-4=9
train/24788.jpg,7-2*8=-9
train/24789.jpg,4-5+9=8
train/24790.jpg,(4*8)-6=26
train/24791.jpg,1*(9*0)=0
train/24792.jpg,4*1*8=32
train/24793.jpg,7-0*5=7
train/24794.jpg,6-8*9=-66
train/24795.jpg,2*0-4=-4
train/24796.jpg,(3-1)*2=4
train/24797.jpg,(7+1)*4=32
train/24798.jpg,8-4*3=-4
train/24799.jpg,(9+4)-0=13
train/24800.jpg,(2+8)+1=11
train/24801.jpg,(6+7)-6=7
train/24802.jpg,9+0+9=18
train/24803.jpg,8-9*7=-55
train/24804.jpg,9-(5*8)=-31
train/24805.jpg,3+(4-0)=7
train/24806.jpg,2-7+9=4
train/24807.jpg,(9*2)-2=16
train/24808.jpg,(6+0)*9=54
train/24809.jpg,5*(8+1)=45
train/24810.jpg,5-9*9=-76
train/24811.jpg,5-0+5=10
train/24812.jpg,(0-2)*5=-10
train/24813.jpg,2-(5+5)=-8
train/24814.jpg,3+(8+8)=19
train/24815.jpg,4*(6-3)=12
train/24816.jpg,(7*0)+9=9
train/24817.jpg,0-8-0=-8
train/24818.jpg,(5-6)-7=-8
train/24819.jpg,(9+5)*1=14
train/24820.jpg,(3+2)-2=3
train/24821.jpg,(5*5)+3=28
train/24822.jpg,0*(8+2)=0
train/24823.jpg,(2*3)*4=24
train/24824.jpg,3-7*0=3
train/24825.jpg,8+(3-0)=11
train/24826.jpg,5+4+9=18
train/24827.jpg,(8+4)*8=96
train/24828.jpg,1+(4+6)=11
train/24829.jpg,9-1*6=3
train/24830.jpg,(1-8)*2=-14
train/24831.jpg,(9+8)+0=17
train/24832.jpg,6*(6*0)=0
train/24833.jpg,(6*5)-8=22
train/24834.jpg,(4+6)-0=10
train/24835.jpg,(7+1)*3=24
train/24836.jpg,4*0-9=-9
train/24837.jpg,(7*8)*2=112
train/24838.jpg,7+(0+3)=10
train/24839.jpg,8-6*3=-10
train/24840.jpg,8+(3+4)=15
train/24841.jpg,4*(2*1)=8
train/24842.jpg,4-(9-9)=4
train/24843.jpg,7*(2-4)=-14
train/24844.jpg,(5*8)-4=36
train/24845.jpg,1*(2*2)=4
train/24846.jpg,1+7*2=15
train/24847.jpg,1-(4+7)=-10
train/24848.jpg,(0*1)+6=6
train/24849.jpg,0*1-4=-4
train/24850.jpg,(5+0)*3=15
train/24851.jpg,1+4+0=5
train/24852.jpg,(9-2)+6=13
train/24853.jpg,0-(9+9)=-18
train/24854.jpg,(8-6)-9=-7
train/24855.jpg,8*(4-6)=-16
train/24856.jpg,1*(4*7)=28
train/24857.jpg,(2+1)+8=11
train/24858.jpg,4-9*7=-59
train/24859.jpg,(6*3)+3=21
train/24860.jpg,8*3+5=29
train/24861.jpg,9*4*9=324
train/24862.jpg,(7*7)+2=51
train/24863.jpg,7*(4*7)=196
train/24864.jpg,(5-5)*9=0
train/24865.jpg,6*3*2=36
train/24866.jpg,(1*6)*9=54
train/24867.jpg,(7+4)+9=20
train/24868.jpg,(1*2)*2=4
train/24869.jpg,(3+9)-4=8
train/24870.jpg,0-1*7=-7
train/24871.jpg,8-(0+2)=6
train/24872.jpg,8-4*1=4
train/24873.jpg,9+(7+9)=25
train/24874.jpg,1+8+5=14
train/24875.jpg,1-3-4=-6
train/24876.jpg,(3-2)-2=-1
train/24877.jpg,0+5*2=10
train/24878.jpg,1*(7*4)=28
train/24879.jpg,2+(6-5)=3
train/24880.jpg,6+4*7=34
train/24881.jpg,(6+0)-8=-2
train/24882.jpg,5+(2+8)=15
train/24883.jpg,7*9*8=504
train/24884.jpg,(9-2)*2=14
train/24885.jpg,4*8*8=256
train/24886.jpg,4-8+3=-1
train/24887.jpg,(7+2)-8=1
train/24888.jpg,5+(8+5)=18
train/24889.jpg,(6-1)+0=5
train/24890.jpg,3-(4-0)=-1
train/24891.jpg,(8-1)+9=16
train/24892.jpg,5+(3*4)=17
train/24893.jpg,1+3*4=13
train/24894.jpg,1*(1-1)=0
train/24895.jpg,9-(0+5)=4
train/24896.jpg,(1+1)-0=2
train/24897.jpg,0+(2+9)=11
train/24898.jpg,(2-6)+3=-1
train/24899.jpg,4+(9*8)=76
train/24900.jpg,(8+4)*3=36
train/24901.jpg,1-0+1=2
train/24902.jpg,7-6+0=1
train/24903.jpg,2*3-9=-3
train/24904.jpg,3*6*5=90
train/24905.jpg,9-(6+2)=1
train/24906.jpg,5*(3+2)=25
train/24907.jpg,7-(9+2)=-4
train/24908.jpg,(2*7)+6=20
train/24909.jpg,6-6*4=-18
train/24910.jpg,5+(7+5)=17
train/24911.jpg,0+3+1=4
train/24912.jpg,(4-2)*4=8
train/24913.jpg,0-7-1=-8
train/24914.jpg,3+(0+7)=10
train/24915.jpg,(4+1)-9=-4
train/24916.jpg,6*(0+8)=48
train/24917.jpg,1+(6*9)=55
train/24918.jpg,8+(9-6)=11
train/24919.jpg,(2-8)-8=-14
train/24920.jpg,3-(3-3)=3
train/24921.jpg,7+(9*1)=16
train/24922.jpg,0*(8*8)=0
train/24923.jpg,0-(6+0)=-6
train/24924.jpg,(7-8)-5=-6
train/24925.jpg,9-4-9=-4
train/24926.jpg,5*(1*6)=30
train/24927.jpg,7+(5+7)=19
train/24928.jpg,3+4*5=23
train/24929.jpg,(8*4)+1=33
train/24930.jpg,(5+3)+5=13
train/24931.jpg,8-(4+3)=1
train/24932.jpg,0-8-3=-11
train/24933.jpg,(3+9)-8=4
train/24934.jpg,(5-6)+3=2
train/24935.jpg,5-6+9=8
train/24936.jpg,2-0*2=2
train/24937.jpg,(5*9)+3=48
train/24938.jpg,(0+3)+6=9
train/24939.jpg,(1-8)-7=-14
train/24940.jpg,(3*6)+8=26
train/24941.jpg,0-(4+4)=-8
train/24942.jpg,5+(6*3)=23
train/24943.jpg,0+(7-1)=6
train/24944.jpg,6*(9*2)=108
train/24945.jpg,(9+0)-8=1
train/24946.jpg,3+8*5=43
train/24947.jpg,3+9-4=8
train/24948.jpg,(9*5)*5=225
train/24949.jpg,6+(5+6)=17
train/24950.jpg,9*9+5=86
train/24951.jpg,0-(1*4)=-4
train/24952.jpg,4+6*1=10
train/24953.jpg,(8-7)-3=-2
train/24954.jpg,5+(2+0)=7
train/24955.jpg,0+(3+9)=12
train/24956.jpg,(2+1)-2=1
train/24957.jpg,2*(0*8)=0
train/24958.jpg,(3*3)-0=9
train/24959.jpg,4-(1-5)=8
train/24960.jpg,8-0-4=4
train/24961.jpg,9*2-1=17
train/24962.jpg,(0-4)*2=-8
train/24963.jpg,0-(0-6)=6
train/24964.jpg,4-8*6=-44
train/24965.jpg,6*7+5=47
train/24966.jpg,6+(9-6)=9
train/24967.jpg,(6+2)*4=32
train/24968.jpg,1+(5+3)=9
train/24969.jpg,9-(3*6)=-9
train/24970.jpg,7+7-1=13
train/24971.jpg,(1-6)*1=-5
train/24972.jpg,9*5+7=52
train/24973.jpg,4-(4*0)=4
train/24974.jpg,6*7*0=0
train/24975.jpg,2*(1-3)=-4
train/24976.jpg,5+(8*5)=45
train/24977.jpg,2-2*1=0
train/24978.jpg,3+7*3=24
train/24979.jpg,7*4*5=140
train/24980.jpg,(3*3)+2=11
train/24981.jpg,9*(5-3)=18
train/24982.jpg,8+(3-0)=11
train/24983.jpg,4-(5-0)=-1
train/24984.jpg,1+(1*5)=6
train/24985.jpg,4*0-0=0
train/24986.jpg,1-(3+2)=-4
train/24987.jpg,2+8*4=34
train/24988.jpg,0*(3*2)=0
train/24989.jpg,8*(9*4)=288
train/24990.jpg,1*(2-3)=-1
train/24991.jpg,4+(8*4)=36
train/24992.jpg,(0-9)*6=-54
train/24993.jpg,(6+3)+0=9
train/24994.jpg,0+(9-1)=8
train/24995.jpg,6+5-9=2
train/24996.jpg,6*5*4=120
train/24997.jpg,9+(1*4)=13
train/24998.jpg,1*(4*0)=0
train/24999.jpg,5+(2+3)=10
train/25000.jpg,(5+1)-7=-1
train/25001.jpg,9*(4-3)=9
train/25002.jpg,5+5-5=5
train/25003.jpg,(7+9)-5=11
train/25004.jpg,7*(5+3)=56
train/25005.jpg,6-(3-0)=3
train/25006.jpg,8-8*4=-24
train/25007.jpg,6-6-3=-3
train/25008.jpg,8+(0*0)=8
train/25009.jpg,(6+3)*7=63
train/25010.jpg,0*(9*8)=0
train/25011.jpg,(8-0)-7=1
train/25012.jpg,1+(0+1)=2
train/25013.jpg,(0*3)-5=-5
train/25014.jpg,(4*3)+4=16
train/25015.jpg,(3+8)-0=11
train/25016.jpg,2+(3-0)=5
train/25017.jpg,3-4+8=7
train/25018.jpg,(5*3)-5=10
train/25019.jpg,(5*4)+1=21
train/25020.jpg,4+(9*6)=58
train/25021.jpg,9-(3*4)=-3
train/25022.jpg,(5*4)*0=0
train/25023.jpg,(1+0)*9=9
train/25024.jpg,(5-9)+6=2
train/25025.jpg,(9*4)*6=216
train/25026.jpg,0-(5+9)=-14
train/25027.jpg,0*(0-6)=0
train/25028.jpg,(6*3)+0=18
train/25029.jpg,0*(0+1)=0
train/25030.jpg,7-(5-9)=11
train/25031.jpg,0*(6*6)=0
train/25032.jpg,2+(5+8)=15
train/25033.jpg,6*(7+4)=66
train/25034.jpg,0*1*9=0
train/25035.jpg,6+6-1=11
train/25036.jpg,7+2+9=18
train/25037.jpg,3-(7+0)=-4
train/25038.jpg,1+(8-0)=9
train/25039.jpg,(5-5)-2=-2
train/25040.jpg,(2+3)-6=-1
train/25041.jpg,3+1+5=9
train/25042.jpg,(1*2)*0=0
train/25043.jpg,9+7+8=24
train/25044.jpg,2*5-8=2
train/25045.jpg,1-(8-2)=-5
train/25046.jpg,5+(5+7)=17
train/25047.jpg,4+8*2=20
train/25048.jpg,(3-1)-1=1
train/25049.jpg,8-4+4=8
train/25050.jpg,(8*8)+5=69
train/25051.jpg,6-4*4=-10
train/25052.jpg,(7+9)-4=12
train/25053.jpg,2*(8+6)=28
train/25054.jpg,(9+4)+1=14
train/25055.jpg,9-6+7=10
train/25056.jpg,1+(9*7)=64
train/25057.jpg,7+(7-9)=5
train/25058.jpg,(7*8)+1=57
train/25059.jpg,8*(5-5)=0
train/25060.jpg,2-6-6=-10
train/25061.jpg,(9-1)*8=64
train/25062.jpg,9-(8+3)=-2
train/25063.jpg,(7*7)*2=98
train/25064.jpg,1*3-8=-5
train/25065.jpg,3+5-5=3
train/25066.jpg,3*(8+3)=33
train/25067.jpg,3*1-6=-3
train/25068.jpg,3-1*8=-5
train/25069.jpg,1-(0-4)=5
train/25070.jpg,2+5+2=9
train/25071.jpg,0+(7-9)=-2
train/25072.jpg,(0+9)*7=63
train/25073.jpg,1*(9*9)=81
train/25074.jpg,(5+1)+2=8
train/25075.jpg,(1+8)+6=15
train/25076.jpg,(9*8)+5=77
train/25077.jpg,6+(5+2)=13
train/25078.jpg,1+(7+6)=14
train/25079.jpg,0*8-4=-4
train/25080.jpg,5*8-5=35
train/25081.jpg,1*(4+5)=9
train/25082.jpg,2-(6-1)=-3
train/25083.jpg,0-4+5=1
train/25084.jpg,9*(7*2)=126
train/25085.jpg,9*7+1=64
train/25086.jpg,1-(5*2)=-9
train/25087.jpg,4*0-9=-9
train/25088.jpg,4+(5*3)=19
train/25089.jpg,5*(7*0)=0
train/25090.jpg,0+(7*3)=21
train/25091.jpg,(7*8)-5=51
train/25092.jpg,5+1+1=7
train/25093.jpg,6-(7+7)=-8
train/25094.jpg,(6+1)+0=7
train/25095.jpg,1*5-0=5
train/25096.jpg,7+(8+5)=20
train/25097.jpg,6-(0+0)=6
train/25098.jpg,(7*9)*8=504
train/25099.jpg,4-(6+2)=-4
train/25100.jpg,6*1-7=-1
train/25101.jpg,7*(0*5)=0
train/25102.jpg,9*5*0=0
train/25103.jpg,(7*5)+8=43
train/25104.jpg,2+7+4=13
train/25105.jpg,7-(4*3)=-5
train/25106.jpg,9+5-0=14
train/25107.jpg,4*5*2=40
train/25108.jpg,9*(0*3)=0
train/25109.jpg,(2-4)-4=-6
train/25110.jpg,3*7*5=105
train/25111.jpg,8+(9*9)=89
train/25112.jpg,1+3+1=5
train/25113.jpg,(9*2)-0=18
train/25114.jpg,9-(0*7)=9
train/25115.jpg,(3+5)+3=11
train/25116.jpg,2+(1-5)=-2
train/25117.jpg,8*8+4=68
train/25118.jpg,7*6*0=0
train/25119.jpg,9*6*8=432
train/25120.jpg,9*2+6=24
train/25121.jpg,9+(3-3)=9
train/25122.jpg,0-(4-5)=1
train/25123.jpg,4*5+0=20
train/25124.jpg,7+(8*3)=31
train/25125.jpg,0*(3+0)=0
train/25126.jpg,7-(6+8)=-7
train/25127.jpg,(8+7)*1=15
train/25128.jpg,(4*8)+0=32
train/25129.jpg,(9*7)*9=567
train/25130.jpg,0-(1*8)=-8
train/25131.jpg,9-(0+4)=5
train/25132.jpg,(5*3)+5=20
train/25133.jpg,(7+5)*5=60
train/25134.jpg,1-(5*4)=-19
train/25135.jpg,4-(7+7)=-10
train/25136.jpg,7+(6*7)=49
train/25137.jpg,3*7-6=15
train/25138.jpg,(2+5)*8=56
train/25139.jpg,(9*8)*3=216
train/25140.jpg,0+(6*5)=30
train/25141.jpg,(1-6)+8=3
train/25142.jpg,(0*2)-4=-4
train/25143.jpg,(7*5)+3=38
train/25144.jpg,(0-9)+3=-6
train/25145.jpg,4-8+3=-1
train/25146.jpg,(0+5)-0=5
train/25147.jpg,(4*9)-2=34
train/25148.jpg,4-3+4=5
train/25149.jpg,(8+2)*9=90
train/25150.jpg,(9*9)-6=75
train/25151.jpg,(8-5)-7=-4
train/25152.jpg,5*(7+7)=70
train/25153.jpg,(2+7)*0=0
train/25154.jpg,3-0*4=3
train/25155.jpg,6+5*4=26
train/25156.jpg,2-(8-1)=-5
train/25157.jpg,0*7-8=-8
train/25158.jpg,1+5-2=4
train/25159.jpg,0-3*2=-6
train/25160.jpg,9+(4*8)=41
train/25161.jpg,3-2*2=-1
train/25162.jpg,2-(4*5)=-18
train/25163.jpg,0-5*8=-40
train/25164.jpg,0-(4+4)=-8
train/25165.jpg,1*(5+1)=6
train/25166.jpg,3-(4+3)=-4
train/25167.jpg,9+(9*3)=36
train/25168.jpg,(3*5)*4=60
train/25169.jpg,(6+2)*5=40
train/25170.jpg,(4-7)*4=-12
train/25171.jpg,5+6*0=5
train/25172.jpg,2+5+5=12
train/25173.jpg,(4-1)+6=9
train/25174.jpg,6-9*0=6
train/25175.jpg,6*8-7=41
train/25176.jpg,(7+4)+0=11
train/25177.jpg,3*8*0=0
train/25178.jpg,0-(3+6)=-9
train/25179.jpg,0+(8*6)=48
train/25180.jpg,(8+0)-0=8
train/25181.jpg,(1+5)+9=15
train/25182.jpg,(4-1)-7=-4
train/25183.jpg,6+4+9=19
train/25184.jpg,6+0*7=6
train/25185.jpg,1-5-2=-6
train/25186.jpg,(2-5)+6=3
train/25187.jpg,8-4*5=-12
train/25188.jpg,(2-9)*1=-7
train/25189.jpg,8+7+2=17
train/25190.jpg,4+6*8=52
train/25191.jpg,9-2*3=3
train/25192.jpg,1*7-0=7
train/25193.jpg,7*(1-4)=-21
train/25194.jpg,(5+9)-8=6
train/25195.jpg,5-(3-5)=7
train/25196.jpg,1+(1*3)=4
train/25197.jpg,(5*9)-8=37
train/25198.jpg,(6+9)+8=23
train/25199.jpg,5*6-4=26
train/25200.jpg,(5-9)+0=-4
train/25201.jpg,3*(1-1)=0
train/25202.jpg,7+(3*8)=31
train/25203.jpg,(2-9)+4=-3
train/25204.jpg,4+1*2=6
train/25205.jpg,7*(2+7)=63
train/25206.jpg,9*(3+1)=36
train/25207.jpg,6*4*7=168
train/25208.jpg,3*(2+6)=24
train/25209.jpg,(5-4)*3=3
train/25210.jpg,5*8-8=32
train/25211.jpg,(3+5)*1=8
train/25212.jpg,7-(0*6)=7
train/25213.jpg,5+(2-8)=-1
train/25214.jpg,9-(0+0)=9
train/25215.jpg,(0+4)*0=0
train/25216.jpg,2-(7*9)=-61
train/25217.jpg,(5*9)*6=270
train/25218.jpg,6*(7*4)=168
train/25219.jpg,5-5-2=-2
train/25220.jpg,1+(6*5)=31
train/25221.jpg,1+5*0=1
train/25222.jpg,(8+6)+5=19
train/25223.jpg,8+(0*1)=8
train/25224.jpg,4-2+6=8
train/25225.jpg,(8+6)-5=9
train/25226.jpg,0*(8+0)=0
train/25227.jpg,(1*4)*1=4
train/25228.jpg,(7*9)-3=60
train/25229.jpg,8+3-6=5
train/25230.jpg,(6*5)-5=25
train/25231.jpg,(7+6)*4=52
train/25232.jpg,(6+2)*4=32
train/25233.jpg,7-(4-8)=11
train/25234.jpg,1*(9-8)=1
train/25235.jpg,3-0-5=-2
train/25236.jpg,(0-3)*0=0
train/25237.jpg,(9*9)+9=90
train/25238.jpg,(1*9)+4=13
train/25239.jpg,1+(4*8)=33
train/25240.jpg,8-7-8=-7
train/25241.jpg,4*(9*5)=180
train/25242.jpg,4*3-4=8
train/25243.jpg,5-(8-7)=4
train/25244.jpg,(0*2)-4=-4
train/25245.jpg,(2-9)*0=0
train/25246.jpg,(0-6)*6=-36
train/25247.jpg,1-2+2=1
train/25248.jpg,5+1*1=6
train/25249.jpg,0-5-2=-7
train/25250.jpg,(8+2)+4=14
train/25251.jpg,4+9*5=49
train/25252.jpg,(1+0)-3=-2
train/25253.jpg,5-4*0=5
train/25254.jpg,6+(6+2)=14
train/25255.jpg,(6-1)-0=5
train/25256.jpg,1+(7*5)=36
train/25257.jpg,4-9-5=-10
train/25258.jpg,5*(0+3)=15
train/25259.jpg,5*(8+9)=85
train/25260.jpg,(6-5)*2=2
train/25261.jpg,5*2-2=8
train/25262.jpg,(9-9)-6=-6
train/25263.jpg,7*(5-2)=21
train/25264.jpg,6-(4*4)=-10
train/25265.jpg,8+2+7=17
train/25266.jpg,2-6*7=-40
train/25267.jpg,5*(9*3)=135
train/25268.jpg,(0*6)+5=5
train/25269.jpg,(3-5)-7=-9
train/25270.jpg,3+0+4=7
train/25271.jpg,2*7-9=5
train/25272.jpg,5*(9-1)=40
train/25273.jpg,2+(9+9)=20
train/25274.jpg,(2*2)+7=11
train/25275.jpg,8-(8*5)=-32
train/25276.jpg,(9+6)-7=8
train/25277.jpg,(7*3)*2=42
train/25278.jpg,7-7+7=7
train/25279.jpg,5+(5*9)=50
train/25280.jpg,(0*3)-3=-3
train/25281.jpg,8*3*9=216
train/25282.jpg,8*(9*9)=648
train/25283.jpg,(0-3)+2=-1
train/25284.jpg,(0*3)*9=0
train/25285.jpg,3+5-3=5
train/25286.jpg,3-6*7=-39
train/25287.jpg,(0*1)*1=0
train/25288.jpg,1*(6-4)=2
train/25289.jpg,6-4*8=-26
train/25290.jpg,7-(2*0)=7
train/25291.jpg,(1*3)*4=12
train/25292.jpg,(0*8)-8=-8
train/25293.jpg,7-4+4=7
train/25294.jpg,2*(6*2)=24
train/25295.jpg,3+(4-3)=4
train/25296.jpg,9-8*2=-7
train/25297.jpg,0-9-8=-17
train/25298.jpg,2*(8*7)=112
train/25299.jpg,1-6+3=-2
train/25300.jpg,1+9-4=6
train/25301.jpg,8-(7+3)=-2
train/25302.jpg,3*(1*4)=12
train/25303.jpg,0*(1-7)=0
train/25304.jpg,5*9-6=39
train/25305.jpg,3*(8*4)=96
train/25306.jpg,(0-7)+6=-1
train/25307.jpg,2*(6*3)=36
train/25308.jpg,(0+1)+8=9
train/25309.jpg,6-(9*7)=-57
train/25310.jpg,(2*7)-0=14
train/25311.jpg,6*6*0=0
train/25312.jpg,0-(9+4)=-13
train/25313.jpg,5-(9*5)=-40
train/25314.jpg,0*(6+6)=0
train/25315.jpg,2*6+2=14
train/25316.jpg,0+4+6=10
train/25317.jpg,(3*3)+7=16
train/25318.jpg,1+(4-0)=5
train/25319.jpg,7+2+4=13
train/25320.jpg,0+1-7=-6
train/25321.jpg,8*5-8=32
train/25322.jpg,4*(5-0)=20
train/25323.jpg,6-(3-9)=12
train/25324.jpg,3+8*2=19
train/25325.jpg,4*(0-4)=-16
train/25326.jpg,6*(8+3)=66
train/25327.jpg,7-(9*8)=-65
train/25328.jpg,(9*5)*8=360
train/25329.jpg,5-6+7=6
train/25330.jpg,(2+9)*2=22
train/25331.jpg,(5-6)-1=-2
train/25332.jpg,(9-0)+0=9
train/25333.jpg,(2+2)*2=8
train/25334.jpg,8-(6-4)=6
train/25335.jpg,7*9*1=63
train/25336.jpg,(8*5)+4=44
train/25337.jpg,(1*8)+7=15
train/25338.jpg,5-5+1=1
train/25339.jpg,(2*1)+4=6
train/25340.jpg,0*1+2=2
train/25341.jpg,1*9+3=12
train/25342.jpg,4+(5+4)=13
train/25343.jpg,5*2*9=90
train/25344.jpg,6*(8*0)=0
train/25345.jpg,2-(9-2)=-5
train/25346.jpg,4-(2-5)=7
train/25347.jpg,(7+2)*9=81
train/25348.jpg,(2+1)-3=0
train/25349.jpg,6*4-9=15
train/25350.jpg,(4-0)+0=4
train/25351.jpg,8*8+1=65
train/25352.jpg,6+5+7=18
train/25353.jpg,4*(7-9)=-8
train/25354.jpg,3*(0+0)=0
train/25355.jpg,6-5+2=3
train/25356.jpg,3*(2+7)=27
train/25357.jpg,5+0+9=14
train/25358.jpg,9*7-5=58
train/25359.jpg,8*5*0=0
train/25360.jpg,0-1*9=-9
train/25361.jpg,6+(2+1)=9
train/25362.jpg,(1*4)+9=13
train/25363.jpg,3*5-4=11
train/25364.jpg,9*9*2=162
train/25365.jpg,7-3-7=-3
train/25366.jpg,3+3-8=-2
train/25367.jpg,8*2-0=16
train/25368.jpg,(1+6)-1=6
train/25369.jpg,4-2+8=10
train/25370.jpg,(3+1)+4=8
train/25371.jpg,3*(6-5)=3
train/25372.jpg,2+(1-1)=2
train/25373.jpg,(6+2)+5=13
train/25374.jpg,4*(2+1)=12
train/25375.jpg,8*(3+7)=80
train/25376.jpg,(7*3)*7=147
train/25377.jpg,(7-7)+6=6
train/25378.jpg,4+(0-2)=2
train/25379.jpg,8-5*1=3
train/25380.jpg,5+5-4=6
train/25381.jpg,7+(2-8)=1
train/25382.jpg,(1+5)+9=15
train/25383.jpg,6*(5+0)=30
train/25384.jpg,0+8-2=6
train/25385.jpg,4+8-4=8
train/25386.jpg,4*4*2=32
train/25387.jpg,(8+6)-3=11
train/25388.jpg,(1-8)*8=-56
train/25389.jpg,6+(2+6)=14
train/25390.jpg,(5+2)+4=11
train/25391.jpg,(7+7)*8=112
train/25392.jpg,(2+0)*4=8
train/25393.jpg,8+(8+9)=25
train/25394.jpg,(3*1)-3=0
train/25395.jpg,5-9-7=-11
train/25396.jpg,8-7+8=9
train/25397.jpg,7+7-4=10
train/25398.jpg,(8-3)*7=35
train/25399.jpg,(6+9)+8=23
train/25400.jpg,6+(9*5)=51
train/25401.jpg,3+(3*9)=30
train/25402.jpg,(6+8)-9=5
train/25403.jpg,0+2*9=18
train/25404.jpg,3-9*1=-6
train/25405.jpg,(4-7)*6=-18
train/25406.jpg,3*1*7=21
train/25407.jpg,(9*3)-9=18
train/25408.jpg,9-(7+8)=-6
train/25409.jpg,(3*0)+8=8
train/25410.jpg,8+(8+1)=17
train/25411.jpg,(8-2)-7=-1
train/25412.jpg,(5-7)+8=6
train/25413.jpg,4*(9*3)=108
train/25414.jpg,(3-1)-2=0
train/25415.jpg,2+0*7=2
train/25416.jpg,4+(3-8)=-1
train/25417.jpg,7*6-0=42
train/25418.jpg,9-1+8=16
train/25419.jpg,(5-3)*9=18
train/25420.jpg,3-2+1=2
train/25421.jpg,0+1*3=3
train/25422.jpg,(6+2)*6=48
train/25423.jpg,4*(1+1)=8
train/25424.jpg,9+2*2=13
train/25425.jpg,(5+6)+8=19
train/25426.jpg,4-(7+0)=-3
train/25427.jpg,1-(8*0)=1
train/25428.jpg,6+7+4=17
train/25429.jpg,0*5+3=3
train/25430.jpg,4-3*8=-20
train/25431.jpg,(8*8)+9=73
train/25432.jpg,6*9-7=47
train/25433.jpg,(8-3)-0=5
train/25434.jpg,8*(0*4)=0
train/25435.jpg,(9*1)+9=18
train/25436.jpg,(9-8)*1=1
train/25437.jpg,0+(2*9)=18
train/25438.jpg,7-3-9=-5
train/25439.jpg,7-(1+6)=0
train/25440.jpg,0-(3*2)=-6
train/25441.jpg,(1*2)-5=-3
train/25442.jpg,2-(5-1)=-2
train/25443.jpg,8*(9-2)=56
train/25444.jpg,3+(2*6)=15
train/25445.jpg,9+5+4=18
train/25446.jpg,5+(8*5)=45
train/25447.jpg,0+(6*1)=6
train/25448.jpg,6+(7+3)=16
train/25449.jpg,1-2+8=7
train/25450.jpg,(1+6)-4=3
train/25451.jpg,9+(7-5)=11
train/25452.jpg,7*5-5=30
train/25453.jpg,(6-0)+4=10
train/25454.jpg,(1+6)-0=7
train/25455.jpg,(9+9)+4=22
train/25456.jpg,(6+5)-9=2
train/25457.jpg,3*(4-4)=0
train/25458.jpg,3+5*9=48
train/25459.jpg,7-(8-2)=1
train/25460.jpg,3-5+4=2
train/25461.jpg,4*(2+3)=20
train/25462.jpg,(1+7)+1=9
train/25463.jpg,(9*8)+4=76
train/25464.jpg,7+5-9=3
train/25465.jpg,(6-6)*1=0
train/25466.jpg,6+(3*0)=6
train/25467.jpg,0*(4+9)=0
train/25468.jpg,5+(1*7)=12
train/25469.jpg,(1+0)*5=5
train/25470.jpg,0+6*7=42
train/25471.jpg,7*(0+0)=0
train/25472.jpg,(2*5)*2=20
train/25473.jpg,0*4-4=-4
train/25474.jpg,(3*4)*6=72
train/25475.jpg,(8+6)+1=15
train/25476.jpg,1*3-8=-5
train/25477.jpg,1-(3-5)=3
train/25478.jpg,8*(6+8)=112
train/25479.jpg,(6-1)-5=0
train/25480.jpg,7+(1-8)=0
train/25481.jpg,0-3-0=-3
train/25482.jpg,4+9+9=22
train/25483.jpg,(2+2)*9=36
train/25484.jpg,2*(6*4)=48
train/25485.jpg,(1-3)-1=-3
train/25486.jpg,2+(1+4)=7
train/25487.jpg,(6+9)+0=15
train/25488.jpg,4*(5+9)=56
train/25489.jpg,5-2+9=12
train/25490.jpg,6+(2*0)=6
train/25491.jpg,0-(6*3)=-18
train/25492.jpg,2*(3-9)=-12
train/25493.jpg,6-(7*0)=6
train/25494.jpg,4*0+1=1
train/25495.jpg,9*(9-7)=18
train/25496.jpg,(7*8)*7=392
train/25497.jpg,2-8*1=-6
train/25498.jpg,1+4*4=17
train/25499.jpg,4-(5*5)=-21
train/25500.jpg,(2*5)*4=40
train/25501.jpg,3+5*7=38
train/25502.jpg,4+(2+7)=13
train/25503.jpg,1*1-8=-7
train/25504.jpg,9+7+8=24
train/25505.jpg,8-(8+4)=-4
train/25506.jpg,2*9*8=144
train/25507.jpg,1+2+1=4
train/25508.jpg,8+(5-2)=11
train/25509.jpg,(7*8)*6=336
train/25510.jpg,(4+2)-5=1
train/25511.jpg,0-(1-6)=5
train/25512.jpg,4-(4+4)=-4
train/25513.jpg,(6+2)+9=17
train/25514.jpg,9-0-8=1
train/25515.jpg,7*(7+4)=77
train/25516.jpg,(2*9)*0=0
train/25517.jpg,3*5+1=16
train/25518.jpg,5+(1*9)=14
train/25519.jpg,1+6-6=1
train/25520.jpg,3-(7*3)=-18
train/25521.jpg,8-6+8=10
train/25522.jpg,2*3*9=54
train/25523.jpg,8-9-4=-5
train/25524.jpg,4-0+9=13
train/25525.jpg,(9-7)+8=10
train/25526.jpg,5+(4*9)=41
train/25527.jpg,5-1+0=4
train/25528.jpg,2*(3+1)=8
train/25529.jpg,7*(6+8)=98
train/25530.jpg,(3+1)*2=8
train/25531.jpg,(8-3)-4=1
train/25532.jpg,3*4*1=12
train/25533.jpg,9+(0-1)=8
train/25534.jpg,4-4-6=-6
train/25535.jpg,(6-3)+1=4
train/25536.jpg,4-(9*5)=-41
train/25537.jpg,7*5+8=43
train/25538.jpg,2+(2*4)=10
train/25539.jpg,8*(1*0)=0
train/25540.jpg,1-0-8=-7
train/25541.jpg,(5*6)+0=30
train/25542.jpg,(9*8)+6=78
train/25543.jpg,(6+1)+6=13
train/25544.jpg,3*(7+3)=30
train/25545.jpg,3-(7*4)=-25
train/25546.jpg,(6+3)*7=63
train/25547.jpg,3+(5*4)=23
train/25548.jpg,1+5+2=8
train/25549.jpg,1+0-7=-6
train/25550.jpg,(6-9)-1=-4
train/25551.jpg,2-6+6=2
train/25552.jpg,6*0*6=0
train/25553.jpg,4-2-8=-6
train/25554.jpg,9-1*7=2
train/25555.jpg,4+1*9=13
train/25556.jpg,7-(9+4)=-6
train/25557.jpg,1+2+1=4
train/25558.jpg,(6+8)*3=42
train/25559.jpg,0-(6-0)=-6
train/25560.jpg,8-(9+9)=-10
train/25561.jpg,3+9+0=12
train/25562.jpg,5*2*0=0
train/25563.jpg,2-5+4=1
train/25564.jpg,0-(6*7)=-42
train/25565.jpg,(6*1)*2=12
train/25566.jpg,0+(3+2)=5
train/25567.jpg,(6*1)*9=54
train/25568.jpg,7+8+9=24
train/25569.jpg,8-1-2=5
train/25570.jpg,(9*4)+3=39
train/25571.jpg,(9*8)-0=72
train/25572.jpg,8+(1+8)=17
train/25573.jpg,(6+1)+2=9
train/25574.jpg,7+(4+9)=20
train/25575.jpg,2*(0+8)=16
train/25576.jpg,1+9*7=64
train/25577.jpg,(4+9)*0=0
train/25578.jpg,7-(7-5)=5
train/25579.jpg,9*(2*3)=54
train/25580.jpg,6*(2+4)=36
train/25581.jpg,9-(9-1)=1
train/25582.jpg,(5*3)*0=0
train/25583.jpg,(6+5)*5=55
train/25584.jpg,(9*6)*1=54
train/25585.jpg,1-3+0=-2
train/25586.jpg,4+(0*4)=4
train/25587.jpg,2-(1+0)=1
train/25588.jpg,(3+7)-5=5
train/25589.jpg,(4+4)-0=8
train/25590.jpg,7+(5+2)=14
train/25591.jpg,(4+8)-9=3
train/25592.jpg,8*9+3=75
train/25593.jpg,5-(5*6)=-25
train/25594.jpg,6+9-5=10
train/25595.jpg,(8*3)*7=168
train/25596.jpg,(6*8)-6=42
train/25597.jpg,(8+2)+2=12
train/25598.jpg,(2*2)+1=5
train/25599.jpg,1*(7-6)=1
train/25600.jpg,8+(2*3)=14
train/25601.jpg,7+(3-1)=9
train/25602.jpg,0+(2-9)=-7
train/25603.jpg,(3*4)+0=12
train/25604.jpg,0*(5*9)=0
train/25605.jpg,(0-6)+2=-4
train/25606.jpg,2+(3*4)=14
train/25607.jpg,0-(4*6)=-24
train/25608.jpg,(0*4)+9=9
train/25609.jpg,0*2+7=7
train/25610.jpg,6-2+7=11
train/25611.jpg,2*6*1=12
train/25612.jpg,7-(9*5)=-38
train/25613.jpg,0+(4*2)=8
train/25614.jpg,9+(0*1)=9
train/25615.jpg,(8-1)+1=8
train/25616.jpg,(0+4)+5=9
train/25617.jpg,3-(7-9)=5
train/25618.jpg,1-(9*0)=1
train/25619.jpg,8*6-0=48
train/25620.jpg,7-5*5=-18
train/25621.jpg,7*(8-6)=14
train/25622.jpg,5*2-6=4
train/25623.jpg,9*(8+7)=135
train/25624.jpg,3*(2-1)=3
train/25625.jpg,0+3-8=-5
train/25626.jpg,(5+6)+2=13
train/25627.jpg,(0-6)-5=-11
train/25628.jpg,2-0+5=7
train/25629.jpg,5+2-1=6
train/25630.jpg,3-4*8=-29
train/25631.jpg,(1*2)+7=9
train/25632.jpg,2*(8*2)=32
train/25633.jpg,(2+8)*9=90
train/25634.jpg,3-(3*1)=0
train/25635.jpg,(6+3)-5=4
train/25636.jpg,(1*6)*3=18
train/25637.jpg,1+4+7=12
train/25638.jpg,(8+1)+2=11
train/25639.jpg,2*8+1=17
train/25640.jpg,(9-3)+5=11
train/25641.jpg,1*5*3=15
train/25642.jpg,(8-8)+0=0
train/25643.jpg,4+(1-1)=4
train/25644.jpg,(1+3)*8=32
train/25645.jpg,(2*5)*3=30
train/25646.jpg,2+(6+9)=17
train/25647.jpg,5+(6-2)=9
train/25648.jpg,6-1*9=-3
train/25649.jpg,2*7+5=19
train/25650.jpg,1*2-0=2
train/25651.jpg,5-(7*4)=-23
train/25652.jpg,1+(6*7)=43
train/25653.jpg,6-2+6=10
train/25654.jpg,(2+1)+2=5
train/25655.jpg,(6*0)*8=0
train/25656.jpg,8*(1-8)=-56
train/25657.jpg,7+9-4=12
train/25658.jpg,6+(3+0)=9
train/25659.jpg,9-2*6=-3
train/25660.jpg,5*8-6=34
train/25661.jpg,2-(8*8)=-62
train/25662.jpg,4*3+1=13
train/25663.jpg,8*9*5=360
train/25664.jpg,(8-9)-6=-7
train/25665.jpg,(9+3)*5=60
train/25666.jpg,8*2+0=16
train/25667.jpg,4+7*9=67
train/25668.jpg,4-9+5=0
train/25669.jpg,9*(6-9)=-27
train/25670.jpg,4*9+3=39
train/25671.jpg,1+4-9=-4
train/25672.jpg,(5+3)*4=32
train/25673.jpg,1-(3+1)=-3
train/25674.jpg,2+(4+3)=9
train/25675.jpg,4-(6+7)=-9
train/25676.jpg,2-(2*2)=-2
train/25677.jpg,(2-8)*1=-6
train/25678.jpg,1*8-1=7
train/25679.jpg,(5-9)+5=1
train/25680.jpg,8*5*6=240
train/25681.jpg,0-(8+1)=-9
train/25682.jpg,(4+3)-5=2
train/25683.jpg,4*0+0=0
train/25684.jpg,1-8+6=-1
train/25685.jpg,9-(6-9)=12
train/25686.jpg,(8-2)*2=12
train/25687.jpg,(2-8)*8=-48
train/25688.jpg,7-(9+9)=-11
train/25689.jpg,2-4*0=2
train/25690.jpg,7-1+6=12
train/25691.jpg,(2*7)+3=17
train/25692.jpg,2-(3-3)=2
train/25693.jpg,7*3+4=25
train/25694.jpg,(8-2)*8=48
train/25695.jpg,1+(7-0)=8
train/25696.jpg,8*3*6=144
train/25697.jpg,(2*5)+0=10
train/25698.jpg,8+9+8=25
train/25699.jpg,(5-7)-8=-10
train/25700.jpg,2-9+1=-6
train/25701.jpg,6+(6-8)=4
train/25702.jpg,6+1*1=7
train/25703.jpg,2-9*3=-25
train/25704.jpg,3*(0*0)=0
train/25705.jpg,5*5+7=32
train/25706.jpg,5*(1*1)=5
train/25707.jpg,1-8+8=1
train/25708.jpg,(1*6)*6=36
train/25709.jpg,2*(4*6)=48
train/25710.jpg,0-(3-8)=5
train/25711.jpg,4*(9+5)=56
train/25712.jpg,0-(2*8)=-16
train/25713.jpg,(0+2)+0=2
train/25714.jpg,(9*2)*6=108
train/25715.jpg,8-1-0=7
train/25716.jpg,2-(4*3)=-10
train/25717.jpg,2*(1*8)=16
train/25718.jpg,1*8*9=72
train/25719.jpg,(1-6)-4=-9
train/25720.jpg,(8*0)+3=3
train/25721.jpg,(7+2)+9=18
train/25722.jpg,9+8-1=16
train/25723.jpg,(4*8)-8=24
train/25724.jpg,4*(7+0)=28
train/25725.jpg,9*(6+7)=117
train/25726.jpg,(2-9)-4=-11
train/25727.jpg,(6*6)+3=39
train/25728.jpg,(3+2)*3=15
train/25729.jpg,2*6-9=3
train/25730.jpg,(5*4)*7=140
train/25731.jpg,9+1+8=18
train/25732.jpg,2+(1+2)=5
train/25733.jpg,3*(5*1)=15
train/25734.jpg,1*5-0=5
train/25735.jpg,6-(9*9)=-75
train/25736.jpg,(7-8)*0=0
train/25737.jpg,(8*1)*0=0
train/25738.jpg,4-(0+0)=4
train/25739.jpg,6-8*2=-10
train/25740.jpg,(6-3)*2=6
train/25741.jpg,1-2*0=1
train/25742.jpg,(7+3)+0=10
train/25743.jpg,3*(8-1)=21
train/25744.jpg,2*(3+0)=6
train/25745.jpg,(4+5)-8=1
train/25746.jpg,(9+8)+4=21
train/25747.jpg,4-(4-0)=0
train/25748.jpg,(5-2)+4=7
train/25749.jpg,6+(1-7)=0
train/25750.jpg,(2+0)+6=8
train/25751.jpg,9*6+9=63
train/25752.jpg,5-(6-0)=-1
train/25753.jpg,6+(2+8)=16
train/25754.jpg,(7*7)-0=49
train/25755.jpg,(7-9)+5=3
train/25756.jpg,6*3+3=21
train/25757.jpg,3-(2*5)=-7
train/25758.jpg,(0+6)*6=36
train/25759.jpg,5+4*9=41
train/25760.jpg,0+(0-4)=-4
train/25761.jpg,7-2*7=-7
train/25762.jpg,2*2*4=16
train/25763.jpg,9*9*0=0
train/25764.jpg,9-8+2=3
train/25765.jpg,3+9*3=30
train/25766.jpg,7+9+8=24
train/25767.jpg,9*3+9=36
train/25768.jpg,(1+8)-2=7
train/25769.jpg,3*7-8=13
train/25770.jpg,7-(8-9)=8
train/25771.jpg,(8-5)-6=-3
train/25772.jpg,0*7-8=-8
train/25773.jpg,(7-5)-2=0
train/25774.jpg,(8-9)-5=-6
train/25775.jpg,9*(0+3)=27
train/25776.jpg,2-7-5=-10
train/25777.jpg,7+(8-2)=13
train/25778.jpg,(5-1)+7=11
train/25779.jpg,3*9+8=35
train/25780.jpg,8-0-2=6
train/25781.jpg,1*2*9=18
train/25782.jpg,(5*5)-9=16
train/25783.jpg,3+(6-6)=3
train/25784.jpg,(3-8)*5=-25
train/25785.jpg,1+(0+8)=9
train/25786.jpg,(8-4)*3=12
train/25787.jpg,3+(4-2)=5
train/25788.jpg,(2*9)-5=13
train/25789.jpg,4+(5+4)=13
train/25790.jpg,2*0*0=0
train/25791.jpg,3-4+0=-1
train/25792.jpg,(1+1)*7=14
train/25793.jpg,(0+6)-4=2
train/25794.jpg,9*9+1=82
train/25795.jpg,7-9+6=4
train/25796.jpg,(0+1)*1=1
train/25797.jpg,(1-1)*9=0
train/25798.jpg,(5*0)*4=0
train/25799.jpg,9+(6*9)=63
train/25800.jpg,9*7+0=63
train/25801.jpg,4+4*7=32
train/25802.jpg,(6*8)-1=47
train/25803.jpg,6-(7+1)=-2
train/25804.jpg,5+(4*3)=17
train/25805.jpg,7+(5*4)=27
train/25806.jpg,6+(3-9)=0
train/25807.jpg,4-4+1=1
train/25808.jpg,8+2+6=16
train/25809.jpg,5-(6-5)=4
train/25810.jpg,9+(7+4)=20
train/25811.jpg,9*9-7=74
train/25812.jpg,9-(3-6)=12
train/25813.jpg,9*0-7=-7
train/25814.jpg,8+3-6=5
train/25815.jpg,(7-9)+5=3
train/25816.jpg,7-2-1=4
train/25817.jpg,1+8*1=9
train/25818.jpg,(4*7)+3=31
train/25819.jpg,8+6+8=22
train/25820.jpg,(2*9)*9=162
train/25821.jpg,7+2+8=17
train/25822.jpg,(5+4)-2=7
train/25823.jpg,2+(1+5)=8
train/25824.jpg,6-(8*0)=6
train/25825.jpg,8+9+9=26
train/25826.jpg,1-7*9=-62
train/25827.jpg,2+4-9=-3
train/25828.jpg,7+(5+0)=12
train/25829.jpg,5*9-2=43
train/25830.jpg,(0*1)+8=8
train/25831.jpg,(4*3)-3=9
train/25832.jpg,6-6+8=8
train/25833.jpg,(5-4)-9=-8
train/25834.jpg,7-1+6=12
train/25835.jpg,1*7+7=14
train/25836.jpg,(3*5)+0=15
train/25837.jpg,(7*1)*3=21
train/25838.jpg,8-(7-5)=6
train/25839.jpg,0*(0-5)=0
train/25840.jpg,0*7-6=-6
train/25841.jpg,0-(5+9)=-14
train/25842.jpg,4+(3+8)=15
train/25843.jpg,(8*8)-4=60
train/25844.jpg,(8+9)+1=18
train/25845.jpg,2-9+3=-4
train/25846.jpg,7+4*4=23
train/25847.jpg,8-(8*6)=-40
train/25848.jpg,(1-8)*4=-28
train/25849.jpg,4+(0-9)=-5
train/25850.jpg,0*4+2=2
train/25851.jpg,(1-5)*6=-24
train/25852.jpg,3+(1+6)=10
train/25853.jpg,2+(6*5)=32
train/25854.jpg,1-(3*3)=-8
train/25855.jpg,1*5-8=-3
train/25856.jpg,(3+9)*6=72
train/25857.jpg,5*5+0=25
train/25858.jpg,6*2-2=10
train/25859.jpg,3-1-2=0
train/25860.jpg,4+4+1=9
train/25861.jpg,(7-5)-4=-2
train/25862.jpg,5+(7+5)=17
train/25863.jpg,(8+5)*0=0
train/25864.jpg,6-(7-0)=-1
train/25865.jpg,(7+9)+1=17
train/25866.jpg,5*0-2=-2
train/25867.jpg,(5+7)+3=15
train/25868.jpg,8-3-1=4
train/25869.jpg,9+(1*4)=13
train/25870.jpg,(0-0)*3=0
train/25871.jpg,6*(8-4)=24
train/25872.jpg,0-2-2=-4
train/25873.jpg,(4*0)-8=-8
train/25874.jpg,5-0*3=5
train/25875.jpg,7-(5-1)=3
train/25876.jpg,(0*2)+0=0
train/25877.jpg,9*(5+7)=108
train/25878.jpg,(6-2)*8=32
train/25879.jpg,(9-4)-8=-3
train/25880.jpg,2+(6-5)=3
train/25881.jpg,(3+8)-2=9
train/25882.jpg,7*0-5=-5
train/25883.jpg,(9*4)+7=43
train/25884.jpg,4-(9*3)=-23
train/25885.jpg,5*8-2=38
train/25886.jpg,(2*8)+3=19
train/25887.jpg,4*5+7=27
train/25888.jpg,7+4+3=14
train/25889.jpg,1-(3*8)=-23
train/25890.jpg,5-0*2=5
train/25891.jpg,1+(1*5)=6
train/25892.jpg,8*9+2=74
train/25893.jpg,2*9-7=11
train/25894.jpg,7*9*8=504
train/25895.jpg,3+(9*5)=48
train/25896.jpg,8+(2-7)=3
train/25897.jpg,(1-4)*6=-18
train/25898.jpg,5+(6*9)=59
train/25899.jpg,7-6-1=0
train/25900.jpg,5*8-2=38
train/25901.jpg,(1+0)*8=8
train/25902.jpg,(9+7)*0=0
train/25903.jpg,5*(4*4)=80
train/25904.jpg,2-(6-2)=-2
train/25905.jpg,(1+3)*3=12
train/25906.jpg,0-3*3=-9
train/25907.jpg,5*(1*0)=0
train/25908.jpg,(5-0)+3=8
train/25909.jpg,6+(2*0)=6
train/25910.jpg,7+9-8=8
train/25911.jpg,0+9*0=0
train/25912.jpg,(7+6)+0=13
train/25913.jpg,6+2+3=11
train/25914.jpg,(1+0)-0=1
train/25915.jpg,9+(6*3)=27
train/25916.jpg,4-1-1=2
train/25917.jpg,8+7+2=17
train/25918.jpg,0-7-9=-16
train/25919.jpg,(7-4)-6=-3
train/25920.jpg,8*6*1=48
train/25921.jpg,6+7-6=7
train/25922.jpg,(2-7)*7=-35
train/25923.jpg,2-6*7=-40
train/25924.jpg,(2-5)-4=-7
train/25925.jpg,1+(5*5)=26
train/25926.jpg,(7-6)*5=5
train/25927.jpg,(8*0)+9=9
train/25928.jpg,2*1+0=2
train/25929.jpg,9*6-4=50
train/25930.jpg,(0-2)*1=-2
train/25931.jpg,(6*7)-3=39
train/25932.jpg,(1-4)+1=-2
train/25933.jpg,(9*9)*7=567
train/25934.jpg,5+(4+1)=10
train/25935.jpg,0-5+5=0
train/25936.jpg,(2*3)+0=6
train/25937.jpg,4-0*1=4
train/25938.jpg,2+(6+2)=10
train/25939.jpg,3*(9*8)=216
train/25940.jpg,3-5+5=3
train/25941.jpg,5*(5+6)=55
train/25942.jpg,8*(1+3)=32
train/25943.jpg,3*(8-5)=9
train/25944.jpg,9-1-4=4
train/25945.jpg,1-9+8=0
train/25946.jpg,9+(4*9)=45
train/25947.jpg,6+(9-0)=15
train/25948.jpg,5+(5+6)=16
train/25949.jpg,(1-8)-0=-7
train/25950.jpg,(0*8)+5=5
train/25951.jpg,(1+4)-6=-1
train/25952.jpg,1*2*7=14
train/25953.jpg,6*4*1=24
train/25954.jpg,(2-1)*7=7
train/25955.jpg,8*(9*2)=144
train/25956.jpg,8-0+9=17
train/25957.jpg,3+(2+1)=6
train/25958.jpg,(1-6)+7=2
train/25959.jpg,(3+9)-7=5
train/25960.jpg,(3-6)-5=-8
train/25961.jpg,(2-1)-9=-8
train/25962.jpg,(6+6)+8=20
train/25963.jpg,9+6+2=17
train/25964.jpg,8+(9-3)=14
train/25965.jpg,(6-7)-8=-9
train/25966.jpg,6+2*2=10
train/25967.jpg,6+1*7=13
train/25968.jpg,(3-7)*9=-36
train/25969.jpg,(9*1)-5=4
train/25970.jpg,4*2+4=12
train/25971.jpg,(8-0)+1=9
train/25972.jpg,7*2-0=14
train/25973.jpg,(4*2)+1=9
train/25974.jpg,(4*3)+4=16
train/25975.jpg,7+7+4=18
train/25976.jpg,0+3+3=6
train/25977.jpg,3+7*7=52
train/25978.jpg,2+1+0=3
train/25979.jpg,(0+7)-8=-1
train/25980.jpg,(3+9)*9=108
train/25981.jpg,(5*5)*0=0
train/25982.jpg,4+(6*1)=10
train/25983.jpg,9*8-5=67
train/25984.jpg,6*2+1=13
train/25985.jpg,(4-2)*8=16
train/25986.jpg,5+(0*5)=5
train/25987.jpg,9-5+4=8
train/25988.jpg,6*(9-5)=24
train/25989.jpg,1*4-8=-4
train/25990.jpg,5*(7+5)=60
train/25991.jpg,6+(0-7)=-1
train/25992.jpg,2-(7-7)=2
train/25993.jpg,9-(7+6)=-4
train/25994.jpg,2-2*0=2
train/25995.jpg,8+(8+2)=18
train/25996.jpg,(0+8)*5=40
train/25997.jpg,8*8+7=71
train/25998.jpg,0*2-6=-6
train/25999.jpg,2*0-1=-1
train/26000.jpg,(4*5)-7=13
train/26001.jpg,(7-2)+5=10
train/26002.jpg,(6*2)-5=7
train/26003.jpg,1-1*9=-8
train/26004.jpg,3-(3+4)=-4
train/26005.jpg,4-2*7=-10
train/26006.jpg,6-3*6=-12
train/26007.jpg,1+7*6=43
train/26008.jpg,6+(3-9)=0
train/26009.jpg,6-1*0=6
train/26010.jpg,(7+9)+9=25
train/26011.jpg,1-8+2=-5
train/26012.jpg,(4*1)+9=13
train/26013.jpg,6+8-6=8
train/26014.jpg,4+8+0=12
train/26015.jpg,7+(6+0)=13
train/26016.jpg,(4+4)-5=3
train/26017.jpg,5*3+3=18
train/26018.jpg,8*(5*3)=120
train/26019.jpg,8+(7-4)=11
train/26020.jpg,8+(7-4)=11
train/26021.jpg,(0-5)*8=-40
train/26022.jpg,7*0*6=0
train/26023.jpg,8-8+0=0
train/26024.jpg,(0*1)+7=7
train/26025.jpg,(3*7)-9=12
train/26026.jpg,(5*5)+5=30
train/26027.jpg,3-(4-0)=-1
train/26028.jpg,(1*3)-2=1
train/26029.jpg,9*1-3=6
train/26030.jpg,(0+4)*4=16
train/26031.jpg,3*(1+2)=9
train/26032.jpg,(4*9)+5=41
train/26033.jpg,1*(5+6)=11
train/26034.jpg,2*0-1=-1
train/26035.jpg,6-(0-9)=15
train/26036.jpg,2+(9*5)=47
train/26037.jpg,3-(3*8)=-21
train/26038.jpg,1+6+5=12
train/26039.jpg,7*(3-6)=-21
train/26040.jpg,3-4+5=4
train/26041.jpg,(6*6)+8=44
train/26042.jpg,(6*4)+9=33
train/26043.jpg,2*1-3=-1
train/26044.jpg,9*9*9=729
train/26045.jpg,(2*3)+1=7
train/26046.jpg,(6+2)*6=48
train/26047.jpg,(3+6)-6=3
train/26048.jpg,1-(4+8)=-11
train/26049.jpg,8-(5*1)=3
train/26050.jpg,4-1*7=-3
train/26051.jpg,1-0*2=1
train/26052.jpg,(3*6)*0=0
train/26053.jpg,(5-7)+0=-2
train/26054.jpg,4+3+0=7
train/26055.jpg,(3*0)-8=-8
train/26056.jpg,8*8*5=320
train/26057.jpg,4+2+1=7
train/26058.jpg,9-(2*5)=-1
train/26059.jpg,(4*0)+7=7
train/26060.jpg,5+2-5=2
train/26061.jpg,(7*6)+9=51
train/26062.jpg,5-8+0=-3
train/26063.jpg,6*4-3=21
train/26064.jpg,(9*1)+6=15
train/26065.jpg,1*6-5=1
train/26066.jpg,6-9-8=-11
train/26067.jpg,0-2+1=-1
train/26068.jpg,3-5*9=-42
train/26069.jpg,7-3*1=4
train/26070.jpg,7-5+2=4
train/26071.jpg,1*2+5=7
train/26072.jpg,6+0-9=-3
train/26073.jpg,8*8-4=60
train/26074.jpg,1*(9+4)=13
train/26075.jpg,(0-7)+4=-3
train/26076.jpg,2-(5+0)=-3
train/26077.jpg,7*(9-5)=28
train/26078.jpg,2-0*8=2
train/26079.jpg,1*(1+9)=10
train/26080.jpg,0*2*6=0
train/26081.jpg,(1+3)-5=-1
train/26082.jpg,0-5-2=-7
train/26083.jpg,1+(6-3)=4
train/26084.jpg,9+8-0=17
train/26085.jpg,7+0-4=3
train/26086.jpg,7-(8+7)=-8
train/26087.jpg,1*(1-7)=-6
train/26088.jpg,0*(3+5)=0
train/26089.jpg,4*4*8=128
train/26090.jpg,4*(5*3)=60
train/26091.jpg,0-0*1=0
train/26092.jpg,(4-2)*8=16
train/26093.jpg,9+5*2=19
train/26094.jpg,(6-6)-6=-6
train/26095.jpg,5*8*6=240
train/26096.jpg,8*(0*0)=0
train/26097.jpg,(8+1)-6=3
train/26098.jpg,5-(5+6)=-6
train/26099.jpg,8*5*5=200
train/26100.jpg,(4-8)-2=-6
train/26101.jpg,8-6*7=-34
train/26102.jpg,3+(1+8)=12
train/26103.jpg,(1-1)-7=-7
train/26104.jpg,(2-5)-8=-11
train/26105.jpg,6-(1*3)=3
train/26106.jpg,7-8-7=-8
train/26107.jpg,(2-4)-6=-8
train/26108.jpg,1-(4-0)=-3
train/26109.jpg,(6*6)+2=38
train/26110.jpg,(1*8)+6=14
train/26111.jpg,(1+7)+5=13
train/26112.jpg,(2+7)-2=7
train/26113.jpg,4+4+6=14
train/26114.jpg,0-(2-9)=7
train/26115.jpg,8*(0-7)=-56
train/26116.jpg,2*(0+8)=16
train/26117.jpg,(5+9)+7=21
train/26118.jpg,7+(6*9)=61
train/26119.jpg,4+7*2=18
train/26120.jpg,8+5*9=53
train/26121.jpg,2*(8*9)=144
train/26122.jpg,1-(4*1)=-3
train/26123.jpg,4-(5*8)=-36
train/26124.jpg,1*0-3=-3
train/26125.jpg,1*(0-1)=-1
train/26126.jpg,(9*5)*0=0
train/26127.jpg,6+(0+2)=8
train/26128.jpg,8+(1*4)=12
train/26129.jpg,2+(4+1)=7
train/26130.jpg,(3-2)*5=5
train/26131.jpg,(8+6)-6=8
train/26132.jpg,9-(9+7)=-7
train/26133.jpg,0-(1*0)=0
train/26134.jpg,4*(1+4)=20
train/26135.jpg,6*1+2=8
train/26136.jpg,(6*6)-7=29
train/26137.jpg,8*5*9=360
train/26138.jpg,(5*5)*3=75
train/26139.jpg,8*4-7=25
train/26140.jpg,3-(5-4)=2
train/26141.jpg,(9-7)*3=6
train/26142.jpg,(2*5)-3=7
train/26143.jpg,6+5-1=10
train/26144.jpg,7+(5*3)=22
train/26145.jpg,8+(3+5)=16
train/26146.jpg,8-(9-4)=3
train/26147.jpg,(0-7)+9=2
train/26148.jpg,2-(0+4)=-2
train/26149.jpg,(7-7)*2=0
train/26150.jpg,2+(1+5)=8
train/26151.jpg,3*(7+9)=48
train/26152.jpg,0*(8-5)=0
train/26153.jpg,9+(3-5)=7
train/26154.jpg,1-3*4=-11
train/26155.jpg,(6+0)-1=5
train/26156.jpg,1+3+4=8
train/26157.jpg,(8*5)+9=49
train/26158.jpg,(9-6)-7=-4
train/26159.jpg,7-(9-6)=4
train/26160.jpg,8*9-2=70
train/26161.jpg,(6*3)-0=18
train/26162.jpg,3*4*9=108
train/26163.jpg,7-3-2=2
train/26164.jpg,(2+4)*8=48
train/26165.jpg,5*6-9=21
train/26166.jpg,(8*2)-9=7
train/26167.jpg,7+(1+9)=17
train/26168.jpg,7*(1*1)=7
train/26169.jpg,(8-1)-5=2
train/26170.jpg,(9*3)+5=32
train/26171.jpg,7*9-5=58
train/26172.jpg,3+(2-6)=-1
train/26173.jpg,(8*7)-9=47
train/26174.jpg,(8-2)+7=13
train/26175.jpg,5-(5*6)=-25
train/26176.jpg,6-9*1=-3
train/26177.jpg,2+2-5=-1
train/26178.jpg,7*(8*6)=336
train/26179.jpg,2-4-5=-7
train/26180.jpg,0-(7+6)=-13
train/26181.jpg,(9+4)*1=13
train/26182.jpg,9-(0+7)=2
train/26183.jpg,4+7-4=7
train/26184.jpg,(1*0)-3=-3
train/26185.jpg,1+(2*5)=11
train/26186.jpg,1*2*2=4
train/26187.jpg,(0+3)*0=0
train/26188.jpg,3+0+9=12
train/26189.jpg,(6+0)*6=36
train/26190.jpg,9*0-6=-6
train/26191.jpg,9*8+1=73
train/26192.jpg,8+(9*5)=53
train/26193.jpg,(7+2)*0=0
train/26194.jpg,(9*1)-7=2
train/26195.jpg,6+(6+5)=17
train/26196.jpg,8*4*3=96
train/26197.jpg,(3+7)+9=19
train/26198.jpg,(1+7)+6=14
train/26199.jpg,7-(2*2)=3
train/26200.jpg,5-4-2=-1
train/26201.jpg,9-(4+8)=-3
train/26202.jpg,0*(4*9)=0
train/26203.jpg,(3*3)+9=18
train/26204.jpg,1-4-3=-6
train/26205.jpg,6-8-3=-5
train/26206.jpg,(9-8)+6=7
train/26207.jpg,0+3+6=9
train/26208.jpg,8-3*0=8
train/26209.jpg,(6+6)+7=19
train/26210.jpg,8-6+3=5
train/26211.jpg,(6*5)*7=210
train/26212.jpg,(1*8)+0=8
train/26213.jpg,(8+0)-1=7
train/26214.jpg,1*0+7=7
train/26215.jpg,9-(4+9)=-4
train/26216.jpg,4+0+9=13
train/26217.jpg,(8-5)-2=1
train/26218.jpg,6-(2+4)=0
train/26219.jpg,(9-9)*2=0
train/26220.jpg,8-6-7=-5
train/26221.jpg,0-(6+0)=-6
train/26222.jpg,5+4-4=5
train/26223.jpg,4*2+5=13
train/26224.jpg,5-(9+2)=-6
train/26225.jpg,(3*1)*1=3
train/26226.jpg,6-9+3=0
train/26227.jpg,8*6*5=240
train/26228.jpg,8*(6+8)=112
train/26229.jpg,8-(6+7)=-5
train/26230.jpg,2+(5-7)=0
train/26231.jpg,1+5-3=3
train/26232.jpg,8*9-5=67
train/26233.jpg,0+(9+2)=11
train/26234.jpg,3*(9*1)=27
train/26235.jpg,3-2-3=-2
train/26236.jpg,0-5+3=-2
train/26237.jpg,3-(8*1)=-5
train/26238.jpg,(8-1)+1=8
train/26239.jpg,(8*1)*2=16
train/26240.jpg,9-6-3=0
train/26241.jpg,9-9-4=-4
train/26242.jpg,0*9-8=-8
train/26243.jpg,7+(1+5)=13
train/26244.jpg,3+9+4=16
train/26245.jpg,(5-6)-6=-7
train/26246.jpg,0-(9-4)=-5
train/26247.jpg,8+4-9=3
train/26248.jpg,5*(4-2)=10
train/26249.jpg,3+(9+9)=21
train/26250.jpg,(5-0)-9=-4
train/26251.jpg,(3-3)+6=6
train/26252.jpg,(3+0)*5=15
train/26253.jpg,2+0*1=2
train/26254.jpg,5+7-8=4
train/26255.jpg,6*6+1=37
train/26256.jpg,8*(9+3)=96
train/26257.jpg,(7-9)-1=-3
train/26258.jpg,(8-3)-4=1
train/26259.jpg,(2*8)+4=20
train/26260.jpg,(4-4)+6=6
train/26261.jpg,6+(9*3)=33
train/26262.jpg,2-(0*7)=2
train/26263.jpg,(5*1)+3=8
train/26264.jpg,9*5*8=360
train/26265.jpg,7*(3*3)=63
train/26266.jpg,(0+4)+5=9
train/26267.jpg,2+(5-0)=7
train/26268.jpg,2+(0+7)=9
train/26269.jpg,(8+5)*6=78
train/26270.jpg,(6*5)*0=0
train/26271.jpg,4-7-8=-11
train/26272.jpg,1*(8+8)=16
train/26273.jpg,0+7*4=28
train/26274.jpg,3+(0*4)=3
train/26275.jpg,6-(6-3)=3
train/26276.jpg,(1+7)*0=0
train/26277.jpg,3*(9+7)=48
train/26278.jpg,0-3+2=-1
train/26279.jpg,8-(6*8)=-40
train/26280.jpg,(6-5)*8=8
train/26281.jpg,(9*2)*5=90
train/26282.jpg,4-(3*8)=-20
train/26283.jpg,7*2+1=15
train/26284.jpg,8+(0-4)=4
train/26285.jpg,2-4-9=-11
train/26286.jpg,9-6*6=-27
train/26287.jpg,4-8*4=-28
train/26288.jpg,7*4*6=168
train/26289.jpg,(6-1)-4=1
train/26290.jpg,2*(1*5)=10
train/26291.jpg,(0+3)-2=1
train/26292.jpg,(3-7)+9=5
train/26293.jpg,(3-2)+5=6
train/26294.jpg,(1*5)*9=45
train/26295.jpg,3*(9+9)=54
train/26296.jpg,(2*0)-6=-6
train/26297.jpg,0+(3*9)=27
train/26298.jpg,(2-5)*5=-15
train/26299.jpg,4-2*2=0
train/26300.jpg,7*7+5=54
train/26301.jpg,3-(7+6)=-10
train/26302.jpg,(3-5)-9=-11
train/26303.jpg,(6+7)-4=9
train/26304.jpg,3*4-7=5
train/26305.jpg,(9-7)-1=1
train/26306.jpg,0+(3+7)=10
train/26307.jpg,(7-1)*1=6
train/26308.jpg,6-6+5=5
train/26309.jpg,7+(6*6)=43
train/26310.jpg,(6-2)*1=4
train/26311.jpg,(8+3)-1=10
train/26312.jpg,6-7-9=-10
train/26313.jpg,6-(1-1)=6
train/26314.jpg,1-9+2=-6
train/26315.jpg,(6+8)*4=56
train/26316.jpg,2*(8-5)=6
train/26317.jpg,3-(4-5)=4
train/26318.jpg,(5+1)+3=9
train/26319.jpg,(4+7)*6=66
train/26320.jpg,(2-8)-7=-13
train/26321.jpg,6-(3+3)=0
train/26322.jpg,0*(0+4)=0
train/26323.jpg,(7+9)-9=7
train/26324.jpg,(9+9)+9=27
train/26325.jpg,5+2-1=6
train/26326.jpg,6+3*6=24
train/26327.jpg,(8-3)+6=11
train/26328.jpg,(0*6)*3=0
train/26329.jpg,(5-6)+6=5
train/26330.jpg,1*7*9=63
train/26331.jpg,5+(8+7)=20
train/26332.jpg,4-4+4=4
train/26333.jpg,4-(0+4)=0
train/26334.jpg,4-(4+3)=-3
train/26335.jpg,7-(3-5)=9
train/26336.jpg,3*1+6=9
train/26337.jpg,(3-6)*1=-3
train/26338.jpg,(0+8)*5=40
train/26339.jpg,3*(3-5)=-6
train/26340.jpg,5-(0*4)=5
train/26341.jpg,5*9*0=0
train/26342.jpg,0+(9-7)=2
train/26343.jpg,7-(1+9)=-3
train/26344.jpg,8-5*4=-12
train/26345.jpg,1-5-0=-4
train/26346.jpg,9*(7-4)=27
train/26347.jpg,(6*6)+6=42
train/26348.jpg,4-8*8=-60
train/26349.jpg,8-(5*9)=-37
train/26350.jpg,4-(7*3)=-17
train/26351.jpg,5*(3-5)=-10
train/26352.jpg,5+(6-3)=8
train/26353.jpg,8*8-3=61
train/26354.jpg,9-(7-9)=11
train/26355.jpg,2*7-1=13
train/26356.jpg,(6+0)*8=48
train/26357.jpg,3*4-7=5
train/26358.jpg,(1*2)*9=18
train/26359.jpg,6-(3+9)=-6
train/26360.jpg,3+5*4=23
train/26361.jpg,(0+1)-5=-4
train/26362.jpg,3+4*4=19
train/26363.jpg,4*(5*8)=160
train/26364.jpg,8*5*2=80
train/26365.jpg,8*4+8=40
train/26366.jpg,8-(6+4)=-2
train/26367.jpg,7-6+3=4
train/26368.jpg,1-(3*9)=-26
train/26369.jpg,5-(3-2)=4
train/26370.jpg,0-(0-9)=9
train/26371.jpg,9+(5-1)=13
train/26372.jpg,4+(1-8)=-3
train/26373.jpg,(2+4)*2=12
train/26374.jpg,4-(3*0)=4
train/26375.jpg,(2-1)-4=-3
train/26376.jpg,(0-8)-4=-12
train/26377.jpg,9+(9+0)=18
train/26378.jpg,3+(1+1)=5
train/26379.jpg,(1+8)*7=63
train/26380.jpg,4*5+1=21
train/26381.jpg,2*8*1=16
train/26382.jpg,9-(0-7)=16
train/26383.jpg,1-(1+9)=-9
train/26384.jpg,8+(8*9)=80
train/26385.jpg,9*2*3=54
train/26386.jpg,6-9*6=-48
train/26387.jpg,3*5+8=23
train/26388.jpg,(6+5)-8=3
train/26389.jpg,7*(5+4)=63
train/26390.jpg,4-0+3=7
train/26391.jpg,3-(2*8)=-13
train/26392.jpg,(1-7)-3=-9
train/26393.jpg,8*(9-6)=24
train/26394.jpg,0+(9+1)=10
train/26395.jpg,3+(9+7)=19
train/26396.jpg,9*(0-1)=-9
train/26397.jpg,9*7+8=71
train/26398.jpg,1-7-7=-13
train/26399.jpg,(9-3)+6=12
train/26400.jpg,1*(3*2)=6
train/26401.jpg,(3*5)+0=15
train/26402.jpg,(1+9)+1=11
train/26403.jpg,1*8*1=8
train/26404.jpg,6-0*3=6
train/26405.jpg,1+9*5=46
train/26406.jpg,6*(0-8)=-48
train/26407.jpg,4*0*3=0
train/26408.jpg,6-9*5=-39
train/26409.jpg,8+(1-2)=7
train/26410.jpg,0*5+8=8
train/26411.jpg,6+(5-3)=8
train/26412.jpg,9-8*1=1
train/26413.jpg,(6-7)+9=8
train/26414.jpg,0-(6*7)=-42
train/26415.jpg,3*(4*6)=72
train/26416.jpg,7-3*1=4
train/26417.jpg,5*(9+6)=75
train/26418.jpg,(5+5)-2=8
train/26419.jpg,1+8*5=41
train/26420.jpg,1*5-3=2
train/26421.jpg,3+4-4=3
train/26422.jpg,(8-0)*8=64
train/26423.jpg,5-7-9=-11
train/26424.jpg,1*1-2=-1
train/26425.jpg,(0+4)*4=16
train/26426.jpg,(3*6)+8=26
train/26427.jpg,3*6+6=24
train/26428.jpg,8-0-5=3
train/26429.jpg,(0+6)+8=14
train/26430.jpg,2+8+6=16
train/26431.jpg,6+(8-0)=14
train/26432.jpg,8+(4*6)=32
train/26433.jpg,(2+5)+6=13
train/26434.jpg,7*1+9=16
train/26435.jpg,(1+0)*6=6
train/26436.jpg,1-(3+9)=-11
train/26437.jpg,2-(3+5)=-6
train/26438.jpg,3+4-8=-1
train/26439.jpg,3+(1-3)=1
train/26440.jpg,1*1*2=2
train/26441.jpg,(7-2)+3=8
train/26442.jpg,(2*4)+4=12
train/26443.jpg,3-6*0=3
train/26444.jpg,3+8+6=17
train/26445.jpg,1-6-0=-5
train/26446.jpg,8*2*6=96
train/26447.jpg,(4-0)+3=7
train/26448.jpg,0+(9*8)=72
train/26449.jpg,9-9*4=-27
train/26450.jpg,(1+9)+5=15
train/26451.jpg,(4*7)*2=56
train/26452.jpg,7-4*6=-17
train/26453.jpg,9+5+6=20
train/26454.jpg,7+(4*9)=43
train/26455.jpg,8-5-1=2
train/26456.jpg,(3-9)+9=3
train/26457.jpg,2-1-4=-3
train/26458.jpg,6+(4-2)=8
train/26459.jpg,6+4+1=11
train/26460.jpg,3*(1+3)=12
train/26461.jpg,6*2*8=96
train/26462.jpg,(6*6)-8=28
train/26463.jpg,7+(9-4)=12
train/26464.jpg,5+7-3=9
train/26465.jpg,7-(9+5)=-7
train/26466.jpg,6+(8+2)=16
train/26467.jpg,(2+7)+5=14
train/26468.jpg,9+3-5=7
train/26469.jpg,6*(3+2)=30
train/26470.jpg,7-8*1=-1
train/26471.jpg,3*6-0=18
train/26472.jpg,8+(0-1)=7
train/26473.jpg,4+7+8=19
train/26474.jpg,5-(9*2)=-13
train/26475.jpg,(2-7)+3=-2
train/26476.jpg,5+(4-9)=0
train/26477.jpg,(7*0)-7=-7
train/26478.jpg,6+(8+2)=16
train/26479.jpg,3*(3-1)=6
train/26480.jpg,3*4*2=24
train/26481.jpg,(3*2)+4=10
train/26482.jpg,8-3-4=1
train/26483.jpg,7*(4-3)=7
train/26484.jpg,6+2-8=0
train/26485.jpg,(1+9)+2=12
train/26486.jpg,6-0+2=8
train/26487.jpg,(1*9)*3=27
train/26488.jpg,(6*4)-4=20
train/26489.jpg,6*(3+9)=72
train/26490.jpg,5-(0*4)=5
train/26491.jpg,(6*1)-5=1
train/26492.jpg,8+(5+7)=20
train/26493.jpg,1*3+9=12
train/26494.jpg,(1*4)+3=7
train/26495.jpg,8+(7-6)=9
train/26496.jpg,(2*0)*7=0
train/26497.jpg,(0*7)*3=0
train/26498.jpg,7+(7+6)=20
train/26499.jpg,4-4-1=-1
train/26500.jpg,4-0+9=13
train/26501.jpg,(6*3)*0=0
train/26502.jpg,2+4*7=30
train/26503.jpg,1+6-4=3
train/26504.jpg,2*7+8=22
train/26505.jpg,(4*4)-1=15
train/26506.jpg,4-2-4=-2
train/26507.jpg,8+(9*0)=8
train/26508.jpg,(0*7)-4=-4
train/26509.jpg,5+(4+7)=16
train/26510.jpg,8+8-6=10
train/26511.jpg,5*(5*6)=150
train/26512.jpg,(7-9)-4=-6
train/26513.jpg,7*(7-8)=-7
train/26514.jpg,8*8*8=512
train/26515.jpg,9-0-6=3
train/26516.jpg,7*(6+6)=84
train/26517.jpg,(9+9)*9=162
train/26518.jpg,4-4*3=-8
train/26519.jpg,(2+8)-4=6
train/26520.jpg,(1+5)+8=14
train/26521.jpg,0+(7*2)=14
train/26522.jpg,9*(1*9)=81
train/26523.jpg,7*(3*5)=105
train/26524.jpg,6+(2+2)=10
train/26525.jpg,3-(7-8)=4
train/26526.jpg,7-6-7=-6
train/26527.jpg,3-(5+1)=-3
train/26528.jpg,4+2*5=14
train/26529.jpg,1*(4+9)=13
train/26530.jpg,(0*6)-4=-4
train/26531.jpg,(6*8)*9=432
train/26532.jpg,9+7-0=16
train/26533.jpg,(4*1)-2=2
train/26534.jpg,(2+1)+5=8
train/26535.jpg,1+(0*9)=1
train/26536.jpg,0*(6*2)=0
train/26537.jpg,(6*5)+2=32
train/26538.jpg,1*6*8=48
train/26539.jpg,9*9*5=405
train/26540.jpg,9*2+2=20
train/26541.jpg,(8+7)+2=17
train/26542.jpg,1-4+6=3
train/26543.jpg,3-8-4=-9
train/26544.jpg,9-1-4=4
train/26545.jpg,3-(0*3)=3
train/26546.jpg,1*(3*7)=21
train/26547.jpg,5+2*7=19
train/26548.jpg,(6+5)-0=11
train/26549.jpg,(9-3)*5=30
train/26550.jpg,6*(6*2)=72
train/26551.jpg,2-5-6=-9
train/26552.jpg,4*7+8=36
train/26553.jpg,(8+9)-7=10
train/26554.jpg,5*8*8=320
train/26555.jpg,0-3*0=0
train/26556.jpg,1*(6*6)=36
train/26557.jpg,(8+1)-8=1
train/26558.jpg,1*1-0=1
train/26559.jpg,4+(5*5)=29
train/26560.jpg,(1+2)-6=-3
train/26561.jpg,(8*6)+5=53
train/26562.jpg,3+8-0=11
train/26563.jpg,0-(7+7)=-14
train/26564.jpg,(0*0)*9=0
train/26565.jpg,1*1+6=7
train/26566.jpg,(1*3)*3=9
train/26567.jpg,1+0-6=-5
train/26568.jpg,(0-7)+7=0
train/26569.jpg,7+7+0=14
train/26570.jpg,6-(2-5)=9
train/26571.jpg,4+(0+4)=8
train/26572.jpg,4+(8-3)=9
train/26573.jpg,6*2+2=14
train/26574.jpg,(8*2)-9=7
train/26575.jpg,1-2+1=0
train/26576.jpg,2-0*7=2
train/26577.jpg,(8+2)+2=12
train/26578.jpg,0*9+0=0
train/26579.jpg,4*5-3=17
train/26580.jpg,(0-0)*7=0
train/26581.jpg,(2+5)*2=14
train/26582.jpg,(9*3)-8=19
train/26583.jpg,5*2-1=9
train/26584.jpg,9+(7+5)=21
train/26585.jpg,(1*4)+7=11
train/26586.jpg,7*(9*2)=126
train/26587.jpg,4-1*1=3
train/26588.jpg,9-3*2=3
train/26589.jpg,2-6+5=1
train/26590.jpg,(5+7)-7=5
train/26591.jpg,(3*7)+1=22
train/26592.jpg,1+5*2=11
train/26593.jpg,4-7*5=-31
train/26594.jpg,2-(5-0)=-3
train/26595.jpg,1+8-5=4
train/26596.jpg,7*0+8=8
train/26597.jpg,7-9*9=-74
train/26598.jpg,(2*9)*1=18
train/26599.jpg,5-(2-0)=3
train/26600.jpg,2*1-2=0
train/26601.jpg,(5+6)-1=10
train/26602.jpg,(4*7)+2=30
train/26603.jpg,(8-3)*7=35
train/26604.jpg,8*(9+8)=136
train/26605.jpg,9+5*0=9
train/26606.jpg,(5-6)+0=-1
train/26607.jpg,(7-7)-4=-4
train/26608.jpg,9+(5-4)=10
train/26609.jpg,4-7*8=-52
train/26610.jpg,(4+5)*5=45
train/26611.jpg,7-4-5=-2
train/26612.jpg,(9*6)+0=54
train/26613.jpg,7-(5-3)=5
train/26614.jpg,8-2+5=11
train/26615.jpg,0+(7+6)=13
train/26616.jpg,(4+7)*9=99
train/26617.jpg,1*4-6=-2
train/26618.jpg,4*8-4=28
train/26619.jpg,(1+7)-3=5
train/26620.jpg,0+(3-9)=-6
train/26621.jpg,(1*2)+5=7
train/26622.jpg,7+(5-1)=11
train/26623.jpg,7*(0*6)=0
train/26624.jpg,6*5-3=27
train/26625.jpg,4*8*9=288
train/26626.jpg,(3+6)+2=11
train/26627.jpg,4*(0-2)=-8
train/26628.jpg,4+4+3=11
train/26629.jpg,0-(0+2)=-2
train/26630.jpg,1-0*6=1
train/26631.jpg,(2*3)*4=24
train/26632.jpg,6*3-7=11
train/26633.jpg,2+7*6=44
train/26634.jpg,7+1+4=12
train/26635.jpg,9*0+7=7
train/26636.jpg,1-6-2=-7
train/26637.jpg,6-1*5=1
train/26638.jpg,(3+5)+1=9
train/26639.jpg,9*4-7=29
train/26640.jpg,4+(7+2)=13
train/26641.jpg,(1-0)*0=0
train/26642.jpg,7*0*9=0
train/26643.jpg,(4+6)+9=19
train/26644.jpg,(9*0)*6=0
train/26645.jpg,(0+1)*3=3
train/26646.jpg,9+6+4=19
train/26647.jpg,(6+4)+6=16
train/26648.jpg,1+4+8=13
train/26649.jpg,9-0-9=0
train/26650.jpg,7+3+6=16
train/26651.jpg,7-6*9=-47
train/26652.jpg,4-3+0=1
train/26653.jpg,8+0*5=8
train/26654.jpg,7+5+7=19
train/26655.jpg,3-5+4=2
train/26656.jpg,6+7*7=55
train/26657.jpg,7*7-3=46
train/26658.jpg,3+1-5=-1
train/26659.jpg,0+3-7=-4
train/26660.jpg,(5+1)*8=48
train/26661.jpg,7*5+1=36
train/26662.jpg,6-2-0=4
train/26663.jpg,8*(3-4)=-8
train/26664.jpg,(5*7)*8=280
train/26665.jpg,(3+9)*1=12
train/26666.jpg,8+(8+3)=19
train/26667.jpg,5+0*3=5
train/26668.jpg,7-(4+3)=0
train/26669.jpg,7*(0-2)=-14
train/26670.jpg,5*4-7=13
train/26671.jpg,(6+8)-8=6
train/26672.jpg,(9+4)*3=39
train/26673.jpg,(0+1)+0=1
train/26674.jpg,4-(1-0)=3
train/26675.jpg,(8+7)*5=75
train/26676.jpg,(2*2)+4=8
train/26677.jpg,(4-4)-0=0
train/26678.jpg,2*5*8=80
train/26679.jpg,1+5+9=15
train/26680.jpg,8-5+9=12
train/26681.jpg,6+(7*6)=48
train/26682.jpg,(4*3)+6=18
train/26683.jpg,1*0-7=-7
train/26684.jpg,(9-5)*1=4
train/26685.jpg,2-9-3=-10
train/26686.jpg,3+(2-4)=1
train/26687.jpg,(9+9)-3=15
train/26688.jpg,(8*5)-4=36
train/26689.jpg,9*(4+3)=63
train/26690.jpg,4-0*0=4
train/26691.jpg,0-6-2=-8
train/26692.jpg,(6+8)+5=19
train/26693.jpg,(5-5)*1=0
train/26694.jpg,(5+6)*7=77
train/26695.jpg,(9-7)*5=10
train/26696.jpg,2-(0*7)=2
train/26697.jpg,(8-6)+0=2
train/26698.jpg,2*5+3=13
train/26699.jpg,(4-8)*1=-4
train/26700.jpg,0+4-3=1
train/26701.jpg,1*(1+0)=1
train/26702.jpg,9*5+2=47
train/26703.jpg,(3*2)-1=5
train/26704.jpg,(0-6)*9=-54
train/26705.jpg,0-(5+7)=-12
train/26706.jpg,5+5-6=4
train/26707.jpg,4*(2+5)=28
train/26708.jpg,8*3+7=31
train/26709.jpg,(4-0)*2=8
train/26710.jpg,9+(6+3)=18
train/26711.jpg,(6+4)-6=4
train/26712.jpg,9+1-4=6
train/26713.jpg,(8+1)+0=9
train/26714.jpg,(3-4)-9=-10
train/26715.jpg,6+2*5=16
train/26716.jpg,5*(2*5)=50
train/26717.jpg,(5-4)*1=1
train/26718.jpg,(4*1)*1=4
train/26719.jpg,(8*4)*0=0
train/26720.jpg,(3+9)-7=5
train/26721.jpg,5+(5*4)=25
train/26722.jpg,(6*9)*6=324
train/26723.jpg,(0*1)+5=5
train/26724.jpg,4-(3*8)=-20
train/26725.jpg,(7-1)+2=8
train/26726.jpg,(4+3)+8=15
train/26727.jpg,0-7*2=-14
train/26728.jpg,3+(7-3)=7
train/26729.jpg,(8+3)+7=18
train/26730.jpg,0-4-9=-13
train/26731.jpg,3+(5-5)=3
train/26732.jpg,7+(8+7)=22
train/26733.jpg,3*(0+6)=18
train/26734.jpg,(8+3)-6=5
train/26735.jpg,(3*3)+6=15
train/26736.jpg,3+0-5=-2
train/26737.jpg,(5-1)-4=0
train/26738.jpg,(3*9)*9=243
train/26739.jpg,(0-3)*2=-6
train/26740.jpg,6+(1-8)=-1
train/26741.jpg,2-(5-6)=3
train/26742.jpg,7+(2+9)=18
train/26743.jpg,(9-3)-6=0
train/26744.jpg,6*(4-0)=24
train/26745.jpg,(8+1)-6=3
train/26746.jpg,7-2*8=-9
train/26747.jpg,5+(3*4)=17
train/26748.jpg,(9*2)*6=108
train/26749.jpg,(4-4)*0=0
train/26750.jpg,(7*4)-7=21
train/26751.jpg,(6+3)-6=3
train/26752.jpg,(7*0)-4=-4
train/26753.jpg,(2*5)*9=90
train/26754.jpg,9+3-6=6
train/26755.jpg,8-(0*0)=8
train/26756.jpg,5+(5+8)=18
train/26757.jpg,6+3*2=12
train/26758.jpg,(3-4)-0=-1
train/26759.jpg,0+5-7=-2
train/26760.jpg,7-5+9=11
train/26761.jpg,4+(4*8)=36
train/26762.jpg,1*6-3=3
train/26763.jpg,4*4*4=64
train/26764.jpg,5+7-5=7
train/26765.jpg,(4+4)+7=15
train/26766.jpg,0*2*1=0
train/26767.jpg,1-9-6=-14
train/26768.jpg,6+7-3=10
train/26769.jpg,5*(1-9)=-40
train/26770.jpg,7*(1*2)=14
train/26771.jpg,(6*5)*2=60
train/26772.jpg,(0*9)*9=0
train/26773.jpg,8-(8+7)=-7
train/26774.jpg,1+(4-0)=5
train/26775.jpg,5-6-0=-1
train/26776.jpg,9+(5*9)=54
train/26777.jpg,4+6+4=14
train/26778.jpg,3*9+5=32
train/26779.jpg,(0+1)+6=7
train/26780.jpg,(9-2)+6=13
train/26781.jpg,(7-5)*5=10
train/26782.jpg,(6+0)-2=4
train/26783.jpg,2*9-2=16
train/26784.jpg,0+(1+2)=3
train/26785.jpg,(5*4)*5=100
train/26786.jpg,(9*7)+5=68
train/26787.jpg,9-9-2=-2
train/26788.jpg,3-7-1=-5
train/26789.jpg,(0+7)*3=21
train/26790.jpg,(2-6)+3=-1
train/26791.jpg,4-8-3=-7
train/26792.jpg,(1+0)-8=-7
train/26793.jpg,4-6-9=-11
train/26794.jpg,(9-5)+9=13
train/26795.jpg,4*5-4=16
train/26796.jpg,(9*3)*4=108
train/26797.jpg,4*(7+3)=40
train/26798.jpg,0-2-4=-6
train/26799.jpg,(0*5)-7=-7
train/26800.jpg,6-2+4=8
train/26801.jpg,4-(0+8)=-4
train/26802.jpg,6*(0+3)=18
train/26803.jpg,(8*9)-9=63
train/26804.jpg,8*1-0=8
train/26805.jpg,3-6-0=-3
train/26806.jpg,(7-9)*8=-16
train/26807.jpg,5-5*9=-40
train/26808.jpg,8+(3-6)=5
train/26809.jpg,9*5-6=39
train/26810.jpg,2-(0+5)=-3
train/26811.jpg,2+4*9=38
train/26812.jpg,6+4*8=38
train/26813.jpg,0-(3-3)=0
train/26814.jpg,8+3+8=19
train/26815.jpg,2*(0-8)=-16
train/26816.jpg,(5-4)*9=9
train/26817.jpg,1*4+0=4
train/26818.jpg,4*8+6=38
train/26819.jpg,4+2+5=11
train/26820.jpg,5*(1*6)=30
train/26821.jpg,1+(9-9)=1
train/26822.jpg,5*0*9=0
train/26823.jpg,0+(6*8)=48
train/26824.jpg,0*(7*6)=0
train/26825.jpg,2*(5+4)=18
train/26826.jpg,(0*8)-8=-8
train/26827.jpg,(6-9)*9=-27
train/26828.jpg,0*(3*8)=0
train/26829.jpg,8-(2*3)=2
train/26830.jpg,0+(4*1)=4
train/26831.jpg,0*(6-5)=0
train/26832.jpg,(7+2)+3=12
train/26833.jpg,4-0+3=7
train/26834.jpg,0-(0+7)=-7
train/26835.jpg,2-4*9=-34
train/26836.jpg,2-(9-4)=-3
train/26837.jpg,9-(9*7)=-54
train/26838.jpg,5*(0+8)=40
train/26839.jpg,5*4+8=28
train/26840.jpg,1+2-0=3
train/26841.jpg,1+8*0=1
train/26842.jpg,(6*3)-5=13
train/26843.jpg,1+(4*2)=9
train/26844.jpg,(4*1)-6=-2
train/26845.jpg,(1*8)-1=7
train/26846.jpg,2*5*9=90
train/26847.jpg,3+2-6=-1
train/26848.jpg,(8+5)-6=7
train/26849.jpg,(0-1)-9=-10
train/26850.jpg,(5-9)*5=-20
train/26851.jpg,4-(5*4)=-16
train/26852.jpg,(3+8)-2=9
train/26853.jpg,8*9-3=69
train/26854.jpg,3+(8*4)=35
train/26855.jpg,7+3*7=28
train/26856.jpg,(3*1)*1=3
train/26857.jpg,6*(3*6)=108
train/26858.jpg,7*8+5=61
train/26859.jpg,0*(5+1)=0
train/26860.jpg,(2-9)*0=0
train/26861.jpg,0-(9-2)=-7
train/26862.jpg,9-(6-3)=6
train/26863.jpg,(6-9)-3=-6
train/26864.jpg,(2-4)*6=-12
train/26865.jpg,0*(3+7)=0
train/26866.jpg,8*5*7=280
train/26867.jpg,9+(8*7)=65
train/26868.jpg,(9+4)*1=13
train/26869.jpg,4+(5-1)=8
train/26870.jpg,(1-2)*2=-2
train/26871.jpg,4+(4-7)=1
train/26872.jpg,(1-7)-0=-6
train/26873.jpg,6*0*7=0
train/26874.jpg,1-9-9=-17
train/26875.jpg,(5+2)-5=2
train/26876.jpg,6-(7*6)=-36
train/26877.jpg,6-(0*7)=6
train/26878.jpg,(9+6)-9=6
train/26879.jpg,4-1-1=2
train/26880.jpg,3-0-1=2
train/26881.jpg,5+6-2=9
train/26882.jpg,5*(8-1)=35
train/26883.jpg,6+9*8=78
train/26884.jpg,(4*0)+0=0
train/26885.jpg,(1*8)+4=12
train/26886.jpg,6+4*8=38
train/26887.jpg,4*(1*4)=16
train/26888.jpg,(2-0)*3=6
train/26889.jpg,7+0*7=7
train/26890.jpg,7+6*5=37
train/26891.jpg,4+(9-2)=11
train/26892.jpg,6+(1*2)=8
train/26893.jpg,6*(9*9)=486
train/26894.jpg,7-(3*0)=7
train/26895.jpg,3-(3-0)=0
train/26896.jpg,0*(9-2)=0
train/26897.jpg,3-4-8=-9
train/26898.jpg,2*0*3=0
train/26899.jpg,7*(6*9)=378
train/26900.jpg,4-5+6=5
train/26901.jpg,4+(2-1)=5
train/26902.jpg,(0*6)+2=2
train/26903.jpg,(5-6)-1=-2
train/26904.jpg,(3+4)-0=7
train/26905.jpg,(1+5)-2=4
train/26906.jpg,6-(2-8)=12
train/26907.jpg,2-(8*2)=-14
train/26908.jpg,(5*2)*8=80
train/26909.jpg,9+(2+5)=16
train/26910.jpg,1*(4+4)=8
train/26911.jpg,(4+8)+2=14
train/26912.jpg,5+(0+9)=14
train/26913.jpg,(2-2)+9=9
train/26914.jpg,6-(3*3)=-3
train/26915.jpg,4*(5*1)=20
train/26916.jpg,3*(2-5)=-9
train/26917.jpg,(9+8)+1=18
train/26918.jpg,6-5-6=-5
train/26919.jpg,8*6*0=0
train/26920.jpg,6-(1*5)=1
train/26921.jpg,(2+6)+2=10
train/26922.jpg,(0-2)-3=-5
train/26923.jpg,5-6*8=-43
train/26924.jpg,2+9*7=65
train/26925.jpg,(3*3)-2=7
train/26926.jpg,7-2*1=5
train/26927.jpg,3+(3-0)=6
train/26928.jpg,3*6+1=19
train/26929.jpg,0+(9+8)=17
train/26930.jpg,5-(1+2)=2
train/26931.jpg,5-(2-7)=10
train/26932.jpg,4-(6-5)=3
train/26933.jpg,5+(0-3)=2
train/26934.jpg,7-(9-3)=1
train/26935.jpg,1+(5-1)=5
train/26936.jpg,0-(8*2)=-16
train/26937.jpg,0+1-0=1
train/26938.jpg,8*(8+8)=128
train/26939.jpg,(7-1)-5=1
train/26940.jpg,(8*1)-9=-1
train/26941.jpg,(6*9)-6=48
train/26942.jpg,1+(1-6)=-4
train/26943.jpg,4*7-5=23
train/26944.jpg,5+(1-9)=-3
train/26945.jpg,(6*2)+3=15
train/26946.jpg,5*3*0=0
train/26947.jpg,(0+4)*1=4
train/26948.jpg,(8*3)*5=120
train/26949.jpg,2*6+2=14
train/26950.jpg,(0+8)*9=72
train/26951.jpg,2-7*8=-54
train/26952.jpg,7*3+4=25
train/26953.jpg,9+(8-0)=17
train/26954.jpg,1*0+8=8
train/26955.jpg,(4*4)-0=16
train/26956.jpg,5-5*8=-35
train/26957.jpg,0+(9+2)=11
train/26958.jpg,4*(2-8)=-24
train/26959.jpg,(4-0)-1=3
train/26960.jpg,5+2+6=13
train/26961.jpg,7+9-1=15
train/26962.jpg,5*(6*4)=120
train/26963.jpg,4*1+2=6
train/26964.jpg,1-(7*8)=-55
train/26965.jpg,2-6-0=-4
train/26966.jpg,(3*3)+8=17
train/26967.jpg,(9-0)-0=9
train/26968.jpg,6+6-0=12
train/26969.jpg,7*(3*5)=105
train/26970.jpg,(5-5)+2=2
train/26971.jpg,2-7-7=-12
train/26972.jpg,(9+7)+7=23
train/26973.jpg,8-5-2=1
train/26974.jpg,1+(0+8)=9
train/26975.jpg,(1-4)*4=-12
train/26976.jpg,(5+3)+0=8
train/26977.jpg,(0+0)-3=-3
train/26978.jpg,5-7-5=-7
train/26979.jpg,7-(6-0)=1
train/26980.jpg,9-4+5=10
train/26981.jpg,6*1*9=54
train/26982.jpg,(0+6)*8=48
train/26983.jpg,9+6+0=15
train/26984.jpg,0*2-5=-5
train/26985.jpg,3*6-3=15
train/26986.jpg,1*9*3=27
train/26987.jpg,(5*7)-9=26
train/26988.jpg,(5-7)+5=3
train/26989.jpg,7*(2+0)=14
train/26990.jpg,2-5*1=-3
train/26991.jpg,(2-1)*7=7
train/26992.jpg,4+6*3=22
train/26993.jpg,8+(6+8)=22
train/26994.jpg,1-9*1=-8
train/26995.jpg,7-3-8=-4
train/26996.jpg,2-1+2=3
train/26997.jpg,2+0+7=9
train/26998.jpg,7*2-3=11
train/26999.jpg,6*(6+3)=54
train/27000.jpg,8+9-5=12
train/27001.jpg,0-8+8=0
train/27002.jpg,1+7-0=8
train/27003.jpg,(0-1)*7=-7
train/27004.jpg,3+(2+1)=6
train/27005.jpg,4*(8-4)=16
train/27006.jpg,1+9-1=9
train/27007.jpg,5+(8*9)=77
train/27008.jpg,(4+4)*6=48
train/27009.jpg,0*2+9=9
train/27010.jpg,(6+9)+4=19
train/27011.jpg,(3*3)*2=18
train/27012.jpg,4-(2-4)=6
train/27013.jpg,(8*8)+3=67
train/27014.jpg,(6+5)*0=0
train/27015.jpg,1*0+6=6
train/27016.jpg,5+(8*8)=69
train/27017.jpg,7-5-8=-6
train/27018.jpg,(4-7)-6=-9
train/27019.jpg,(3*6)+6=24
train/27020.jpg,(8*2)+6=22
train/27021.jpg,5*5-8=17
train/27022.jpg,0*5-8=-8
train/27023.jpg,(2+8)*8=80
train/27024.jpg,0-(3+0)=-3
train/27025.jpg,(3-5)+3=1
train/27026.jpg,(7+2)*4=36
train/27027.jpg,0*(5+1)=0
train/27028.jpg,1-0+9=10
train/27029.jpg,2-7+0=-5
train/27030.jpg,1*(4+4)=8
train/27031.jpg,3-6-3=-6
train/27032.jpg,7-6-6=-5
train/27033.jpg,3-(5+2)=-4
train/27034.jpg,3*9-6=21
train/27035.jpg,(8+4)*4=48
train/27036.jpg,3+5-5=3
train/27037.jpg,0+(6+5)=11
train/27038.jpg,1-7*3=-20
train/27039.jpg,5+4*7=33
train/27040.jpg,(5+5)*4=40
train/27041.jpg,(5-9)+2=-2
train/27042.jpg,(1+9)-5=5
train/27043.jpg,(8+4)*1=12
train/27044.jpg,3-2+2=3
train/27045.jpg,9-(9*0)=9
train/27046.jpg,6*5+4=34
train/27047.jpg,(3+5)+3=11
train/27048.jpg,5-0*2=5
train/27049.jpg,1-5-9=-13
train/27050.jpg,7*(4+5)=63
train/27051.jpg,4-6-1=-3
train/27052.jpg,3*9*2=54
train/27053.jpg,9+2-8=3
train/27054.jpg,(0-4)-6=-10
train/27055.jpg,9+4*3=21
train/27056.jpg,4-5*3=-11
train/27057.jpg,6+6+8=20
train/27058.jpg,(6-7)+4=3
train/27059.jpg,4+(8+1)=13
train/27060.jpg,5+(4-5)=4
train/27061.jpg,2+8-7=3
train/27062.jpg,2+7-0=9
train/27063.jpg,7*7*3=147
train/27064.jpg,(3*5)*3=45
train/27065.jpg,5-0+2=7
train/27066.jpg,(8*6)-8=40
train/27067.jpg,2-(5+7)=-10
train/27068.jpg,(2+2)+8=12
train/27069.jpg,8*(0-8)=-64
train/27070.jpg,1*2*3=6
train/27071.jpg,(9+1)-7=3
train/27072.jpg,0-7*6=-42
train/27073.jpg,1-(3+2)=-4
train/27074.jpg,8*(4+5)=72
train/27075.jpg,2*(7+5)=24
train/27076.jpg,(3+4)+2=9
train/27077.jpg,(3-6)*1=-3
train/27078.jpg,2-0+6=8
train/27079.jpg,4+2*2=8
train/27080.jpg,3-(7*1)=-4
train/27081.jpg,(9-3)+5=11
train/27082.jpg,6+8-8=6
train/27083.jpg,0-(2-2)=0
train/27084.jpg,(1+9)*6=60
train/27085.jpg,5-(2*6)=-7
train/27086.jpg,7*7*5=245
train/27087.jpg,(1-3)-9=-11
train/27088.jpg,1*(9+3)=12
train/27089.jpg,4*(2*7)=56
train/27090.jpg,6*(4+8)=72
train/27091.jpg,3-(2*2)=-1
train/27092.jpg,4+(9*6)=58
train/27093.jpg,7*(1+6)=49
train/27094.jpg,1+(2+5)=8
train/27095.jpg,(3*4)*8=96
train/27096.jpg,4-(5+3)=-4
train/27097.jpg,4+7+9=20
train/27098.jpg,1-(7-9)=3
train/27099.jpg,7+(2-4)=5
train/27100.jpg,(2-4)*1=-2
train/27101.jpg,4*(6*2)=48
train/27102.jpg,7-(6+3)=-2
train/27103.jpg,4-4*2=-4
train/27104.jpg,9*6*2=108
train/27105.jpg,4+8-3=9
train/27106.jpg,(9-8)+9=10
train/27107.jpg,(1*5)*7=35
train/27108.jpg,2+(9+6)=17
train/27109.jpg,0*7*7=0
train/27110.jpg,(8*9)-4=68
train/27111.jpg,3+(9-6)=6
train/27112.jpg,(4-1)-5=-2
train/27113.jpg,(6-9)+1=-2
train/27114.jpg,(1-9)-0=-8
train/27115.jpg,0*2-2=-2
train/27116.jpg,(4*8)-4=28
train/27117.jpg,(5*2)*2=20
train/27118.jpg,1+(9*6)=55
train/27119.jpg,9+1+9=19
train/27120.jpg,8-2*6=-4
train/27121.jpg,4-(2*8)=-12
train/27122.jpg,2*(0*5)=0
train/27123.jpg,1*(1+6)=7
train/27124.jpg,6+(4-3)=7
train/27125.jpg,(5-7)*2=-4
train/27126.jpg,9-(3-6)=12
train/27127.jpg,0+1+5=6
train/27128.jpg,2*(0+0)=0
train/27129.jpg,(6+2)-0=8
train/27130.jpg,(2+8)-1=9
train/27131.jpg,2*4-3=5
train/27132.jpg,0-(0*1)=0
train/27133.jpg,5*(6-1)=25
train/27134.jpg,5*5*0=0
train/27135.jpg,(6-6)+0=0
train/27136.jpg,(1*9)*4=36
train/27137.jpg,(0-3)*4=-12
train/27138.jpg,(2*0)+0=0
train/27139.jpg,(5-7)+3=1
train/27140.jpg,5-6-5=-6
train/27141.jpg,7+(3*4)=19
train/27142.jpg,(4+8)+3=15
train/27143.jpg,8*2+5=21
train/27144.jpg,0-3*7=-21
train/27145.jpg,8-0-2=6
train/27146.jpg,(6-3)+5=8
train/27147.jpg,1*(5-9)=-4
train/27148.jpg,9-(0*4)=9
train/27149.jpg,9+(8+8)=25
train/27150.jpg,(2-5)-8=-11
train/27151.jpg,9-6+5=8
train/27152.jpg,(4+8)*2=24
train/27153.jpg,4+4+4=12
train/27154.jpg,1-(8-9)=2
train/27155.jpg,6*(8-8)=0
train/27156.jpg,7*7-0=49
train/27157.jpg,(5*9)+6=51
train/27158.jpg,(9-7)-7=-5
train/27159.jpg,(4+6)-8=2
train/27160.jpg,5+6-8=3
train/27161.jpg,(5+6)*3=33
train/27162.jpg,(3-2)*1=1
train/27163.jpg,3*(0-7)=-21
train/27164.jpg,4*(6*1)=24
train/27165.jpg,1-4*9=-35
train/27166.jpg,4+(4-8)=0
train/27167.jpg,0-(9-9)=0
train/27168.jpg,(9+6)*2=30
train/27169.jpg,7+(2*1)=9
train/27170.jpg,8+2*1=10
train/27171.jpg,(9+4)*7=91
train/27172.jpg,5-0+1=6
train/27173.jpg,9*(0-3)=-27
train/27174.jpg,(3+7)-6=4
train/27175.jpg,8-(7*4)=-20
train/27176.jpg,(7-7)+5=5
train/27177.jpg,(1*3)+4=7
train/27178.jpg,1-(5*6)=-29
train/27179.jpg,3+8*3=27
train/27180.jpg,(4*5)+2=22
train/27181.jpg,8+9*9=89
train/27182.jpg,1-3*7=-20
train/27183.jpg,(8+7)-6=9
train/27184.jpg,3-(8-7)=2
train/27185.jpg,7-3*4=-5
train/27186.jpg,5*6*2=60
train/27187.jpg,7-1-4=2
train/27188.jpg,(7-1)-9=-3
train/27189.jpg,1-(1-1)=1
train/27190.jpg,7-9-5=-7
train/27191.jpg,4+(7-8)=3
train/27192.jpg,8-1-0=7
train/27193.jpg,9*(8-7)=9
train/27194.jpg,(5+6)+9=20
train/27195.jpg,3-(6+5)=-8
train/27196.jpg,9-(8+1)=0
train/27197.jpg,8+(8*5)=48
train/27198.jpg,5-8-2=-5
train/27199.jpg,0-(9+5)=-14
train/27200.jpg,(1+3)*1=4
train/27201.jpg,2-6*2=-10
train/27202.jpg,1*3-8=-5
train/27203.jpg,5+(3*2)=11
train/27204.jpg,(1-4)*3=-9
train/27205.jpg,2*(5-6)=-2
train/27206.jpg,5+(4-2)=7
train/27207.jpg,9-5+3=7
train/27208.jpg,(3*1)+3=6
train/27209.jpg,7*5-6=29
train/27210.jpg,(0-4)*9=-36
train/27211.jpg,0*(8-6)=0
train/27212.jpg,(0*8)+9=9
train/27213.jpg,1+(0+7)=8
train/27214.jpg,(2+4)-6=0
train/27215.jpg,(5+1)*6=36
train/27216.jpg,(4-9)-2=-7
train/27217.jpg,8*(7-0)=56
train/27218.jpg,6-4+5=7
train/27219.jpg,3*0*4=0
train/27220.jpg,(8+0)-3=5
train/27221.jpg,(0-7)*0=0
train/27222.jpg,(7*3)-2=19
train/27223.jpg,(4-3)*0=0
train/27224.jpg,1-(9*9)=-80
train/27225.jpg,(4+0)+9=13
train/27226.jpg,6*9-6=48
train/27227.jpg,8+(3*0)=8
train/27228.jpg,0+(1-7)=-6
train/27229.jpg,(5+4)-4=5
train/27230.jpg,9-5-7=-3
train/27231.jpg,(2*9)-6=12
train/27232.jpg,2-2+8=8
train/27233.jpg,6-(4*3)=-6
train/27234.jpg,(4*6)-1=23
train/27235.jpg,(7*1)*1=7
train/27236.jpg,(1+0)*4=4
train/27237.jpg,5+(8*5)=45
train/27238.jpg,(2-1)-1=0
train/27239.jpg,5+(2*1)=7
train/27240.jpg,4*(4+7)=44
train/27241.jpg,(2+0)+4=6
train/27242.jpg,1+5+5=11
train/27243.jpg,8-8+5=5
train/27244.jpg,9*0+4=4
train/27245.jpg,0-4-6=-10
train/27246.jpg,(3*9)+1=28
train/27247.jpg,3+(2-0)=5
train/27248.jpg,1+(8+1)=10
train/27249.jpg,0-9+7=-2
train/27250.jpg,9+(6*7)=51
train/27251.jpg,8+(3-0)=11
train/27252.jpg,(5-6)-2=-3
train/27253.jpg,(1*3)*2=6
train/27254.jpg,(6*0)*0=0
train/27255.jpg,2-3+2=1
train/27256.jpg,5*(6-1)=25
train/27257.jpg,5*(0-8)=-40
train/27258.jpg,4*1+7=11
train/27259.jpg,7*6*7=294
train/27260.jpg,(7*8)+8=64
train/27261.jpg,7*5+7=42
train/27262.jpg,(6-4)-5=-3
train/27263.jpg,0+(3*8)=24
train/27264.jpg,7-9+6=4
train/27265.jpg,5+3-0=8
train/27266.jpg,(5+0)+9=14
train/27267.jpg,(1-6)*0=0
train/27268.jpg,7+(6+4)=17
train/27269.jpg,8*3+5=29
train/27270.jpg,(5*7)*6=210
train/27271.jpg,7*(4+7)=77
train/27272.jpg,7+6-4=9
train/27273.jpg,1+(5+6)=12
train/27274.jpg,9-4-2=3
train/27275.jpg,1-(2+5)=-6
train/27276.jpg,(7*5)+2=37
train/27277.jpg,(3*6)+4=22
train/27278.jpg,(1*0)*3=0
train/27279.jpg,(9-2)+3=10
train/27280.jpg,8+4*6=32
train/27281.jpg,9+(6+1)=16
train/27282.jpg,4-7+7=4
train/27283.jpg,7*(0*7)=0
train/27284.jpg,5+6+6=17
train/27285.jpg,(5-1)-6=-2
train/27286.jpg,0+(8*7)=56
train/27287.jpg,(8+7)+3=18
train/27288.jpg,(5+5)-6=4
train/27289.jpg,7*6*9=378
train/27290.jpg,1*3*4=12
train/27291.jpg,9-(1*1)=8
train/27292.jpg,(4*5)-1=19
train/27293.jpg,(7*0)*9=0
train/27294.jpg,5*(1+4)=25
train/27295.jpg,3+2+0=5
train/27296.jpg,(4*5)+3=23
train/27297.jpg,(6-9)*7=-21
train/27298.jpg,(3-9)*2=-12
train/27299.jpg,(0-4)*3=-12
train/27300.jpg,5*4-6=14
train/27301.jpg,4*6-6=18
train/27302.jpg,(5*5)-8=17
train/27303.jpg,4-(9+6)=-11
train/27304.jpg,6-(4*3)=-6
train/27305.jpg,(8+7)*3=45
train/27306.jpg,5*8*6=240
train/27307.jpg,6-6+5=5
train/27308.jpg,6*(5*0)=0
train/27309.jpg,4+3+3=10
train/27310.jpg,1-2+0=-1
train/27311.jpg,(2+4)*4=24
train/27312.jpg,(7*2)-8=6
train/27313.jpg,4*(5*5)=100
train/27314.jpg,6-4+8=10
train/27315.jpg,6-7-2=-3
train/27316.jpg,(6+4)*3=30
train/27317.jpg,0+(9-3)=6
train/27318.jpg,9*(5*0)=0
train/27319.jpg,0+6*5=30
train/27320.jpg,(7*2)*3=42
train/27321.jpg,8*(2*1)=16
train/27322.jpg,3+(0-5)=-2
train/27323.jpg,0*0*3=0
train/27324.jpg,8-0-1=7
train/27325.jpg,6+3*2=12
train/27326.jpg,5+0*1=5
train/27327.jpg,3-1+2=4
train/27328.jpg,0*(8-6)=0
train/27329.jpg,6-2-6=-2
train/27330.jpg,(7*1)+1=8
train/27331.jpg,9*(3+2)=45
train/27332.jpg,(7-2)*9=45
train/27333.jpg,3-9*7=-60
train/27334.jpg,(4+5)+8=17
train/27335.jpg,(5+0)*3=15
train/27336.jpg,7*(4+1)=35
train/27337.jpg,6+(4+1)=11
train/27338.jpg,5+(9+7)=21
train/27339.jpg,7+3+1=11
train/27340.jpg,(3+1)+2=6
train/27341.jpg,(4+1)*2=10
train/27342.jpg,8*7*7=392
train/27343.jpg,5-7*0=5
train/27344.jpg,(6*6)-7=29
train/27345.jpg,5*5+2=27
train/27346.jpg,(5+0)-1=4
train/27347.jpg,(3*1)+4=7
train/27348.jpg,5-0*8=5
train/27349.jpg,4*(9-1)=32
train/27350.jpg,1+0*4=1
train/27351.jpg,(6+3)*2=18
train/27352.jpg,(1*0)*7=0
train/27353.jpg,7*0-0=0
train/27354.jpg,(6+6)*1=12
train/27355.jpg,3-(4+7)=-8
train/27356.jpg,(3*9)+7=34
train/27357.jpg,7*5+7=42
train/27358.jpg,8*(9-2)=56
train/27359.jpg,(1-7)+3=-3
train/27360.jpg,8+(5+5)=18
train/27361.jpg,8+4-4=8
train/27362.jpg,1*(1+3)=4
train/27363.jpg,1-(9*0)=1
train/27364.jpg,6+4*6=30
train/27365.jpg,3+7+8=18
train/27366.jpg,0-3+9=6
train/27367.jpg,2+(5*9)=47
train/27368.jpg,9-1-9=-1
train/27369.jpg,8*(3*6)=144
train/27370.jpg,2-(6+9)=-13
train/27371.jpg,0-4*6=-24
train/27372.jpg,6*6+1=37
train/27373.jpg,7+(4-0)=11
train/27374.jpg,(4*4)+1=17
train/27375.jpg,8+1*5=13
train/27376.jpg,2-4-5=-7
train/27377.jpg,8-(8+1)=-1
train/27378.jpg,8*0-1=-1
train/27379.jpg,9*(1*7)=63
train/27380.jpg,(9-6)*5=15
train/27381.jpg,0+(0+6)=6
train/27382.jpg,1-(7+5)=-11
train/27383.jpg,5+9*7=68
train/27384.jpg,0-9+4=-5
train/27385.jpg,4*8+7=39
train/27386.jpg,7+6+6=19
train/27387.jpg,(1-4)-7=-10
train/27388.jpg,(2+4)+2=8
train/27389.jpg,(6-1)*1=5
train/27390.jpg,8*9*1=72
train/27391.jpg,6-7+2=1
train/27392.jpg,(8*1)-1=7
train/27393.jpg,5+1+6=12
train/27394.jpg,9+(1*6)=15
train/27395.jpg,(7+4)+2=13
train/27396.jpg,1*7+4=11
train/27397.jpg,(7-8)*5=-5
train/27398.jpg,7-(1+2)=4
train/27399.jpg,7-7-4=-4
train/27400.jpg,(7+2)*2=18
train/27401.jpg,(0+7)*4=28
train/27402.jpg,(1-6)+5=0
train/27403.jpg,2+8-8=2
train/27404.jpg,(8+2)+3=13
train/27405.jpg,2-8+8=2
train/27406.jpg,6+1-8=-1
train/27407.jpg,(6*1)-4=2
train/27408.jpg,(0+4)-1=3
train/27409.jpg,5*1*1=5
train/27410.jpg,9-9*1=0
train/27411.jpg,8+9-3=14
train/27412.jpg,(7+5)*3=36
train/27413.jpg,7*1+3=10
train/27414.jpg,6+1-3=4
train/27415.jpg,(4*7)-5=23
train/27416.jpg,(5+1)*3=18
train/27417.jpg,(5*6)*1=30
train/27418.jpg,(9*2)-3=15
train/27419.jpg,2+3*9=29
train/27420.jpg,(6-5)-9=-8
train/27421.jpg,2-(5+2)=-5
train/27422.jpg,0-(2-6)=4
train/27423.jpg,7-1+6=12
train/27424.jpg,2*7-4=10
train/27425.jpg,(1+1)-3=-1
train/27426.jpg,6*(6*6)=216
train/27427.jpg,8+0+5=13
train/27428.jpg,4-6*8=-44
train/27429.jpg,4-(7+8)=-11
train/27430.jpg,4+(1+6)=11
train/27431.jpg,(4-7)+4=1
train/27432.jpg,0-6-2=-8
train/27433.jpg,(1-7)-3=-9
train/27434.jpg,9-3-0=6
train/27435.jpg,5*0*9=0
train/27436.jpg,0-(1+7)=-8
train/27437.jpg,2+0*4=2
train/27438.jpg,(3*2)*6=36
train/27439.jpg,(4-9)-9=-14
train/27440.jpg,4*(5-6)=-4
train/27441.jpg,1*0+9=9
train/27442.jpg,5-(1-0)=4
train/27443.jpg,(0-6)-9=-15
train/27444.jpg,8-8-9=-9
train/27445.jpg,5+(4-1)=8
train/27446.jpg,8*2*3=48
train/27447.jpg,(7+0)*6=42
train/27448.jpg,(5*7)+1=36
train/27449.jpg,(6*5)+6=36
train/27450.jpg,(8-6)+1=3
train/27451.jpg,(0*5)*9=0
train/27452.jpg,9+0*5=9
train/27453.jpg,9*(8*6)=432
train/27454.jpg,1*1*0=0
train/27455.jpg,4+8*5=44
train/27456.jpg,9-5+7=11
train/27457.jpg,2-1-0=1
train/27458.jpg,0*3+1=1
train/27459.jpg,(5+3)-2=6
train/27460.jpg,(4-9)+2=-3
train/27461.jpg,5*(1+5)=30
train/27462.jpg,(4+8)*2=24
train/27463.jpg,0-(8-9)=1
train/27464.jpg,3*1-9=-6
train/27465.jpg,2-8*1=-6
train/27466.jpg,1+(0*3)=1
train/27467.jpg,1+0*8=1
train/27468.jpg,2+(4+3)=9
train/27469.jpg,7*1*3=21
train/27470.jpg,8+(8-4)=12
train/27471.jpg,4-(7-3)=0
train/27472.jpg,7*3*2=42
train/27473.jpg,9*(4*3)=108
train/27474.jpg,2*(7-8)=-2
train/27475.jpg,(1*3)+9=12
train/27476.jpg,(8+8)-0=16
train/27477.jpg,(4*3)-9=3
train/27478.jpg,8+(3+7)=18
train/27479.jpg,2*(2*9)=36
train/27480.jpg,(7-2)-0=5
train/27481.jpg,6*3+8=26
train/27482.jpg,6+7-8=5
train/27483.jpg,7*8*2=112
train/27484.jpg,6-(0+8)=-2
train/27485.jpg,(5-3)*4=8
train/27486.jpg,6+(1*4)=10
train/27487.jpg,0-(9*3)=-27
train/27488.jpg,2-(2-2)=2
train/27489.jpg,6-2+3=7
train/27490.jpg,(1-1)-8=-8
train/27491.jpg,4+3-8=-1
train/27492.jpg,(8+6)*8=112
train/27493.jpg,0+8+4=12
train/27494.jpg,(6+2)-2=6
train/27495.jpg,(6+2)*3=24
train/27496.jpg,4-(9*0)=4
train/27497.jpg,3+7-8=2
train/27498.jpg,1+6*1=7
train/27499.jpg,(7*4)-3=25
train/27500.jpg,4*(4+6)=40
train/27501.jpg,(7-3)*0=0
train/27502.jpg,5*(3+1)=20
train/27503.jpg,7-(8*4)=-25
train/27504.jpg,1*(4+0)=4
train/27505.jpg,(9+1)*7=70
train/27506.jpg,0-1*7=-7
train/27507.jpg,7+3+5=15
train/27508.jpg,(0+2)*3=6
train/27509.jpg,6+0*4=6
train/27510.jpg,6+5*5=31
train/27511.jpg,1*5-0=5
train/27512.jpg,8-8-9=-9
train/27513.jpg,1+(4-0)=5
train/27514.jpg,0-5*5=-25
train/27515.jpg,(4-6)-3=-5
train/27516.jpg,4*8-1=31
train/27517.jpg,7*(2-0)=14
train/27518.jpg,2+(8*2)=18
train/27519.jpg,(4*9)+1=37
train/27520.jpg,9-(7*6)=-33
train/27521.jpg,0-0*4=0
train/27522.jpg,4+1-7=-2
train/27523.jpg,2*3-2=4
train/27524.jpg,(8+8)-9=7
train/27525.jpg,(6-5)*6=6
train/27526.jpg,0-(4-4)=0
train/27527.jpg,3+1+6=10
train/27528.jpg,8*(4*5)=160
train/27529.jpg,(6-1)-4=1
train/27530.jpg,(6+5)*9=99
train/27531.jpg,1+0*4=1
train/27532.jpg,6*(7*8)=336
train/27533.jpg,5-5-9=-9
train/27534.jpg,2*9+6=24
train/27535.jpg,0*1+3=3
train/27536.jpg,(3+8)*4=44
train/27537.jpg,(5*5)+9=34
train/27538.jpg,3*(0-3)=-9
train/27539.jpg,(7*5)-1=34
train/27540.jpg,0-1*0=0
train/27541.jpg,(2*9)-2=16
train/27542.jpg,(9*9)-9=72
train/27543.jpg,(6-4)*4=8
train/27544.jpg,0+4+2=6
train/27545.jpg,5*(1*7)=35
train/27546.jpg,(0+8)+5=13
train/27547.jpg,2-4+1=-1
train/27548.jpg,2+5*0=2
train/27549.jpg,4+4*9=40
train/27550.jpg,0*(1+1)=0
train/27551.jpg,(9+9)-7=11
train/27552.jpg,3+4-9=-2
train/27553.jpg,5-(6+3)=-4
train/27554.jpg,(2-7)-6=-11
train/27555.jpg,(8*0)-5=-5
train/27556.jpg,(5+3)*0=0
train/27557.jpg,4*(4*2)=32
train/27558.jpg,(8*6)-8=40
train/27559.jpg,7*(9-6)=21
train/27560.jpg,(2-4)+4=2
train/27561.jpg,2*1-7=-5
train/27562.jpg,1*6*5=30
train/27563.jpg,1*(6+4)=10
train/27564.jpg,8+0*6=8
train/27565.jpg,2*2*2=8
train/27566.jpg,6+3*5=21
train/27567.jpg,9-(3*6)=-9
train/27568.jpg,(1*5)-3=2
train/27569.jpg,3+5+0=8
train/27570.jpg,2-(4-0)=-2
train/27571.jpg,7+9*5=52
train/27572.jpg,(6-5)-3=-2
train/27573.jpg,1*(4-7)=-3
train/27574.jpg,6+4*6=30
train/27575.jpg,2-(2*9)=-16
train/27576.jpg,(4+6)+2=12
train/27577.jpg,(0-9)+4=-5
train/27578.jpg,(0*0)-9=-9
train/27579.jpg,4+6+1=11
train/27580.jpg,3*(2-1)=3
train/27581.jpg,5+2*1=7
train/27582.jpg,4+2-9=-3
train/27583.jpg,7*0*0=0
train/27584.jpg,2*4-5=3
train/27585.jpg,4*(8-1)=28
train/27586.jpg,6*(6-2)=24
train/27587.jpg,1-8-3=-10
train/27588.jpg,(0*8)*6=0
train/27589.jpg,3-6*8=-45
train/27590.jpg,1+1+1=3
train/27591.jpg,8+(4+4)=16
train/27592.jpg,(2-5)-9=-12
train/27593.jpg,5-6-3=-4
train/27594.jpg,3+(6*2)=15
train/27595.jpg,1*7-6=1
train/27596.jpg,1+(4-1)=4
train/27597.jpg,(7+2)+6=15
train/27598.jpg,9*9*7=567
train/27599.jpg,9-1+2=10
train/27600.jpg,9-(5-0)=4
train/27601.jpg,4*(0+4)=16
train/27602.jpg,6-(8*4)=-26
train/27603.jpg,7+8*3=31
train/27604.jpg,8+(4+8)=20
train/27605.jpg,3+(8+3)=14
train/27606.jpg,(5*5)+5=30
train/27607.jpg,(5*5)*2=50
train/27608.jpg,5*(7*9)=315
train/27609.jpg,0-(0-7)=7
train/27610.jpg,6*(1+0)=6
train/27611.jpg,(5*3)-4=11
train/27612.jpg,4+2*0=4
train/27613.jpg,5+8-3=10
train/27614.jpg,(2+7)-1=8
train/27615.jpg,(8+7)*5=75
train/27616.jpg,0*6+5=5
train/27617.jpg,4-(7-8)=5
train/27618.jpg,0+4-2=2
train/27619.jpg,(4-7)-4=-7
train/27620.jpg,4+2-5=1
train/27621.jpg,6*6-4=32
train/27622.jpg,6-(7+4)=-5
train/27623.jpg,(5-2)*9=27
train/27624.jpg,2+9-4=7
train/27625.jpg,(9-0)*8=72
train/27626.jpg,(9+5)*5=70
train/27627.jpg,5*(3-3)=0
train/27628.jpg,1*(6+9)=15
train/27629.jpg,(6*3)-0=18
train/27630.jpg,6-(3+3)=0
train/27631.jpg,7+6+1=14
train/27632.jpg,4-(0+7)=-3
train/27633.jpg,8+(2*3)=14
train/27634.jpg,4+6*5=34
train/27635.jpg,1-6+0=-5
train/27636.jpg,3-(1-2)=4
train/27637.jpg,3+(6*6)=39
train/27638.jpg,(0+7)+6=13
train/27639.jpg,6*9*4=216
train/27640.jpg,8+1-6=3
train/27641.jpg,(6*0)-9=-9
train/27642.jpg,1*(7-9)=-2
train/27643.jpg,(7+2)-1=8
train/27644.jpg,(3*6)+9=27
train/27645.jpg,(4+0)*1=4
train/27646.jpg,6*(2-3)=-6
train/27647.jpg,5*2-3=7
train/27648.jpg,4*2*7=56
train/27649.jpg,4+(4+6)=14
train/27650.jpg,9+(2-2)=9
train/27651.jpg,(0*9)+0=0
train/27652.jpg,9+5+4=18
train/27653.jpg,2-0*0=2
train/27654.jpg,6*6*8=288
train/27655.jpg,0*(2*5)=0
train/27656.jpg,7-0*4=7
train/27657.jpg,1-8+2=-5
train/27658.jpg,2*7*1=14
train/27659.jpg,2-(2+0)=0
train/27660.jpg,(9+1)-6=4
train/27661.jpg,0-4-8=-12
train/27662.jpg,5+(9-5)=9
train/27663.jpg,(0-9)*3=-27
train/27664.jpg,9*(5-6)=-9
train/27665.jpg,3*6-9=9
train/27666.jpg,9-7*9=-54
train/27667.jpg,1+7*8=57
train/27668.jpg,4-(2-8)=10
train/27669.jpg,(5+1)-8=-2
train/27670.jpg,1+5+6=12
train/27671.jpg,(2*3)-7=-1
train/27672.jpg,5-6*2=-7
train/27673.jpg,(6+8)+8=22
train/27674.jpg,9*8-7=65
train/27675.jpg,(8*2)*1=16
train/27676.jpg,3+6*2=15
train/27677.jpg,9*1+9=18
train/27678.jpg,1+(4+3)=8
train/27679.jpg,5*(7-5)=10
train/27680.jpg,(0-8)+7=-1
train/27681.jpg,5+0*6=5
train/27682.jpg,(0+1)*5=5
train/27683.jpg,(5-0)-6=-1
train/27684.jpg,(7-3)+2=6
train/27685.jpg,2+(7+0)=9
train/27686.jpg,(7*9)+6=69
train/27687.jpg,0+(7-9)=-2
train/27688.jpg,(2+4)-7=-1
train/27689.jpg,5+4+0=9
train/27690.jpg,4*(5*2)=40
train/27691.jpg,2*1*1=2
train/27692.jpg,2-(8*2)=-14
train/27693.jpg,(8*3)+7=31
train/27694.jpg,7+1+1=9
train/27695.jpg,(9+4)+7=20
train/27696.jpg,(0*1)+4=4
train/27697.jpg,3*8-8=16
train/27698.jpg,1-8*9=-71
train/27699.jpg,5*(2-2)=0
train/27700.jpg,5+(0+9)=14
train/27701.jpg,7+9-5=11
train/27702.jpg,8+(3+5)=16
train/27703.jpg,1*(1*7)=7
train/27704.jpg,2-(6+5)=-9
train/27705.jpg,(0-1)+5=4
train/27706.jpg,7*(4*5)=140
train/27707.jpg,(8+3)*4=44
train/27708.jpg,5-(2*7)=-9
train/27709.jpg,(4-4)*1=0
train/27710.jpg,8-(2+4)=2
train/27711.jpg,6*3+5=23
train/27712.jpg,3*(9*3)=81
train/27713.jpg,(3*3)+2=11
train/27714.jpg,(3-9)-1=-7
train/27715.jpg,9*(1+2)=27
train/27716.jpg,(6*9)+3=57
train/27717.jpg,9-6+4=7
train/27718.jpg,6-3-0=3
train/27719.jpg,3-(2+6)=-5
train/27720.jpg,(1-1)+5=5
train/27721.jpg,6*(0+7)=42
train/27722.jpg,9+7-5=11
train/27723.jpg,(2-5)*7=-21
train/27724.jpg,0*(0-8)=0
train/27725.jpg,(0+1)-1=0
train/27726.jpg,2-1-0=1
train/27727.jpg,(1-8)+5=-2
train/27728.jpg,1+7-3=5
train/27729.jpg,2-8-4=-10
train/27730.jpg,(0*0)+6=6
train/27731.jpg,5+7*1=12
train/27732.jpg,(4*1)+1=5
train/27733.jpg,5+(3+2)=10
train/27734.jpg,(7+2)+4=13
train/27735.jpg,(3+3)-0=6
train/27736.jpg,9*(5-1)=36
train/27737.jpg,0*2*3=0
train/27738.jpg,8+9+6=23
train/27739.jpg,6*0*8=0
train/27740.jpg,(0-8)-1=-9
train/27741.jpg,9*9*6=486
train/27742.jpg,(1*1)+7=8
train/27743.jpg,7*(1+1)=14
train/27744.jpg,1-(2*7)=-13
train/27745.jpg,3-(9-2)=-4
train/27746.jpg,3*(6-9)=-9
train/27747.jpg,(5*1)-2=3
train/27748.jpg,(6+2)-2=6
train/27749.jpg,1-6*0=1
train/27750.jpg,(3*9)+2=29
train/27751.jpg,8+5-9=4
train/27752.jpg,4-(7-9)=6
train/27753.jpg,8+(1*6)=14
train/27754.jpg,1*3*3=9
train/27755.jpg,4-8-4=-8
train/27756.jpg,4+3-9=-2
train/27757.jpg,7-7*4=-21
train/27758.jpg,5+(9*0)=5
train/27759.jpg,9-7-3=-1
train/27760.jpg,5-4*6=-19
train/27761.jpg,6-2*2=2
train/27762.jpg,(0+7)-5=2
train/27763.jpg,5*3-1=14
train/27764.jpg,(4*5)-0=20
train/27765.jpg,2*7-1=13
train/27766.jpg,1+(3*2)=7
train/27767.jpg,(9+8)*2=34
train/27768.jpg,0-7-4=-11
train/27769.jpg,6-(7-0)=-1
train/27770.jpg,8+9*0=8
train/27771.jpg,5*(7+5)=60
train/27772.jpg,(2+9)*1=11
train/27773.jpg,(4*1)*7=28
train/27774.jpg,0+1*1=1
train/27775.jpg,(1*3)*1=3
train/27776.jpg,9*(5*6)=270
train/27777.jpg,8*(5-5)=0
train/27778.jpg,4*8+7=39
train/27779.jpg,5-(8*9)=-67
train/27780.jpg,8+8-7=9
train/27781.jpg,(1*0)*0=0
train/27782.jpg,(9+4)-7=6
train/27783.jpg,7-7+1=1
train/27784.jpg,6-9*5=-39
train/27785.jpg,8-(1-4)=11
train/27786.jpg,(0*4)-8=-8
train/27787.jpg,(8+3)-7=4
train/27788.jpg,(7*2)+4=18
train/27789.jpg,(2-4)+7=5
train/27790.jpg,1-6*7=-41
train/27791.jpg,(6+0)-9=-3
train/27792.jpg,0*0+0=0
train/27793.jpg,1-(1+6)=-6
train/27794.jpg,6+5+2=13
train/27795.jpg,(3+2)+5=10
train/27796.jpg,9+(2-9)=2
train/27797.jpg,6*9+4=58
train/27798.jpg,1-7+0=-6
train/27799.jpg,2-9+8=1
train/27800.jpg,6-(8-1)=-1
train/27801.jpg,7-(2+6)=-1
train/27802.jpg,5+(9*8)=77
train/27803.jpg,6*(9-0)=54
train/27804.jpg,7*(1+5)=42
train/27805.jpg,0*3-8=-8
train/27806.jpg,5+(8-4)=9
train/27807.jpg,2-(0+8)=-6
train/27808.jpg,9-6+9=12
train/27809.jpg,(9*9)+7=88
train/27810.jpg,8-1*9=-1
train/27811.jpg,1+3*4=13
train/27812.jpg,0*5-6=-6
train/27813.jpg,(0-8)*5=-40
train/27814.jpg,8+(7-8)=7
train/27815.jpg,9-(8*2)=-7
train/27816.jpg,(8+8)+9=25
train/27817.jpg,(3+3)-0=6
train/27818.jpg,8*(8+0)=64
train/27819.jpg,(2-3)-3=-4
train/27820.jpg,(9-8)-3=-2
train/27821.jpg,(5+3)*4=32
train/27822.jpg,0*(6*8)=0
train/27823.jpg,8-(8*2)=-8
train/27824.jpg,4*(9*4)=144
train/27825.jpg,2-2-4=-4
train/27826.jpg,1+(9-3)=7
train/27827.jpg,4*(1*9)=36
train/27828.jpg,1*3*8=24
train/27829.jpg,3-3*1=0
train/27830.jpg,3-8-0=-5
train/27831.jpg,(3+8)-9=2
train/27832.jpg,6-(4+1)=1
train/27833.jpg,(2*1)*5=10
train/27834.jpg,7+(6*3)=25
train/27835.jpg,2-7*7=-47
train/27836.jpg,(3-4)-0=-1
train/27837.jpg,8*0*9=0
train/27838.jpg,1+6*2=13
train/27839.jpg,8*(1+9)=80
train/27840.jpg,4-9+4=-1
train/27841.jpg,(3*6)-7=11
train/27842.jpg,(3+7)-8=2
train/27843.jpg,6-6*1=0
train/27844.jpg,9*2*3=54
train/27845.jpg,4+7+3=14
train/27846.jpg,9-8*5=-31
train/27847.jpg,6-1*6=0
train/27848.jpg,4-(8*4)=-28
train/27849.jpg,(0*5)+0=0
train/27850.jpg,(5*2)*9=90
train/27851.jpg,6*9*1=54
train/27852.jpg,(9-7)-4=-2
train/27853.jpg,7-2-4=1
train/27854.jpg,7*4-6=22
train/27855.jpg,0-(3*1)=-3
train/27856.jpg,3+1-3=1
train/27857.jpg,7-3*1=4
train/27858.jpg,9+9+7=25
train/27859.jpg,3+8+5=16
train/27860.jpg,(6+1)+9=16
train/27861.jpg,8*1+8=16
train/27862.jpg,(4-4)-3=-3
train/27863.jpg,2*0+3=3
train/27864.jpg,(8-5)-6=-3
train/27865.jpg,(8+1)*6=54
train/27866.jpg,7-6*6=-29
train/27867.jpg,1*(4+0)=4
train/27868.jpg,(9-2)+5=12
train/27869.jpg,(7+8)-8=7
train/27870.jpg,7-1+5=11
train/27871.jpg,8+8+4=20
train/27872.jpg,2*9+3=21
train/27873.jpg,9+3-3=9
train/27874.jpg,4+8-4=8
train/27875.jpg,4*(9*6)=216
train/27876.jpg,8-1-9=-2
train/27877.jpg,(6-1)+2=7
train/27878.jpg,(0+7)+0=7
train/27879.jpg,8+7*9=71
train/27880.jpg,(1*4)+1=5
train/27881.jpg,7+(1-0)=8
train/27882.jpg,2*8*8=128
train/27883.jpg,9-7+1=3
train/27884.jpg,6-(1+8)=-3
train/27885.jpg,(3-3)-8=-8
train/27886.jpg,7+(9*5)=52
train/27887.jpg,(0*3)-2=-2
train/27888.jpg,2+0-9=-7
train/27889.jpg,2-(6*8)=-46
train/27890.jpg,5+(6-0)=11
train/27891.jpg,0*1*0=0
train/27892.jpg,8*9+5=77
train/27893.jpg,(0+2)-8=-6
train/27894.jpg,9*(8*8)=576
train/27895.jpg,4+5*4=24
train/27896.jpg,7*5*5=175
train/27897.jpg,(5-3)+4=6
train/27898.jpg,9-(1*4)=5
train/27899.jpg,3*(8-9)=-3
train/27900.jpg,9+8-0=17
train/27901.jpg,(8*5)-6=34
train/27902.jpg,4+9+4=17
train/27903.jpg,2-(3-4)=3
train/27904.jpg,8+(0-6)=2
train/27905.jpg,(3-3)+3=3
train/27906.jpg,(4-4)*7=0
train/27907.jpg,5*0-6=-6
train/27908.jpg,5+8+8=21
train/27909.jpg,8+3-7=4
train/27910.jpg,9+6*3=27
train/27911.jpg,2-(5*2)=-8
train/27912.jpg,4-2*9=-14
train/27913.jpg,6-(9*2)=-12
train/27914.jpg,6*(1+2)=18
train/27915.jpg,(2-2)*2=0
train/27916.jpg,8*(6-9)=-24
train/27917.jpg,6+(8-0)=14
train/27918.jpg,8*6+9=57
train/27919.jpg,0+(9+0)=9
train/27920.jpg,7-0*5=7
train/27921.jpg,9+0-5=4
train/27922.jpg,(4+3)-9=-2
train/27923.jpg,4-(9-9)=4
train/27924.jpg,1+(4*2)=9
train/27925.jpg,(5+6)+4=15
train/27926.jpg,(2+3)*9=45
train/27927.jpg,2*(6+3)=18
train/27928.jpg,(3*0)-0=0
train/27929.jpg,7*(8-8)=0
train/27930.jpg,5-8-8=-11
train/27931.jpg,0*(9*1)=0
train/27932.jpg,6-6*8=-42
train/27933.jpg,(0*7)+7=7
train/27934.jpg,(6*3)*3=54
train/27935.jpg,(5+2)*0=0
train/27936.jpg,(2+7)-8=1
train/27937.jpg,(0+4)-9=-5
train/27938.jpg,(5+6)*0=0
train/27939.jpg,9+5*4=29
train/27940.jpg,7*(7-7)=0
train/27941.jpg,9+8*2=25
train/27942.jpg,(9+8)-1=16
train/27943.jpg,6-(6-6)=6
train/27944.jpg,5-(7*4)=-23
train/27945.jpg,(4-2)-4=-2
train/27946.jpg,6*0-1=-1
train/27947.jpg,5+4+8=17
train/27948.jpg,9+(9-6)=12
train/27949.jpg,0*5+2=2
train/27950.jpg,1+(8*1)=9
train/27951.jpg,6*(1-0)=6
train/27952.jpg,5-(7+1)=-3
train/27953.jpg,5+5-8=2
train/27954.jpg,3*8*9=216
train/27955.jpg,1-(3+4)=-6
train/27956.jpg,(3*8)+4=28
train/27957.jpg,4*2*9=72
train/27958.jpg,5*0-9=-9
train/27959.jpg,8-(5+6)=-3
train/27960.jpg,(9+0)-9=0
train/27961.jpg,(9*7)-7=56
train/27962.jpg,(2+9)-5=6
train/27963.jpg,3-(8-4)=-1
train/27964.jpg,8+2+6=16
train/27965.jpg,0-0*7=0
train/27966.jpg,0+6+3=9
train/27967.jpg,9+2*2=13
train/27968.jpg,8+(0*0)=8
train/27969.jpg,(5-0)*0=0
train/27970.jpg,1+1-3=-1
train/27971.jpg,(3*3)*9=81
train/27972.jpg,0-(3+3)=-6
train/27973.jpg,5+5*0=5
train/27974.jpg,(9*6)*0=0
train/27975.jpg,4+0+8=12
train/27976.jpg,(1+1)+7=9
train/27977.jpg,2-(1*0)=2
train/27978.jpg,4+9*8=76
train/27979.jpg,6+(4+6)=16
train/27980.jpg,1+(1+4)=6
train/27981.jpg,(9*0)+9=9
train/27982.jpg,0+5-9=-4
train/27983.jpg,7*4-2=26
train/27984.jpg,4*3+5=17
train/27985.jpg,4+4*8=36
train/27986.jpg,(6+7)+3=16
train/27987.jpg,(2+1)+0=3
train/27988.jpg,(4+0)*3=12
train/27989.jpg,1-9-5=-13
train/27990.jpg,6*9*7=378
train/27991.jpg,1-7-7=-13
train/27992.jpg,2*0*9=0
train/27993.jpg,8*(9-1)=64
train/27994.jpg,(9*4)*0=0
train/27995.jpg,5-3*8=-19
train/27996.jpg,9*1*1=9
train/27997.jpg,(4-0)-0=4
train/27998.jpg,(4+9)*9=117
train/27999.jpg,(3*0)-7=-7
train/28000.jpg,2*6+9=21
train/28001.jpg,0+(5+2)=7
train/28002.jpg,9-9+5=5
train/28003.jpg,(0-5)-2=-7
train/28004.jpg,(3-1)+6=8
train/28005.jpg,5+7+7=19
train/28006.jpg,(4*1)+3=7
train/28007.jpg,4+7*6=46
train/28008.jpg,8+6+3=17
train/28009.jpg,5*(4*0)=0
train/28010.jpg,(7+0)*0=0
train/28011.jpg,9*0-6=-6
train/28012.jpg,0+3-2=1
train/28013.jpg,(6+7)*7=91
train/28014.jpg,0+(2+9)=11
train/28015.jpg,2*3-3=3
train/28016.jpg,7+4+7=18
train/28017.jpg,(6-8)+9=7
train/28018.jpg,5-(9*5)=-40
train/28019.jpg,(2-5)+2=-1
train/28020.jpg,(7-3)+4=8
train/28021.jpg,(9-7)+3=5
train/28022.jpg,7+3*9=34
train/28023.jpg,5-5-0=0
train/28024.jpg,7+(1*6)=13
train/28025.jpg,4+(7-8)=3
train/28026.jpg,(1+4)*3=15
train/28027.jpg,4+(8*8)=68
train/28028.jpg,(6*2)-2=10
train/28029.jpg,6-(9*3)=-21
train/28030.jpg,4*(6-3)=12
train/28031.jpg,8*(4-4)=0
train/28032.jpg,(5+4)+0=9
train/28033.jpg,4+(1*6)=10
train/28034.jpg,9*1*5=45
train/28035.jpg,6-(2-2)=6
train/28036.jpg,7+(3*6)=25
train/28037.jpg,(0-8)-7=-15
train/28038.jpg,(2-3)-9=-10
train/28039.jpg,6-(7*4)=-22
train/28040.jpg,(1-4)-5=-8
train/28041.jpg,0-1*8=-8
train/28042.jpg,3-0-9=-6
train/28043.jpg,6+(4-6)=4
train/28044.jpg,3+4-4=3
train/28045.jpg,2*3-3=3
train/28046.jpg,(2-1)+6=7
train/28047.jpg,(8-5)*3=9
train/28048.jpg,0*(4*4)=0
train/28049.jpg,5*9*3=135
train/28050.jpg,2*9+8=26
train/28051.jpg,9*(9+4)=117
train/28052.jpg,5-6-2=-3
train/28053.jpg,6-(5*5)=-19
train/28054.jpg,5+(5-3)=7
train/28055.jpg,(8*2)-8=8
train/28056.jpg,8-(4*0)=8
train/28057.jpg,2+0*7=2
train/28058.jpg,(4-7)*6=-18
train/28059.jpg,(5+4)+7=16
train/28060.jpg,(9*3)-6=21
train/28061.jpg,(7*3)*4=84
train/28062.jpg,7+8-6=9
train/28063.jpg,5-(7*1)=-2
train/28064.jpg,5+(4+9)=18
train/28065.jpg,(6+6)*2=24
train/28066.jpg,(9*8)+2=74
train/28067.jpg,1+(1-6)=-4
train/28068.jpg,8-(2+6)=0
train/28069.jpg,7*(1*8)=56
train/28070.jpg,3*(2-2)=0
train/28071.jpg,(9-7)*3=6
train/28072.jpg,(5-6)-6=-7
train/28073.jpg,6+(2-7)=1
train/28074.jpg,2+5*3=17
train/28075.jpg,8-1-4=3
train/28076.jpg,0-(2-1)=-1
train/28077.jpg,2+8-1=9
train/28078.jpg,3-(3*8)=-21
train/28079.jpg,(0-0)+6=6
train/28080.jpg,(5*0)*9=0
train/28081.jpg,9*(6-4)=18
train/28082.jpg,(2*6)*3=36
train/28083.jpg,(3-7)-4=-8
train/28084.jpg,(4-2)*3=6
train/28085.jpg,(5+0)+2=7
train/28086.jpg,(8-3)-3=2
train/28087.jpg,5*(3*8)=120
train/28088.jpg,(6-9)+3=0
train/28089.jpg,(0-9)*4=-36
train/28090.jpg,(8*4)*8=256
train/28091.jpg,2+0-6=-4
train/28092.jpg,2*(4*5)=40
train/28093.jpg,7-9*6=-47
train/28094.jpg,8+8+6=22
train/28095.jpg,6-(1*6)=0
train/28096.jpg,2-(7-9)=4
train/28097.jpg,2-7+8=3
train/28098.jpg,4*8-9=23
train/28099.jpg,9-(8*7)=-47
train/28100.jpg,8*4-4=28
train/28101.jpg,3*(3*6)=54
train/28102.jpg,6*8-5=43
train/28103.jpg,7*(7*0)=0
train/28104.jpg,(4+9)+8=21
train/28105.jpg,2*2+7=11
train/28106.jpg,5*0+0=0
train/28107.jpg,(6*7)*4=168
train/28108.jpg,2-8*1=-6
train/28109.jpg,8*6-3=45
train/28110.jpg,7+(7-1)=13
train/28111.jpg,4*(5*7)=140
train/28112.jpg,2+1+1=4
train/28113.jpg,1*(3*9)=27
train/28114.jpg,1+(5-7)=-1
train/28115.jpg,5-2-4=-1
train/28116.jpg,4*3*7=84
train/28117.jpg,1*(2*7)=14
train/28118.jpg,1*1-9=-8
train/28119.jpg,5+(5*0)=5
train/28120.jpg,(5*1)*6=30
train/28121.jpg,2+2-4=0
train/28122.jpg,4-(8+3)=-7
train/28123.jpg,2-(4+9)=-11
train/28124.jpg,8-(2+0)=6
train/28125.jpg,8+0*6=8
train/28126.jpg,(8*2)*1=16
train/28127.jpg,0*(1*9)=0
train/28128.jpg,(3+9)-8=4
train/28129.jpg,5+9*8=77
train/28130.jpg,9+7-6=10
train/28131.jpg,6-(9*4)=-30
train/28132.jpg,4-8+1=-3
train/28133.jpg,(8*7)-7=49
train/28134.jpg,6-2*2=2
train/28135.jpg,5-(2*3)=-1
train/28136.jpg,9+(4*7)=37
train/28137.jpg,7+(2+8)=17
train/28138.jpg,4*(5*8)=160
train/28139.jpg,8-9*8=-64
train/28140.jpg,3*(4-8)=-12
train/28141.jpg,9*6*9=486
train/28142.jpg,3-(3+7)=-7
train/28143.jpg,5-6-2=-3
train/28144.jpg,7+5+3=15
train/28145.jpg,(4-0)*6=24
train/28146.jpg,(6+0)*2=12
train/28147.jpg,0*(7+2)=0
train/28148.jpg,(7*7)-0=49
train/28149.jpg,9*7-3=60
train/28150.jpg,8+(3-5)=6
train/28151.jpg,4-(9*4)=-32
train/28152.jpg,(5*4)-9=11
train/28153.jpg,(6-2)-8=-4
train/28154.jpg,1*1+3=4
train/28155.jpg,6-(8-4)=2
train/28156.jpg,8-(3+4)=1
train/28157.jpg,(6*8)+4=52
train/28158.jpg,2-(4+7)=-9
train/28159.jpg,(0*6)+7=7
train/28160.jpg,3+4-5=2
train/28161.jpg,2-9+5=-2
train/28162.jpg,0-2*7=-14
train/28163.jpg,(7+3)+0=10
train/28164.jpg,(9+4)*9=117
train/28165.jpg,5*1+0=5
train/28166.jpg,(9-3)-4=2
train/28167.jpg,(9*9)-7=74
train/28168.jpg,5*3-8=7
train/28169.jpg,4*(1*7)=28
train/28170.jpg,(9*8)-9=63
train/28171.jpg,3-(1*3)=0
train/28172.jpg,9*(6+5)=99
train/28173.jpg,(6-4)+3=5
train/28174.jpg,2-1+0=1
train/28175.jpg,8+(4+7)=19
train/28176.jpg,(3+0)-8=-5
train/28177.jpg,(1+5)-3=3
train/28178.jpg,(5-0)+1=6
train/28179.jpg,(9-8)+7=8
train/28180.jpg,1+(9-9)=1
train/28181.jpg,6-(6-5)=5
train/28182.jpg,3-(4+9)=-10
train/28183.jpg,(8*8)+4=68
train/28184.jpg,6+(4+9)=19
train/28185.jpg,(8-2)*8=48
train/28186.jpg,5+9-9=5
train/28187.jpg,(7*6)+0=42
train/28188.jpg,1-2-0=-1
train/28189.jpg,2+9-4=7
train/28190.jpg,8*(2-1)=8
train/28191.jpg,0+3-6=-3
train/28192.jpg,4-(9-4)=-1
train/28193.jpg,6*(4*0)=0
train/28194.jpg,(2*0)*7=0
train/28195.jpg,2*(5*0)=0
train/28196.jpg,(2-6)-1=-5
train/28197.jpg,(9*7)-7=56
train/28198.jpg,(9+0)*5=45
train/28199.jpg,0*(3*7)=0
train/28200.jpg,5-(5*6)=-25
train/28201.jpg,(5-5)*4=0
train/28202.jpg,6-9*4=-30
train/28203.jpg,9+3+1=13
train/28204.jpg,4+(0-4)=0
train/28205.jpg,5-6+8=7
train/28206.jpg,(7*3)-0=21
train/28207.jpg,(3+0)*1=3
train/28208.jpg,(2+8)*4=40
train/28209.jpg,2+0+3=5
train/28210.jpg,(6+9)*7=105
train/28211.jpg,6*5*6=180
train/28212.jpg,1*3+9=12
train/28213.jpg,5+(1*8)=13
train/28214.jpg,3*(2+0)=6
train/28215.jpg,0*(9*6)=0
train/28216.jpg,4*7*9=252
train/28217.jpg,(0-4)*2=-8
train/28218.jpg,(1*5)+7=12
train/28219.jpg,8*4*5=160
train/28220.jpg,7+4-6=5
train/28221.jpg,(2-3)*6=-6
train/28222.jpg,(7*1)*7=49
train/28223.jpg,7*5*8=280
train/28224.jpg,7-(4-9)=12
train/28225.jpg,0*(1*4)=0
train/28226.jpg,7+(3+1)=11
train/28227.jpg,2-(1*8)=-6
train/28228.jpg,5-2+2=5
train/28229.jpg,4*1+0=4
train/28230.jpg,5*1*3=15
train/28231.jpg,(1-4)*4=-12
train/28232.jpg,2-9-9=-16
train/28233.jpg,2+(9-7)=4
train/28234.jpg,2-5-8=-11
train/28235.jpg,(0+3)+4=7
train/28236.jpg,9-(9+1)=-1
train/28237.jpg,6-(8*0)=6
train/28238.jpg,7*3*1=21
train/28239.jpg,8*(3-2)=8
train/28240.jpg,6*(2*4)=48
train/28241.jpg,5-2-2=1
train/28242.jpg,3+(3*9)=30
train/28243.jpg,0+8-8=0
train/28244.jpg,3-(0+6)=-3
train/28245.jpg,3-5-5=-7
train/28246.jpg,(4*7)+4=32
train/28247.jpg,7-8*1=-1
train/28248.jpg,(7*3)+0=21
train/28249.jpg,(9-3)*1=6
train/28250.jpg,2+5-4=3
train/28251.jpg,2-9+8=1
train/28252.jpg,(9-8)*5=5
train/28253.jpg,(4+6)-2=8
train/28254.jpg,(4-2)-7=-5
train/28255.jpg,3+2-8=-3
train/28256.jpg,8-1-0=7
train/28257.jpg,5+5+8=18
train/28258.jpg,(3-9)+0=-6
train/28259.jpg,(6*1)+1=7
train/28260.jpg,5*4-8=12
train/28261.jpg,(8+0)*0=0
train/28262.jpg,3*(5+5)=30
train/28263.jpg,3-5-9=-11
train/28264.jpg,(4+5)*4=36
train/28265.jpg,2*(0-2)=-4
train/28266.jpg,8-6*9=-46
train/28267.jpg,(5+7)*6=72
train/28268.jpg,0*(5*5)=0
train/28269.jpg,4-2+3=5
train/28270.jpg,2+9+1=12
train/28271.jpg,8+9-2=15
train/28272.jpg,(0*1)-4=-4
train/28273.jpg,(1*3)*9=27
train/28274.jpg,5-0+1=6
train/28275.jpg,(9+1)-1=9
train/28276.jpg,(4-8)*2=-8
train/28277.jpg,(8*5)*2=80
train/28278.jpg,3-9-3=-9
train/28279.jpg,(8*3)-1=23
train/28280.jpg,(5+0)-1=4
train/28281.jpg,(3*9)+4=31
train/28282.jpg,0-1-4=-5
train/28283.jpg,9+(3+0)=12
train/28284.jpg,(6-6)+8=8
train/28285.jpg,1-2*3=-5
train/28286.jpg,7-7-4=-4
train/28287.jpg,4+4+3=11
train/28288.jpg,2*0*7=0
train/28289.jpg,9*(1-5)=-36
train/28290.jpg,9+(1*1)=10
train/28291.jpg,7+(6-1)=12
train/28292.jpg,(1-6)+4=-1
train/28293.jpg,4+(2*6)=16
train/28294.jpg,8*7-3=53
train/28295.jpg,(9-7)*8=16
train/28296.jpg,6+2+9=17
train/28297.jpg,1+1-0=2
train/28298.jpg,2+(1+1)=4
train/28299.jpg,5*2-3=7
train/28300.jpg,3-9+5=-1
train/28301.jpg,(8-3)-5=0
train/28302.jpg,5*(1*6)=30
train/28303.jpg,0+(5+2)=7
train/28304.jpg,(2-2)*4=0
train/28305.jpg,8+4+1=13
train/28306.jpg,5+(7*7)=54
train/28307.jpg,(2-5)+6=3
train/28308.jpg,4-6+2=0
train/28309.jpg,(2+5)+1=8
train/28310.jpg,(5-5)*6=0
train/28311.jpg,2-6-5=-9
train/28312.jpg,(3-9)*2=-12
train/28313.jpg,(3-3)-2=-2
train/28314.jpg,(0+6)+1=7
train/28315.jpg,5-(1*2)=3
train/28316.jpg,1-4-9=-12
train/28317.jpg,9+0*5=9
train/28318.jpg,(0*1)*0=0
train/28319.jpg,(3-9)*8=-48
train/28320.jpg,2+7-7=2
train/28321.jpg,2+8*6=50
train/28322.jpg,3-8*2=-13
train/28323.jpg,6*5*8=240
train/28324.jpg,6-(1-3)=8
train/28325.jpg,9+6+4=19
train/28326.jpg,(1*0)+0=0
train/28327.jpg,0*3+2=2
train/28328.jpg,6*(3+9)=72
train/28329.jpg,8*(0-1)=-8
train/28330.jpg,(3*6)*5=90
train/28331.jpg,9-(3+5)=1
train/28332.jpg,(6*1)*8=48
train/28333.jpg,7*2-8=6
train/28334.jpg,3-4-9=-10
train/28335.jpg,(0+3)*2=6
train/28336.jpg,6*3-7=11
train/28337.jpg,3+(6*3)=21
train/28338.jpg,(4*8)+7=39
train/28339.jpg,5+(8-4)=9
train/28340.jpg,(5+9)*1=14
train/28341.jpg,(7-1)*9=54
train/28342.jpg,1+(6+7)=14
train/28343.jpg,(5-3)+3=5
train/28344.jpg,2*(4+1)=10
train/28345.jpg,0+8*9=72
train/28346.jpg,1*(1-7)=-6
train/28347.jpg,4+3-0=7
train/28348.jpg,(0+2)-0=2
train/28349.jpg,1+1*7=8
train/28350.jpg,0*(6-5)=0
train/28351.jpg,7*3*2=42
train/28352.jpg,8-(4+3)=1
train/28353.jpg,5-5+0=0
train/28354.jpg,9*2*9=162
train/28355.jpg,(5*3)+1=16
train/28356.jpg,6*9+6=60
train/28357.jpg,5+(1+3)=9
train/28358.jpg,4-(9+2)=-7
train/28359.jpg,6-(2*0)=6
train/28360.jpg,0+(9*1)=9
train/28361.jpg,(8+2)-8=2
train/28362.jpg,(5+3)-0=8
train/28363.jpg,(9-9)*4=0
train/28364.jpg,0*7+9=9
train/28365.jpg,(2+4)+1=7
train/28366.jpg,(6*0)+4=4
train/28367.jpg,0*(0*8)=0
train/28368.jpg,(6+2)-0=8
train/28369.jpg,9-(2-7)=14
train/28370.jpg,(7*7)*4=196
train/28371.jpg,9*(3*1)=27
train/28372.jpg,7*(9+6)=105
train/28373.jpg,6+(3-6)=3
train/28374.jpg,(3*8)-3=21
train/28375.jpg,9*6-2=52
train/28376.jpg,8+6-4=10
train/28377.jpg,(1*9)-5=4
train/28378.jpg,(1*3)+5=8
train/28379.jpg,2*3-7=-1
train/28380.jpg,7*(5+1)=42
train/28381.jpg,9*(2+0)=18
train/28382.jpg,5*(3+9)=60
train/28383.jpg,9*(4+1)=45
train/28384.jpg,(9+7)*5=80
train/28385.jpg,(5-5)*7=0
train/28386.jpg,7-(6-0)=1
train/28387.jpg,5-8*2=-11
train/28388.jpg,6+5*1=11
train/28389.jpg,(8*9)+0=72
train/28390.jpg,3*(8+6)=42
train/28391.jpg,7*4+5=33
train/28392.jpg,8*(9+1)=80
train/28393.jpg,(7+3)-7=3
train/28394.jpg,8*2+7=23
train/28395.jpg,5-5+7=7
train/28396.jpg,(4-0)-0=4
train/28397.jpg,6*0*0=0
train/28398.jpg,1*9-8=1
train/28399.jpg,6*(4*7)=168
train/28400.jpg,9+9-0=18
train/28401.jpg,1-5*2=-9
train/28402.jpg,(6*1)*2=12
train/28403.jpg,2+6*4=26
train/28404.jpg,(2+2)-4=0
train/28405.jpg,(4+7)*8=88
train/28406.jpg,3-(4+2)=-3
train/28407.jpg,1+(5+0)=6
train/28408.jpg,5*9+9=54
train/28409.jpg,(5*6)+7=37
train/28410.jpg,(2-9)+8=1
train/28411.jpg,(7-3)-6=-2
train/28412.jpg,9*(9+1)=90
train/28413.jpg,2*1+0=2
train/28414.jpg,2*(2-7)=-10
train/28415.jpg,5-0+6=11
train/28416.jpg,(8*7)+2=58
train/28417.jpg,(4*7)-3=25
train/28418.jpg,4*(5*5)=100
train/28419.jpg,7*(5-6)=-7
train/28420.jpg,(5-1)+3=7
train/28421.jpg,(4*5)+3=23
train/28422.jpg,1+1-0=2
train/28423.jpg,5+(9*5)=50
train/28424.jpg,2*(1+6)=14
train/28425.jpg,2*1-2=0
train/28426.jpg,4+1-3=2
train/28427.jpg,5-7*0=5
train/28428.jpg,6-(8+2)=-4
train/28429.jpg,7-5*9=-38
train/28430.jpg,9*(7-9)=-18
train/28431.jpg,(1+9)*7=70
train/28432.jpg,(5+9)-0=14
train/28433.jpg,(4*3)-9=3
train/28434.jpg,(0*7)*6=0
train/28435.jpg,(1-2)+5=4
train/28436.jpg,5-(2+1)=2
train/28437.jpg,1*(3*4)=12
train/28438.jpg,4-(0+8)=-4
train/28439.jpg,9-6+1=4
train/28440.jpg,(3-8)-4=-9
train/28441.jpg,(6+3)-9=0
train/28442.jpg,(2+0)+2=4
train/28443.jpg,7-(1*4)=3
train/28444.jpg,5-5*2=-5
train/28445.jpg,2*(4-1)=6
train/28446.jpg,(3+9)*6=72
train/28447.jpg,8*1-2=6
train/28448.jpg,(5-1)*0=0
train/28449.jpg,9*6-4=50
train/28450.jpg,0-8+4=-4
train/28451.jpg,8-8+3=3
train/28452.jpg,9-5*6=-21
train/28453.jpg,2+9*7=65
train/28454.jpg,(7-2)+9=14
train/28455.jpg,5*(4+7)=55
train/28456.jpg,(4+4)*4=32
train/28457.jpg,(7-4)+1=4
train/28458.jpg,(8+1)*8=72
train/28459.jpg,7-(6-2)=3
train/28460.jpg,7+(8*2)=23
train/28461.jpg,8-(2*5)=-2
train/28462.jpg,4+(2*5)=14
train/28463.jpg,9-(8+5)=-4
train/28464.jpg,8*(1-3)=-16
train/28465.jpg,(0-4)-8=-12
train/28466.jpg,0*(2*8)=0
train/28467.jpg,(3*1)*3=9
train/28468.jpg,(0-2)-6=-8
train/28469.jpg,7+(8*9)=79
train/28470.jpg,1-(1-1)=1
train/28471.jpg,1+(6+9)=16
train/28472.jpg,(0-8)+3=-5
train/28473.jpg,(2*6)*9=108
train/28474.jpg,4+(3+7)=14
train/28475.jpg,(1+1)-3=-1
train/28476.jpg,0+7-2=5
train/28477.jpg,2*1+7=9
train/28478.jpg,8+7-1=14
train/28479.jpg,(5*0)*0=0
train/28480.jpg,(4*9)-9=27
train/28481.jpg,8*5+8=48
train/28482.jpg,5+(3+2)=10
train/28483.jpg,(7-9)+2=0
train/28484.jpg,5-5+0=0
train/28485.jpg,(0+4)+3=7
train/28486.jpg,(4*4)-0=16
train/28487.jpg,6+(0+0)=6
train/28488.jpg,9-5+8=12
train/28489.jpg,4+(4-0)=8
train/28490.jpg,(8*5)+9=49
train/28491.jpg,3*(3-4)=-3
train/28492.jpg,(1-7)+3=-3
train/28493.jpg,3-(7+9)=-13
train/28494.jpg,(9-8)+4=5
train/28495.jpg,(0+8)+0=8
train/28496.jpg,2*(4+0)=8
train/28497.jpg,8+1-0=9
train/28498.jpg,(7+4)*7=77
train/28499.jpg,4-4*6=-20
train/28500.jpg,8+9+9=26
train/28501.jpg,8-1*4=4
train/28502.jpg,8-(8-0)=0
train/28503.jpg,(4-8)-1=-5
train/28504.jpg,(0-2)*1=-2
train/28505.jpg,4*(9*4)=144
train/28506.jpg,4+5+0=9
train/28507.jpg,7+5*2=17
train/28508.jpg,2-0+7=9
train/28509.jpg,3*5+0=15
train/28510.jpg,3+8*6=51
train/28511.jpg,3+7*2=17
train/28512.jpg,7*2-0=14
train/28513.jpg,0+(8-5)=3
train/28514.jpg,(6*7)*5=210
train/28515.jpg,0*9*6=0
train/28516.jpg,4+(4+6)=14
train/28517.jpg,3+(5-6)=2
train/28518.jpg,6+6-9=3
train/28519.jpg,(2+4)*8=48
train/28520.jpg,(2*1)+3=5
train/28521.jpg,(0*9)*4=0
train/28522.jpg,7-(4+6)=-3
train/28523.jpg,(9+7)*2=32
train/28524.jpg,(7*8)+1=57
train/28525.jpg,4*5-5=15
train/28526.jpg,6*(4+8)=72
train/28527.jpg,0*1*0=0
train/28528.jpg,3-9-3=-9
train/28529.jpg,(2-1)*4=4
train/28530.jpg,(1*3)+4=7
train/28531.jpg,(0+2)-3=-1
train/28532.jpg,0+(0+6)=6
train/28533.jpg,9-0-3=6
train/28534.jpg,7-7-7=-7
train/28535.jpg,4*3*7=84
train/28536.jpg,4*7+7=35
train/28537.jpg,6+(4-2)=8
train/28538.jpg,3*(7+8)=45
train/28539.jpg,(0*3)+9=9
train/28540.jpg,(4+1)-2=3
train/28541.jpg,(7-3)+5=9
train/28542.jpg,7*(2-6)=-28
train/28543.jpg,2*0+9=9
train/28544.jpg,5*(7+5)=60
train/28545.jpg,5+5*9=50
train/28546.jpg,8*(8-5)=24
train/28547.jpg,(4*3)-2=10
train/28548.jpg,(5+9)+4=18
train/28549.jpg,9+(0+4)=13
train/28550.jpg,4-0-4=0
train/28551.jpg,(6+9)+6=21
train/28552.jpg,0+7+7=14
train/28553.jpg,(7+5)*4=48
train/28554.jpg,8*6-1=47
train/28555.jpg,1+5-5=1
train/28556.jpg,9+(2*2)=13
train/28557.jpg,3-(1-3)=5
train/28558.jpg,7-(9+6)=-8
train/28559.jpg,(2-7)+7=2
train/28560.jpg,(7*2)-5=9
train/28561.jpg,0*(1-9)=0
train/28562.jpg,5*8+4=44
train/28563.jpg,2-4+3=1
train/28564.jpg,6-9+4=1
train/28565.jpg,(1-1)+5=5
train/28566.jpg,(4*4)+3=19
train/28567.jpg,9-7-2=0
train/28568.jpg,2-9-0=-7
train/28569.jpg,5+8-4=9
train/28570.jpg,6-(4+5)=-3
train/28571.jpg,4*2+4=12
train/28572.jpg,4-(5-7)=6
train/28573.jpg,6-0-1=5
train/28574.jpg,2*(9+8)=34
train/28575.jpg,(9*8)*3=216
train/28576.jpg,2-3-0=-1
train/28577.jpg,(0+5)+6=11
train/28578.jpg,8*0-4=-4
train/28579.jpg,(9-9)*8=0
train/28580.jpg,0-(2+9)=-11
train/28581.jpg,(1*4)-4=0
train/28582.jpg,(2+0)*6=12
train/28583.jpg,0-(1-8)=7
train/28584.jpg,(4+6)*9=90
train/28585.jpg,5*(6*4)=120
train/28586.jpg,5*(3-6)=-15
train/28587.jpg,3*6*9=162
train/28588.jpg,(2+6)+9=17
train/28589.jpg,(5*7)+4=39
train/28590.jpg,9+2+1=12
train/28591.jpg,9*(1*6)=54
train/28592.jpg,(6-3)+5=8
train/28593.jpg,0+8+3=11
train/28594.jpg,4*8+7=39
train/28595.jpg,4+5*6=34
train/28596.jpg,(0*4)+0=0
train/28597.jpg,5+4+2=11
train/28598.jpg,9*6-1=53
train/28599.jpg,4-(8-7)=3
train/28600.jpg,1*4-2=2
train/28601.jpg,9*(3+1)=36
train/28602.jpg,4-5*5=-21
train/28603.jpg,7-7*4=-21
train/28604.jpg,1*(7-2)=5
train/28605.jpg,(5*3)+8=23
train/28606.jpg,(6*2)*4=48
train/28607.jpg,1-(2-9)=8
train/28608.jpg,(4-9)*1=-5
train/28609.jpg,7+(8*3)=31
train/28610.jpg,4+6-7=3
train/28611.jpg,(0+5)-4=1
train/28612.jpg,1*(8-6)=2
train/28613.jpg,(2*8)+2=18
train/28614.jpg,0-(6-5)=-1
train/28615.jpg,7-2*3=1
train/28616.jpg,(3*5)*7=105
train/28617.jpg,4+0*2=4
train/28618.jpg,(8*9)-9=63
train/28619.jpg,5*7-9=26
train/28620.jpg,(4-5)*2=-2
train/28621.jpg,0-(0+5)=-5
train/28622.jpg,4-1+5=8
train/28623.jpg,1-2-4=-5
train/28624.jpg,(0*9)-9=-9
train/28625.jpg,(9+5)-1=13
train/28626.jpg,7-6-8=-7
train/28627.jpg,(3+4)+1=8
train/28628.jpg,6-(6+4)=-4
train/28629.jpg,5-7+0=-2
train/28630.jpg,6-(3-7)=10
train/28631.jpg,0-(0*6)=0
train/28632.jpg,2*2+7=11
train/28633.jpg,(8*6)*8=384
train/28634.jpg,9*(1-3)=-18
train/28635.jpg,3*5-4=11
train/28636.jpg,1-6+1=-4
train/28637.jpg,(1-4)-0=-3
train/28638.jpg,3-6-6=-9
train/28639.jpg,(6*7)*2=84
train/28640.jpg,5-(9+9)=-13
train/28641.jpg,8-2-7=-1
train/28642.jpg,1+(1-4)=-2
train/28643.jpg,5*0+8=8
train/28644.jpg,(7+4)+5=16
train/28645.jpg,1*3*3=9
train/28646.jpg,3*(0*4)=0
train/28647.jpg,(1-7)*2=-12
train/28648.jpg,(5+4)*8=72
train/28649.jpg,7-(0*1)=7
train/28650.jpg,9+(8*6)=57
train/28651.jpg,(8+3)+9=20
train/28652.jpg,4-7+2=-1
train/28653.jpg,(2-6)*6=-24
train/28654.jpg,(3-2)*4=4
train/28655.jpg,(4+9)*3=39
train/28656.jpg,(3-3)+5=5
train/28657.jpg,5-(5-1)=1
train/28658.jpg,0+1*3=3
train/28659.jpg,6+(1*9)=15
train/28660.jpg,(0+2)*1=2
train/28661.jpg,(3+4)+7=14
train/28662.jpg,1+9*9=82
train/28663.jpg,4-(8*2)=-12
train/28664.jpg,0*9*2=0
train/28665.jpg,5+8*6=53
train/28666.jpg,6*9-2=52
train/28667.jpg,5-7*0=5
train/28668.jpg,3*0-5=-5
train/28669.jpg,(9+0)-4=5
train/28670.jpg,6+4-6=4
train/28671.jpg,0+(6+8)=14
train/28672.jpg,5+0*0=5
train/28673.jpg,(2*0)+8=8
train/28674.jpg,5*(3+8)=55
train/28675.jpg,(1+9)*7=70
train/28676.jpg,(0-2)+1=-1
train/28677.jpg,9-1*2=7
train/28678.jpg,(2+1)*2=6
train/28679.jpg,3-(8+7)=-12
train/28680.jpg,8-(6*7)=-34
train/28681.jpg,0+4*1=4
train/28682.jpg,(6+3)+1=10
train/28683.jpg,8*(5+1)=48
train/28684.jpg,(3*3)+2=11
train/28685.jpg,5*(5*5)=125
train/28686.jpg,(8-4)*4=16
train/28687.jpg,1*(9*4)=36
train/28688.jpg,(1*2)+1=3
train/28689.jpg,(6+5)+6=17
train/28690.jpg,0+4-9=-5
train/28691.jpg,5*(1*4)=20
train/28692.jpg,6*(8*3)=144
train/28693.jpg,7-(1+6)=0
train/28694.jpg,4*4*8=128
train/28695.jpg,(5-7)-2=-4
train/28696.jpg,3+3*2=9
train/28697.jpg,1+(7*3)=22
train/28698.jpg,8-(6+2)=0
train/28699.jpg,(3*4)*7=84
train/28700.jpg,5*(3+2)=25
train/28701.jpg,(8*5)-2=38
train/28702.jpg,1*(1*0)=0
train/28703.jpg,4-9+9=4
train/28704.jpg,1*6*4=24
train/28705.jpg,0*(5+7)=0
train/28706.jpg,1-(5+9)=-13
train/28707.jpg,(4-4)+2=2
train/28708.jpg,4*(4*6)=96
train/28709.jpg,(1-4)-2=-5
train/28710.jpg,3+8-9=2
train/28711.jpg,9*(3+9)=108
train/28712.jpg,0+(3-6)=-3
train/28713.jpg,(1*3)-2=1
train/28714.jpg,4+(6*8)=52
train/28715.jpg,(7-0)+2=9
train/28716.jpg,8*4+6=38
train/28717.jpg,2-(3+7)=-8
train/28718.jpg,(1+4)-0=5
train/28719.jpg,5+(2-4)=3
train/28720.jpg,8-6-4=-2
train/28721.jpg,8-(9-9)=8
train/28722.jpg,(4*3)-2=10
train/28723.jpg,5*(1*1)=5
train/28724.jpg,(7-8)+4=3
train/28725.jpg,(7-4)+3=6
train/28726.jpg,(7-1)-6=0
train/28727.jpg,2+3-5=0
train/28728.jpg,(2*2)+1=5
train/28729.jpg,3+7+4=14
train/28730.jpg,8-8+1=1
train/28731.jpg,5*(6+6)=60
train/28732.jpg,0+5*5=25
train/28733.jpg,8+(9*9)=89
train/28734.jpg,1*7+8=15
train/28735.jpg,4*7*5=140
train/28736.jpg,(8*3)+7=31
train/28737.jpg,(6*1)*0=0
train/28738.jpg,1+(5-6)=0
train/28739.jpg,(0+3)+1=4
train/28740.jpg,(5*3)+2=17
train/28741.jpg,(7+3)+6=16
train/28742.jpg,5+4*0=5
train/28743.jpg,2-2-3=-3
train/28744.jpg,(4+1)-0=5
train/28745.jpg,4*4*1=16
train/28746.jpg,2-(8*6)=-46
train/28747.jpg,7-6-5=-4
train/28748.jpg,7-(6*5)=-23
train/28749.jpg,9*(2*6)=108
train/28750.jpg,8*(7+4)=88
train/28751.jpg,(9+9)-4=14
train/28752.jpg,2+8+4=14
train/28753.jpg,7+(2+9)=18
train/28754.jpg,(9-4)*8=40
train/28755.jpg,5-5*9=-40
train/28756.jpg,0*9+7=7
train/28757.jpg,2-(4+0)=-2
train/28758.jpg,0+(7+8)=15
train/28759.jpg,(1-2)+1=0
train/28760.jpg,0*(7+6)=0
train/28761.jpg,(8*9)-4=68
train/28762.jpg,8+7*1=15
train/28763.jpg,(8+1)*0=0
train/28764.jpg,5+1*6=11
train/28765.jpg,2+(0-7)=-5
train/28766.jpg,5*6*6=180
train/28767.jpg,(7+3)-0=10
train/28768.jpg,0+(1*4)=4
train/28769.jpg,8+1-4=5
train/28770.jpg,(7-7)*0=0
train/28771.jpg,8*4-9=23
train/28772.jpg,4+6*6=40
train/28773.jpg,(4-3)-0=1
train/28774.jpg,9+(7-3)=13
train/28775.jpg,9*9-9=72
train/28776.jpg,(4-7)+7=4
train/28777.jpg,9-(8-3)=4
train/28778.jpg,(6+4)*7=70
train/28779.jpg,(6*5)+9=39
train/28780.jpg,9-(4*1)=5
train/28781.jpg,(1*9)-1=8
train/28782.jpg,(2-8)+4=-2
train/28783.jpg,8+(1*1)=9
train/28784.jpg,6*(3*9)=162
train/28785.jpg,0+3*8=24
train/28786.jpg,9*(5+9)=126
train/28787.jpg,4+(0*9)=4
train/28788.jpg,(8+1)+1=10
train/28789.jpg,8+3+9=20
train/28790.jpg,(9-1)*9=72
train/28791.jpg,(3-5)+6=4
train/28792.jpg,(3-3)+5=5
train/28793.jpg,2-(2-3)=3
train/28794.jpg,4-7*4=-24
train/28795.jpg,(3+5)-7=1
train/28796.jpg,5-(2*3)=-1
train/28797.jpg,(4+3)-6=1
train/28798.jpg,2-7*9=-61
train/28799.jpg,(2*5)-9=1
train/28800.jpg,7*0-2=-2
train/28801.jpg,(4+4)*5=40
train/28802.jpg,(9+7)-0=16
train/28803.jpg,4-2+6=8
train/28804.jpg,7-(1+4)=2
train/28805.jpg,(3-7)-9=-13
train/28806.jpg,6*8+2=50
train/28807.jpg,9-(9+4)=-4
train/28808.jpg,9+7-5=11
train/28809.jpg,9*8*0=0
train/28810.jpg,9*3*1=27
train/28811.jpg,1-(6*7)=-41
train/28812.jpg,8*9*9=648
train/28813.jpg,5-3*7=-16
train/28814.jpg,1+7*2=15
train/28815.jpg,4-(0-6)=10
train/28816.jpg,(6-5)-0=1
train/28817.jpg,1*(7-0)=7
train/28818.jpg,5*5-6=19
train/28819.jpg,6-8*9=-66
train/28820.jpg,7-(9*0)=7
train/28821.jpg,9+3*9=36
train/28822.jpg,6-(5+1)=0
train/28823.jpg,(5-0)+4=9
train/28824.jpg,(0+3)*0=0
train/28825.jpg,(4+4)*5=40
train/28826.jpg,(3-2)+7=8
train/28827.jpg,8+(8-0)=16
train/28828.jpg,(9*6)*1=54
train/28829.jpg,(6+7)-4=9
train/28830.jpg,(5*0)+6=6
train/28831.jpg,(6+6)*0=0
train/28832.jpg,6*(6*8)=288
train/28833.jpg,(2+2)*7=28
train/28834.jpg,8+0-6=2
train/28835.jpg,(4*7)-1=27
train/28836.jpg,(0-8)+5=-3
train/28837.jpg,4+(0*2)=4
train/28838.jpg,5*5+4=29
train/28839.jpg,4+2-8=-2
train/28840.jpg,(8+0)+8=16
train/28841.jpg,(7+3)*3=30
train/28842.jpg,1+(6+9)=16
train/28843.jpg,8+8*2=24
train/28844.jpg,9*7+9=72
train/28845.jpg,8*9-3=69
train/28846.jpg,5*(9+7)=80
train/28847.jpg,3-(8*2)=-13
train/28848.jpg,3+(3*9)=30
train/28849.jpg,3*8+3=27
train/28850.jpg,6*(0-2)=-12
train/28851.jpg,6-4-9=-7
train/28852.jpg,7+5-8=4
train/28853.jpg,2*(7-0)=14
train/28854.jpg,(1+3)*8=32
train/28855.jpg,0+3*9=27
train/28856.jpg,(9-1)+3=11
train/28857.jpg,1*0-4=-4
train/28858.jpg,7+(6*1)=13
train/28859.jpg,(0+7)-0=7
train/28860.jpg,5-(6-3)=2
train/28861.jpg,6+5+2=13
train/28862.jpg,(6*7)*9=378
train/28863.jpg,8+8+6=22
train/28864.jpg,2*0*9=0
train/28865.jpg,6+(7+4)=17
train/28866.jpg,2-6*9=-52
train/28867.jpg,(1-1)-1=-1
train/28868.jpg,6+8+8=22
train/28869.jpg,0-8*4=-32
train/28870.jpg,1+(0+3)=4
train/28871.jpg,5*4-3=17
train/28872.jpg,4-(0-4)=8
train/28873.jpg,6-(3*2)=0
train/28874.jpg,3+6+2=11
train/28875.jpg,6-(4+9)=-7
train/28876.jpg,8-(7+2)=-1
train/28877.jpg,(6-0)+0=6
train/28878.jpg,4+(6+1)=11
train/28879.jpg,(8+3)-4=7
train/28880.jpg,(8+5)-5=8
train/28881.jpg,5*(7*0)=0
train/28882.jpg,0+3+8=11
train/28883.jpg,(2-1)*5=5
train/28884.jpg,7+(7*2)=21
train/28885.jpg,(6+9)+5=20
train/28886.jpg,2+(1*9)=11
train/28887.jpg,7+0-3=4
train/28888.jpg,7*(6-4)=14
train/28889.jpg,9*(5*3)=135
train/28890.jpg,(5*9)+8=53
train/28891.jpg,5*(8-6)=10
train/28892.jpg,(2+8)*2=20
train/28893.jpg,(8-8)*8=0
train/28894.jpg,8+(3-4)=7
train/28895.jpg,9-(7+9)=-7
train/28896.jpg,1+(1+4)=6
train/28897.jpg,5+3*0=5
train/28898.jpg,1+6*1=7
train/28899.jpg,6+(9-2)=13
train/28900.jpg,7-9*1=-2
train/28901.jpg,6-0-6=0
train/28902.jpg,(3+6)-3=6
train/28903.jpg,(6*8)*7=336
train/28904.jpg,3-(5+4)=-6
train/28905.jpg,0*(1-5)=0
train/28906.jpg,6-(4-3)=5
train/28907.jpg,(4*0)-3=-3
train/28908.jpg,2*2*8=32
train/28909.jpg,(2*1)*1=2
train/28910.jpg,(9*3)+3=30
train/28911.jpg,0+3*4=12
train/28912.jpg,6+(1-1)=6
train/28913.jpg,0+6*6=36
train/28914.jpg,6+2+1=9
train/28915.jpg,0-3-5=-8
train/28916.jpg,(6-1)+0=5
train/28917.jpg,2*1+5=7
train/28918.jpg,(3+2)-5=0
train/28919.jpg,2+(8+4)=14
train/28920.jpg,4*(4+7)=44
train/28921.jpg,(7*1)+5=12
train/28922.jpg,(0*4)*4=0
train/28923.jpg,9+(8-4)=13
train/28924.jpg,4+(2*4)=12
train/28925.jpg,(8-8)-9=-9
train/28926.jpg,(4-8)-3=-7
train/28927.jpg,6+5*2=16
train/28928.jpg,(2*7)*9=126
train/28929.jpg,4*0-6=-6
train/28930.jpg,6-1+3=8
train/28931.jpg,2*1-4=-2
train/28932.jpg,(3*2)-8=-2
train/28933.jpg,2+(8-7)=3
train/28934.jpg,2*(9-2)=14
train/28935.jpg,5+(2+0)=7
train/28936.jpg,5*(4*5)=100
train/28937.jpg,0-4*3=-12
train/28938.jpg,(3-7)*7=-28
train/28939.jpg,7-(2+1)=4
train/28940.jpg,(1+3)+6=10
train/28941.jpg,5-(7-7)=5
train/28942.jpg,0*(7*6)=0
train/28943.jpg,1+(1-5)=-3
train/28944.jpg,(0+2)*4=8
train/28945.jpg,(0*9)-1=-1
train/28946.jpg,0*1*2=0
train/28947.jpg,9-(4-8)=13
train/28948.jpg,3+(3+2)=8
train/28949.jpg,(0*2)+2=2
train/28950.jpg,(7*9)-5=58
train/28951.jpg,(1*2)+2=4
train/28952.jpg,(4*1)*3=12
train/28953.jpg,1+4-4=1
train/28954.jpg,5+3*0=5
train/28955.jpg,(0-8)-6=-14
train/28956.jpg,9*(8+0)=72
train/28957.jpg,4-(8*3)=-20
train/28958.jpg,(1+3)+8=12
train/28959.jpg,(8*2)*6=96
train/28960.jpg,(7-0)*0=0
train/28961.jpg,5*3+2=17
train/28962.jpg,(6+0)+2=8
train/28963.jpg,(7*1)*1=7
train/28964.jpg,8+(6+6)=20
train/28965.jpg,(2*9)*8=144
train/28966.jpg,7-(5+9)=-7
train/28967.jpg,(7+7)+3=17
train/28968.jpg,2-0+4=6
train/28969.jpg,9+9-0=18
train/28970.jpg,8+(9-7)=10
train/28971.jpg,8*9*4=288
train/28972.jpg,(6+7)*6=78
train/28973.jpg,0*(3+4)=0
train/28974.jpg,8-1*8=0
train/28975.jpg,(8-8)-7=-7
train/28976.jpg,3-(9-3)=-3
train/28977.jpg,(5+0)*6=30
train/28978.jpg,5-(1*7)=-2
train/28979.jpg,5+(9-5)=9
train/28980.jpg,(1-7)-5=-11
train/28981.jpg,4-3*2=-2
train/28982.jpg,5*5*1=25
train/28983.jpg,(2-9)*6=-42
train/28984.jpg,7+(6*0)=7
train/28985.jpg,1-1+4=4
train/28986.jpg,(4+8)+1=13
train/28987.jpg,(5+8)+3=16
train/28988.jpg,(8-4)*7=28
train/28989.jpg,4-(4*8)=-28
train/28990.jpg,(0-3)+5=2
train/28991.jpg,7+7*5=42
train/28992.jpg,0-(4-9)=5
train/28993.jpg,7+(9+0)=16
train/28994.jpg,5-5-7=-7
train/28995.jpg,(8-3)-1=4
train/28996.jpg,6+(0+5)=11
train/28997.jpg,1+5*9=46
train/28998.jpg,1+8-9=0
train/28999.jpg,0*(5+5)=0
train/29000.jpg,6-7*6=-36
train/29001.jpg,4-2+2=4
train/29002.jpg,7-7-3=-3
train/29003.jpg,1+3-3=1
train/29004.jpg,(0*7)*2=0
train/29005.jpg,0-4+8=4
train/29006.jpg,6-4-7=-5
train/29007.jpg,1-1*2=-1
train/29008.jpg,(9-3)*6=36
train/29009.jpg,2*(6+3)=18
train/29010.jpg,8+6-2=12
train/29011.jpg,4-3+9=10
train/29012.jpg,5-5-8=-8
train/29013.jpg,2+(8*2)=18
train/29014.jpg,6*8+7=55
train/29015.jpg,9-4+8=13
train/29016.jpg,(3*4)-6=6
train/29017.jpg,0-(0+6)=-6
train/29018.jpg,6-(3*8)=-18
train/29019.jpg,1-(1-2)=2
train/29020.jpg,6+7*7=55
train/29021.jpg,4+5-2=7
train/29022.jpg,(9-9)+8=8
train/29023.jpg,9*(0+0)=0
train/29024.jpg,9-9*9=-72
train/29025.jpg,3+(4+0)=7
train/29026.jpg,(4+8)-6=6
train/29027.jpg,7-4*2=-1
train/29028.jpg,(2+6)-8=0
train/29029.jpg,7-(9-1)=-1
train/29030.jpg,3-0-9=-6
train/29031.jpg,3-7*8=-53
train/29032.jpg,9-7*7=-40
train/29033.jpg,(1*9)+0=9
train/29034.jpg,4+3*3=13
train/29035.jpg,(9*5)*2=90
train/29036.jpg,5+(9+0)=14
train/29037.jpg,4-(1+1)=2
train/29038.jpg,(1+3)*0=0
train/29039.jpg,(7*2)+6=20
train/29040.jpg,(3*9)-2=25
train/29041.jpg,(5*0)+1=1
train/29042.jpg,4-(6+7)=-9
train/29043.jpg,8+(2*3)=14
train/29044.jpg,0*(9+6)=0
train/29045.jpg,6*7-9=33
train/29046.jpg,2+7+7=16
train/29047.jpg,(6-1)-9=-4
train/29048.jpg,(2-4)*4=-8
train/29049.jpg,5+(0*6)=5
train/29050.jpg,5+(7*3)=26
train/29051.jpg,(2-0)-8=-6
train/29052.jpg,(3*0)-1=-1
train/29053.jpg,8-1*3=5
train/29054.jpg,(8-4)+3=7
train/29055.jpg,(2+4)-5=1
train/29056.jpg,9+5-1=13
train/29057.jpg,8*0*1=0
train/29058.jpg,(7-7)*5=0
train/29059.jpg,5+1-7=-1
train/29060.jpg,0+1*7=7
train/29061.jpg,(7+1)-6=2
train/29062.jpg,9+(5*9)=54
train/29063.jpg,5*6*3=90
train/29064.jpg,(3-5)+9=7
train/29065.jpg,8+3-3=8
train/29066.jpg,6-7-5=-6
train/29067.jpg,(8-1)-2=5
train/29068.jpg,(3+4)*5=35
train/29069.jpg,2-(2+9)=-9
train/29070.jpg,(3*3)-2=7
train/29071.jpg,(5+9)+7=21
train/29072.jpg,(0*6)+6=6
train/29073.jpg,5+(4*6)=29
train/29074.jpg,(9+9)*9=162
train/29075.jpg,7+(2*7)=21
train/29076.jpg,(2+4)*0=0
train/29077.jpg,0*(3-2)=0
train/29078.jpg,6-(6+1)=-1
train/29079.jpg,1+7*9=64
train/29080.jpg,3+(2+1)=6
train/29081.jpg,(7+8)+4=19
train/29082.jpg,4+1*0=4
train/29083.jpg,7*(3+4)=49
train/29084.jpg,(8-9)-0=-1
train/29085.jpg,6-4+1=3
train/29086.jpg,(2+1)+7=10
train/29087.jpg,0+5*3=15
train/29088.jpg,(6*5)-5=25
train/29089.jpg,1-0-0=1
train/29090.jpg,9*(8-9)=-9
train/29091.jpg,7*1*2=14
train/29092.jpg,7-(9+9)=-11
train/29093.jpg,(5+1)-0=6
train/29094.jpg,2+9-7=4
train/29095.jpg,(5*1)*5=25
train/29096.jpg,6-2+3=7
train/29097.jpg,6-(6+2)=-2
train/29098.jpg,(4+2)-1=5
train/29099.jpg,0+(2+9)=11
train/29100.jpg,(1*7)+8=15
train/29101.jpg,(7-3)*6=24
train/29102.jpg,(7-1)+2=8
train/29103.jpg,(9-8)+1=2
train/29104.jpg,(8-4)-3=1
train/29105.jpg,3-(7*0)=3
train/29106.jpg,(5-4)*0=0
train/29107.jpg,8*2-6=10
train/29108.jpg,8+7*5=43
train/29109.jpg,(6+5)*4=44
train/29110.jpg,(6-6)+8=8
train/29111.jpg,4+0*3=4
train/29112.jpg,(0-4)-9=-13
train/29113.jpg,3*(9+2)=33
train/29114.jpg,8*9-0=72
train/29115.jpg,5-1*4=1
train/29116.jpg,1-4+7=4
train/29117.jpg,(7-8)+6=5
train/29118.jpg,2*7-1=13
train/29119.jpg,7*6-7=35
train/29120.jpg,(3*8)+9=33
train/29121.jpg,8+(5*1)=13
train/29122.jpg,6+8-5=9
train/29123.jpg,2+(3*5)=17
train/29124.jpg,0*(8+2)=0
train/29125.jpg,(5-1)*9=36
train/29126.jpg,(5+2)+6=13
train/29127.jpg,1*9*8=72
train/29128.jpg,(1-3)-9=-11
train/29129.jpg,8*(4-7)=-24
train/29130.jpg,3-8+3=-2
train/29131.jpg,9+(7-3)=13
train/29132.jpg,0*4-9=-9
train/29133.jpg,(2-4)-4=-6
train/29134.jpg,8+(0*2)=8
train/29135.jpg,0+(6-1)=5
train/29136.jpg,(9*9)*3=243
train/29137.jpg,6*4*5=120
train/29138.jpg,5*5-5=20
train/29139.jpg,8+7-3=12
train/29140.jpg,6*(2-6)=-24
train/29141.jpg,4+0-3=1
train/29142.jpg,8*3-9=15
train/29143.jpg,(0-6)-4=-10
train/29144.jpg,6+7-2=11
train/29145.jpg,(1+3)+4=8
train/29146.jpg,2*(4*5)=40
train/29147.jpg,9*(3-2)=9
train/29148.jpg,0-1+1=0
train/29149.jpg,4-(1*7)=-3
train/29150.jpg,5+5+9=19
train/29151.jpg,0+(0*8)=0
train/29152.jpg,4-8+4=0
train/29153.jpg,1+(0*4)=1
train/29154.jpg,3*(7+3)=30
train/29155.jpg,2+8+6=16
train/29156.jpg,(1+9)*0=0
train/29157.jpg,4-3*6=-14
train/29158.jpg,(5+1)-9=-3
train/29159.jpg,0*7-8=-8
train/29160.jpg,5-2*5=-5
train/29161.jpg,4-(3-9)=10
train/29162.jpg,(4-4)*4=0
train/29163.jpg,4+(2-8)=-2
train/29164.jpg,5-6-8=-9
train/29165.jpg,7-9*5=-38
train/29166.jpg,(2*1)+1=3
train/29167.jpg,6*(1*9)=54
train/29168.jpg,6+(2*9)=24
train/29169.jpg,(4-5)+4=3
train/29170.jpg,4-0+1=5
train/29171.jpg,3*9-9=18
train/29172.jpg,8+(5-8)=5
train/29173.jpg,8-(4*8)=-24
train/29174.jpg,(5+8)*4=52
train/29175.jpg,6-(1-9)=14
train/29176.jpg,(1+7)-6=2
train/29177.jpg,6-(9-2)=-1
train/29178.jpg,(6+9)*2=30
train/29179.jpg,(0*8)*3=0
train/29180.jpg,(7-0)+5=12
train/29181.jpg,5-(1-1)=5
train/29182.jpg,8-(6+9)=-7
train/29183.jpg,8+1*8=16
train/29184.jpg,(7*0)+1=1
train/29185.jpg,6+0+5=11
train/29186.jpg,8+(0+1)=9
train/29187.jpg,(0-3)+4=1
train/29188.jpg,7+9*7=70
train/29189.jpg,(8*7)*6=336
train/29190.jpg,(2+3)+9=14
train/29191.jpg,3-5+4=2
train/29192.jpg,0*(7*0)=0
train/29193.jpg,9-0-1=8
train/29194.jpg,2*3+7=13
train/29195.jpg,(5+9)+6=20
train/29196.jpg,0*(8*8)=0
train/29197.jpg,1-(3-5)=3
train/29198.jpg,1-(2+8)=-9
train/29199.jpg,1-5*3=-14
train/29200.jpg,8-(1-3)=10
train/29201.jpg,9-1+3=11
train/29202.jpg,1*(6+5)=11
train/29203.jpg,(6+3)+0=9
train/29204.jpg,4-(1+3)=0
train/29205.jpg,(8+7)+1=16
train/29206.jpg,8+7+0=15
train/29207.jpg,9+(8+7)=24
train/29208.jpg,(7+5)-0=12
train/29209.jpg,(5+7)+9=21
train/29210.jpg,6-5-8=-7
train/29211.jpg,(9+6)+1=16
train/29212.jpg,0*(1-2)=0
train/29213.jpg,3-(7*1)=-4
train/29214.jpg,(2+6)+3=11
train/29215.jpg,(6*6)+0=36
train/29216.jpg,(7+4)*8=88
train/29217.jpg,7+(0-3)=4
train/29218.jpg,1+4*1=5
train/29219.jpg,3+9+0=12
train/29220.jpg,8-(5-3)=6
train/29221.jpg,(4+2)-8=-2
train/29222.jpg,0*7-9=-9
train/29223.jpg,(8*7)+5=61
train/29224.jpg,9*(2+4)=54
train/29225.jpg,(4*6)+1=25
train/29226.jpg,(9+2)-7=4
train/29227.jpg,(4+9)-4=9
train/29228.jpg,(1-1)*8=0
train/29229.jpg,0+8+1=9
train/29230.jpg,4*5+0=20
train/29231.jpg,(0+7)+6=13
train/29232.jpg,4+9+0=13
train/29233.jpg,7-5*0=7
train/29234.jpg,1+9*2=19
train/29235.jpg,9*(8-3)=45
train/29236.jpg,8+(4*1)=12
train/29237.jpg,3*0-0=0
train/29238.jpg,(0-6)-0=-6
train/29239.jpg,4+(6+1)=11
train/29240.jpg,1+(3+3)=7
train/29241.jpg,4-(9-4)=-1
train/29242.jpg,6+(5+6)=17
train/29243.jpg,5+4+5=14
train/29244.jpg,3+2-3=2
train/29245.jpg,4+(2*8)=20
train/29246.jpg,7*8-1=55
train/29247.jpg,0*(2+5)=0
train/29248.jpg,6+2+7=15
train/29249.jpg,1*(4-0)=4
train/29250.jpg,(4-4)*1=0
train/29251.jpg,(7+8)+8=23
train/29252.jpg,7*8-5=51
train/29253.jpg,(6*3)-0=18
train/29254.jpg,1*3-2=1
train/29255.jpg,(9+7)-2=14
train/29256.jpg,3-2+7=8
train/29257.jpg,8-(5-9)=12
train/29258.jpg,3+7-9=1
train/29259.jpg,7+(5-3)=9
train/29260.jpg,(1*6)+6=12
train/29261.jpg,7*(9+7)=112
train/29262.jpg,(5*4)*3=60
train/29263.jpg,(6*8)+6=54
train/29264.jpg,(7+9)-1=15
train/29265.jpg,8*(6-2)=32
train/29266.jpg,0-(2*7)=-14
train/29267.jpg,2-9+1=-6
train/29268.jpg,(6-3)-2=1
train/29269.jpg,7*5-4=31
train/29270.jpg,2+(5+5)=12
train/29271.jpg,8*(8*4)=256
train/29272.jpg,(2-5)*7=-21
train/29273.jpg,3-(5+4)=-6
train/29274.jpg,(2+6)-9=-1
train/29275.jpg,5+9+2=16
train/29276.jpg,(7+8)-4=11
train/29277.jpg,(5-0)+9=14
train/29278.jpg,9-(9-7)=7
train/29279.jpg,4+(9*1)=13
train/29280.jpg,(7+8)+8=23
train/29281.jpg,(1*3)*4=12
train/29282.jpg,6*(7-4)=18
train/29283.jpg,0-0+6=6
train/29284.jpg,4-8*7=-52
train/29285.jpg,4*(7*2)=56
train/29286.jpg,8+(2+8)=18
train/29287.jpg,4+(7-8)=3
train/29288.jpg,(6+0)+1=7
train/29289.jpg,1+(2+9)=12
train/29290.jpg,3+(3-4)=2
train/29291.jpg,(9-8)*9=9
train/29292.jpg,(5*7)*4=140
train/29293.jpg,2*(3-9)=-12
train/29294.jpg,0-(4-5)=1
train/29295.jpg,1*(3-0)=3
train/29296.jpg,(2-4)-4=-6
train/29297.jpg,7*5-0=35
train/29298.jpg,9*1*1=9
train/29299.jpg,(5*9)-2=43
train/29300.jpg,(4+0)*0=0
train/29301.jpg,0+(6-0)=6
train/29302.jpg,9+(6+1)=16
train/29303.jpg,3*4-3=9
train/29304.jpg,(1+5)-1=5
train/29305.jpg,(4*5)-1=19
train/29306.jpg,0-(1*3)=-3
train/29307.jpg,7*(0+5)=35
train/29308.jpg,8-4+9=13
train/29309.jpg,(8*7)+5=61
train/29310.jpg,8*(2+1)=24
train/29311.jpg,(2+4)-0=6
train/29312.jpg,1+4+2=7
train/29313.jpg,8*(3*0)=0
train/29314.jpg,1*(0*3)=0
train/29315.jpg,8*9+5=77
train/29316.jpg,3*1+3=6
train/29317.jpg,(2*1)+7=9
train/29318.jpg,1+(0+5)=6
train/29319.jpg,(0-7)-1=-8
train/29320.jpg,(7+7)-6=8
train/29321.jpg,2-2*0=2
train/29322.jpg,5+(4+8)=17
train/29323.jpg,(9+5)-8=6
train/29324.jpg,1*(7*1)=7
train/29325.jpg,3-9-9=-15
train/29326.jpg,6+(7+7)=20
train/29327.jpg,(8-4)+6=10
train/29328.jpg,(5+5)-8=2
train/29329.jpg,4*4+4=20
train/29330.jpg,(7-2)+6=11
train/29331.jpg,0-(4*4)=-16
train/29332.jpg,7+7+2=16
train/29333.jpg,1-5*3=-14
train/29334.jpg,4*(2+5)=28
train/29335.jpg,6+2-7=1
train/29336.jpg,2+3+8=13
train/29337.jpg,(0*5)*6=0
train/29338.jpg,(3*3)-2=7
train/29339.jpg,0+7*3=21
train/29340.jpg,(1*8)+4=12
train/29341.jpg,(7+9)+8=24
train/29342.jpg,0-6*5=-30
train/29343.jpg,9*7*5=315
train/29344.jpg,0+2-5=-3
train/29345.jpg,(9+3)-5=7
train/29346.jpg,9-(7-9)=11
train/29347.jpg,7*4-1=27
train/29348.jpg,8-0-5=3
train/29349.jpg,1-7-5=-11
train/29350.jpg,8-3-9=-4
train/29351.jpg,(9*7)-9=54
train/29352.jpg,(6*6)+5=41
train/29353.jpg,2-2*4=-6
train/29354.jpg,(8*5)+9=49
train/29355.jpg,(7-5)+2=4
train/29356.jpg,(7*4)+4=32
train/29357.jpg,4*1*5=20
train/29358.jpg,3*3+4=13
train/29359.jpg,7+(8+9)=24
train/29360.jpg,0*1+9=9
train/29361.jpg,9*(0*5)=0
train/29362.jpg,(2-1)+8=9
train/29363.jpg,(9*7)*3=189
train/29364.jpg,6+(3+3)=12
train/29365.jpg,(9-5)-3=1
train/29366.jpg,(9*0)*7=0
train/29367.jpg,2*9+8=26
train/29368.jpg,2-(2-3)=3
train/29369.jpg,9*(9*4)=324
train/29370.jpg,(3+0)-7=-4
train/29371.jpg,(3-4)*3=-3
train/29372.jpg,(4+4)*0=0
train/29373.jpg,0-7+2=-5
train/29374.jpg,4*(2+9)=44
train/29375.jpg,3*(8-0)=24
train/29376.jpg,(3*6)+2=20
train/29377.jpg,(4*3)-5=7
train/29378.jpg,7+(9-3)=13
train/29379.jpg,8+4+8=20
train/29380.jpg,5+(6-8)=3
train/29381.jpg,(2*7)-1=13
train/29382.jpg,(9*1)+9=18
train/29383.jpg,(1+4)-3=2
train/29384.jpg,4+5+7=16
train/29385.jpg,2-(3*4)=-10
train/29386.jpg,8+(3-8)=3
train/29387.jpg,7-2*0=7
train/29388.jpg,4-(5*0)=4
train/29389.jpg,(2*4)-1=7
train/29390.jpg,(6-4)-1=1
train/29391.jpg,(7+4)-4=7
train/29392.jpg,3*(6*1)=18
train/29393.jpg,(8*8)-8=56
train/29394.jpg,(9*9)+7=88
train/29395.jpg,(1-9)+2=-6
train/29396.jpg,6-(5+1)=0
train/29397.jpg,0+(1-6)=-5
train/29398.jpg,9-(3+2)=4
train/29399.jpg,(8+5)-2=11
train/29400.jpg,(2-3)*7=-7
train/29401.jpg,(0*0)*5=0
train/29402.jpg,3-9*0=3
train/29403.jpg,4-6*7=-38
train/29404.jpg,8-(9-5)=4
train/29405.jpg,8+(1+1)=10
train/29406.jpg,6+(9*5)=51
train/29407.jpg,(0+0)+8=8
train/29408.jpg,(2+6)-6=2
train/29409.jpg,9-(3+5)=1
train/29410.jpg,7*(1-9)=-56
train/29411.jpg,7*(3-2)=7
train/29412.jpg,6*(0*4)=0
train/29413.jpg,6-(8+7)=-9
train/29414.jpg,(2-1)*8=8
train/29415.jpg,(0-2)+5=3
train/29416.jpg,2*(8+1)=18
train/29417.jpg,9+5-7=7
train/29418.jpg,(3+6)-9=0
train/29419.jpg,3-1*0=3
train/29420.jpg,(0-3)*5=-15
train/29421.jpg,4+(7+9)=20
train/29422.jpg,(1*3)-5=-2
train/29423.jpg,(8-8)-2=-2
train/29424.jpg,3-(8*4)=-29
train/29425.jpg,(3-7)*6=-24
train/29426.jpg,9+(9*4)=45
train/29427.jpg,0-(8*4)=-32
train/29428.jpg,4+9*0=4
train/29429.jpg,9+(9*3)=36
train/29430.jpg,2-(6*7)=-40
train/29431.jpg,(6*1)+0=6
train/29432.jpg,0-(0-4)=4
train/29433.jpg,(0-5)-1=-6
train/29434.jpg,(5+8)*9=117
train/29435.jpg,(2*4)-1=7
train/29436.jpg,(8*0)+8=8
train/29437.jpg,1-0-8=-7
train/29438.jpg,6-(8-8)=6
train/29439.jpg,(2*7)-6=8
train/29440.jpg,5-(5*7)=-30
train/29441.jpg,0-(2+1)=-3
train/29442.jpg,6*8-8=40
train/29443.jpg,5-(8-4)=1
train/29444.jpg,(8*8)-3=61
train/29445.jpg,4-(7-2)=-1
train/29446.jpg,7+(2+7)=16
train/29447.jpg,8*(1*2)=16
train/29448.jpg,6+3+5=14
train/29449.jpg,(9*9)*3=243
train/29450.jpg,6+1-9=-2
train/29451.jpg,(8-4)-4=0
train/29452.jpg,3+(9-0)=12
train/29453.jpg,(7-9)-1=-3
train/29454.jpg,4-7+5=2
train/29455.jpg,8-(9*8)=-64
train/29456.jpg,(7+6)-3=10
train/29457.jpg,(8+0)*8=64
train/29458.jpg,5-0*5=5
train/29459.jpg,(7-2)*9=45
train/29460.jpg,(5+2)+6=13
train/29461.jpg,(2-0)-5=-3
train/29462.jpg,9*(1+1)=18
train/29463.jpg,2-(8*9)=-70
train/29464.jpg,7*(7*2)=98
train/29465.jpg,6*6+3=39
train/29466.jpg,2-7+7=2
train/29467.jpg,2*7-2=12
train/29468.jpg,3*(5*9)=135
train/29469.jpg,6+(9+7)=22
train/29470.jpg,4-(7-3)=0
train/29471.jpg,(3+5)-4=4
train/29472.jpg,2-(1+4)=-3
train/29473.jpg,4+9-5=8
train/29474.jpg,6*(8-7)=6
train/29475.jpg,2*7*0=0
train/29476.jpg,(2-7)*1=-5
train/29477.jpg,2*(5+8)=26
train/29478.jpg,7*(2*6)=84
train/29479.jpg,(6-6)-2=-2
train/29480.jpg,(4*5)*0=0
train/29481.jpg,1*6+1=7
train/29482.jpg,(2+6)-0=8
train/29483.jpg,5-(3-8)=10
train/29484.jpg,4-(4*3)=-8
train/29485.jpg,0+8*5=40
train/29486.jpg,(2+4)*4=24
train/29487.jpg,(2+0)*2=4
train/29488.jpg,(1+9)-7=3
train/29489.jpg,(3*3)-6=3
train/29490.jpg,6*7-0=42
train/29491.jpg,(5*2)-1=9
train/29492.jpg,6+3-1=8
train/29493.jpg,1+(4+1)=6
train/29494.jpg,(5+8)+9=22
train/29495.jpg,(7-5)-1=1
train/29496.jpg,(2*7)-6=8
train/29497.jpg,1-(1-2)=2
train/29498.jpg,8-9*9=-73
train/29499.jpg,6*5*6=180
train/29500.jpg,9+(8+9)=26
train/29501.jpg,6-(3-9)=12
train/29502.jpg,7-(9+6)=-8
train/29503.jpg,6+9*7=69
train/29504.jpg,9+9-5=13
train/29505.jpg,9-(8+7)=-6
train/29506.jpg,4-7+8=5
train/29507.jpg,(8*5)+4=44
train/29508.jpg,(0*4)-3=-3
train/29509.jpg,0-(7+0)=-7
train/29510.jpg,6*(2*0)=0
train/29511.jpg,9-(7+1)=1
train/29512.jpg,3-(4-8)=7
train/29513.jpg,9-(3-6)=12
train/29514.jpg,8*(9*5)=360
train/29515.jpg,(2-5)-9=-12
train/29516.jpg,4-(7-5)=2
train/29517.jpg,7+4*5=27
train/29518.jpg,(4-8)+0=-4
train/29519.jpg,2*(4-7)=-6
train/29520.jpg,3*(8-2)=18
train/29521.jpg,(7*0)+9=9
train/29522.jpg,1*(8-9)=-1
train/29523.jpg,8+(8+2)=18
train/29524.jpg,6-3*2=0
train/29525.jpg,0-8+7=-1
train/29526.jpg,(6+9)+1=16
train/29527.jpg,0+2+6=8
train/29528.jpg,1-8+7=0
train/29529.jpg,(3+2)*2=10
train/29530.jpg,1-4+5=2
train/29531.jpg,(7+7)-3=11
train/29532.jpg,3+6*7=45
train/29533.jpg,1-8+0=-7
train/29534.jpg,2*7+4=18
train/29535.jpg,3+(2*8)=19
train/29536.jpg,3-0+6=9
train/29537.jpg,1*6+7=13
train/29538.jpg,9+(7-9)=7
train/29539.jpg,2+(2*0)=2
train/29540.jpg,(2-6)+3=-1
train/29541.jpg,(6-8)-7=-9
train/29542.jpg,1+(9+1)=11
train/29543.jpg,4*(4-8)=-16
train/29544.jpg,4*(6+4)=40
train/29545.jpg,3-(3-0)=0
train/29546.jpg,8*1-1=7
train/29547.jpg,6+(7*3)=27
train/29548.jpg,2-(7+1)=-6
train/29549.jpg,0-9+0=-9
train/29550.jpg,(5*3)+8=23
train/29551.jpg,7-(8*6)=-41
train/29552.jpg,(4+9)*1=13
train/29553.jpg,(1-9)+7=-1
train/29554.jpg,1+(9+2)=12
train/29555.jpg,1-4*6=-23
train/29556.jpg,6+7*5=41
train/29557.jpg,(8-6)-2=0
train/29558.jpg,(4*1)+6=10
train/29559.jpg,(6+9)*1=15
train/29560.jpg,5-1+2=6
train/29561.jpg,8-8*5=-32
train/29562.jpg,(3+2)*8=40
train/29563.jpg,5+1*4=9
train/29564.jpg,2-9*7=-61
train/29565.jpg,0*(5*5)=0
train/29566.jpg,2*2-4=0
train/29567.jpg,2-(8*4)=-30
train/29568.jpg,8-2-0=6
train/29569.jpg,(7*4)-1=27
train/29570.jpg,(6+6)-9=3
train/29571.jpg,(7*8)*9=504
train/29572.jpg,9-(7-0)=2
train/29573.jpg,0*(6*8)=0
train/29574.jpg,(7-7)+2=2
train/29575.jpg,(0*4)-0=0
train/29576.jpg,9-(1*2)=7
train/29577.jpg,5-0-5=0
train/29578.jpg,6+2+4=12
train/29579.jpg,6-(3*0)=6
train/29580.jpg,5+(4*8)=37
train/29581.jpg,4+8*3=28
train/29582.jpg,6+7-2=11
train/29583.jpg,(4*4)+3=19
train/29584.jpg,5+(3+6)=14
train/29585.jpg,1-(7+5)=-11
train/29586.jpg,(5+7)+1=13
train/29587.jpg,0-7*7=-49
train/29588.jpg,2*4+8=16
train/29589.jpg,(0*7)*6=0
train/29590.jpg,(5-7)*1=-2
train/29591.jpg,7+9*7=70
train/29592.jpg,4*9-6=30
train/29593.jpg,7*0+5=5
train/29594.jpg,(6+1)*0=0
train/29595.jpg,1*(1+1)=2
train/29596.jpg,0+(1-9)=-8
train/29597.jpg,6-1*5=1
train/29598.jpg,(3*8)-3=21
train/29599.jpg,(4-2)-1=1
train/29600.jpg,1*9*3=27
train/29601.jpg,8-(0+4)=4
train/29602.jpg,(7-1)+8=14
train/29603.jpg,9+7+8=24
train/29604.jpg,2-9-1=-8
train/29605.jpg,(3+7)*3=30
train/29606.jpg,(7+4)+3=14
train/29607.jpg,(6-9)*7=-21
train/29608.jpg,(6-2)-1=3
train/29609.jpg,(1*8)-5=3
train/29610.jpg,5-(7*4)=-23
train/29611.jpg,(7+7)-8=6
train/29612.jpg,8+2+4=14
train/29613.jpg,4*5+4=24
train/29614.jpg,9-1*4=5
train/29615.jpg,9-5*8=-31
train/29616.jpg,4+4*1=8
train/29617.jpg,3+(3-0)=6
train/29618.jpg,4*(5+5)=40
train/29619.jpg,2*(3*9)=54
train/29620.jpg,3+5-8=0
train/29621.jpg,5+(2+0)=7
train/29622.jpg,2+(3*3)=11
train/29623.jpg,(5-9)*5=-20
train/29624.jpg,7*(3+2)=35
train/29625.jpg,3+7-5=5
train/29626.jpg,8-5+5=8
train/29627.jpg,0-(2+5)=-7
train/29628.jpg,3-(0-9)=12
train/29629.jpg,6+3+3=12
train/29630.jpg,5-8*4=-27
train/29631.jpg,3+(4*1)=7
train/29632.jpg,9+(9*2)=27
train/29633.jpg,6*5+9=39
train/29634.jpg,1-(5+3)=-7
train/29635.jpg,0+8*9=72
train/29636.jpg,6-0+1=7
train/29637.jpg,0-6+8=2
train/29638.jpg,4*4+2=18
train/29639.jpg,2-4+6=4
train/29640.jpg,(8-6)+8=10
train/29641.jpg,(1+4)*2=10
train/29642.jpg,8-2+1=7
train/29643.jpg,1-(3-2)=0
train/29644.jpg,(6*2)*4=48
train/29645.jpg,2+(3*8)=26
train/29646.jpg,5-3*3=-4
train/29647.jpg,7-5+9=11
train/29648.jpg,1+5+8=14
train/29649.jpg,9-(8*2)=-7
train/29650.jpg,(0*5)-2=-2
train/29651.jpg,7*(9+1)=70
train/29652.jpg,(7+6)*9=117
train/29653.jpg,0-(2+4)=-6
train/29654.jpg,2*8+7=23
train/29655.jpg,3*(0*1)=0
train/29656.jpg,(8-2)*5=30
train/29657.jpg,8+(5+4)=17
train/29658.jpg,8*(0+5)=40
train/29659.jpg,(8-1)+6=13
train/29660.jpg,4-(5*4)=-16
train/29661.jpg,(0*4)+3=3
train/29662.jpg,3*(7*5)=105
train/29663.jpg,4*(5*2)=40
train/29664.jpg,9+(9+2)=20
train/29665.jpg,9-(1+0)=8
train/29666.jpg,1*(3+2)=5
train/29667.jpg,9-2-8=-1
train/29668.jpg,3-7-6=-10
train/29669.jpg,(4+2)*3=18
train/29670.jpg,8-(2*9)=-10
train/29671.jpg,0-7*5=-35
train/29672.jpg,3+2+5=10
train/29673.jpg,4+8+5=17
train/29674.jpg,(2*6)+5=17
train/29675.jpg,3+0-7=-4
train/29676.jpg,5+(4*6)=29
train/29677.jpg,0*(7-8)=0
train/29678.jpg,6-(1*7)=-1
train/29679.jpg,8-(5-6)=9
train/29680.jpg,(9+8)+1=18
train/29681.jpg,9+4-3=10
train/29682.jpg,8-9-0=-1
train/29683.jpg,5+4*6=29
train/29684.jpg,4+(3+7)=14
train/29685.jpg,3*(0+6)=18
train/29686.jpg,2-(0+3)=-1
train/29687.jpg,8*8+9=73
train/29688.jpg,7+8*2=23
train/29689.jpg,(9*7)+8=71
train/29690.jpg,(4-2)*9=18
train/29691.jpg,8+1+8=17
train/29692.jpg,(6+3)*6=54
train/29693.jpg,8*(8*3)=192
train/29694.jpg,(2*5)*0=0
train/29695.jpg,(2-4)+6=4
train/29696.jpg,(9-5)+2=6
train/29697.jpg,(1*7)*0=0
train/29698.jpg,3-(8+6)=-11
train/29699.jpg,(3*2)+2=8
train/29700.jpg,9*(2+5)=63
train/29701.jpg,0+(5*1)=5
train/29702.jpg,3*7+3=24
train/29703.jpg,(4*7)-3=25
train/29704.jpg,4-8-0=-4
train/29705.jpg,9*1-4=5
train/29706.jpg,3-(6-3)=0
train/29707.jpg,(0-8)+2=-6
train/29708.jpg,6-2-4=0
train/29709.jpg,3+4+4=11
train/29710.jpg,(6+2)-3=5
train/29711.jpg,1+(7+6)=14
train/29712.jpg,8*1+8=16
train/29713.jpg,7+(2+9)=18
train/29714.jpg,7+2*4=15
train/29715.jpg,(6*7)*7=294
train/29716.jpg,(8+0)-1=7
train/29717.jpg,9*(5+8)=117
train/29718.jpg,2-(7*7)=-47
train/29719.jpg,1-6*2=-11
train/29720.jpg,8+4-5=7
train/29721.jpg,(8+5)-0=13
train/29722.jpg,2*(5+3)=16
train/29723.jpg,4-(2*0)=4
train/29724.jpg,0*3+0=0
train/29725.jpg,7-7+3=3
train/29726.jpg,6*1-7=-1
train/29727.jpg,(3*3)-4=5
train/29728.jpg,1-0+6=7
train/29729.jpg,1-(9*6)=-53
train/29730.jpg,1+(3*8)=25
train/29731.jpg,(0-7)-0=-7
train/29732.jpg,(1+0)-9=-8
train/29733.jpg,(6-5)-5=-4
train/29734.jpg,9-(9+5)=-5
train/29735.jpg,7-5*4=-13
train/29736.jpg,0*(4*7)=0
train/29737.jpg,9+1+9=19
train/29738.jpg,4+2-8=-2
train/29739.jpg,7+5*3=22
train/29740.jpg,8*5-4=36
train/29741.jpg,2*8*0=0
train/29742.jpg,4+4-3=5
train/29743.jpg,2-(4*8)=-30
train/29744.jpg,7+4*3=19
train/29745.jpg,8*(5*0)=0
train/29746.jpg,0*(2+0)=0
train/29747.jpg,4+(0-9)=-5
train/29748.jpg,5*(7+9)=80
train/29749.jpg,9-(0+8)=1
train/29750.jpg,(5-5)+2=2
train/29751.jpg,3+(8-1)=10
train/29752.jpg,3+5-7=1
train/29753.jpg,(4-9)-3=-8
train/29754.jpg,4+8*6=52
train/29755.jpg,2*2+7=11
train/29756.jpg,(7+5)*2=24
train/29757.jpg,(8+5)*2=26
train/29758.jpg,1+(3-0)=4
train/29759.jpg,1*(9-5)=4
train/29760.jpg,1+5+8=14
train/29761.jpg,3*6*9=162
train/29762.jpg,(4+6)-4=6
train/29763.jpg,9-(9*2)=-9
train/29764.jpg,5*(5-0)=25
train/29765.jpg,(6-9)*1=-3
train/29766.jpg,(1+8)+4=13
train/29767.jpg,9-9*1=0
train/29768.jpg,8*4*7=224
train/29769.jpg,(6*2)+0=12
train/29770.jpg,0*4-9=-9
train/29771.jpg,(4-2)+8=10
train/29772.jpg,(2+6)-0=8
train/29773.jpg,(9*0)-3=-3
train/29774.jpg,6+1+4=11
train/29775.jpg,2-(8+2)=-8
train/29776.jpg,0-3-1=-4
train/29777.jpg,(4-7)+5=2
train/29778.jpg,5*1+4=9
train/29779.jpg,9*(0+0)=0
train/29780.jpg,(5*5)*8=200
train/29781.jpg,2*6*2=24
train/29782.jpg,(4+0)*1=4
train/29783.jpg,0*0+1=1
train/29784.jpg,7+0-7=0
train/29785.jpg,(5+8)*7=91
train/29786.jpg,4*(5-9)=-16
train/29787.jpg,(9+1)-8=2
train/29788.jpg,2-(2+9)=-9
train/29789.jpg,(8+4)-6=6
train/29790.jpg,0-4+5=1
train/29791.jpg,(2-4)-8=-10
train/29792.jpg,5-2+8=11
train/29793.jpg,(0+8)-8=0
train/29794.jpg,2-8*6=-46
train/29795.jpg,5-(1-0)=4
train/29796.jpg,5+3-9=-1
train/29797.jpg,(8+0)-4=4
train/29798.jpg,(6-6)+3=3
train/29799.jpg,0+9+4=13
train/29800.jpg,(5-1)-6=-2
train/29801.jpg,(1+5)-6=0
train/29802.jpg,2*(2-1)=2
train/29803.jpg,3+7+1=11
train/29804.jpg,(0*8)*7=0
train/29805.jpg,8*8-9=55
train/29806.jpg,(4-8)+9=5
train/29807.jpg,7-(6+6)=-5
train/29808.jpg,(8+0)+4=12
train/29809.jpg,(9+6)-3=12
train/29810.jpg,6-5+2=3
train/29811.jpg,6-(5+4)=-3
train/29812.jpg,0*1-7=-7
train/29813.jpg,4-5+8=7
train/29814.jpg,1+9*2=19
train/29815.jpg,2+(2*1)=4
train/29816.jpg,(3+8)-9=2
train/29817.jpg,6+2-6=2
train/29818.jpg,(5*4)-7=13
train/29819.jpg,(0+7)*5=35
train/29820.jpg,6*(7-3)=24
train/29821.jpg,1*(3-3)=0
train/29822.jpg,1-(8+6)=-13
train/29823.jpg,2*(8*5)=80
train/29824.jpg,1+2-4=-1
train/29825.jpg,3-1-9=-7
train/29826.jpg,6*4*6=144
train/29827.jpg,2-6-6=-10
train/29828.jpg,9+(2-8)=3
train/29829.jpg,2*2-6=-2
train/29830.jpg,8-9+8=7
train/29831.jpg,7+3*0=7
train/29832.jpg,0+1+0=1
train/29833.jpg,4*(7+7)=56
train/29834.jpg,8+(9*4)=44
train/29835.jpg,(7-0)+3=10
train/29836.jpg,(2-3)*6=-6
train/29837.jpg,(8-8)+2=2
train/29838.jpg,5+1-4=2
train/29839.jpg,7-(1-9)=15
train/29840.jpg,0+(7-7)=0
train/29841.jpg,0-4+7=3
train/29842.jpg,1*8*3=24
train/29843.jpg,(1-3)-6=-8
train/29844.jpg,5*7+2=37
train/29845.jpg,(4-8)+9=5
train/29846.jpg,3+1*7=10
train/29847.jpg,5-4*5=-15
train/29848.jpg,6*(6-1)=30
train/29849.jpg,(4*8)*5=160
train/29850.jpg,8+(9-3)=14
train/29851.jpg,0+(6*3)=18
train/29852.jpg,(1*5)+7=12
train/29853.jpg,7-(9+5)=-7
train/29854.jpg,0+(7+5)=12
train/29855.jpg,(6-6)-1=-1
train/29856.jpg,6+(3+1)=10
train/29857.jpg,7*(4*4)=112
train/29858.jpg,8-4+2=6
train/29859.jpg,(6*3)+2=20
train/29860.jpg,1+8*1=9
train/29861.jpg,7*(9*3)=189
train/29862.jpg,3*9-6=21
train/29863.jpg,2*1*8=16
train/29864.jpg,0-(3*8)=-24
train/29865.jpg,7*(9-8)=7
train/29866.jpg,5*7*5=175
train/29867.jpg,(1+6)+3=10
train/29868.jpg,5+(4*3)=17
train/29869.jpg,(9-9)*7=0
train/29870.jpg,3*1+9=12
train/29871.jpg,(1*9)+7=16
train/29872.jpg,3*(9-5)=12
train/29873.jpg,5-(3*2)=-1
train/29874.jpg,4-4-5=-5
train/29875.jpg,(6+7)*8=104
train/29876.jpg,(0*9)*8=0
train/29877.jpg,5-(7-7)=5
train/29878.jpg,2*7*8=112
train/29879.jpg,0*(8-1)=0
train/29880.jpg,(7+8)+1=16
train/29881.jpg,8-(6*0)=8
train/29882.jpg,7-(0*3)=7
train/29883.jpg,0*(8+4)=0
train/29884.jpg,6*(9+3)=72
train/29885.jpg,6*(0-8)=-48
train/29886.jpg,1+9+7=17
train/29887.jpg,6-(5*9)=-39
train/29888.jpg,(3+3)-1=5
train/29889.jpg,(5+0)*9=45
train/29890.jpg,(5*4)-2=18
train/29891.jpg,(4*6)+7=31
train/29892.jpg,(4-9)*9=-45
train/29893.jpg,6-(2+8)=-4
train/29894.jpg,6-(3+8)=-5
train/29895.jpg,6-2*7=-8
train/29896.jpg,3+(7*1)=10
train/29897.jpg,0+(3*7)=21
train/29898.jpg,6-(8+5)=-7
train/29899.jpg,(9-3)*9=54
train/29900.jpg,5+2*9=23
train/29901.jpg,(2*8)-1=15
train/29902.jpg,(5*0)*0=0
train/29903.jpg,5+1-6=0
train/29904.jpg,4-1+0=3
train/29905.jpg,(4-9)+2=-3
train/29906.jpg,7*(5+2)=49
train/29907.jpg,9-(9+2)=-2
train/29908.jpg,(6*7)+2=44
train/29909.jpg,(3-6)-3=-6
train/29910.jpg,2*1-8=-6
train/29911.jpg,(8-7)*7=7
train/29912.jpg,2+6*6=38
train/29913.jpg,2-(5-7)=4
train/29914.jpg,(0+7)-8=-1
train/29915.jpg,1*0-5=-5
train/29916.jpg,(5-3)-4=-2
train/29917.jpg,9+(4+1)=14
train/29918.jpg,1-2+6=5
train/29919.jpg,6+3+0=9
train/29920.jpg,1-(3-5)=3
train/29921.jpg,5+5+9=19
train/29922.jpg,8*(9+3)=96
train/29923.jpg,8+(5-0)=13
train/29924.jpg,5*3+4=19
train/29925.jpg,2+2+7=11
train/29926.jpg,8+2*9=26
train/29927.jpg,(0+3)*9=27
train/29928.jpg,(5+9)-4=10
train/29929.jpg,1-6*9=-53
train/29930.jpg,4*(8+9)=68
train/29931.jpg,(8-5)-2=1
train/29932.jpg,2-(7*6)=-40
train/29933.jpg,(9-3)*1=6
train/29934.jpg,(2+2)*0=0
train/29935.jpg,(8+0)-9=-1
train/29936.jpg,(1-7)*2=-12
train/29937.jpg,(3+8)+9=20
train/29938.jpg,6*7+7=49
train/29939.jpg,2+8-7=3
train/29940.jpg,4+3*2=10
train/29941.jpg,2-5+5=2
train/29942.jpg,4+(7*6)=46
train/29943.jpg,7-(3*8)=-17
train/29944.jpg,(4-1)+4=7
train/29945.jpg,(5+3)+4=12
train/29946.jpg,(5+8)-7=6
train/29947.jpg,4+(5+0)=9
train/29948.jpg,2+(2*0)=2
train/29949.jpg,9+5-1=13
train/29950.jpg,0*(1-3)=0
train/29951.jpg,(8+4)-2=10
train/29952.jpg,5-4-6=-5
train/29953.jpg,8-(3+1)=4
train/29954.jpg,(2-1)+6=7
train/29955.jpg,0-(4*3)=-12
train/29956.jpg,1+7*7=50
train/29957.jpg,8+(8+7)=23
train/29958.jpg,3+(0*5)=3
train/29959.jpg,(5*0)*0=0
train/29960.jpg,4-5*9=-41
train/29961.jpg,(7*8)*6=336
train/29962.jpg,9+4*8=41
train/29963.jpg,2+6-6=2
train/29964.jpg,(3+7)-5=5
train/29965.jpg,2+9-8=3
train/29966.jpg,(7+3)*3=30
train/29967.jpg,6-2+1=5
train/29968.jpg,7-(8+0)=-1
train/29969.jpg,(5*7)-8=27
train/29970.jpg,2+(4*8)=34
train/29971.jpg,6-(3-8)=11
train/29972.jpg,3*6*4=72
train/29973.jpg,9*6+3=57
train/29974.jpg,(7+0)+3=10
train/29975.jpg,(9*1)+4=13
train/29976.jpg,(7-4)+1=4
train/29977.jpg,9+(5-3)=11
train/29978.jpg,7+(7-4)=10
train/29979.jpg,(7-5)*7=14
train/29980.jpg,(2*9)-5=13
train/29981.jpg,(7*7)+2=51
train/29982.jpg,(8-7)-6=-5
train/29983.jpg,(8+6)-4=10
train/29984.jpg,5+(9*5)=50
train/29985.jpg,5+(9-3)=11
train/29986.jpg,3*9+3=30
train/29987.jpg,(4+7)*3=33
train/29988.jpg,(6*8)*8=384
train/29989.jpg,1+7+1=9
train/29990.jpg,(0*4)*7=0
train/29991.jpg,2-(6+6)=-10
train/29992.jpg,7-5+4=6
train/29993.jpg,(0*4)-5=-5
train/29994.jpg,2-0-8=-6
train/29995.jpg,7*6-8=34
train/29996.jpg,9-9+6=6
train/29997.jpg,9*8*9=648
train/29998.jpg,8-(8*3)=-16
train/29999.jpg,7-1-9=-3
train/30000.jpg,7*9*3=189
train/30001.jpg,6-0*4=6
train/30002.jpg,9+(2+8)=19
train/30003.jpg,(0+2)*0=0
train/30004.jpg,6+6*1=12
train/30005.jpg,8+(0+6)=14
train/30006.jpg,2+(2-3)=1
train/30007.jpg,(5-1)*9=36
train/30008.jpg,8+3+5=16
train/30009.jpg,(5-4)+1=2
train/30010.jpg,(0-8)+9=1
train/30011.jpg,(7*3)-5=16
train/30012.jpg,5*8*1=40
train/30013.jpg,3*(1*4)=12
train/30014.jpg,(3*4)-7=5
train/30015.jpg,6-2*0=6
train/30016.jpg,(4-4)-6=-6
train/30017.jpg,8*(7+3)=80
train/30018.jpg,(9-1)+2=10
train/30019.jpg,5+(9-4)=10
train/30020.jpg,(9-1)-3=5
train/30021.jpg,(6-4)-3=-1
train/30022.jpg,9+4-4=9
train/30023.jpg,4-(4-3)=3
train/30024.jpg,(6+6)-6=6
train/30025.jpg,8+9+3=20
train/30026.jpg,(1*2)+7=9
train/30027.jpg,(2*6)-3=9
train/30028.jpg,4*2+3=11
train/30029.jpg,3+(1*9)=12
train/30030.jpg,4-9-9=-14
train/30031.jpg,2-(1-8)=9
train/30032.jpg,1+2-0=3
train/30033.jpg,(8+6)*8=112
train/30034.jpg,6-(4+7)=-5
train/30035.jpg,(5-4)-2=-1
train/30036.jpg,(1+3)+2=6
train/30037.jpg,6+(7-8)=5
train/30038.jpg,3-(6*0)=3
train/30039.jpg,1*(5+6)=11
train/30040.jpg,5-(2-3)=6
train/30041.jpg,(7+3)*6=60
train/30042.jpg,(0+6)*9=54
train/30043.jpg,(6+0)-1=5
train/30044.jpg,(6*0)-3=-3
train/30045.jpg,8+6+1=15
train/30046.jpg,2+(4*7)=30
train/30047.jpg,8-1+0=7
train/30048.jpg,(2*5)-0=10
train/30049.jpg,0-(3-5)=2
train/30050.jpg,4*5*6=120
train/30051.jpg,(0-1)*0=0
train/30052.jpg,4+(5-7)=2
train/30053.jpg,0+(0+8)=8
train/30054.jpg,8+3+0=11
train/30055.jpg,5+(2+4)=11
train/30056.jpg,9*2+4=22
train/30057.jpg,(0*7)-7=-7
train/30058.jpg,(8*5)+3=43
train/30059.jpg,6*2+1=13
train/30060.jpg,(1*9)-2=7
train/30061.jpg,(4*4)+0=16
train/30062.jpg,2-8*1=-6
train/30063.jpg,4+2*5=14
train/30064.jpg,5*(3+2)=25
train/30065.jpg,3+(9*0)=3
train/30066.jpg,7-(6-3)=4
train/30067.jpg,(7*5)-1=34
train/30068.jpg,(8-5)-8=-5
train/30069.jpg,6*0*7=0
train/30070.jpg,(6+0)+6=12
train/30071.jpg,0-5+7=2
train/30072.jpg,4+8*1=12
train/30073.jpg,(0+1)-4=-3
train/30074.jpg,(4*0)*0=0
train/30075.jpg,8-(3+5)=0
train/30076.jpg,1-6-2=-7
train/30077.jpg,7-8+1=0
train/30078.jpg,1+(8-7)=2
train/30079.jpg,3-(8*3)=-21
train/30080.jpg,(8-2)*2=12
train/30081.jpg,0*2*8=0
train/30082.jpg,(1-5)-8=-12
train/30083.jpg,4+4+4=12
train/30084.jpg,(9+3)-8=4
train/30085.jpg,(5*2)+1=11
train/30086.jpg,3+(5+8)=16
train/30087.jpg,7+(3*1)=10
train/30088.jpg,4+7*9=67
train/30089.jpg,5-3-5=-3
train/30090.jpg,9*(3+6)=81
train/30091.jpg,6-(5+1)=0
train/30092.jpg,0-2*0=0
train/30093.jpg,(2-8)-8=-14
train/30094.jpg,6*9*5=270
train/30095.jpg,2+(9*2)=20
train/30096.jpg,9-(8-6)=7
train/30097.jpg,9-(8-0)=1
train/30098.jpg,0*(5+2)=0
train/30099.jpg,(6*8)+1=49
train/30100.jpg,0-(2-5)=3
train/30101.jpg,(9+0)+0=9
train/30102.jpg,1*5*5=25
train/30103.jpg,2*4-4=4
train/30104.jpg,5*(0*1)=0
train/30105.jpg,4+6-4=6
train/30106.jpg,6+0+2=8
train/30107.jpg,3-4+2=1
train/30108.jpg,(2*7)+1=15
train/30109.jpg,7-(4*8)=-25
train/30110.jpg,1*3-2=1
train/30111.jpg,2+(9*3)=29
train/30112.jpg,(6-4)-9=-7
train/30113.jpg,4*(5-7)=-8
train/30114.jpg,(9-5)-9=-5
train/30115.jpg,6*(7-3)=24
train/30116.jpg,(5-3)*4=8
train/30117.jpg,7*2-4=10
train/30118.jpg,2-(6+0)=-4
train/30119.jpg,8+(6+1)=15
train/30120.jpg,(4+0)-0=4
train/30121.jpg,8*1-4=4
train/30122.jpg,1-(1*3)=-2
train/30123.jpg,4*7-8=20
train/30124.jpg,3-6-5=-8
train/30125.jpg,6-7*6=-36
train/30126.jpg,5+(5*7)=40
train/30127.jpg,(7-8)+1=0
train/30128.jpg,1-(5+5)=-9
train/30129.jpg,9-1*8=1
train/30130.jpg,5-(9+3)=-7
train/30131.jpg,6*0+3=3
train/30132.jpg,3-(0+5)=-2
train/30133.jpg,2+8+4=14
train/30134.jpg,2+(9+2)=13
train/30135.jpg,8+(9+5)=22
train/30136.jpg,8*8+5=69
train/30137.jpg,2-2-9=-9
train/30138.jpg,4+(9*1)=13
train/30139.jpg,5-7*5=-30
train/30140.jpg,(5-6)+2=1
train/30141.jpg,5*4+4=24
train/30142.jpg,9*(5*4)=180
train/30143.jpg,2+3+8=13
train/30144.jpg,2+(2+7)=11
train/30145.jpg,5*0-0=0
train/30146.jpg,4*(6-5)=4
train/30147.jpg,7*(0-8)=-56
train/30148.jpg,7+2-8=1
train/30149.jpg,9-(7+2)=0
train/30150.jpg,9*7+8=71
train/30151.jpg,1*(6-3)=3
train/30152.jpg,3-(8+6)=-11
train/30153.jpg,5*3*9=135
train/30154.jpg,2*4-0=8
train/30155.jpg,(0*0)*2=0
train/30156.jpg,4+8-5=7
train/30157.jpg,(4-4)+3=3
train/30158.jpg,7+(8*0)=7
train/30159.jpg,(4+1)*4=20
train/30160.jpg,4+(8*6)=52
train/30161.jpg,(8*1)+5=13
train/30162.jpg,2*2-6=-2
train/30163.jpg,6*(3+4)=42
train/30164.jpg,6*(1+0)=6
train/30165.jpg,1*(3+0)=3
train/30166.jpg,3*(0-7)=-21
train/30167.jpg,1*6-9=-3
train/30168.jpg,9*(6-0)=54
train/30169.jpg,5*9*8=360
train/30170.jpg,9*(1-9)=-72
train/30171.jpg,(5-4)+5=6
train/30172.jpg,4*(4+0)=16
train/30173.jpg,(0-9)*1=-9
train/30174.jpg,(2*7)*3=42
train/30175.jpg,7-(0*5)=7
train/30176.jpg,5*(9*5)=225
train/30177.jpg,1+(2+9)=12
train/30178.jpg,(4*8)+4=36
train/30179.jpg,3-(4+0)=-1
train/30180.jpg,5-3+3=5
train/30181.jpg,(8-9)-8=-9
train/30182.jpg,6+(3-9)=0
train/30183.jpg,1-(0*7)=1
train/30184.jpg,2*2-4=0
train/30185.jpg,4-1-8=-5
train/30186.jpg,1-(4-4)=1
train/30187.jpg,(3-9)+8=2
train/30188.jpg,1*1*4=4
train/30189.jpg,3-(4*7)=-25
train/30190.jpg,4-7+5=2
train/30191.jpg,(4-5)*3=-3
train/30192.jpg,6-(8*6)=-42
train/30193.jpg,0*(9*7)=0
train/30194.jpg,(2*9)-7=11
train/30195.jpg,6-4*8=-26
train/30196.jpg,(5*2)-9=1
train/30197.jpg,0+(3+9)=12
train/30198.jpg,2*(3-6)=-6
train/30199.jpg,7+(5-0)=12
train/30200.jpg,9*2*4=72
train/30201.jpg,4-4+3=3
train/30202.jpg,3+(8*3)=27
train/30203.jpg,0*4-7=-7
train/30204.jpg,(6-7)*1=-1
train/30205.jpg,4+0-3=1
train/30206.jpg,6+(4-1)=9
train/30207.jpg,9-(7+1)=1
train/30208.jpg,2+(0-1)=1
train/30209.jpg,1*9-1=8
train/30210.jpg,0-0*3=0
train/30211.jpg,7-9-1=-3
train/30212.jpg,8+2-0=10
train/30213.jpg,2+(9+3)=14
train/30214.jpg,1-9+0=-8
train/30215.jpg,(3+7)-0=10
train/30216.jpg,(4+5)*5=45
train/30217.jpg,6*(3+8)=66
train/30218.jpg,(4+8)+8=20
train/30219.jpg,1*3*1=3
train/30220.jpg,2-1+5=6
train/30221.jpg,9-2*3=3
train/30222.jpg,8*7-8=48
train/30223.jpg,9*2*9=162
train/30224.jpg,7+(2+4)=13
train/30225.jpg,4-(1+6)=-3
train/30226.jpg,1-(0-6)=7
train/30227.jpg,(5-6)+5=4
train/30228.jpg,(0+1)*8=8
train/30229.jpg,8+5*4=28
train/30230.jpg,5*5-4=21
train/30231.jpg,(2-9)-6=-13
train/30232.jpg,7*3*5=105
train/30233.jpg,4-(9-3)=-2
train/30234.jpg,7+0+6=13
train/30235.jpg,6+(6*4)=30
train/30236.jpg,9*2+4=22
train/30237.jpg,5-2-6=-3
train/30238.jpg,6-6-7=-7
train/30239.jpg,0-(9+8)=-17
train/30240.jpg,9*4-8=28
train/30241.jpg,(7*2)+2=16
train/30242.jpg,(2*9)+6=24
train/30243.jpg,7-2+8=13
train/30244.jpg,7*(6-3)=21
train/30245.jpg,1*5*8=40
train/30246.jpg,4+7*9=67
train/30247.jpg,4*(6+2)=32
train/30248.jpg,(1-7)-8=-14
train/30249.jpg,6-4-4=-2
train/30250.jpg,4-3-9=-8
train/30251.jpg,(7-0)+3=10
train/30252.jpg,0*(9*8)=0
train/30253.jpg,8*(2+4)=48
train/30254.jpg,1*(9*0)=0
train/30255.jpg,2-(9+7)=-14
train/30256.jpg,(6-9)*4=-12
train/30257.jpg,6-(5+6)=-5
train/30258.jpg,4-9*9=-77
train/30259.jpg,6*3-7=11
train/30260.jpg,9+(2-4)=7
train/30261.jpg,9*(9*0)=0
train/30262.jpg,5*3-7=8
train/30263.jpg,(7-2)-2=3
train/30264.jpg,(6+3)*5=45
train/30265.jpg,(4-5)+1=0
train/30266.jpg,(2-2)+1=1
train/30267.jpg,4+6*4=28
train/30268.jpg,9-(7*0)=9
train/30269.jpg,6+5+7=18
train/30270.jpg,1-(6-9)=4
train/30271.jpg,9+2+9=20
train/30272.jpg,6+(5+3)=14
train/30273.jpg,(8-1)-3=4
train/30274.jpg,(1-2)+9=8
train/30275.jpg,0+8*2=16
train/30276.jpg,8*1*6=48
train/30277.jpg,(8*0)-8=-8
train/30278.jpg,6+8-4=10
train/30279.jpg,1+1-5=-3
train/30280.jpg,(9+8)-1=16
train/30281.jpg,(1-6)*1=-5
train/30282.jpg,(1*2)+6=8
train/30283.jpg,8-(1+0)=7
train/30284.jpg,(7+3)+2=12
train/30285.jpg,5-1*6=-1
train/30286.jpg,(5*1)*5=25
train/30287.jpg,3-7+4=0
train/30288.jpg,3-4-0=-1
train/30289.jpg,(0+1)-4=-3
train/30290.jpg,4-8+1=-3
train/30291.jpg,1+8-5=4
train/30292.jpg,(1+5)*4=24
train/30293.jpg,2-7*2=-12
train/30294.jpg,2-3-1=-2
train/30295.jpg,(6-9)-5=-8
train/30296.jpg,(9+4)-7=6
train/30297.jpg,(3-7)-5=-9
train/30298.jpg,(1-9)*5=-40
train/30299.jpg,5-(9-7)=3
train/30300.jpg,(5-4)*9=9
train/30301.jpg,5+1-5=1
train/30302.jpg,6-(7-6)=5
train/30303.jpg,0*4+1=1
train/30304.jpg,7*0+4=4
train/30305.jpg,3*5*5=75
train/30306.jpg,2*(9-5)=8
train/30307.jpg,1*5-2=3
train/30308.jpg,2-(3*7)=-19
train/30309.jpg,2+6*2=14
train/30310.jpg,3*7+4=25
train/30311.jpg,3*2+0=6
train/30312.jpg,2+2+8=12
train/30313.jpg,2+3-5=0
train/30314.jpg,(1*6)+7=13
train/30315.jpg,4+7+3=14
train/30316.jpg,4+2+1=7
train/30317.jpg,9*0*1=0
train/30318.jpg,(8-7)*9=9
train/30319.jpg,4*2-8=0
train/30320.jpg,0*0+1=1
train/30321.jpg,(7*4)+4=32
train/30322.jpg,6*(0-1)=-6
train/30323.jpg,6+6+4=16
train/30324.jpg,(3-7)*3=-12
train/30325.jpg,(4-2)-5=-3
train/30326.jpg,2*5+0=10
train/30327.jpg,8*0+0=0
train/30328.jpg,(2+0)-2=0
train/30329.jpg,0+5*3=15
train/30330.jpg,(4*0)*8=0
train/30331.jpg,7*(1-6)=-35
train/30332.jpg,6-9-2=-5
train/30333.jpg,4*0+7=7
train/30334.jpg,1+(1-7)=-5
train/30335.jpg,8+(3-2)=9
train/30336.jpg,5-(9+3)=-7
train/30337.jpg,5+4+8=17
train/30338.jpg,(5*8)*8=320
train/30339.jpg,6*(5-7)=-12
train/30340.jpg,9-(8*7)=-47
train/30341.jpg,(3+7)+5=15
train/30342.jpg,0-9-8=-17
train/30343.jpg,4+5*0=4
train/30344.jpg,8-6+5=7
train/30345.jpg,5*5-8=17
train/30346.jpg,(7*6)+9=51
train/30347.jpg,7+(3-2)=8
train/30348.jpg,(3-4)-6=-7
train/30349.jpg,3+1*2=5
train/30350.jpg,5*4*1=20
train/30351.jpg,(3*0)+8=8
train/30352.jpg,3+5-8=0
train/30353.jpg,7+(6+3)=16
train/30354.jpg,3+5+4=12
train/30355.jpg,3-4+0=-1
train/30356.jpg,0*(5+1)=0
train/30357.jpg,3-(7+7)=-11
train/30358.jpg,(6*1)+5=11
train/30359.jpg,2+1+4=7
train/30360.jpg,(5*9)-7=38
train/30361.jpg,7+8+5=20
train/30362.jpg,(4-7)*5=-15
train/30363.jpg,5*(3*7)=105
train/30364.jpg,(0*0)+5=5
train/30365.jpg,(1*9)+7=16
train/30366.jpg,7+7*0=7
train/30367.jpg,1+6*2=13
train/30368.jpg,8*1-2=6
train/30369.jpg,1+8*7=57
train/30370.jpg,0-(1-3)=2
train/30371.jpg,(6*0)-4=-4
train/30372.jpg,(0*5)+8=8
train/30373.jpg,0*(5*9)=0
train/30374.jpg,7+7-0=14
train/30375.jpg,2*1*6=12
train/30376.jpg,2*(3+2)=10
train/30377.jpg,6-(1+8)=-3
train/30378.jpg,7-(4*8)=-25
train/30379.jpg,(7+5)*9=108
train/30380.jpg,(8-2)+0=6
train/30381.jpg,4+(7*2)=18
train/30382.jpg,7-(9*3)=-20
train/30383.jpg,(5-0)+3=8
train/30384.jpg,7+9+1=17
train/30385.jpg,(2+5)-7=0
train/30386.jpg,(1+0)-8=-7
train/30387.jpg,8-(4-2)=6
train/30388.jpg,0-(1*1)=-1
train/30389.jpg,(7+6)*6=78
train/30390.jpg,(6-5)-4=-3
train/30391.jpg,0+(8*4)=32
train/30392.jpg,4-(2-0)=2
train/30393.jpg,4*6-3=21
train/30394.jpg,5*(8-4)=20
train/30395.jpg,6-8*3=-18
train/30396.jpg,(0*6)-4=-4
train/30397.jpg,2+5-9=-2
train/30398.jpg,6-(7*7)=-43
train/30399.jpg,3+(9*5)=48
train/30400.jpg,6+(7+5)=18
train/30401.jpg,2*7-5=9
train/30402.jpg,2*(6-1)=10
train/30403.jpg,4*(0+6)=24
train/30404.jpg,7+4+5=16
train/30405.jpg,(4+0)-3=1
train/30406.jpg,0*7+3=3
train/30407.jpg,(9+9)+3=21
train/30408.jpg,4*9-6=30
train/30409.jpg,(3-5)*8=-16
train/30410.jpg,3-2-3=-2
train/30411.jpg,4*(2-8)=-24
train/30412.jpg,6+8*8=70
train/30413.jpg,(1-5)+2=-2
train/30414.jpg,9-(1*5)=4
train/30415.jpg,0*(7+3)=0
train/30416.jpg,6+1*4=10
train/30417.jpg,(3*1)*8=24
train/30418.jpg,(7*8)*4=224
train/30419.jpg,7+(1-9)=-1
train/30420.jpg,5+4-0=9
train/30421.jpg,(0*0)+3=3
train/30422.jpg,(8-0)-0=8
train/30423.jpg,(0*6)+2=2
train/30424.jpg,1*(4+8)=12
train/30425.jpg,0*1*2=0
train/30426.jpg,5+5+0=10
train/30427.jpg,(2-9)*7=-49
train/30428.jpg,5+(6*5)=35
train/30429.jpg,4+7-5=6
train/30430.jpg,(1+6)-4=3
train/30431.jpg,4+1*7=11
train/30432.jpg,(2*1)+3=5
train/30433.jpg,(2+6)*4=32
train/30434.jpg,(6-1)-7=-2
train/30435.jpg,(6-0)-7=-1
train/30436.jpg,(0-8)-8=-16
train/30437.jpg,6-2*0=6
train/30438.jpg,0+4+9=13
train/30439.jpg,(4*4)+7=23
train/30440.jpg,9*(8-8)=0
train/30441.jpg,6+1+3=10
train/30442.jpg,(7*1)+4=11
train/30443.jpg,9*(3-6)=-27
train/30444.jpg,(1-7)*8=-48
train/30445.jpg,4*1*9=36
train/30446.jpg,1-9-3=-11
train/30447.jpg,7-(0*3)=7
train/30448.jpg,(4*0)-7=-7
train/30449.jpg,1+3*2=7
train/30450.jpg,8+4*9=44
train/30451.jpg,2+(0+7)=9
train/30452.jpg,2-(6*9)=-52
train/30453.jpg,(6+5)-5=6
train/30454.jpg,(0*2)+1=1
train/30455.jpg,(4+4)*0=0
train/30456.jpg,2-5-5=-8
train/30457.jpg,(1-3)*3=-6
train/30458.jpg,3+(9*1)=12
train/30459.jpg,5-(9-6)=2
train/30460.jpg,(2+6)+8=16
train/30461.jpg,(8-3)*0=0
train/30462.jpg,(2-4)+8=6
train/30463.jpg,1*6-3=3
train/30464.jpg,8-(5*5)=-17
train/30465.jpg,9+(2-5)=6
train/30466.jpg,(1-6)*2=-10
train/30467.jpg,(5-9)*8=-32
train/30468.jpg,8-0+2=10
train/30469.jpg,(1+2)-6=-3
train/30470.jpg,2-(7*3)=-19
train/30471.jpg,(6*9)+0=54
train/30472.jpg,6-6*8=-42
train/30473.jpg,4+3+7=14
train/30474.jpg,8-(1-1)=8
train/30475.jpg,1+4*3=13
train/30476.jpg,(8+7)-9=6
train/30477.jpg,6+(4-6)=4
train/30478.jpg,0*(2+2)=0
train/30479.jpg,(7+2)+0=9
train/30480.jpg,(6+6)+6=18
train/30481.jpg,1*9+1=10
train/30482.jpg,0*(6*1)=0
train/30483.jpg,0*(7+9)=0
train/30484.jpg,7+9+9=25
train/30485.jpg,4-(8-5)=1
train/30486.jpg,(4-7)*3=-9
train/30487.jpg,(2*6)-7=5
train/30488.jpg,8-(1*6)=2
train/30489.jpg,(9+0)*9=81
train/30490.jpg,4*5-9=11
train/30491.jpg,1-1+3=3
train/30492.jpg,3+0*5=3
train/30493.jpg,(6+4)-5=5
train/30494.jpg,(3*5)+9=24
train/30495.jpg,(5+2)*1=7
train/30496.jpg,1*0+4=4
train/30497.jpg,(7+5)-8=4
train/30498.jpg,9-8+8=9
train/30499.jpg,7+(2-8)=1
train/30500.jpg,2-3-8=-9
train/30501.jpg,3+3-9=-3
train/30502.jpg,(0+4)*6=24
train/30503.jpg,(1*3)+0=3
train/30504.jpg,(2+9)+6=17
train/30505.jpg,1-7+9=3
train/30506.jpg,(6+9)*5=75
train/30507.jpg,(4+2)*5=30
train/30508.jpg,(2-8)*8=-48
train/30509.jpg,9+0-8=1
train/30510.jpg,(7*3)-5=16
train/30511.jpg,(2+1)-4=-1
train/30512.jpg,(1*8)+6=14
train/30513.jpg,8-(7-5)=6
train/30514.jpg,(3-5)+0=-2
train/30515.jpg,7*(7-2)=35
train/30516.jpg,9+5+4=18
train/30517.jpg,7*1+1=8
train/30518.jpg,(1+2)+5=8
train/30519.jpg,7*4-2=26
train/30520.jpg,2+(6+9)=17
train/30521.jpg,3+4*8=35
train/30522.jpg,(3-0)+2=5
train/30523.jpg,6+4-2=8
train/30524.jpg,0*(9-1)=0
train/30525.jpg,(8+3)*8=88
train/30526.jpg,(5+1)*7=42
train/30527.jpg,7+6-6=7
train/30528.jpg,0*(1+3)=0
train/30529.jpg,2+8+0=10
train/30530.jpg,4*(3*8)=96
train/30531.jpg,(9-4)+3=8
train/30532.jpg,(1-0)*4=4
train/30533.jpg,5+0*8=5
train/30534.jpg,6-(2+2)=2
train/30535.jpg,(7-8)+2=1
train/30536.jpg,4*(8-3)=20
train/30537.jpg,3+(9*7)=66
train/30538.jpg,(6*9)+8=62
train/30539.jpg,(0*4)-9=-9
train/30540.jpg,(2*9)+8=26
train/30541.jpg,(6+3)-8=1
train/30542.jpg,7-(6+2)=-1
train/30543.jpg,(4*6)+8=32
train/30544.jpg,5*1*0=0
train/30545.jpg,0+4+8=12
train/30546.jpg,5*4*2=40
train/30547.jpg,2-4+5=3
train/30548.jpg,3*0+7=7
train/30549.jpg,2+(4-0)=6
train/30550.jpg,7*9-6=57
train/30551.jpg,(7-8)+1=0
train/30552.jpg,2*(3+9)=24
train/30553.jpg,8+4-0=12
train/30554.jpg,3+3-0=6
train/30555.jpg,(8-5)+5=8
train/30556.jpg,1-6*7=-41
train/30557.jpg,3+3+3=9
train/30558.jpg,7-4*4=-9
train/30559.jpg,8+(6-2)=12
train/30560.jpg,6+(5+6)=17
train/30561.jpg,4-(0-5)=9
train/30562.jpg,5+(3+1)=9
train/30563.jpg,2-7+9=4
train/30564.jpg,0+0+6=6
train/30565.jpg,(4-0)+4=8
train/30566.jpg,(5*6)-8=22
train/30567.jpg,7-(2*8)=-9
train/30568.jpg,3-(4+0)=-1
train/30569.jpg,(4*8)+9=41
train/30570.jpg,(7-6)-9=-8
train/30571.jpg,7-(4-9)=12
train/30572.jpg,(8+2)*9=90
train/30573.jpg,3*(5-7)=-6
train/30574.jpg,3-1+0=2
train/30575.jpg,8-(6-6)=8
train/30576.jpg,(3+5)*7=56
train/30577.jpg,1-2+6=5
train/30578.jpg,(6-5)-1=0
train/30579.jpg,4*1-4=0
train/30580.jpg,(1-1)-3=-3
train/30581.jpg,1+(1-5)=-3
train/30582.jpg,8-4+0=4
train/30583.jpg,(5+5)+5=15
train/30584.jpg,4*6*5=120
train/30585.jpg,7*8*7=392
train/30586.jpg,3-(6*5)=-27
train/30587.jpg,9*6*6=324
train/30588.jpg,6-4-1=1
train/30589.jpg,1+(4+4)=9
train/30590.jpg,(1*7)-7=0
train/30591.jpg,1*(8+0)=8
train/30592.jpg,4-9+2=-3
train/30593.jpg,0*2*5=0
train/30594.jpg,4*1*8=32
train/30595.jpg,7*(9+7)=112
train/30596.jpg,9+(7*2)=23
train/30597.jpg,(1*8)-3=5
train/30598.jpg,(1-7)-0=-6
train/30599.jpg,7-(8+3)=-4
train/30600.jpg,6-9-2=-5
train/30601.jpg,5+(6-7)=4
train/30602.jpg,3*(0*4)=0
train/30603.jpg,6*6+1=37
train/30604.jpg,6+(6-0)=12
train/30605.jpg,(0+6)*1=6
train/30606.jpg,1*(8*7)=56
train/30607.jpg,6*(0+4)=24
train/30608.jpg,1-6*7=-41
train/30609.jpg,(7*8)+6=62
train/30610.jpg,(5-3)*6=12
train/30611.jpg,(0+0)-8=-8
train/30612.jpg,0*8-6=-6
train/30613.jpg,(8-3)*8=40
train/30614.jpg,(7-8)*1=-1
train/30615.jpg,9-0-2=7
train/30616.jpg,3+5-4=4
train/30617.jpg,9*(0*0)=0
train/30618.jpg,3+(8*9)=75
train/30619.jpg,3*(3+5)=24
train/30620.jpg,2-(8*1)=-6
train/30621.jpg,(4-1)+7=10
train/30622.jpg,6+(6+9)=21
train/30623.jpg,3+5+0=8
train/30624.jpg,9+(3+7)=19
train/30625.jpg,(0*5)+9=9
train/30626.jpg,5+(7*9)=68
train/30627.jpg,6+(9-8)=7
train/30628.jpg,4-9+7=2
train/30629.jpg,(1-5)*6=-24
train/30630.jpg,4-8+8=4
train/30631.jpg,(0*7)-0=0
train/30632.jpg,0+6*5=30
train/30633.jpg,8*1-9=-1
train/30634.jpg,(4+6)*7=70
train/30635.jpg,2+(7-5)=4
train/30636.jpg,5*(9-6)=15
train/30637.jpg,0*(2+6)=0
train/30638.jpg,(5-9)+9=5
train/30639.jpg,1+(2+8)=11
train/30640.jpg,(6-0)+0=6
train/30641.jpg,(4+8)+4=16
train/30642.jpg,4-(8+1)=-5
train/30643.jpg,8-0-9=-1
train/30644.jpg,(5*5)+3=28
train/30645.jpg,(4+7)-7=4
train/30646.jpg,3+(5+8)=16
train/30647.jpg,2*(8+6)=28
train/30648.jpg,5*(8-6)=10
train/30649.jpg,5-(1-0)=4
train/30650.jpg,5-6*6=-31
train/30651.jpg,(1+3)*6=24
train/30652.jpg,4-(4*4)=-12
train/30653.jpg,3-(5*6)=-27
train/30654.jpg,0-1-3=-4
train/30655.jpg,2-(5-4)=1
train/30656.jpg,(8*7)+9=65
train/30657.jpg,9-6*8=-39
train/30658.jpg,6-(2*0)=6
train/30659.jpg,6-4-7=-5
train/30660.jpg,(9-9)-5=-5
train/30661.jpg,(1+5)-4=2
train/30662.jpg,3+(8+6)=17
train/30663.jpg,(3+6)*9=81
train/30664.jpg,3*9*0=0
train/30665.jpg,(7-9)-3=-5
train/30666.jpg,(2*6)-4=8
train/30667.jpg,8-1*4=4
train/30668.jpg,(1*5)+7=12
train/30669.jpg,(4-8)*1=-4
train/30670.jpg,8+8*1=16
train/30671.jpg,0*8+1=1
train/30672.jpg,9*8*9=648
train/30673.jpg,(0-5)-3=-8
train/30674.jpg,4*(4*1)=16
train/30675.jpg,8+(0*0)=8
train/30676.jpg,(3+0)*8=24
train/30677.jpg,(9+2)-7=4
train/30678.jpg,7+(0-8)=-1
train/30679.jpg,(6-5)-4=-3
train/30680.jpg,7*0+8=8
train/30681.jpg,9*7-0=63
train/30682.jpg,8+(3+1)=12
train/30683.jpg,(1-7)-7=-13
train/30684.jpg,6*(8-1)=42
train/30685.jpg,8-(3+5)=0
train/30686.jpg,1*3*4=12
train/30687.jpg,(4-5)+6=5
train/30688.jpg,2*(2+4)=12
train/30689.jpg,5*3-4=11
train/30690.jpg,(4*5)+0=20
train/30691.jpg,7-4*2=-1
train/30692.jpg,1*2-6=-4
train/30693.jpg,(5*4)-7=13
train/30694.jpg,0-(8+8)=-16
train/30695.jpg,7+3*4=19
train/30696.jpg,(1*3)*5=15
train/30697.jpg,3-(7+8)=-12
train/30698.jpg,(4*4)+8=24
train/30699.jpg,4+(4-4)=4
train/30700.jpg,(4*1)+3=7
train/30701.jpg,(7+2)-1=8
train/30702.jpg,8*(1*3)=24
train/30703.jpg,1*(1+1)=2
train/30704.jpg,9*5*1=45
train/30705.jpg,3*4*0=0
train/30706.jpg,8*1+1=9
train/30707.jpg,8-(2-5)=11
train/30708.jpg,7-2*4=-1
train/30709.jpg,8-(5*1)=3
train/30710.jpg,2*(0+9)=18
train/30711.jpg,3-(1-9)=11
train/30712.jpg,1*4-8=-4
train/30713.jpg,8-3*0=8
train/30714.jpg,(8-9)-6=-7
train/30715.jpg,(2*3)*5=30
train/30716.jpg,3-2*8=-13
train/30717.jpg,0-2-8=-10
train/30718.jpg,4+1*0=4
train/30719.jpg,1+(9-5)=5
train/30720.jpg,1-2*8=-15
train/30721.jpg,5-(7+5)=-7
train/30722.jpg,8-(2-8)=14
train/30723.jpg,(6-8)+7=5
train/30724.jpg,2*3-0=6
train/30725.jpg,(7+2)-5=4
train/30726.jpg,7*4+9=37
train/30727.jpg,5+1+1=7
train/30728.jpg,(0-2)-2=-4
train/30729.jpg,5-9*4=-31
train/30730.jpg,(1-8)-7=-14
train/30731.jpg,9*(1*3)=27
train/30732.jpg,(9+3)-2=10
train/30733.jpg,6+6-2=10
train/30734.jpg,(6*6)-9=27
train/30735.jpg,(0*2)+5=5
train/30736.jpg,(0-0)+1=1
train/30737.jpg,5+(6*6)=41
train/30738.jpg,1*9-8=1
train/30739.jpg,7+6*3=25
train/30740.jpg,2*1*1=2
train/30741.jpg,(7+1)+4=12
train/30742.jpg,1-4-9=-12
train/30743.jpg,(5+3)*6=48
train/30744.jpg,7-2*2=3
train/30745.jpg,6*(9+7)=96
train/30746.jpg,(9-9)*3=0
train/30747.jpg,5-9-6=-10
train/30748.jpg,2+1-3=0
train/30749.jpg,2+(3+7)=12
train/30750.jpg,0*(3*2)=0
train/30751.jpg,(7*7)+3=52
train/30752.jpg,3+(7-4)=6
train/30753.jpg,(7*5)-8=27
train/30754.jpg,(1*1)*4=4
train/30755.jpg,(1*1)*4=4
train/30756.jpg,(4+0)-7=-3
train/30757.jpg,(5-0)+5=10
train/30758.jpg,3-1-4=-2
train/30759.jpg,9+4+4=17
train/30760.jpg,7*4-2=26
train/30761.jpg,(9+4)+7=20
train/30762.jpg,1-(3*6)=-17
train/30763.jpg,3+4-2=5
train/30764.jpg,8+7*7=57
train/30765.jpg,(7*5)+6=41
train/30766.jpg,(5+9)*9=126
train/30767.jpg,4-(0+8)=-4
train/30768.jpg,(8+4)-3=9
train/30769.jpg,(2*0)-8=-8
train/30770.jpg,(2+9)-0=11
train/30771.jpg,7*1*5=35
train/30772.jpg,(9*2)+4=22
train/30773.jpg,4+(3+3)=10
train/30774.jpg,1-2*0=1
train/30775.jpg,5+5*8=45
train/30776.jpg,(4+0)*3=12
train/30777.jpg,3*(4-8)=-12
train/30778.jpg,1+5*9=46
train/30779.jpg,6*8+0=48
train/30780.jpg,(3+2)-8=-3
train/30781.jpg,6*9-5=49
train/30782.jpg,3+(4+2)=9
train/30783.jpg,3-8-8=-13
train/30784.jpg,2-(0+6)=-4
train/30785.jpg,1*(6+5)=11
train/30786.jpg,(9-2)-7=0
train/30787.jpg,7*6-0=42
train/30788.jpg,0-(9*3)=-27
train/30789.jpg,6-7-3=-4
train/30790.jpg,4*(5+1)=24
train/30791.jpg,(5*2)+7=17
train/30792.jpg,3*0-8=-8
train/30793.jpg,(6*7)*4=168
train/30794.jpg,3-(4+6)=-7
train/30795.jpg,5+(0+0)=5
train/30796.jpg,(6+6)*6=72
train/30797.jpg,(6-2)-5=-1
train/30798.jpg,7-3-9=-5
train/30799.jpg,(5+3)*7=56
train/30800.jpg,9*9-4=77
train/30801.jpg,0*7-6=-6
train/30802.jpg,2-3+6=5
train/30803.jpg,6*(6*7)=252
train/30804.jpg,7-6-9=-8
train/30805.jpg,1+6+7=14
train/30806.jpg,8-(0*1)=8
train/30807.jpg,(5+1)+5=11
train/30808.jpg,(8+3)-5=6
train/30809.jpg,2+(6+7)=15
train/30810.jpg,5*7+4=39
train/30811.jpg,7*(5-8)=-21
train/30812.jpg,4+(5+1)=10
train/30813.jpg,3+7*3=24
train/30814.jpg,(0+5)+7=12
train/30815.jpg,0-(3*9)=-27
train/30816.jpg,(4-8)+5=1
train/30817.jpg,8*(9-0)=72
train/30818.jpg,3*4*5=60
train/30819.jpg,4-3+5=6
train/30820.jpg,4*3*9=108
train/30821.jpg,6*(7-4)=18
train/30822.jpg,9+(5-1)=13
train/30823.jpg,4+(4+8)=16
train/30824.jpg,2+(6-4)=4
train/30825.jpg,0+(2+3)=5
train/30826.jpg,5+(0-5)=0
train/30827.jpg,3*2-4=2
train/30828.jpg,(8+8)+2=18
train/30829.jpg,0*2-6=-6
train/30830.jpg,7*6+2=44
train/30831.jpg,1*(4+8)=12
train/30832.jpg,(6*5)*3=90
train/30833.jpg,3-(2-4)=5
train/30834.jpg,6-4-8=-6
train/30835.jpg,0-(0*3)=0
train/30836.jpg,9-(6+3)=0
train/30837.jpg,(8*0)-0=0
train/30838.jpg,8*8-2=62
train/30839.jpg,(6-5)+2=3
train/30840.jpg,8*4*7=224
train/30841.jpg,9*(1-7)=-54
train/30842.jpg,(8+8)-2=14
train/30843.jpg,7*3-8=13
train/30844.jpg,9-0-0=9
train/30845.jpg,1*5-6=-1
train/30846.jpg,5+8*6=53
train/30847.jpg,0+(6+4)=10
train/30848.jpg,1*1+9=10
train/30849.jpg,4+(9+5)=18
train/30850.jpg,4*(5+4)=36
train/30851.jpg,(9+0)+3=12
train/30852.jpg,5+4*5=25
train/30853.jpg,(7-8)*4=-4
train/30854.jpg,3+4*6=27
train/30855.jpg,7-2*3=1
train/30856.jpg,3*(5*9)=135
train/30857.jpg,9+3*5=24
train/30858.jpg,7+7-8=6
train/30859.jpg,(1+4)*0=0
train/30860.jpg,0*(4-7)=0
train/30861.jpg,4+8+9=21
train/30862.jpg,0+(3*8)=24
train/30863.jpg,0-(7+1)=-8
train/30864.jpg,2+(4+2)=8
train/30865.jpg,5-(3-2)=4
train/30866.jpg,(2*2)*4=16
train/30867.jpg,7-(4-3)=6
train/30868.jpg,(4*9)+8=44
train/30869.jpg,1+6-5=2
train/30870.jpg,8*2+3=19
train/30871.jpg,9-8-0=1
train/30872.jpg,5+8-9=4
train/30873.jpg,3+6-3=6
train/30874.jpg,(7+6)*8=104
train/30875.jpg,0-(1-6)=5
train/30876.jpg,(0+7)*6=42
train/30877.jpg,7*8*2=112
train/30878.jpg,0*(2-5)=0
train/30879.jpg,4+9-5=8
train/30880.jpg,(4-3)*2=2
train/30881.jpg,(5+0)+4=9
train/30882.jpg,(7-2)*3=15
train/30883.jpg,4-(2*9)=-14
train/30884.jpg,(9-1)*5=40
train/30885.jpg,(5-1)+4=8
train/30886.jpg,9-3-8=-2
train/30887.jpg,(8+5)+6=19
train/30888.jpg,0*2-8=-8
train/30889.jpg,2+4-2=4
train/30890.jpg,9+(1*8)=17
train/30891.jpg,3-7*0=3
train/30892.jpg,6-7*5=-29
train/30893.jpg,(7*8)+5=61
train/30894.jpg,(0-0)+9=9
train/30895.jpg,5-(5*8)=-35
train/30896.jpg,(8-0)+0=8
train/30897.jpg,5*(0*1)=0
train/30898.jpg,0*(9+7)=0
train/30899.jpg,1*1+2=3
train/30900.jpg,(8+0)-5=3
train/30901.jpg,(3+4)-6=1
train/30902.jpg,6-5-7=-6
train/30903.jpg,(2-7)+9=4
train/30904.jpg,(1-4)-8=-11
train/30905.jpg,(4*1)*4=16
train/30906.jpg,5+(4*6)=29
train/30907.jpg,8-0-8=0
train/30908.jpg,7*0-5=-5
train/30909.jpg,(9*4)+9=45
train/30910.jpg,1*(7+0)=7
train/30911.jpg,6*(3+1)=24
train/30912.jpg,2-(7+9)=-14
train/30913.jpg,(2+9)*3=33
train/30914.jpg,(6+4)*5=50
train/30915.jpg,(5-8)+8=5
train/30916.jpg,(7+5)*8=96
train/30917.jpg,(9-5)+0=4
train/30918.jpg,5+8*3=29
train/30919.jpg,2-5+0=-3
train/30920.jpg,6*4+9=33
train/30921.jpg,9*(4+1)=45
train/30922.jpg,1+2+6=9
train/30923.jpg,5*(1+9)=50
train/30924.jpg,(7-2)+8=13
train/30925.jpg,(6+1)+4=11
train/30926.jpg,(5-8)*7=-21
train/30927.jpg,(3-6)*7=-21
train/30928.jpg,3-(0-1)=4
train/30929.jpg,(6*7)*6=252
train/30930.jpg,8*1+4=12
train/30931.jpg,0-0-3=-3
train/30932.jpg,6-5+0=1
train/30933.jpg,1*(5+9)=14
train/30934.jpg,(8+9)+1=18
train/30935.jpg,0+(7*6)=42
train/30936.jpg,3+3+4=10
train/30937.jpg,5-(6*1)=-1
train/30938.jpg,(2*3)+3=9
train/30939.jpg,(5+4)-2=7
train/30940.jpg,2+(0+1)=3
train/30941.jpg,6-(9+5)=-8
train/30942.jpg,(3-3)*6=0
train/30943.jpg,6*2+4=16
train/30944.jpg,1-(7+9)=-15
train/30945.jpg,(6+2)*7=56
train/30946.jpg,3+(1*2)=5
train/30947.jpg,7-7-2=-2
train/30948.jpg,(3-5)+1=-1
train/30949.jpg,5+(4*9)=41
train/30950.jpg,3-(7-5)=1
train/30951.jpg,2*4+0=8
train/30952.jpg,(4+6)+7=17
train/30953.jpg,3+5-5=3
train/30954.jpg,1-(5+1)=-5
train/30955.jpg,(9*1)*4=36
train/30956.jpg,1-0*3=1
train/30957.jpg,(4-9)-5=-10
train/30958.jpg,4*5-7=13
train/30959.jpg,5-(5-4)=4
train/30960.jpg,6+5-1=10
train/30961.jpg,(1+9)*4=40
train/30962.jpg,(9+3)*0=0
train/30963.jpg,9+(7*9)=72
train/30964.jpg,(3+0)-5=-2
train/30965.jpg,1*9+4=13
train/30966.jpg,(2+7)*0=0
train/30967.jpg,4*(0+2)=8
train/30968.jpg,6+(8-2)=12
train/30969.jpg,5*7*2=70
train/30970.jpg,1-(2+3)=-4
train/30971.jpg,8+(3-7)=4
train/30972.jpg,(6+5)-2=9
train/30973.jpg,0-6-4=-10
train/30974.jpg,7+(2*8)=23
train/30975.jpg,3+6*3=21
train/30976.jpg,(0+7)-2=5
train/30977.jpg,4*(0-3)=-12
train/30978.jpg,7-(0-7)=14
train/30979.jpg,0-(5+5)=-10
train/30980.jpg,2-8-7=-13
train/30981.jpg,(9-7)-8=-6
train/30982.jpg,3*4+3=15
train/30983.jpg,(8-5)*7=21
train/30984.jpg,(2+1)*5=15
train/30985.jpg,2*0-0=0
train/30986.jpg,4+(9+3)=16
train/30987.jpg,3*(5-4)=3
train/30988.jpg,(7*5)*5=175
train/30989.jpg,9+(3+8)=20
train/30990.jpg,3*6+9=27
train/30991.jpg,8-(4+1)=3
train/30992.jpg,3+2-5=0
train/30993.jpg,(8+1)+4=13
train/30994.jpg,1*(7*7)=49
train/30995.jpg,1-1*3=-2
train/30996.jpg,4*1*1=4
train/30997.jpg,(5*4)+9=29
train/30998.jpg,1*(8*0)=0
train/30999.jpg,1-(4+3)=-6
train/31000.jpg,1*6-2=4
train/31001.jpg,(6+1)-6=1
train/31002.jpg,2*(6+9)=30
train/31003.jpg,(2*2)-1=3
train/31004.jpg,6+5+8=19
train/31005.jpg,3-9+7=1
train/31006.jpg,8+9+8=25
train/31007.jpg,9*(8-0)=72
train/31008.jpg,3-(9-3)=-3
train/31009.jpg,(8*1)*2=16
train/31010.jpg,(0*1)+7=7
train/31011.jpg,7+(8-5)=10
train/31012.jpg,2+(2*8)=18
train/31013.jpg,8*4-3=29
train/31014.jpg,9*0-4=-4
train/31015.jpg,3*2-8=-2
train/31016.jpg,7+4-9=2
train/31017.jpg,0+(7*6)=42
train/31018.jpg,1*5*6=30
train/31019.jpg,(0+3)*8=24
train/31020.jpg,7+0*0=7
train/31021.jpg,0+(1*0)=0
train/31022.jpg,(7-8)*0=0
train/31023.jpg,8+(9*4)=44
train/31024.jpg,(1-7)*2=-12
train/31025.jpg,5-1*5=0
train/31026.jpg,(4-9)+6=1
train/31027.jpg,2+6*2=14
train/31028.jpg,8+(1*1)=9
train/31029.jpg,(6+0)+9=15
train/31030.jpg,0-3-0=-3
train/31031.jpg,(1-0)+2=3
train/31032.jpg,(1*0)-8=-8
train/31033.jpg,4*0-6=-6
train/31034.jpg,(6-6)-4=-4
train/31035.jpg,(8-3)*2=10
train/31036.jpg,(3*3)*4=36
train/31037.jpg,(4-4)-0=0
train/31038.jpg,(1+5)-2=4
train/31039.jpg,1+9*6=55
train/31040.jpg,2*1-2=0
train/31041.jpg,5*1*8=40
train/31042.jpg,(9-2)*2=14
train/31043.jpg,(1-2)+0=-1
train/31044.jpg,2+2*7=16
train/31045.jpg,1-(1-4)=4
train/31046.jpg,(1*6)*1=6
train/31047.jpg,8+3-0=11
train/31048.jpg,3+8+7=18
train/31049.jpg,6-(9-6)=3
train/31050.jpg,4-(8+7)=-11
train/31051.jpg,2-5+3=0
train/31052.jpg,(2*5)+2=12
train/31053.jpg,3*5-6=9
train/31054.jpg,(1+4)+2=7
train/31055.jpg,7*(4-7)=-21
train/31056.jpg,(0*0)-5=-5
train/31057.jpg,7-(6+7)=-6
train/31058.jpg,(2+6)+3=11
train/31059.jpg,(9*4)-4=32
train/31060.jpg,2*(0-8)=-16
train/31061.jpg,(1-5)*8=-32
train/31062.jpg,(4-6)-8=-10
train/31063.jpg,(1+5)*5=30
train/31064.jpg,0+4-6=-2
train/31065.jpg,4+6-8=2
train/31066.jpg,(3+2)-9=-4
train/31067.jpg,(0-3)+2=-1
train/31068.jpg,3-(5-4)=2
train/31069.jpg,(8*1)-5=3
train/31070.jpg,5+4+7=16
train/31071.jpg,(3-9)*5=-30
train/31072.jpg,8+5-4=9
train/31073.jpg,5*(0*2)=0
train/31074.jpg,(6*8)-9=39
train/31075.jpg,(9+5)+5=19
train/31076.jpg,4+(0*6)=4
train/31077.jpg,4*7*5=140
train/31078.jpg,(5*6)*0=0
train/31079.jpg,(6-6)*1=0
train/31080.jpg,2-2*7=-12
train/31081.jpg,9+9+0=18
train/31082.jpg,3*6-7=11
train/31083.jpg,(4-2)-4=-2
train/31084.jpg,(2*4)*8=64
train/31085.jpg,5+(1*1)=6
train/31086.jpg,(5*7)*5=175
train/31087.jpg,(7+6)-3=10
train/31088.jpg,2*9+6=24
train/31089.jpg,9+6*7=51
train/31090.jpg,3+(4*1)=7
train/31091.jpg,(6+8)*5=70
train/31092.jpg,0+6+8=14
train/31093.jpg,(2*1)-3=-1
train/31094.jpg,8+(1*8)=16
train/31095.jpg,(3-7)-4=-8
train/31096.jpg,5+(1*2)=7
train/31097.jpg,6+(9-0)=15
train/31098.jpg,(5*2)+2=12
train/31099.jpg,8+(4*2)=16
train/31100.jpg,5*4*8=160
train/31101.jpg,2*(2+7)=18
train/31102.jpg,1*(3-5)=-2
train/31103.jpg,0*7*2=0
train/31104.jpg,(6+4)+1=11
train/31105.jpg,3*(0+7)=21
train/31106.jpg,(6+0)+1=7
train/31107.jpg,0+(6-4)=2
train/31108.jpg,9*(9*5)=405
train/31109.jpg,(4+9)+2=15
train/31110.jpg,9*(7-1)=54
train/31111.jpg,0*1-1=-1
train/31112.jpg,6-(5*5)=-19
train/31113.jpg,8+7+6=21
train/31114.jpg,7+3-3=7
train/31115.jpg,5-(2-1)=4
train/31116.jpg,9-2*9=-9
train/31117.jpg,2*(9+0)=18
train/31118.jpg,(7+0)+7=14
train/31119.jpg,9*1*7=63
train/31120.jpg,4+(5*8)=44
train/31121.jpg,8-5*1=3
train/31122.jpg,(8+2)+7=17
train/31123.jpg,(4-4)-3=-3
train/31124.jpg,(9*8)-5=67
train/31125.jpg,7-4*0=7
train/31126.jpg,(7+2)+5=14
train/31127.jpg,(3-2)-4=-3
train/31128.jpg,3+8-2=9
train/31129.jpg,8-(9-0)=-1
train/31130.jpg,0*(0-9)=0
train/31131.jpg,2-(8-7)=1
train/31132.jpg,9+5-2=12
train/31133.jpg,0*(2+8)=0
train/31134.jpg,6+6*2=18
train/31135.jpg,(5*7)-3=32
train/31136.jpg,(3-7)-5=-9
train/31137.jpg,8-2+1=7
train/31138.jpg,7+(9-7)=9
train/31139.jpg,7+7+6=20
train/31140.jpg,(4-8)*5=-20
train/31141.jpg,8*7*5=280
train/31142.jpg,2*(2*5)=20
train/31143.jpg,2+5-9=-2
train/31144.jpg,7+6-7=6
train/31145.jpg,(8*4)+3=35
train/31146.jpg,7-(3*6)=-11
train/31147.jpg,9*4*9=324
train/31148.jpg,(0*5)*1=0
train/31149.jpg,(5+8)+5=18
train/31150.jpg,1-1-1=-1
train/31151.jpg,1-(0-2)=3
train/31152.jpg,4*(9*7)=252
train/31153.jpg,(2+2)+0=4
train/31154.jpg,(2+2)+5=9
train/31155.jpg,(5*0)+7=7
train/31156.jpg,(8-7)-2=-1
train/31157.jpg,(0*4)-1=-1
train/31158.jpg,2+7-4=5
train/31159.jpg,(7+4)*8=88
train/31160.jpg,(0+2)*2=4
train/31161.jpg,0+(9-5)=4
train/31162.jpg,0-(7-5)=-2
train/31163.jpg,(2*8)-7=9
train/31164.jpg,3+1+0=4
train/31165.jpg,3-8+2=-3
train/31166.jpg,0+(2*6)=12
train/31167.jpg,8*3*4=96
train/31168.jpg,(6*6)-1=35
train/31169.jpg,(4*9)*6=216
train/31170.jpg,(7-8)+3=2
train/31171.jpg,6*3-5=13
train/31172.jpg,(5-8)-5=-8
train/31173.jpg,8-(0+3)=5
train/31174.jpg,(0*0)+6=6
train/31175.jpg,(5*9)-6=39
train/31176.jpg,0*(1-1)=0
train/31177.jpg,(0*7)*0=0
train/31178.jpg,8+9-6=11
train/31179.jpg,(4-2)*4=8
train/31180.jpg,5-(9-6)=2
train/31181.jpg,8-(0-6)=14
train/31182.jpg,(3+1)*6=24
train/31183.jpg,0-(6-4)=-2
train/31184.jpg,(8*5)*6=240
train/31185.jpg,7-(8+9)=-10
train/31186.jpg,7+2+6=15
train/31187.jpg,0*7+5=5
train/31188.jpg,6*8+0=48
train/31189.jpg,(7-2)*1=5
train/31190.jpg,0+(6+0)=6
train/31191.jpg,(9*5)+8=53
train/31192.jpg,4+(2-4)=2
train/31193.jpg,4*(7-9)=-8
train/31194.jpg,0-(1-1)=0
train/31195.jpg,8*6*4=192
train/31196.jpg,(7-7)+6=6
train/31197.jpg,6*5+6=36
train/31198.jpg,8-6-3=-1
train/31199.jpg,3-(3*9)=-24
train/31200.jpg,(5+0)+0=5
train/31201.jpg,(4-9)*4=-20
train/31202.jpg,(3+1)+9=13
train/31203.jpg,7-(9*4)=-29
train/31204.jpg,6*(8*0)=0
train/31205.jpg,2-(7+6)=-11
train/31206.jpg,(4+3)-8=-1
train/31207.jpg,(0*0)+7=7
train/31208.jpg,1-7+9=3
train/31209.jpg,5+(0*7)=5
train/31210.jpg,(5+8)*9=117
train/31211.jpg,3-0*5=3
train/31212.jpg,(5+1)+0=6
train/31213.jpg,7*3-5=16
train/31214.jpg,2+1*7=9
train/31215.jpg,1-1+3=3
train/31216.jpg,2-0+0=2
train/31217.jpg,(9*2)-1=17
train/31218.jpg,(4-4)*5=0
train/31219.jpg,(7+2)+4=13
train/31220.jpg,9-(0+3)=6
train/31221.jpg,6+5+9=20
train/31222.jpg,(0-8)+2=-6
train/31223.jpg,9+(4+7)=20
train/31224.jpg,(5+5)-8=2
train/31225.jpg,(6-6)-2=-2
train/31226.jpg,(6*7)-0=42
train/31227.jpg,2-(5+5)=-8
train/31228.jpg,8-2*6=-4
train/31229.jpg,(4*6)*6=144
train/31230.jpg,(0*0)-4=-4
train/31231.jpg,0-(4*0)=0
train/31232.jpg,(0-5)+5=0
train/31233.jpg,(1+5)-1=5
train/31234.jpg,8+(8*8)=72
train/31235.jpg,6-(1*7)=-1
train/31236.jpg,3+(0-2)=1
train/31237.jpg,(9+4)+2=15
train/31238.jpg,1*5+3=8
train/31239.jpg,5-(4-2)=3
train/31240.jpg,2*(2-3)=-2
train/31241.jpg,(1-9)+6=-2
train/31242.jpg,1-2-0=-1
train/31243.jpg,7-9-6=-8
train/31244.jpg,7+3*0=7
train/31245.jpg,(9+2)+3=14
train/31246.jpg,7+5-0=12
train/31247.jpg,6+(8+7)=21
train/31248.jpg,2*(8-4)=8
train/31249.jpg,(6*6)-8=28
train/31250.jpg,0-(2-6)=4
train/31251.jpg,(0*9)+5=5
train/31252.jpg,0-(4*0)=0
train/31253.jpg,(1*3)-3=0
train/31254.jpg,1*(3-8)=-5
train/31255.jpg,1+5*5=26
train/31256.jpg,(4*2)+9=17
train/31257.jpg,0-6-7=-13
train/31258.jpg,4-(9+0)=-5
train/31259.jpg,(4*3)-8=4
train/31260.jpg,(8-5)-2=1
train/31261.jpg,5-(2+5)=-2
train/31262.jpg,7-(6+7)=-6
train/31263.jpg,(6+7)+9=22
train/31264.jpg,(2*5)+9=19
train/31265.jpg,8+7*1=15
train/31266.jpg,0-8*7=-56
train/31267.jpg,1-(7-0)=-6
train/31268.jpg,5+8+8=21
train/31269.jpg,(5*2)-6=4
train/31270.jpg,6+4+3=13
train/31271.jpg,0*(5-5)=0
train/31272.jpg,(8+0)+8=16
train/31273.jpg,(4*2)+8=16
train/31274.jpg,(8-4)+9=13
train/31275.jpg,0*(5*4)=0
train/31276.jpg,2-(5*8)=-38
train/31277.jpg,8-(8*2)=-8
train/31278.jpg,1*5-3=2
train/31279.jpg,(5+3)+8=16
train/31280.jpg,6-(4*5)=-14
train/31281.jpg,2*9-0=18
train/31282.jpg,5*4*0=0
train/31283.jpg,(9*3)-7=20
train/31284.jpg,(1-9)+6=-2
train/31285.jpg,1-(8-4)=-3
train/31286.jpg,(6*1)+0=6
train/31287.jpg,(5*1)*9=45
train/31288.jpg,5*(7+1)=40
train/31289.jpg,5-(7*3)=-16
train/31290.jpg,4+4+8=16
train/31291.jpg,9+5*5=34
train/31292.jpg,(1+2)+2=5
train/31293.jpg,9-1*5=4
train/31294.jpg,7*(0*5)=0
train/31295.jpg,4-(2-9)=11
train/31296.jpg,(0*4)*0=0
train/31297.jpg,8*4+8=40
train/31298.jpg,3+(8+4)=15
train/31299.jpg,8+(4*3)=20
train/31300.jpg,(7*4)+1=29
train/31301.jpg,1+8-7=2
train/31302.jpg,9+(7+4)=20
train/31303.jpg,8*3-0=24
train/31304.jpg,9*(1+3)=36
train/31305.jpg,3+(1-7)=-3
train/31306.jpg,5*6*9=270
train/31307.jpg,5-(9+8)=-12
train/31308.jpg,(2*3)+5=11
train/31309.jpg,0-(2*6)=-12
train/31310.jpg,5*3+0=15
train/31311.jpg,(1*3)+9=12
train/31312.jpg,1+(2*5)=11
train/31313.jpg,9*9*4=324
train/31314.jpg,8+(5-7)=6
train/31315.jpg,5-0*7=5
train/31316.jpg,(8+6)+2=16
train/31317.jpg,6-6+2=2
train/31318.jpg,(9*6)*3=162
train/31319.jpg,7-4-4=-1
train/31320.jpg,0-8-7=-15
train/31321.jpg,(3+6)-1=8
train/31322.jpg,6*(8*4)=192
train/31323.jpg,(5*6)-2=28
train/31324.jpg,6-1-3=2
train/31325.jpg,6+(8*8)=70
train/31326.jpg,9-(0+0)=9
train/31327.jpg,0*0*5=0
train/31328.jpg,3*9*5=135
train/31329.jpg,6*1-1=5
train/31330.jpg,4-1*4=0
train/31331.jpg,2*5+1=11
train/31332.jpg,(2-9)-9=-16
train/31333.jpg,2-(3*7)=-19
train/31334.jpg,4+(2-8)=-2
train/31335.jpg,9+(3-4)=8
train/31336.jpg,(3*5)+8=23
train/31337.jpg,6-(6*4)=-18
train/31338.jpg,7*7-0=49
train/31339.jpg,2-(6-3)=-1
train/31340.jpg,4-3+5=6
train/31341.jpg,0+9+4=13
train/31342.jpg,(4+8)+1=13
train/31343.jpg,6*(7+0)=42
train/31344.jpg,4+9-5=8
train/31345.jpg,(1-9)-5=-13
train/31346.jpg,3-(2+7)=-6
train/31347.jpg,(9*3)+7=34
train/31348.jpg,(3-0)+5=8
train/31349.jpg,8-2+4=10
train/31350.jpg,9-(1+0)=8
train/31351.jpg,(0*3)+8=8
train/31352.jpg,8+8*9=80
train/31353.jpg,9+3+5=17
train/31354.jpg,7-2*7=-7
train/31355.jpg,(7-3)*1=4
train/31356.jpg,8*7*5=280
train/31357.jpg,(3+7)+3=13
train/31358.jpg,8*(5+0)=40
train/31359.jpg,(6*2)-2=10
train/31360.jpg,(9-9)*1=0
train/31361.jpg,1+(4*4)=17
train/31362.jpg,9-(1*0)=9
train/31363.jpg,(5+1)-6=0
train/31364.jpg,(0+5)*3=15
train/31365.jpg,(2+2)+4=8
train/31366.jpg,(5*1)-8=-3
train/31367.jpg,4*(7-2)=20
train/31368.jpg,(9*1)+7=16
train/31369.jpg,1+(6+7)=14
train/31370.jpg,7*(0+4)=28
train/31371.jpg,(0-6)-8=-14
train/31372.jpg,5-(6*2)=-7
train/31373.jpg,5+(3-1)=7
train/31374.jpg,(4*5)*3=60
train/31375.jpg,4-7-1=-4
train/31376.jpg,3+9-1=11
train/31377.jpg,3+(6+8)=17
train/31378.jpg,8-6+1=3
train/31379.jpg,(4+1)-9=-4
train/31380.jpg,9*(1-4)=-27
train/31381.jpg,(4-4)+3=3
train/31382.jpg,1*(2-9)=-7
train/31383.jpg,(2*9)+0=18
train/31384.jpg,2+(0+0)=2
train/31385.jpg,1-5-1=-5
train/31386.jpg,5*2*3=30
train/31387.jpg,(0+8)-2=6
train/31388.jpg,7*(7-7)=0
train/31389.jpg,(3*5)+2=17
train/31390.jpg,0-7-7=-14
train/31391.jpg,8-8*0=8
train/31392.jpg,8-(0-0)=8
train/31393.jpg,(8-8)*9=0
train/31394.jpg,1+(6-0)=7
train/31395.jpg,6-(4+1)=1
train/31396.jpg,5*9-8=37
train/31397.jpg,(1+4)-1=4
train/31398.jpg,(1-5)-4=-8
train/31399.jpg,9*(0+7)=63
train/31400.jpg,8-(2*2)=4
train/31401.jpg,1-(8+1)=-8
train/31402.jpg,0*0-9=-9
train/31403.jpg,(6-0)+6=12
train/31404.jpg,2-(5*2)=-8
train/31405.jpg,4*6-2=22
train/31406.jpg,8+(4+7)=19
train/31407.jpg,3+1+4=8
train/31408.jpg,3-(7+6)=-10
train/31409.jpg,(9+1)*2=20
train/31410.jpg,3+(8-3)=8
train/31411.jpg,1-(6+3)=-8
train/31412.jpg,8-(4-5)=9
train/31413.jpg,4+8+0=12
train/31414.jpg,(5*8)+9=49
train/31415.jpg,7-(4-0)=3
train/31416.jpg,(1*4)+6=10
train/31417.jpg,2-(5+2)=-5
train/31418.jpg,9-(7-3)=5
train/31419.jpg,1*(5+0)=5
train/31420.jpg,(1-0)-6=-5
train/31421.jpg,3+0*0=3
train/31422.jpg,1+(1*1)=2
train/31423.jpg,4*1+7=11
train/31424.jpg,3+(2+3)=8
train/31425.jpg,(7-8)-2=-3
train/31426.jpg,(0*8)-8=-8
train/31427.jpg,(0-6)-7=-13
train/31428.jpg,(1*9)+1=10
train/31429.jpg,3*7*7=147
train/31430.jpg,5+0+9=14
train/31431.jpg,(9+9)+3=21
train/31432.jpg,1*(3-3)=0
train/31433.jpg,9+4*9=45
train/31434.jpg,6+(5+1)=12
train/31435.jpg,(0-4)+0=-4
train/31436.jpg,(6*9)+9=63
train/31437.jpg,(2*1)*0=0
train/31438.jpg,0*(6+1)=0
train/31439.jpg,(0-2)+1=-1
train/31440.jpg,(1*3)+6=9
train/31441.jpg,(7-8)-1=-2
train/31442.jpg,8+(1*8)=16
train/31443.jpg,6*7*3=126
train/31444.jpg,9+(9-7)=11
train/31445.jpg,3-3+3=3
train/31446.jpg,(1*4)+6=10
train/31447.jpg,2*4*2=16
train/31448.jpg,(6-0)+2=8
train/31449.jpg,(6*1)-7=-1
train/31450.jpg,(7*6)-8=34
train/31451.jpg,7-(4-0)=3
train/31452.jpg,7-(8-2)=1
train/31453.jpg,(3-4)+3=2
train/31454.jpg,1+(0*5)=1
train/31455.jpg,2-(1*0)=2
train/31456.jpg,3-9*4=-33
train/31457.jpg,(7+9)*5=80
train/31458.jpg,1-(0-4)=5
train/31459.jpg,(2*0)-1=-1
train/31460.jpg,5-9*7=-58
train/31461.jpg,9+0*9=9
train/31462.jpg,(5+1)+6=12
train/31463.jpg,5-4*5=-15
train/31464.jpg,2+(1-0)=3
train/31465.jpg,9+2*6=21
train/31466.jpg,6*4-1=23
train/31467.jpg,0+0-8=-8
train/31468.jpg,2-6-6=-10
train/31469.jpg,3+2-1=4
train/31470.jpg,1*(9+7)=16
train/31471.jpg,(1-8)+5=-2
train/31472.jpg,(9-6)+5=8
train/31473.jpg,7-(1-9)=15
train/31474.jpg,(3-7)-7=-11
train/31475.jpg,9+1-6=4
train/31476.jpg,(3+5)*2=16
train/31477.jpg,0*(1*8)=0
train/31478.jpg,(9+7)-2=14
train/31479.jpg,0-(2*5)=-10
train/31480.jpg,(7*7)-9=40
train/31481.jpg,4*1+5=9
train/31482.jpg,9*(2+8)=90
train/31483.jpg,9*(5*5)=225
train/31484.jpg,(7*2)*2=28
train/31485.jpg,6-7-4=-5
train/31486.jpg,(1-1)*1=0
train/31487.jpg,4+(6-9)=1
train/31488.jpg,0-9-0=-9
train/31489.jpg,6-5-5=-4
train/31490.jpg,1*0+1=1
train/31491.jpg,9+(6-8)=7
train/31492.jpg,2+(5-4)=3
train/31493.jpg,(3-3)*1=0
train/31494.jpg,(9*9)+8=89
train/31495.jpg,8*(8*3)=192
train/31496.jpg,9-(1+2)=6
train/31497.jpg,(3-3)+0=0
train/31498.jpg,4-(1*5)=-1
train/31499.jpg,(3+1)+5=9
train/31500.jpg,7+(6-7)=6
train/31501.jpg,(2-1)*3=3
train/31502.jpg,(5-3)*2=4
train/31503.jpg,6-2*8=-10
train/31504.jpg,9-8+7=8
train/31505.jpg,9*0*2=0
train/31506.jpg,4+9-6=7
train/31507.jpg,9*(3-1)=18
train/31508.jpg,9*(7-3)=36
train/31509.jpg,4+(0+8)=12
train/31510.jpg,3*8-2=22
train/31511.jpg,7+(8+9)=24
train/31512.jpg,3-(6-8)=5
train/31513.jpg,4+3+9=16
train/31514.jpg,1-(2*4)=-7
train/31515.jpg,2-(4*8)=-30
train/31516.jpg,2+(1-1)=2
train/31517.jpg,5*1*2=10
train/31518.jpg,(3-7)*5=-20
train/31519.jpg,5-(3-2)=4
train/31520.jpg,6+(1*6)=12
train/31521.jpg,1+(0-9)=-8
train/31522.jpg,5-0+4=9
train/31523.jpg,(6+8)+7=21
train/31524.jpg,(9+9)*2=36
train/31525.jpg,(3*9)*5=135
train/31526.jpg,1*(2*5)=10
train/31527.jpg,(3-0)+8=11
train/31528.jpg,(3-8)-4=-9
train/31529.jpg,8-(6+9)=-7
train/31530.jpg,6+(5+6)=17
train/31531.jpg,3*5+3=18
train/31532.jpg,(5-3)-4=-2
train/31533.jpg,6-5+4=5
train/31534.jpg,(1*9)-1=8
train/31535.jpg,(8*3)+9=33
train/31536.jpg,7+(1+1)=9
train/31537.jpg,(8*5)*5=200
train/31538.jpg,4-(8*4)=-28
train/31539.jpg,4-6*0=4
train/31540.jpg,3-9-6=-12
train/31541.jpg,(5*9)-1=44
train/31542.jpg,4+(9+3)=16
train/31543.jpg,(2-4)-3=-5
train/31544.jpg,(4*1)*0=0
train/31545.jpg,1-0*2=1
train/31546.jpg,7*(6-5)=7
train/31547.jpg,(0+4)+9=13
train/31548.jpg,1*0-6=-6
train/31549.jpg,9+(1-7)=3
train/31550.jpg,9+4+0=13
train/31551.jpg,9+(2*2)=13
train/31552.jpg,6-(1-2)=7
train/31553.jpg,8-1*4=4
train/31554.jpg,(0+4)-5=-1
train/31555.jpg,9+1+7=17
train/31556.jpg,0-(6+0)=-6
train/31557.jpg,7*7*5=245
train/31558.jpg,9+(7+3)=19
train/31559.jpg,(1*5)+5=10
train/31560.jpg,6-7-8=-9
train/31561.jpg,6-(3*1)=3
train/31562.jpg,4+3+6=13
train/31563.jpg,(5*7)-3=32
train/31564.jpg,(1+8)+4=13
train/31565.jpg,7+2-6=3
train/31566.jpg,1-9+8=0
train/31567.jpg,5*(6-3)=15
train/31568.jpg,(4*6)+8=32
train/31569.jpg,3-(0*9)=3
train/31570.jpg,5-(3*9)=-22
train/31571.jpg,2-0-5=-3
train/31572.jpg,5-(8+0)=-3
train/31573.jpg,(2+6)*5=40
train/31574.jpg,7*(5-7)=-14
train/31575.jpg,3-(7*3)=-18
train/31576.jpg,(5*4)-9=11
train/31577.jpg,(3+7)+7=17
train/31578.jpg,(5-0)*2=10
train/31579.jpg,0*6*4=0
train/31580.jpg,4*9+7=43
train/31581.jpg,(4*2)-6=2
train/31582.jpg,9*6+9=63
train/31583.jpg,7+8-4=11
train/31584.jpg,9-(1-7)=15
train/31585.jpg,0+(4-5)=-1
train/31586.jpg,7-0+6=13
train/31587.jpg,1-(0+4)=-3
train/31588.jpg,(2-0)-1=1
train/31589.jpg,(0+6)+3=9
train/31590.jpg,(1-6)-5=-10
train/31591.jpg,5-(0+2)=3
train/31592.jpg,7-(5-9)=11
train/31593.jpg,8*1+8=16
train/31594.jpg,1+0+6=7
train/31595.jpg,5-8*0=5
train/31596.jpg,7+6+5=18
train/31597.jpg,2-7-5=-10
train/31598.jpg,2-(0*4)=2
train/31599.jpg,3-6*9=-51
train/31600.jpg,0*1-4=-4
train/31601.jpg,(2-5)-2=-5
train/31602.jpg,(4*9)*0=0
train/31603.jpg,0-8-9=-17
train/31604.jpg,9-(7-3)=5
train/31605.jpg,(1-0)*9=9
train/31606.jpg,7*6-5=37
train/31607.jpg,3+(0*0)=3
train/31608.jpg,(7*7)*0=0
train/31609.jpg,0-1+2=1
train/31610.jpg,3+5+6=14
train/31611.jpg,6+3+6=15
train/31612.jpg,4+6+2=12
train/31613.jpg,6*6*9=324
train/31614.jpg,8+(1+2)=11
train/31615.jpg,1-6+5=0
train/31616.jpg,9+7+0=16
train/31617.jpg,2-(2*0)=2
train/31618.jpg,(6-4)*1=2
train/31619.jpg,3-4-4=-5
train/31620.jpg,(1+8)-6=3
train/31621.jpg,6+0-1=5
train/31622.jpg,5-(2-4)=7
train/31623.jpg,6-(9+6)=-9
train/31624.jpg,(7-2)+4=9
train/31625.jpg,(2*9)*0=0
train/31626.jpg,(9-5)+0=4
train/31627.jpg,(9+9)-7=11
train/31628.jpg,5-(2-6)=9
train/31629.jpg,(0+1)+0=1
train/31630.jpg,(4*3)-3=9
train/31631.jpg,(9+1)-0=10
train/31632.jpg,(1*7)*8=56
train/31633.jpg,(6*6)+8=44
train/31634.jpg,3+8-9=2
train/31635.jpg,(7*6)+7=49
train/31636.jpg,1+(7+1)=9
train/31637.jpg,5*4*0=0
train/31638.jpg,8+(6-1)=13
train/31639.jpg,3-(2*1)=1
train/31640.jpg,(3*5)+7=22
train/31641.jpg,(9*9)+2=83
train/31642.jpg,(8+1)-3=6
train/31643.jpg,7+8*4=39
train/31644.jpg,(4-8)*3=-12
train/31645.jpg,(0-2)-5=-7
train/31646.jpg,(8*0)+2=2
train/31647.jpg,8+(6*9)=62
train/31648.jpg,8*5*7=280
train/31649.jpg,(7*1)-1=6
train/31650.jpg,6+2*5=16
train/31651.jpg,(8+0)+9=17
train/31652.jpg,1*(3*0)=0
train/31653.jpg,5+5+3=13
train/31654.jpg,9*(0-7)=-63
train/31655.jpg,6-(4-0)=2
train/31656.jpg,8-(4*5)=-12
train/31657.jpg,5*4-4=16
train/31658.jpg,8+0+3=11
train/31659.jpg,9-2+9=16
train/31660.jpg,(7*8)+1=57
train/31661.jpg,7-7-0=0
train/31662.jpg,9*(6*2)=108
train/31663.jpg,1+9*8=73
train/31664.jpg,5+(3+0)=8
train/31665.jpg,8-5+3=6
train/31666.jpg,(6*8)-5=43
train/31667.jpg,(2-5)+7=4
train/31668.jpg,5+4-2=7
train/31669.jpg,0*(1+5)=0
train/31670.jpg,2+5-3=4
train/31671.jpg,6-(3-3)=6
train/31672.jpg,(3-4)*6=-6
train/31673.jpg,6+9-4=11
train/31674.jpg,0-9+7=-2
train/31675.jpg,(5+7)*9=108
train/31676.jpg,0*5*0=0
train/31677.jpg,8*(6+3)=72
train/31678.jpg,6+(0*2)=6
train/31679.jpg,6-(2*1)=4
train/31680.jpg,2+9-5=6
train/31681.jpg,(3+1)-8=-4
train/31682.jpg,4*(1-7)=-24
train/31683.jpg,3+(7*0)=3
train/31684.jpg,6+(4-6)=4
train/31685.jpg,6+(3*2)=12
train/31686.jpg,7-3*9=-20
train/31687.jpg,1*(0-5)=-5
train/31688.jpg,5*(9-7)=10
train/31689.jpg,(8-4)-9=-5
train/31690.jpg,9+(6+9)=24
train/31691.jpg,(0+4)-4=0
train/31692.jpg,(7-5)*3=6
train/31693.jpg,5*(2-2)=0
train/31694.jpg,2*(4-5)=-2
train/31695.jpg,5*(7-5)=10
train/31696.jpg,(5+0)-5=0
train/31697.jpg,1*7-1=6
train/31698.jpg,(5+3)+1=9
train/31699.jpg,2*3-3=3
train/31700.jpg,(9+4)*1=13
train/31701.jpg,4*3-1=11
train/31702.jpg,6+1*0=6
train/31703.jpg,1-4+6=3
train/31704.jpg,7+(5+9)=21
train/31705.jpg,3-(2*1)=1
train/31706.jpg,4*3-6=6
train/31707.jpg,(1+7)-4=4
train/31708.jpg,3-0-3=0
train/31709.jpg,7-0-5=2
train/31710.jpg,1*2-6=-4
train/31711.jpg,2+(0*6)=2
train/31712.jpg,7*(5-5)=0
train/31713.jpg,0*3-4=-4
train/31714.jpg,1*3*5=15
train/31715.jpg,(1*3)-3=0
train/31716.jpg,(9+6)*7=105
train/31717.jpg,6*(4+3)=42
train/31718.jpg,0+(0-1)=-1
train/31719.jpg,(4*2)-9=-1
train/31720.jpg,0+6+0=6
train/31721.jpg,5+4+0=9
train/31722.jpg,(3*1)*2=6
train/31723.jpg,(9-4)*2=10
train/31724.jpg,1*(7*1)=7
train/31725.jpg,4-(2-4)=6
train/31726.jpg,(6*1)-0=6
train/31727.jpg,(0+8)+8=16
train/31728.jpg,(6*1)*9=54
train/31729.jpg,1+7+8=16
train/31730.jpg,8*2*4=64
train/31731.jpg,4-3-0=1
train/31732.jpg,7-(2-0)=5
train/31733.jpg,2*4-7=1
train/31734.jpg,(7+6)+8=21
train/31735.jpg,8+(6*7)=50
train/31736.jpg,(8+1)*7=63
train/31737.jpg,2*(2*5)=20
train/31738.jpg,7*4*0=0
train/31739.jpg,(9+8)+2=19
train/31740.jpg,9-0*3=9
train/31741.jpg,0*(4+1)=0
train/31742.jpg,9-(8*7)=-47
train/31743.jpg,7+2+0=9
train/31744.jpg,(1+1)*9=18
train/31745.jpg,5*(2-7)=-25
train/31746.jpg,5-(3+4)=-2
train/31747.jpg,(6-0)*7=42
train/31748.jpg,3+3*4=15
train/31749.jpg,(6-2)+5=9
train/31750.jpg,9-(6-4)=7
train/31751.jpg,(6*9)+7=61
train/31752.jpg,7+5+3=15
train/31753.jpg,1-(6+0)=-5
train/31754.jpg,(9*7)+2=65
train/31755.jpg,4-(0*3)=4
train/31756.jpg,(1*4)*6=24
train/31757.jpg,9-(4-6)=11
train/31758.jpg,(6*6)+6=42
train/31759.jpg,(4-1)-2=1
train/31760.jpg,0-(5*5)=-25
train/31761.jpg,1-2-3=-4
train/31762.jpg,9+(6+9)=24
train/31763.jpg,7*(1*6)=42
train/31764.jpg,(1-9)-3=-11
train/31765.jpg,(8-9)+2=1
train/31766.jpg,3-(7-5)=1
train/31767.jpg,(8*3)+3=27
train/31768.jpg,(3-3)*5=0
train/31769.jpg,0-9-6=-15
train/31770.jpg,7-(7-1)=1
train/31771.jpg,8-(4+5)=-1
train/31772.jpg,(0*8)+0=0
train/31773.jpg,(2-4)-1=-3
train/31774.jpg,(7-9)+9=7
train/31775.jpg,(9-8)*7=7
train/31776.jpg,2+(3+2)=7
train/31777.jpg,7*(1*7)=49
train/31778.jpg,(8*5)*4=160
train/31779.jpg,0*(8+3)=0
train/31780.jpg,1+6-5=2
train/31781.jpg,5*5-3=22
train/31782.jpg,5*(6-7)=-5
train/31783.jpg,8+4+9=21
train/31784.jpg,7*1+4=11
train/31785.jpg,7-1*7=0
train/31786.jpg,(5-6)*3=-3
train/31787.jpg,9+5-5=9
train/31788.jpg,0+2+4=6
train/31789.jpg,6-9+6=3
train/31790.jpg,6-(8+2)=-4
train/31791.jpg,3+7+3=13
train/31792.jpg,(2-6)+2=-2
train/31793.jpg,4-(8-4)=0
train/31794.jpg,2+(0-9)=-7
train/31795.jpg,6-3+7=10
train/31796.jpg,3*4*4=48
train/31797.jpg,6*(8*6)=288
train/31798.jpg,(4*4)+2=18
train/31799.jpg,2-5+2=-1
train/31800.jpg,(6+6)+8=20
train/31801.jpg,5-2*3=-1
train/31802.jpg,1+(7*0)=1
train/31803.jpg,3+(5*8)=43
train/31804.jpg,8*(7+6)=104
train/31805.jpg,8+(2*1)=10
train/31806.jpg,(1+5)*6=36
train/31807.jpg,1+(4-7)=-2
train/31808.jpg,(2+1)*4=12
train/31809.jpg,9+(2+0)=11
train/31810.jpg,7*8*3=168
train/31811.jpg,(5*8)-5=35
train/31812.jpg,8-0+7=15
train/31813.jpg,2+5*7=37
train/31814.jpg,(3+8)*3=33
train/31815.jpg,7-(3*4)=-5
train/31816.jpg,5+1-5=1
train/31817.jpg,3*7-5=16
train/31818.jpg,2-3+4=3
train/31819.jpg,7+(7*5)=42
train/31820.jpg,2-5-3=-6
train/31821.jpg,(9*8)+8=80
train/31822.jpg,2-7+3=-2
train/31823.jpg,(5*4)+2=22
train/31824.jpg,8*3+9=33
train/31825.jpg,3+(0*8)=3
train/31826.jpg,4*(5+9)=56
train/31827.jpg,7*2*5=70
train/31828.jpg,(7+4)+2=13
train/31829.jpg,8-3-8=-3
train/31830.jpg,0+9-9=0
train/31831.jpg,1+6+7=14
train/31832.jpg,1+1*5=6
train/31833.jpg,(2*9)*3=54
train/31834.jpg,(2*5)*3=30
train/31835.jpg,2-8-1=-7
train/31836.jpg,(0+5)+6=11
train/31837.jpg,6-(8*3)=-18
train/31838.jpg,4*(3-1)=8
train/31839.jpg,(9*3)-5=22
train/31840.jpg,4+3-3=4
train/31841.jpg,4*3-8=4
train/31842.jpg,0-2-9=-11
train/31843.jpg,0*(1-2)=0
train/31844.jpg,9+6+3=18
train/31845.jpg,3-5+5=3
train/31846.jpg,8+(9-9)=8
train/31847.jpg,2*4+9=17
train/31848.jpg,9*5+4=49
train/31849.jpg,(9*1)+2=11
train/31850.jpg,4*(5+3)=32
train/31851.jpg,(0*8)*6=0
train/31852.jpg,(9-9)*8=0
train/31853.jpg,1-(8-5)=-2
train/31854.jpg,(2-0)-5=-3
train/31855.jpg,(7*3)*2=42
train/31856.jpg,(8+3)*1=11
train/31857.jpg,9*3-8=19
train/31858.jpg,(6-6)*4=0
train/31859.jpg,(5*3)-7=8
train/31860.jpg,4-6-6=-8
train/31861.jpg,(4+2)*8=48
train/31862.jpg,(5+4)*4=36
train/31863.jpg,(3*3)-5=4
train/31864.jpg,(7+2)*4=36
train/31865.jpg,(3*1)+5=8
train/31866.jpg,0+1*2=2
train/31867.jpg,0-(1+5)=-6
train/31868.jpg,5+4+5=14
train/31869.jpg,7*2*6=84
train/31870.jpg,9*(1*4)=36
train/31871.jpg,4+(9*8)=76
train/31872.jpg,7+(0-8)=-1
train/31873.jpg,(7*5)*9=315
train/31874.jpg,2+3+1=6
train/31875.jpg,7-(4*9)=-29
train/31876.jpg,(0*2)-9=-9
train/31877.jpg,8+(4+3)=15
train/31878.jpg,(2*7)+6=20
train/31879.jpg,(7*0)-7=-7
train/31880.jpg,(0+3)*4=12
train/31881.jpg,5*(9+7)=80
train/31882.jpg,2*0*7=0
train/31883.jpg,(9+8)-0=17
train/31884.jpg,3*8*2=48
train/31885.jpg,5-(4-2)=3
train/31886.jpg,(6-6)+3=3
train/31887.jpg,9*(7-9)=-18
train/31888.jpg,5+(6-5)=6
train/31889.jpg,4*(5+5)=40
train/31890.jpg,(2-1)+8=9
train/31891.jpg,(2*3)*8=48
train/31892.jpg,9-(3+6)=0
train/31893.jpg,7+3-7=3
train/31894.jpg,(7*9)+5=68
train/31895.jpg,3-(1*5)=-2
train/31896.jpg,(2+7)-7=2
train/31897.jpg,4+(2-8)=-2
train/31898.jpg,(8-0)-1=7
train/31899.jpg,7+(1*8)=15
train/31900.jpg,2*(3+1)=8
train/31901.jpg,(7+7)+3=17
train/31902.jpg,(6+9)+5=20
train/31903.jpg,5+(2+3)=10
train/31904.jpg,9-5-4=0
train/31905.jpg,(7-4)*7=21
train/31906.jpg,(0*8)-2=-2
train/31907.jpg,9-(7+7)=-5
train/31908.jpg,2-4-1=-3
train/31909.jpg,(1+4)+0=5
train/31910.jpg,0*7-7=-7
train/31911.jpg,8+(6+3)=17
train/31912.jpg,7+6*4=31
train/31913.jpg,5+4*4=21
train/31914.jpg,9-(1+1)=7
train/31915.jpg,(8*4)+8=40
train/31916.jpg,(9*5)+8=53
train/31917.jpg,7+2+4=13
train/31918.jpg,9*(0+7)=63
train/31919.jpg,(0-1)-4=-5
train/31920.jpg,0*6*2=0
train/31921.jpg,3+7+4=14
train/31922.jpg,(6*6)*7=252
train/31923.jpg,(0*0)*4=0
train/31924.jpg,(0-3)-0=-3
train/31925.jpg,(4-2)*7=14
train/31926.jpg,8+6+1=15
train/31927.jpg,4+2-5=1
train/31928.jpg,0+9*4=36
train/31929.jpg,3-0-0=3
train/31930.jpg,8*5*0=0
train/31931.jpg,9+(2-4)=7
train/31932.jpg,(3*1)*0=0
train/31933.jpg,(7*0)*5=0
train/31934.jpg,(8-3)*0=0
train/31935.jpg,1-(7*7)=-48
train/31936.jpg,(8+3)+5=16
train/31937.jpg,7+(5+7)=19
train/31938.jpg,7*6-1=41
train/31939.jpg,1*1*1=1
train/31940.jpg,4-4-2=-2
train/31941.jpg,(4+0)+4=8
train/31942.jpg,5-(3*9)=-22
train/31943.jpg,7-(2*2)=3
train/31944.jpg,7-(1-3)=9
train/31945.jpg,9+(4+0)=13
train/31946.jpg,1+(5-7)=-1
train/31947.jpg,(1-3)*8=-16
train/31948.jpg,(5*0)*5=0
train/31949.jpg,1*(8+9)=17
train/31950.jpg,4+(6-2)=8
train/31951.jpg,2*7-3=11
train/31952.jpg,0-(0+8)=-8
train/31953.jpg,(2+0)-3=-1
train/31954.jpg,7-8+2=1
train/31955.jpg,(5-7)+8=6
train/31956.jpg,8*(9*3)=216
train/31957.jpg,(9*9)*6=486
train/31958.jpg,(7*9)-0=63
train/31959.jpg,8-7*4=-20
train/31960.jpg,(0+9)*5=45
train/31961.jpg,2-1+5=6
train/31962.jpg,6+1+8=15
train/31963.jpg,4+5*5=29
train/31964.jpg,7*(0*3)=0
train/31965.jpg,2-(0*2)=2
train/31966.jpg,7*(0*1)=0
train/31967.jpg,5+4+0=9
train/31968.jpg,(7-9)+8=6
train/31969.jpg,5*5*9=225
train/31970.jpg,(9+0)-9=0
train/31971.jpg,8-1*7=1
train/31972.jpg,0*(8-7)=0
train/31973.jpg,4-4*9=-32
train/31974.jpg,2*2+1=5
train/31975.jpg,(5+0)-6=-1
train/31976.jpg,3*6*4=72
train/31977.jpg,7+(1-9)=-1
train/31978.jpg,4*(7*3)=84
train/31979.jpg,9-2*7=-5
train/31980.jpg,3-8-0=-5
train/31981.jpg,(2*0)-7=-7
train/31982.jpg,(5+0)*7=35
train/31983.jpg,(2*0)-6=-6
train/31984.jpg,8-5*7=-27
train/31985.jpg,8-(7*1)=1
train/31986.jpg,(3*3)-9=0
train/31987.jpg,(4+9)-4=9
train/31988.jpg,8-(6-2)=4
train/31989.jpg,(0+3)+1=4
train/31990.jpg,(2-6)-7=-11
train/31991.jpg,(4-7)*4=-12
train/31992.jpg,(6+0)+3=9
train/31993.jpg,6*(3+0)=18
train/31994.jpg,1+(6-6)=1
train/31995.jpg,6+(5+2)=13
train/31996.jpg,6-6-1=-1
train/31997.jpg,(6-8)-0=-2
train/31998.jpg,9*8+3=75
train/31999.jpg,3*(7+3)=30
train/32000.jpg,1-(5*3)=-14
train/32001.jpg,4+5*9=49
train/32002.jpg,3+2*3=9
train/32003.jpg,0*(7*8)=0
train/32004.jpg,0+4+8=12
train/32005.jpg,(4*9)-9=27
train/32006.jpg,0+(8*5)=40
train/32007.jpg,4*(0*6)=0
train/32008.jpg,6+(4*6)=30
train/32009.jpg,9+7*3=30
train/32010.jpg,6+6+1=13
train/32011.jpg,4+(5*3)=19
train/32012.jpg,2-0+0=2
train/32013.jpg,9*(7+9)=144
train/32014.jpg,9*1+2=11
train/32015.jpg,9*3+9=36
train/32016.jpg,(5+8)*3=39
train/32017.jpg,1*0+7=7
train/32018.jpg,6+7+3=16
train/32019.jpg,(1+8)-9=0
train/32020.jpg,(9*9)+1=82
train/32021.jpg,2+(0+3)=5
train/32022.jpg,0-7-7=-14
train/32023.jpg,7-(2*3)=1
train/32024.jpg,(0+8)-8=0
train/32025.jpg,0*(5*1)=0
train/32026.jpg,5+9-5=9
train/32027.jpg,4*(0*9)=0
train/32028.jpg,(1-8)*4=-28
train/32029.jpg,5*5*5=125
train/32030.jpg,0-(9-2)=-7
train/32031.jpg,(1-1)+3=3
train/32032.jpg,6-(9*5)=-39
train/32033.jpg,5-7-0=-2
train/32034.jpg,6-3+6=9
train/32035.jpg,3-5*1=-2
train/32036.jpg,5+(9*4)=41
train/32037.jpg,(9+0)+4=13
train/32038.jpg,2-(9*1)=-7
train/32039.jpg,(6-2)*3=12
train/32040.jpg,8-3-6=-1
train/32041.jpg,1+8+5=14
train/32042.jpg,9*(5-0)=45
train/32043.jpg,(9+6)-7=8
train/32044.jpg,5*6*8=240
train/32045.jpg,9+4-6=7
train/32046.jpg,2*2*4=16
train/32047.jpg,3-(7*2)=-11
train/32048.jpg,7+1-9=-1
train/32049.jpg,2*(8*7)=112
train/32050.jpg,2+2-6=-2
train/32051.jpg,0-(7*8)=-56
train/32052.jpg,(5*9)+2=47
train/32053.jpg,5*4*5=100
train/32054.jpg,(6*5)+6=36
train/32055.jpg,6+(4*2)=14
train/32056.jpg,(1-8)+7=0
train/32057.jpg,9+8-2=15
train/32058.jpg,2-(6-5)=1
train/32059.jpg,(3+4)*6=42
train/32060.jpg,(2+0)+2=4
train/32061.jpg,7-(4-5)=8
train/32062.jpg,0*(4*8)=0
train/32063.jpg,0+(2+7)=9
train/32064.jpg,5+(6-2)=9
train/32065.jpg,1-(1+2)=-2
train/32066.jpg,(4+8)+9=21
train/32067.jpg,1*(4+0)=4
train/32068.jpg,5*(1+4)=25
train/32069.jpg,(0-9)+9=0
train/32070.jpg,(4+7)+5=16
train/32071.jpg,9-3-7=-1
train/32072.jpg,(4*2)-1=7
train/32073.jpg,2-(2+2)=-2
train/32074.jpg,(9*9)+8=89
train/32075.jpg,4-(8+1)=-5
train/32076.jpg,(2*0)+3=3
train/32077.jpg,0*1-0=0
train/32078.jpg,7-(3-2)=6
train/32079.jpg,5-(5-5)=5
train/32080.jpg,(9-6)*2=6
train/32081.jpg,9-0*3=9
train/32082.jpg,3-5+3=1
train/32083.jpg,0-3+5=2
train/32084.jpg,5-2+1=4
train/32085.jpg,(1+0)*1=1
train/32086.jpg,4-(4-6)=6
train/32087.jpg,3-6+7=4
train/32088.jpg,3-(6-2)=-1
train/32089.jpg,6-2-2=2
train/32090.jpg,8*7*2=112
train/32091.jpg,(3-2)-4=-3
train/32092.jpg,(3-9)+9=3
train/32093.jpg,3*5+7=22
train/32094.jpg,(9-0)-6=3
train/32095.jpg,(9+0)-6=3
train/32096.jpg,6-(7+5)=-6
train/32097.jpg,5+5*1=10
train/32098.jpg,7*2*2=28
train/32099.jpg,1-7+2=-4
train/32100.jpg,6-4-0=2
train/32101.jpg,(4-6)+2=0
train/32102.jpg,(4-0)+9=13
train/32103.jpg,1*(1+0)=1
train/32104.jpg,(1-0)*7=7
train/32105.jpg,(3-5)*9=-18
train/32106.jpg,(5-0)+8=13
train/32107.jpg,6-(9-9)=6
train/32108.jpg,(3*5)+8=23
train/32109.jpg,(8-8)*9=0
train/32110.jpg,(8*4)*5=160
train/32111.jpg,8-1*2=6
train/32112.jpg,(1-0)+3=4
train/32113.jpg,5-3-1=1
train/32114.jpg,1*4+7=11
train/32115.jpg,2*7*8=112
train/32116.jpg,9*0-9=-9
train/32117.jpg,(7*3)-8=13
train/32118.jpg,3+(6-0)=9
train/32119.jpg,2-6-2=-6
train/32120.jpg,5-6-9=-10
train/32121.jpg,1-(8-4)=-3
train/32122.jpg,1-7*0=1
train/32123.jpg,5+2-6=1
train/32124.jpg,(0-8)+7=-1
train/32125.jpg,(6-6)*6=0
train/32126.jpg,(0-4)*2=-8
train/32127.jpg,9*(7-6)=9
train/32128.jpg,8-5*5=-17
train/32129.jpg,7-4+9=12
train/32130.jpg,(5+0)-0=5
train/32131.jpg,6+(8*1)=14
train/32132.jpg,0+4*7=28
train/32133.jpg,9-7+4=6
train/32134.jpg,7-2*4=-1
train/32135.jpg,1-8-3=-10
train/32136.jpg,(4*7)-4=24
train/32137.jpg,8+(0-5)=3
train/32138.jpg,0-8-9=-17
train/32139.jpg,(0-1)+3=2
train/32140.jpg,4*2*0=0
train/32141.jpg,(7*7)*4=196
train/32142.jpg,6+3*4=18
train/32143.jpg,5-6-0=-1
train/32144.jpg,5+4*9=41
train/32145.jpg,(9+6)+2=17
train/32146.jpg,0-1*8=-8
train/32147.jpg,(7*1)-6=1
train/32148.jpg,(5+5)+1=11
train/32149.jpg,2+(7*9)=65
train/32150.jpg,2*(4+0)=8
train/32151.jpg,9*4-8=28
train/32152.jpg,7*(8*6)=336
train/32153.jpg,0-(7-9)=2
train/32154.jpg,4+6-0=10
train/32155.jpg,(5+5)+0=10
train/32156.jpg,3+5-5=3
train/32157.jpg,0-2-9=-11
train/32158.jpg,(8-2)*9=54
train/32159.jpg,0+(8-4)=4
train/32160.jpg,3+3+0=6
train/32161.jpg,9-(7+5)=-3
train/32162.jpg,(0+4)*2=8
train/32163.jpg,(6-3)+4=7
train/32164.jpg,0+2+9=11
train/32165.jpg,5-(9-7)=3
train/32166.jpg,6+0*5=6
train/32167.jpg,(1-8)*6=-42
train/32168.jpg,6*(2+6)=48
train/32169.jpg,1*1*5=5
train/32170.jpg,3+6-0=9
train/32171.jpg,2-3-0=-1
train/32172.jpg,(9-7)*1=2
train/32173.jpg,8*6+2=50
train/32174.jpg,9-1+1=9
train/32175.jpg,(3*5)-6=9
train/32176.jpg,7-2+2=7
train/32177.jpg,6-0+7=13
train/32178.jpg,9-(6*8)=-39
train/32179.jpg,5-(0+5)=0
train/32180.jpg,5*(9+7)=80
train/32181.jpg,9-0*4=9
train/32182.jpg,3-2*4=-5
train/32183.jpg,(2*8)+4=20
train/32184.jpg,3+6*1=9
train/32185.jpg,(9-5)+5=9
train/32186.jpg,9*(7+8)=135
train/32187.jpg,9+(0*4)=9
train/32188.jpg,(0-4)-6=-10
train/32189.jpg,(8-1)+0=7
train/32190.jpg,(1+5)-1=5
train/32191.jpg,8+(5*9)=53
train/32192.jpg,(9*2)-1=17
train/32193.jpg,7+(8+1)=16
train/32194.jpg,6+(4-9)=1
train/32195.jpg,(8-9)-8=-9
train/32196.jpg,4+0+0=4
train/32197.jpg,(3*6)*2=36
train/32198.jpg,9*(6+0)=54
train/32199.jpg,7+3*1=10
train/32200.jpg,(5*8)*6=240
train/32201.jpg,(4*7)-8=20
train/32202.jpg,(7+3)+9=19
train/32203.jpg,5-(6-5)=4
train/32204.jpg,(3-5)+1=-1
train/32205.jpg,1+(7*3)=22
train/32206.jpg,0+(8+0)=8
train/32207.jpg,(2*1)+3=5
train/32208.jpg,(2+7)-0=9
train/32209.jpg,4+1+8=13
train/32210.jpg,(4+5)-7=2
train/32211.jpg,(2-5)-1=-4
train/32212.jpg,6-(3*0)=6
train/32213.jpg,4-2-2=0
train/32214.jpg,1*8*5=40
train/32215.jpg,(5-4)-7=-6
train/32216.jpg,2*(2+2)=8
train/32217.jpg,2*(1*9)=18
train/32218.jpg,6-2-9=-5
train/32219.jpg,4*(1-7)=-24
train/32220.jpg,3+(4+5)=12
train/32221.jpg,(5+9)+4=18
train/32222.jpg,9*(2-6)=-36
train/32223.jpg,8*4*3=96
train/32224.jpg,5*(8*4)=160
train/32225.jpg,0*8*6=0
train/32226.jpg,(1+6)-2=5
train/32227.jpg,(1*4)+2=6
train/32228.jpg,(7*4)-7=21
train/32229.jpg,1-(4*8)=-31
train/32230.jpg,4-(6+7)=-9
train/32231.jpg,4-(8*0)=4
train/32232.jpg,(1+0)-4=-3
train/32233.jpg,9+3*1=12
train/32234.jpg,(7*7)-2=47
train/32235.jpg,2-6-2=-6
train/32236.jpg,9+(9*3)=36
train/32237.jpg,4*8*5=160
train/32238.jpg,0+5+8=13
train/32239.jpg,1+5-5=1
train/32240.jpg,4-(0*6)=4
train/32241.jpg,(9*3)+0=27
train/32242.jpg,3-(4-7)=6
train/32243.jpg,(4*5)+4=24
train/32244.jpg,(0*6)*6=0
train/32245.jpg,(2*8)-8=8
train/32246.jpg,3*5-3=12
train/32247.jpg,4+(6*5)=34
train/32248.jpg,5*2-2=8
train/32249.jpg,5+(0-2)=3
train/32250.jpg,6-(3+3)=0
train/32251.jpg,2+5*9=47
train/32252.jpg,9-(0+7)=2
train/32253.jpg,5+(5*3)=20
train/32254.jpg,0+2*7=14
train/32255.jpg,0*1-1=-1
train/32256.jpg,0-3+6=3
train/32257.jpg,1*(9-3)=6
train/32258.jpg,(7*8)+6=62
train/32259.jpg,(5-0)+9=14
train/32260.jpg,5*(2-0)=10
train/32261.jpg,8+(9+7)=24
train/32262.jpg,1-(7+2)=-8
train/32263.jpg,7+0*9=7
train/32264.jpg,(4-8)*2=-8
train/32265.jpg,(8-0)+0=8
train/32266.jpg,(5*4)+7=27
train/32267.jpg,5-(6+8)=-9
train/32268.jpg,6*(5*8)=240
train/32269.jpg,0-3*0=0
train/32270.jpg,6+(0-3)=3
train/32271.jpg,1+(5-6)=0
train/32272.jpg,2*(9*7)=126
train/32273.jpg,1-3*8=-23
train/32274.jpg,2+0-7=-5
train/32275.jpg,(0+9)*0=0
train/32276.jpg,7+(5+8)=20
train/32277.jpg,(7*4)*8=224
train/32278.jpg,8*(4*1)=32
train/32279.jpg,(5-5)+2=2
train/32280.jpg,7+(6-7)=6
train/32281.jpg,(6*6)+6=42
train/32282.jpg,(3*4)*6=72
train/32283.jpg,5*4-3=17
train/32284.jpg,(4*9)-6=30
train/32285.jpg,2+5+1=8
train/32286.jpg,6+(0+4)=10
train/32287.jpg,1+1*9=10
train/32288.jpg,9*8*6=432
train/32289.jpg,(6+3)-3=6
train/32290.jpg,9-6-6=-3
train/32291.jpg,3*6-6=12
train/32292.jpg,4*5+7=27
train/32293.jpg,3*(1+3)=12
train/32294.jpg,(9*3)*4=108
train/32295.jpg,1-(5-6)=2
train/32296.jpg,(0+5)*6=30
train/32297.jpg,8+(8-6)=10
train/32298.jpg,(8-7)-2=-1
train/32299.jpg,2-(8-5)=-1
train/32300.jpg,(2*7)+9=23
train/32301.jpg,0-8+4=-4
train/32302.jpg,7-(3-4)=8
train/32303.jpg,9+(3-9)=3
train/32304.jpg,5-2-3=0
train/32305.jpg,7*(0-1)=-7
train/32306.jpg,(0*5)-7=-7
train/32307.jpg,6+(8*9)=78
train/32308.jpg,0+(2*9)=18
train/32309.jpg,0-4+6=2
train/32310.jpg,4*1-1=3
train/32311.jpg,(7+3)+3=13
train/32312.jpg,(9+2)+8=19
train/32313.jpg,(9*9)*4=324
train/32314.jpg,(1*4)*2=8
train/32315.jpg,(9-8)*1=1
train/32316.jpg,4+(7*7)=53
train/32317.jpg,9+1*3=12
train/32318.jpg,(2-1)*9=9
train/32319.jpg,(5-5)-6=-6
train/32320.jpg,(5*6)*2=60
train/32321.jpg,1+(8*6)=49
train/32322.jpg,9*0*7=0
train/32323.jpg,(6*0)+7=7
train/32324.jpg,(8-2)+1=7
train/32325.jpg,(7-0)-7=0
train/32326.jpg,1+(6-8)=-1
train/32327.jpg,4-(5-7)=6
train/32328.jpg,(4+4)+6=14
train/32329.jpg,2+(4+8)=14
train/32330.jpg,1+0-1=0
train/32331.jpg,(3*2)+7=13
train/32332.jpg,(3+2)-9=-4
train/32333.jpg,(7+0)-7=0
train/32334.jpg,(8-8)*8=0
train/32335.jpg,8-2*7=-6
train/32336.jpg,2*(8*8)=128
train/32337.jpg,3-(1+5)=-3
train/32338.jpg,(8+1)-4=5
train/32339.jpg,(3+3)-7=-1
train/32340.jpg,1-6*6=-35
train/32341.jpg,4*(1+0)=4
train/32342.jpg,2-3-4=-5
train/32343.jpg,(6-2)*7=28
train/32344.jpg,6*(4*6)=144
train/32345.jpg,(3+4)-9=-2
train/32346.jpg,5+(2*6)=17
train/32347.jpg,6*(1*2)=12
train/32348.jpg,(8*5)+3=43
train/32349.jpg,0*4+5=5
train/32350.jpg,(5-7)-4=-6
train/32351.jpg,3*3-4=5
train/32352.jpg,5-8-3=-6
train/32353.jpg,7-(8+1)=-2
train/32354.jpg,3-9+5=-1
train/32355.jpg,2*5+6=16
train/32356.jpg,3+(5+3)=11
train/32357.jpg,2-7*7=-47
train/32358.jpg,4*(4*8)=128
train/32359.jpg,3*3-9=0
train/32360.jpg,2-(2+9)=-9
train/32361.jpg,(1+2)+9=12
train/32362.jpg,(3+6)+7=16
train/32363.jpg,(2*4)+1=9
train/32364.jpg,0+(8+2)=10
train/32365.jpg,0+3-5=-2
train/32366.jpg,(7*3)*9=189
train/32367.jpg,1+(1+0)=2
train/32368.jpg,(6-9)-9=-12
train/32369.jpg,2+(3*3)=11
train/32370.jpg,0*6-7=-7
train/32371.jpg,1+(2-7)=-4
train/32372.jpg,6+(1+2)=9
train/32373.jpg,7-(9+2)=-4
train/32374.jpg,(5*2)+3=13
train/32375.jpg,(4*1)-3=1
train/32376.jpg,7-9-7=-9
train/32377.jpg,7*5-5=30
train/32378.jpg,(4-2)-3=-1
train/32379.jpg,1*7+3=10
train/32380.jpg,6*(9*2)=108
train/32381.jpg,(4-0)-9=-5
train/32382.jpg,5-7+8=6
train/32383.jpg,0-(4*1)=-4
train/32384.jpg,(8*7)+7=63
train/32385.jpg,9+(3+0)=12
train/32386.jpg,5*(6-1)=25
train/32387.jpg,8*(8*2)=128
train/32388.jpg,(4+7)*2=22
train/32389.jpg,(9-4)+9=14
train/32390.jpg,0-1*1=-1
train/32391.jpg,5-(9+2)=-6
train/32392.jpg,(9*6)+1=55
train/32393.jpg,1+7-5=3
train/32394.jpg,8-(9*7)=-55
train/32395.jpg,(8-6)*0=0
train/32396.jpg,1-(6+1)=-6
train/32397.jpg,7+1*1=8
train/32398.jpg,3+(7+2)=12
train/32399.jpg,9-(0+2)=7
train/32400.jpg,(8*6)*6=288
train/32401.jpg,(7*1)+2=9
train/32402.jpg,(8-3)+4=9
train/32403.jpg,(2+6)-8=0
train/32404.jpg,6-1+6=11
train/32405.jpg,(7*1)+7=14
train/32406.jpg,2-(2-0)=0
train/32407.jpg,9*(5*6)=270
train/32408.jpg,7+7-7=7
train/32409.jpg,(3*8)*7=168
train/32410.jpg,1-8+9=2
train/32411.jpg,0-(7*9)=-63
train/32412.jpg,6*1+5=11
train/32413.jpg,3-2+3=4
train/32414.jpg,2-9-3=-10
train/32415.jpg,(9-5)*5=20
train/32416.jpg,(5+8)+9=22
train/32417.jpg,0-(1+4)=-5
train/32418.jpg,(3*1)+3=6
train/32419.jpg,(5*0)-9=-9
train/32420.jpg,7+8-7=8
train/32421.jpg,1-6-9=-14
train/32422.jpg,(8-4)*2=8
train/32423.jpg,(7-4)+4=7
train/32424.jpg,5-4*7=-23
train/32425.jpg,5*9-1=44
train/32426.jpg,2-(7-9)=4
train/32427.jpg,4+3+6=13
train/32428.jpg,1*(6*9)=54
train/32429.jpg,9+(9+0)=18
train/32430.jpg,(6+8)+7=21
train/32431.jpg,0*9+0=0
train/32432.jpg,6+8-0=14
train/32433.jpg,(2*6)*1=12
train/32434.jpg,3+2*5=13
train/32435.jpg,7*(9-4)=35
train/32436.jpg,7+(8-4)=11
train/32437.jpg,1+3+1=5
train/32438.jpg,(3-2)*4=4
train/32439.jpg,5-(4-8)=9
train/32440.jpg,7-(5-9)=11
train/32441.jpg,6+(8+9)=23
train/32442.jpg,(5*4)*7=140
train/32443.jpg,9-8*4=-23
train/32444.jpg,5-(9-1)=-3
train/32445.jpg,8-7+4=5
train/32446.jpg,0+2+5=7
train/32447.jpg,6-(0-5)=11
train/32448.jpg,(5-9)+7=3
train/32449.jpg,7-1-4=2
train/32450.jpg,(8-5)-4=-1
train/32451.jpg,7+4-6=5
train/32452.jpg,2*(5+8)=26
train/32453.jpg,3*2*5=30
train/32454.jpg,(7+1)*9=72
train/32455.jpg,(1-8)-8=-15
train/32456.jpg,(9-4)+6=11
train/32457.jpg,8*(2+3)=40
train/32458.jpg,(3+7)-1=9
train/32459.jpg,0*3*9=0
train/32460.jpg,4-4*5=-16
train/32461.jpg,8-(5+2)=1
train/32462.jpg,9-(6+1)=2
train/32463.jpg,2*4+4=12
train/32464.jpg,5-(5-6)=6
train/32465.jpg,3-(9+0)=-6
train/32466.jpg,6+(5-2)=9
train/32467.jpg,6+5*5=31
train/32468.jpg,4-9-4=-9
train/32469.jpg,9-(7*1)=2
train/32470.jpg,(9-1)*2=16
train/32471.jpg,8-(3*9)=-19
train/32472.jpg,4+9+2=15
train/32473.jpg,(8*4)-6=26
train/32474.jpg,0+4*9=36
train/32475.jpg,1+0+5=6
train/32476.jpg,4-0-4=0
train/32477.jpg,(7-4)+4=7
train/32478.jpg,5+(1+4)=10
train/32479.jpg,5+(2+3)=10
train/32480.jpg,2+(5*2)=12
train/32481.jpg,1-9+5=-3
train/32482.jpg,9*1*5=45
train/32483.jpg,(2-4)-0=-2
train/32484.jpg,3-6+6=3
train/32485.jpg,5-7*0=5
train/32486.jpg,3+(4+1)=8
train/32487.jpg,6-(7+0)=-1
train/32488.jpg,6+(8-0)=14
train/32489.jpg,9+(9+7)=25
train/32490.jpg,6+0-6=0
train/32491.jpg,5+(4-9)=0
train/32492.jpg,(3-6)*0=0
train/32493.jpg,(2+0)*1=2
train/32494.jpg,(2-2)+7=7
train/32495.jpg,5+6*5=35
train/32496.jpg,(2+0)+3=5
train/32497.jpg,5+5+6=16
train/32498.jpg,1+(3-3)=1
train/32499.jpg,2+0*8=2
train/32500.jpg,0-(7+6)=-13
train/32501.jpg,3*6+8=26
train/32502.jpg,(7+7)-2=12
train/32503.jpg,(2-5)+6=3
train/32504.jpg,(0+1)+0=1
train/32505.jpg,1+1-4=-2
train/32506.jpg,(1-3)*1=-2
train/32507.jpg,6*(7+7)=84
train/32508.jpg,5*(7-7)=0
train/32509.jpg,6+1*1=7
train/32510.jpg,2-3-2=-3
train/32511.jpg,(4*4)+9=25
train/32512.jpg,(4*0)-4=-4
train/32513.jpg,2+(5+8)=15
train/32514.jpg,(1-0)+8=9
train/32515.jpg,6-(0-4)=10
train/32516.jpg,9*(0-4)=-36
train/32517.jpg,8+5*6=38
train/32518.jpg,(9+9)+5=23
train/32519.jpg,7-(0-7)=14
train/32520.jpg,(2-0)*2=4
train/32521.jpg,8-(3-2)=7
train/32522.jpg,(0*6)*0=0
train/32523.jpg,7-(4-9)=12
train/32524.jpg,(4+0)*3=12
train/32525.jpg,6-(5-8)=9
train/32526.jpg,7+4-7=4
train/32527.jpg,(4+6)*8=80
train/32528.jpg,7*(8-1)=49
train/32529.jpg,(0-3)-9=-12
train/32530.jpg,2-1*9=-7
train/32531.jpg,(1+1)+2=4
train/32532.jpg,1+(1-0)=2
train/32533.jpg,(5-8)+1=-2
train/32534.jpg,1-4+7=4
train/32535.jpg,(3-1)*7=14
train/32536.jpg,6-8*2=-10
train/32537.jpg,(9+4)+1=14
train/32538.jpg,(4+5)+3=12
train/32539.jpg,5-(5+6)=-6
train/32540.jpg,6-(0*4)=6
train/32541.jpg,(2+6)+0=8
train/32542.jpg,(6*6)*7=252
train/32543.jpg,9*9+2=83
train/32544.jpg,1+(6*0)=1
train/32545.jpg,7-(7-9)=9
train/32546.jpg,8-(0-3)=11
train/32547.jpg,(1-4)*4=-12
train/32548.jpg,5-(5*2)=-5
train/32549.jpg,8-1-9=-2
train/32550.jpg,3-(3*1)=0
train/32551.jpg,1+2-6=-3
train/32552.jpg,8+(3-1)=10
train/32553.jpg,6+3-3=6
train/32554.jpg,0-8*5=-40
train/32555.jpg,2*(0*1)=0
train/32556.jpg,(5+1)*9=54
train/32557.jpg,3-(0+0)=3
train/32558.jpg,(7+8)-6=9
train/32559.jpg,1+3+2=6
train/32560.jpg,(9+3)-5=7
train/32561.jpg,(3+1)+2=6
train/32562.jpg,(8-7)+0=1
train/32563.jpg,6*4*0=0
train/32564.jpg,7-1-1=5
train/32565.jpg,2-(8+8)=-14
train/32566.jpg,1-1-4=-4
train/32567.jpg,0*5*8=0
train/32568.jpg,(0-1)-9=-10
train/32569.jpg,3-2*8=-13
train/32570.jpg,(2-9)-1=-8
train/32571.jpg,2*(8-6)=4
train/32572.jpg,5+(6*9)=59
train/32573.jpg,(3-5)+4=2
train/32574.jpg,8+(2*1)=10
train/32575.jpg,8*(2-5)=-24
train/32576.jpg,5+9+6=20
train/32577.jpg,8+7+5=20
train/32578.jpg,(2+3)*2=10
train/32579.jpg,1+3-6=-2
train/32580.jpg,4+0*7=4
train/32581.jpg,2*7-4=10
train/32582.jpg,5+(8*2)=21
train/32583.jpg,(2*4)-2=6
train/32584.jpg,5-9-0=-4
train/32585.jpg,8*9+5=77
train/32586.jpg,(2+6)+9=17
train/32587.jpg,4*(1+0)=4
train/32588.jpg,0+(8-4)=4
train/32589.jpg,(6*2)+6=18
train/32590.jpg,(3*6)+7=25
train/32591.jpg,4*(7-5)=8
train/32592.jpg,6+(2+3)=11
train/32593.jpg,3+(7+0)=10
train/32594.jpg,3*4+2=14
train/32595.jpg,5+5+2=12
train/32596.jpg,(3+9)+7=19
train/32597.jpg,(9-7)+6=8
train/32598.jpg,9+(2*3)=15
train/32599.jpg,(4+6)-4=6
train/32600.jpg,6-0+4=10
train/32601.jpg,5*9+3=48
train/32602.jpg,4*0-6=-6
train/32603.jpg,(8*2)+5=21
train/32604.jpg,4*5+1=21
train/32605.jpg,3-3*6=-15
train/32606.jpg,8+9+6=23
train/32607.jpg,4-9+3=-2
train/32608.jpg,(6-3)-5=-2
train/32609.jpg,6+(1-7)=0
train/32610.jpg,5*(9*1)=45
train/32611.jpg,5+(1-4)=2
train/32612.jpg,(0+8)-8=0
train/32613.jpg,8+(4*5)=28
train/32614.jpg,8+(8-0)=16
train/32615.jpg,3+9+5=17
train/32616.jpg,4+(7*7)=53
train/32617.jpg,(2+5)+9=16
train/32618.jpg,(8+2)+5=15
train/32619.jpg,(9*2)+3=21
train/32620.jpg,(2*8)-0=16
train/32621.jpg,(3-4)*4=-4
train/32622.jpg,5+(3*9)=32
train/32623.jpg,(7-5)+5=7
train/32624.jpg,5-(5-0)=0
train/32625.jpg,7*(3+3)=42
train/32626.jpg,(6-3)*2=6
train/32627.jpg,8*(0*4)=0
train/32628.jpg,3-4-2=-3
train/32629.jpg,4*6-8=16
train/32630.jpg,(0+6)+3=9
train/32631.jpg,9+(2*9)=27
train/32632.jpg,9*3*9=243
train/32633.jpg,5+9+7=21
train/32634.jpg,(7+8)*9=135
train/32635.jpg,(0*6)*8=0
train/32636.jpg,(8*2)-1=15
train/32637.jpg,2+(2*8)=18
train/32638.jpg,7+(0*4)=7
train/32639.jpg,6-9*8=-66
train/32640.jpg,(0-2)+7=5
train/32641.jpg,1+4-0=5
train/32642.jpg,(6-4)*3=6
train/32643.jpg,0-6*8=-48
train/32644.jpg,1*9-2=7
train/32645.jpg,(9+0)*6=54
train/32646.jpg,(7*0)*2=0
train/32647.jpg,(5-8)+7=4
train/32648.jpg,(6+9)*4=60
train/32649.jpg,9*(3*9)=243
train/32650.jpg,(4+1)+4=9
train/32651.jpg,1-(0*5)=1
train/32652.jpg,4*(0+5)=20
train/32653.jpg,0+(6*8)=48
train/32654.jpg,1*8*5=40
train/32655.jpg,4-2*0=4
train/32656.jpg,2-5*7=-33
train/32657.jpg,7+7+7=21
train/32658.jpg,3+6*2=15
train/32659.jpg,7*(1+2)=21
train/32660.jpg,2-3-3=-4
train/32661.jpg,(9*8)*9=648
train/32662.jpg,9*9+9=90
train/32663.jpg,6-6-9=-9
train/32664.jpg,0+(5*7)=35
train/32665.jpg,(3-5)+5=3
train/32666.jpg,3*5-5=10
train/32667.jpg,7*(3*1)=21
train/32668.jpg,1+2*6=13
train/32669.jpg,(1*7)-3=4
train/32670.jpg,4+9+7=20
train/32671.jpg,2+9+7=18
train/32672.jpg,1*(3+6)=9
train/32673.jpg,5+(5-7)=3
train/32674.jpg,(7+8)+3=18
train/32675.jpg,(8+5)*6=78
train/32676.jpg,(2-6)*7=-28
train/32677.jpg,3-4+0=-1
train/32678.jpg,8+(9+9)=26
train/32679.jpg,0-(4+5)=-9
train/32680.jpg,(2-2)*2=0
train/32681.jpg,(1+9)*5=50
train/32682.jpg,9+9-7=11
train/32683.jpg,1-(4-0)=-3
train/32684.jpg,1+(9*1)=10
train/32685.jpg,7+7*8=63
train/32686.jpg,3+3+6=12
train/32687.jpg,(7-7)-7=-7
train/32688.jpg,(8+0)+3=11
train/32689.jpg,(8*7)*0=0
train/32690.jpg,5-(1-5)=9
train/32691.jpg,8+8-7=9
train/32692.jpg,(8*8)*3=192
train/32693.jpg,4*(1+8)=36
train/32694.jpg,2-0+2=4
train/32695.jpg,2+5*4=22
train/32696.jpg,4+2+8=14
train/32697.jpg,(0*1)-6=-6
train/32698.jpg,(2-1)-1=0
train/32699.jpg,(2-0)+7=9
train/32700.jpg,8+(8+8)=24
train/32701.jpg,3+(4*7)=31
train/32702.jpg,1*(4-8)=-4
train/32703.jpg,7-(3*0)=7
train/32704.jpg,6+5+9=20
train/32705.jpg,(3*2)*1=6
train/32706.jpg,5*0+2=2
train/32707.jpg,(6*8)+3=51
train/32708.jpg,0*(4+4)=0
train/32709.jpg,4*(8+0)=32
train/32710.jpg,(4+2)-8=-2
train/32711.jpg,4*(1+5)=24
train/32712.jpg,5*0*0=0
train/32713.jpg,(6-6)*5=0
train/32714.jpg,(0*7)*0=0
train/32715.jpg,8+(8*9)=80
train/32716.jpg,(1+7)-3=5
train/32717.jpg,1-0-2=-1
train/32718.jpg,(0*1)+6=6
train/32719.jpg,(5*4)+2=22
train/32720.jpg,(1+4)-1=4
train/32721.jpg,(0+1)+4=5
train/32722.jpg,4*(0-9)=-36
train/32723.jpg,1+3-1=3
train/32724.jpg,6*(4-3)=6
train/32725.jpg,1+(4*9)=37
train/32726.jpg,(6*9)*2=108
train/32727.jpg,2*(5-0)=10
train/32728.jpg,8-7*2=-6
train/32729.jpg,0-(1*3)=-3
train/32730.jpg,9-(2+7)=0
train/32731.jpg,4+1*9=13
train/32732.jpg,6+4*2=14
train/32733.jpg,6-7+8=7
train/32734.jpg,4+(1-7)=-2
train/32735.jpg,0*2+4=4
train/32736.jpg,1+(9-5)=5
train/32737.jpg,5+(9-6)=8
train/32738.jpg,0*8+7=7
train/32739.jpg,(9-6)+0=3
train/32740.jpg,8*(8*7)=448
train/32741.jpg,(8*0)-4=-4
train/32742.jpg,5-(2+1)=2
train/32743.jpg,4*6*0=0
train/32744.jpg,6*0-6=-6
train/32745.jpg,(9-6)-2=1
train/32746.jpg,8*8*1=64
train/32747.jpg,8-5-6=-3
train/32748.jpg,5+(3+1)=9
train/32749.jpg,1-(6+9)=-14
train/32750.jpg,4-2*5=-6
train/32751.jpg,7-(9+3)=-5
train/32752.jpg,(6*9)*9=486
train/32753.jpg,(6-2)-8=-4
train/32754.jpg,6*4-2=22
train/32755.jpg,7-4+7=10
train/32756.jpg,8*(4*0)=0
train/32757.jpg,3-(8-3)=-2
train/32758.jpg,9+(0*7)=9
train/32759.jpg,8+(4*8)=40
train/32760.jpg,3*(1*7)=21
train/32761.jpg,2*0+1=1
train/32762.jpg,6-7*5=-29
train/32763.jpg,(6*8)-1=47
train/32764.jpg,3*(5-4)=3
train/32765.jpg,(6-9)*9=-27
train/32766.jpg,0+(5-2)=3
train/32767.jpg,5-2-8=-5
train/32768.jpg,2*8*9=144
train/32769.jpg,0*2-0=0
train/32770.jpg,5+(3+3)=11
train/32771.jpg,2+(1-0)=3
train/32772.jpg,8+(0+0)=8
train/32773.jpg,2+2+3=7
train/32774.jpg,(3-5)*6=-12
train/32775.jpg,(8+8)-5=11
train/32776.jpg,(8+4)+1=13
train/32777.jpg,(2*0)-9=-9
train/32778.jpg,(7-5)*4=8
train/32779.jpg,(6-4)-7=-5
train/32780.jpg,(2-7)+1=-4
train/32781.jpg,(6*3)*7=126
train/32782.jpg,0-(5+6)=-11
train/32783.jpg,0+(2-8)=-6
train/32784.jpg,(2-0)+1=3
train/32785.jpg,4+(6*0)=4
train/32786.jpg,7*(2*2)=28
train/32787.jpg,4-0*2=4
train/32788.jpg,(7+7)-2=12
train/32789.jpg,2-(8+2)=-8
train/32790.jpg,(9-2)+2=9
train/32791.jpg,3-5*3=-12
train/32792.jpg,3-(0*3)=3
train/32793.jpg,(7+1)*7=56
train/32794.jpg,2-(3+1)=-2
train/32795.jpg,(9+6)+1=16
train/32796.jpg,(7-6)+3=4
train/32797.jpg,(5+2)+1=8
train/32798.jpg,0+(5+7)=12
train/32799.jpg,(9*8)*2=144
train/32800.jpg,3*2-6=0
train/32801.jpg,(9*7)-3=60
train/32802.jpg,4-(9+7)=-12
train/32803.jpg,1*(8+8)=16
train/32804.jpg,4+(1-7)=-2
train/32805.jpg,1*9-5=4
train/32806.jpg,(5*5)+4=29
train/32807.jpg,(5+6)-0=11
train/32808.jpg,(5+0)*3=15
train/32809.jpg,2-(5+8)=-11
train/32810.jpg,8*7*5=280
train/32811.jpg,(4-3)+2=3
train/32812.jpg,(0+5)+2=7
train/32813.jpg,5-6+9=8
train/32814.jpg,9-(8+7)=-6
train/32815.jpg,(7*5)*2=70
train/32816.jpg,3-9+6=0
train/32817.jpg,(2-9)-8=-15
train/32818.jpg,(7-9)-5=-7
train/32819.jpg,(7*8)-2=54
train/32820.jpg,(3*9)*9=243
train/32821.jpg,8*8-2=62
train/32822.jpg,1+(3+9)=13
train/32823.jpg,8+(7-3)=12
train/32824.jpg,(6*0)*0=0
train/32825.jpg,(1-7)-7=-13
train/32826.jpg,(3-6)*1=-3
train/32827.jpg,5*(1*5)=25
train/32828.jpg,6*9*5=270
train/32829.jpg,4+(8-6)=6
train/32830.jpg,(0*8)*7=0
train/32831.jpg,7+5-8=4
train/32832.jpg,9+(0*3)=9
train/32833.jpg,(1-7)-2=-8
train/32834.jpg,8*7*8=448
train/32835.jpg,(7+0)-9=-2
train/32836.jpg,7*7-1=48
train/32837.jpg,8+(5+9)=22
train/32838.jpg,7+(0*2)=7
train/32839.jpg,1-3-2=-4
train/32840.jpg,0-3*9=-27
train/32841.jpg,(0-7)+6=-1
train/32842.jpg,1-(2+6)=-7
train/32843.jpg,(1+7)-4=4
train/32844.jpg,1+(7*3)=22
train/32845.jpg,2*(2*0)=0
train/32846.jpg,8-5+4=7
train/32847.jpg,(5*4)*6=120
train/32848.jpg,(9-9)+0=0
train/32849.jpg,(3-4)-1=-2
train/32850.jpg,7+1-0=8
train/32851.jpg,0+4+2=6
train/32852.jpg,8-(3+8)=-3
train/32853.jpg,6-(3+3)=0
train/32854.jpg,2*9+1=19
train/32855.jpg,9-5-2=2
train/32856.jpg,(8*1)-4=4
train/32857.jpg,(7*9)*9=567
train/32858.jpg,7-5+1=3
train/32859.jpg,0-(1+9)=-10
train/32860.jpg,4*8-0=32
train/32861.jpg,5+4+3=12
train/32862.jpg,0-(8*6)=-48
train/32863.jpg,9-(8*7)=-47
train/32864.jpg,(9+5)-3=11
train/32865.jpg,3-(8*8)=-61
train/32866.jpg,2-(5-3)=0
train/32867.jpg,3+0+0=3
train/32868.jpg,8*2+4=20
train/32869.jpg,(2*5)+7=17
train/32870.jpg,0-(7+0)=-7
train/32871.jpg,8-0-5=3
train/32872.jpg,9+0-8=1
train/32873.jpg,(3*2)*2=12
train/32874.jpg,6*7-0=42
train/32875.jpg,(4*0)-1=-1
train/32876.jpg,3*(3-7)=-12
train/32877.jpg,5-3-0=2
train/32878.jpg,(6-5)*5=5
train/32879.jpg,(5*7)*2=70
train/32880.jpg,(2+0)+2=4
train/32881.jpg,(6*7)*1=42
train/32882.jpg,(6*9)+7=61
train/32883.jpg,(6+3)-9=0
train/32884.jpg,(0+1)+7=8
train/32885.jpg,(3*3)-2=7
train/32886.jpg,6+(2+1)=9
train/32887.jpg,6*9*6=324
train/32888.jpg,(5*8)-2=38
train/32889.jpg,9-6-2=1
train/32890.jpg,9-(9*3)=-18
train/32891.jpg,8-(1*9)=-1
train/32892.jpg,(5+2)*8=56
train/32893.jpg,7+(0+3)=10
train/32894.jpg,8-2+8=14
train/32895.jpg,5*(3-0)=15
train/32896.jpg,(6+1)+7=14
train/32897.jpg,9*0+6=6
train/32898.jpg,(7+2)-1=8
train/32899.jpg,5*6*2=60
train/32900.jpg,(3-2)-2=-1
train/32901.jpg,6*(8*5)=240
train/32902.jpg,(4*0)-5=-5
train/32903.jpg,7*(3+3)=42
train/32904.jpg,8*3+7=31
train/32905.jpg,7-(5+9)=-7
train/32906.jpg,5+(8+5)=18
train/32907.jpg,1+6+9=16
train/32908.jpg,(1*6)-8=-2
train/32909.jpg,4*8-4=28
train/32910.jpg,(1-8)-0=-7
train/32911.jpg,(0*6)+0=0
train/32912.jpg,(8*2)+8=24
train/32913.jpg,6+(5-8)=3
train/32914.jpg,(4+0)*8=32
train/32915.jpg,(6-1)*2=10
train/32916.jpg,(9*4)+9=45
train/32917.jpg,9-(8-4)=5
train/32918.jpg,1*(5*1)=5
train/32919.jpg,(6-4)*0=0
train/32920.jpg,3+(1*4)=7
train/32921.jpg,6*(6*5)=180
train/32922.jpg,(2-3)+0=-1
train/32923.jpg,8-8*3=-16
train/32924.jpg,0+8-0=8
train/32925.jpg,2-7*7=-47
train/32926.jpg,(1*1)+3=4
train/32927.jpg,(6+7)-1=12
train/32928.jpg,9-8-2=-1
train/32929.jpg,(5+3)-3=5
train/32930.jpg,7-6*7=-35
train/32931.jpg,(1*2)*4=8
train/32932.jpg,1+(4+0)=5
train/32933.jpg,4+8-3=9
train/32934.jpg,2-1-3=-2
train/32935.jpg,(4+8)+6=18
train/32936.jpg,4-(1*0)=4
train/32937.jpg,1+4-6=-1
train/32938.jpg,8+(2+1)=11
train/32939.jpg,3-4-4=-5
train/32940.jpg,0-(9*7)=-63
train/32941.jpg,8+(1+0)=9
train/32942.jpg,(9+6)-8=7
train/32943.jpg,(8-5)+5=8
train/32944.jpg,(0-8)*3=-24
train/32945.jpg,6+9*2=24
train/32946.jpg,4*7+7=35
train/32947.jpg,(1-6)*1=-5
train/32948.jpg,4-(0+8)=-4
train/32949.jpg,(3+9)*4=48
train/32950.jpg,6-(8+8)=-10
train/32951.jpg,(7-7)-4=-4
train/32952.jpg,(3*4)+9=21
train/32953.jpg,(3-5)*1=-2
train/32954.jpg,5+(6-5)=6
train/32955.jpg,9*5*1=45
train/32956.jpg,7-(6+5)=-4
train/32957.jpg,(1*6)*0=0
train/32958.jpg,(3*8)*7=168
train/32959.jpg,9-(9+2)=-2
train/32960.jpg,(8*7)+4=60
train/32961.jpg,3*(4*8)=96
train/32962.jpg,1-(0-2)=3
train/32963.jpg,(1-6)+8=3
train/32964.jpg,5*1-4=1
train/32965.jpg,9*(2+2)=36
train/32966.jpg,2*(1*3)=6
train/32967.jpg,(0+1)+1=2
train/32968.jpg,4-(3-0)=1
train/32969.jpg,0+4+5=9
train/32970.jpg,2+(6+2)=10
train/32971.jpg,0+(9-7)=2
train/32972.jpg,(1+2)+4=7
train/32973.jpg,(5*8)-3=37
train/32974.jpg,(7+1)-2=6
train/32975.jpg,(1+6)*3=21
train/32976.jpg,6+2+6=14
train/32977.jpg,(7+0)+9=16
train/32978.jpg,(8*7)+7=63
train/32979.jpg,8*(0-5)=-40
train/32980.jpg,8-1*3=5
train/32981.jpg,0-(9-2)=-7
train/32982.jpg,7*(3*3)=63
train/32983.jpg,4-4+1=1
train/32984.jpg,(5-2)-8=-5
train/32985.jpg,3-0*8=3
train/32986.jpg,6+3+2=11
train/32987.jpg,7-(5+3)=-1
train/32988.jpg,4+1+8=13
train/32989.jpg,(2+9)-7=4
train/32990.jpg,(8+5)+2=15
train/32991.jpg,(2+2)*0=0
train/32992.jpg,9-(2+2)=5
train/32993.jpg,(0-6)*0=0
train/32994.jpg,(8+3)+5=16
train/32995.jpg,(8*0)*9=0
train/32996.jpg,4-9+4=-1
train/32997.jpg,(3*2)-8=-2
train/32998.jpg,(6+3)*9=81
train/32999.jpg,9*(7+7)=126
train/33000.jpg,(3+4)+0=7
train/33001.jpg,(1+0)*5=5
train/33002.jpg,(2*1)+2=4
train/33003.jpg,4-7-8=-11
train/33004.jpg,7+(6+9)=22
train/33005.jpg,0-(6*0)=0
train/33006.jpg,0*8*1=0
train/33007.jpg,0-4-3=-7
train/33008.jpg,0*8-3=-3
train/33009.jpg,4-3*1=1
train/33010.jpg,9-0+1=10
train/33011.jpg,7*(4*4)=112
train/33012.jpg,(5+5)+0=10
train/33013.jpg,0*9+1=1
train/33014.jpg,1*1*5=5
train/33015.jpg,3-(5-2)=0
train/33016.jpg,(9*9)-1=80
train/33017.jpg,3*(3*6)=54
train/33018.jpg,(2-0)+5=7
train/33019.jpg,(5+4)*8=72
train/33020.jpg,8*0*2=0
train/33021.jpg,0-(9+6)=-15
train/33022.jpg,1+7*4=29
train/33023.jpg,2+(8-6)=4
train/33024.jpg,6-1+5=10
train/33025.jpg,7-(4*0)=7
train/33026.jpg,1-6*5=-29
train/33027.jpg,6+(9+6)=21
train/33028.jpg,(9*1)-8=1
train/33029.jpg,4-1*6=-2
train/33030.jpg,5*0*8=0
train/33031.jpg,(2-0)-5=-3
train/33032.jpg,6*(3+0)=18
train/33033.jpg,3+8*4=35
train/33034.jpg,5-(3*1)=2
train/33035.jpg,(9-9)-6=-6
train/33036.jpg,2*(8*8)=128
train/33037.jpg,4*8+6=38
train/33038.jpg,4*1*2=8
train/33039.jpg,7-2+8=13
train/33040.jpg,(6*9)*8=432
train/33041.jpg,9-8-6=-5
train/33042.jpg,1+1*2=3
train/33043.jpg,8-(9-1)=0
train/33044.jpg,(6+2)-4=4
train/33045.jpg,2+3-4=1
train/33046.jpg,5-3-1=1
train/33047.jpg,1-(0-8)=9
train/33048.jpg,8*(9+4)=104
train/33049.jpg,(8-3)*6=30
train/33050.jpg,(9*0)*5=0
train/33051.jpg,(1-6)+3=-2
train/33052.jpg,(7-9)+4=2
train/33053.jpg,(4+3)-2=5
train/33054.jpg,1+(1*2)=3
train/33055.jpg,4-(1+1)=2
train/33056.jpg,2*(7-2)=10
train/33057.jpg,6+(2-8)=0
train/33058.jpg,(4*1)+2=6
train/33059.jpg,3+(5+1)=9
train/33060.jpg,5-(8*7)=-51
train/33061.jpg,5*(9*0)=0
train/33062.jpg,9+(8*7)=65
train/33063.jpg,1*8*9=72
train/33064.jpg,2+0+8=10
train/33065.jpg,1*9*5=45
train/33066.jpg,7+(3*7)=28
train/33067.jpg,(2-4)-9=-11
train/33068.jpg,6-(2*4)=-2
train/33069.jpg,1-(3-2)=0
train/33070.jpg,1-(1+1)=-1
train/33071.jpg,(7*0)-3=-3
train/33072.jpg,0+(1-3)=-2
train/33073.jpg,(6*6)+4=40
train/33074.jpg,(2-0)*8=16
train/33075.jpg,(7-9)+3=1
train/33076.jpg,7*3+9=30
train/33077.jpg,(4+2)+7=13
train/33078.jpg,(8*6)-9=39
train/33079.jpg,(4*9)+9=45
train/33080.jpg,3+(4+5)=12
train/33081.jpg,7-7-6=-6
train/33082.jpg,4+1*9=13
train/33083.jpg,1+(0+7)=8
train/33084.jpg,(1+4)-5=0
train/33085.jpg,2*(2+4)=12
train/33086.jpg,3*4*4=48
train/33087.jpg,(3-8)-7=-12
train/33088.jpg,8-9+4=3
train/33089.jpg,(9-0)-7=2
train/33090.jpg,3*2*6=36
train/33091.jpg,1-(7+0)=-6
train/33092.jpg,8*(8+0)=64
train/33093.jpg,9-(8*0)=9
train/33094.jpg,(6*0)+4=4
train/33095.jpg,7*(8+8)=112
train/33096.jpg,(1-6)-4=-9
train/33097.jpg,3+(8+0)=11
train/33098.jpg,(5*5)-0=25
train/33099.jpg,(6+1)-1=6
train/33100.jpg,1-(1-7)=7
train/33101.jpg,(7+5)-3=9
train/33102.jpg,(6*0)+9=9
train/33103.jpg,5+(5+8)=18
train/33104.jpg,4-7-2=-5
train/33105.jpg,(9-9)+9=9
train/33106.jpg,4-8-3=-7
train/33107.jpg,9-(9*6)=-45
train/33108.jpg,(1*1)-5=-4
train/33109.jpg,(6+8)-9=5
train/33110.jpg,1-(9*0)=1
train/33111.jpg,(2*4)*1=8
train/33112.jpg,(7*7)*5=245
train/33113.jpg,4+(2-9)=-3
train/33114.jpg,3-(6+0)=-3
train/33115.jpg,(5*0)+2=2
train/33116.jpg,(9*1)*1=9
train/33117.jpg,3+0-4=-1
train/33118.jpg,3-(9-1)=-5
train/33119.jpg,2-4-3=-5
train/33120.jpg,(9+7)*3=48
train/33121.jpg,0-0*9=0
train/33122.jpg,9+(8-4)=13
train/33123.jpg,9+(3+4)=16
train/33124.jpg,(0+6)+8=14
train/33125.jpg,(2+6)*6=48
train/33126.jpg,8*2+2=18
train/33127.jpg,7-7+7=7
train/33128.jpg,(0-5)*7=-35
train/33129.jpg,(6+2)-3=5
train/33130.jpg,7*(6*9)=378
train/33131.jpg,(7-0)+0=7
train/33132.jpg,(0*5)*3=0
train/33133.jpg,0+0*2=0
train/33134.jpg,(2+4)-0=6
train/33135.jpg,0-(6*7)=-42
train/33136.jpg,2+(7*7)=51
train/33137.jpg,3-(4+4)=-5
train/33138.jpg,7-0+2=9
train/33139.jpg,(5+7)*0=0
train/33140.jpg,2*8*2=32
train/33141.jpg,3+0*1=3
train/33142.jpg,6*(0+4)=24
train/33143.jpg,(8+2)*8=80
train/33144.jpg,2*(8+8)=32
train/33145.jpg,7+(1+7)=15
train/33146.jpg,6*8*6=288
train/33147.jpg,1*(1*4)=4
train/33148.jpg,6*2-0=12
train/33149.jpg,5-(9-8)=4
train/33150.jpg,3-5+4=2
train/33151.jpg,0*(2+4)=0
train/33152.jpg,(7*1)*6=42
train/33153.jpg,(9-4)+5=10
train/33154.jpg,(3+4)+9=16
train/33155.jpg,(4+4)*8=64
train/33156.jpg,6*(1*9)=54
train/33157.jpg,6*(0-3)=-18
train/33158.jpg,4+8+8=20
train/33159.jpg,2-(9-6)=-1
train/33160.jpg,7-7+6=6
train/33161.jpg,4-(5+8)=-9
train/33162.jpg,1-6+1=-4
train/33163.jpg,9-0+6=15
train/33164.jpg,2*5*8=80
train/33165.jpg,(7*0)+1=1
train/33166.jpg,(0-0)-2=-2
train/33167.jpg,4-1*0=4
train/33168.jpg,(4*9)*1=36
train/33169.jpg,(8-3)+2=7
train/33170.jpg,(9-0)-2=7
train/33171.jpg,2*6-0=12
train/33172.jpg,(2+0)+1=3
train/33173.jpg,(6+5)+9=20
train/33174.jpg,5*5-7=18
train/33175.jpg,(9*1)+5=14
train/33176.jpg,4-(5*1)=-1
train/33177.jpg,(6*0)*6=0
train/33178.jpg,9-(7-3)=5
train/33179.jpg,5*(3*8)=120
train/33180.jpg,5-0*6=5
train/33181.jpg,8+(6+5)=19
train/33182.jpg,(8*5)-7=33
train/33183.jpg,9-3-6=0
train/33184.jpg,4*3+4=16
train/33185.jpg,8-4+6=10
train/33186.jpg,5-4-7=-6
train/33187.jpg,8-(4*4)=-8
train/33188.jpg,(3*3)*7=63
train/33189.jpg,6*9+7=61
train/33190.jpg,9-2-7=0
train/33191.jpg,9*2+1=19
train/33192.jpg,5-(2+8)=-5
train/33193.jpg,0*8*3=0
train/33194.jpg,9*(4-4)=0
train/33195.jpg,9*(4*7)=252
train/33196.jpg,(7*7)*8=392
train/33197.jpg,3+(8+3)=14
train/33198.jpg,8+4-3=9
train/33199.jpg,7-4-9=-6
train/33200.jpg,(6-3)-0=3
train/33201.jpg,7+(3-9)=1
train/33202.jpg,3+(0-4)=-1
train/33203.jpg,5-(2+5)=-2
train/33204.jpg,9+8+7=24
train/33205.jpg,0*(0*1)=0
train/33206.jpg,2-5*6=-28
train/33207.jpg,(0*6)*9=0
train/33208.jpg,(9-3)+4=10
train/33209.jpg,4*(2+7)=36
train/33210.jpg,8-4+8=12
train/33211.jpg,1-(9+8)=-16
train/33212.jpg,8-7-1=0
train/33213.jpg,(3*9)-1=26
train/33214.jpg,5-7-6=-8
train/33215.jpg,(2+9)-7=4
train/33216.jpg,2+(7-0)=9
train/33217.jpg,3-(8*7)=-53
train/33218.jpg,2-(2-9)=9
train/33219.jpg,6-1*6=0
train/33220.jpg,(4+6)+3=13
train/33221.jpg,(2+3)-4=1
train/33222.jpg,0+5+5=10
train/33223.jpg,4*(3+6)=36
train/33224.jpg,(5-6)-9=-10
train/33225.jpg,9-(4*4)=-7
train/33226.jpg,7-(7+6)=-6
train/33227.jpg,6-6-0=0
train/33228.jpg,(3-0)+7=10
train/33229.jpg,4*6-7=17
train/33230.jpg,7+6+9=22
train/33231.jpg,(3-0)+0=3
train/33232.jpg,5*5*4=100
train/33233.jpg,8+0-9=-1
train/33234.jpg,6-0+8=14
train/33235.jpg,3*0-0=0
train/33236.jpg,7*(2*8)=112
train/33237.jpg,9-5*6=-21
train/33238.jpg,8*(1*2)=16
train/33239.jpg,6+(5+3)=14
train/33240.jpg,2+(9-4)=7
train/33241.jpg,1*(7+5)=12
train/33242.jpg,(9-7)-9=-7
train/33243.jpg,0-(2-2)=0
train/33244.jpg,9*5*6=270
train/33245.jpg,5-7+0=-2
train/33246.jpg,2*(9-5)=8
train/33247.jpg,4*1*9=36
train/33248.jpg,(4*4)-5=11
train/33249.jpg,(3-8)-3=-8
train/33250.jpg,(6+1)*6=42
train/33251.jpg,1+2+6=9
train/33252.jpg,6*(5*9)=270
train/33253.jpg,(8*3)+2=26
train/33254.jpg,6-7*2=-8
train/33255.jpg,9*9-3=78
train/33256.jpg,6-(3-0)=3
train/33257.jpg,(1-7)-2=-8
train/33258.jpg,4+(1*0)=4
train/33259.jpg,5-(8-1)=-2
train/33260.jpg,7-(4+8)=-5
train/33261.jpg,4*(3-9)=-24
train/33262.jpg,2*(3-5)=-4
train/33263.jpg,2*4*7=56
train/33264.jpg,8+(7-5)=10
train/33265.jpg,5+(4-2)=7
train/33266.jpg,(1*8)-5=3
train/33267.jpg,6-(9-0)=-3
train/33268.jpg,7*0+0=0
train/33269.jpg,7*(3-8)=-35
train/33270.jpg,(6-4)-2=0
train/33271.jpg,1-8*4=-31
train/33272.jpg,(3+9)-1=11
train/33273.jpg,(5-2)*2=6
train/33274.jpg,7-(5-4)=6
train/33275.jpg,3+(2+7)=12
train/33276.jpg,(8-1)+5=12
train/33277.jpg,(3-4)*7=-7
train/33278.jpg,(5+3)-2=6
train/33279.jpg,8+7-3=12
train/33280.jpg,1*(9-1)=8
train/33281.jpg,7-(7*4)=-21
train/33282.jpg,5-3*6=-13
train/33283.jpg,8+6-8=6
train/33284.jpg,4*1+0=4
train/33285.jpg,0*5-7=-7
train/33286.jpg,(8*3)*6=144
train/33287.jpg,6+(0*3)=6
train/33288.jpg,(3*1)+3=6
train/33289.jpg,3*(9-9)=0
train/33290.jpg,0-(9*5)=-45
train/33291.jpg,(8*3)-1=23
train/33292.jpg,(8-5)-7=-4
train/33293.jpg,3+(6*0)=3
train/33294.jpg,(2-6)*3=-12
train/33295.jpg,4+1*4=8
train/33296.jpg,(8+6)*5=70
train/33297.jpg,7+(1-5)=3
train/33298.jpg,(7-2)-3=2
train/33299.jpg,3-0+9=12
train/33300.jpg,(7+2)+9=18
train/33301.jpg,0-(1+5)=-6
train/33302.jpg,4+(3*9)=31
train/33303.jpg,7+1-0=8
train/33304.jpg,(2*5)-7=3
train/33305.jpg,9*(2*9)=162
train/33306.jpg,(0-3)-3=-6
train/33307.jpg,(6*4)-1=23
train/33308.jpg,(1*4)+6=10
train/33309.jpg,(3*3)*7=63
train/33310.jpg,8+8+0=16
train/33311.jpg,8-(7*4)=-20
train/33312.jpg,(3-5)+4=2
train/33313.jpg,5*1*4=20
train/33314.jpg,6+(6*2)=18
train/33315.jpg,9*4+6=42
train/33316.jpg,(1+0)*8=8
train/33317.jpg,9-3+6=12
train/33318.jpg,(3-1)*6=12
train/33319.jpg,(6*1)-0=6
train/33320.jpg,0+3+1=4
train/33321.jpg,9+(2*8)=25
train/33322.jpg,(3+1)-3=1
train/33323.jpg,5-8*4=-27
train/33324.jpg,(0+6)*0=0
train/33325.jpg,(5+9)+7=21
train/33326.jpg,1*(4-8)=-4
train/33327.jpg,(3+8)+9=20
train/33328.jpg,0*5+5=5
train/33329.jpg,8+8+7=23
train/33330.jpg,4+1+1=6
train/33331.jpg,(3*1)*0=0
train/33332.jpg,(2*9)*7=126
train/33333.jpg,(3+0)+1=4
train/33334.jpg,2+3-5=0
train/33335.jpg,(8+5)+2=15
train/33336.jpg,(1+7)*0=0
train/33337.jpg,7*6-2=40
train/33338.jpg,7*5*1=35
train/33339.jpg,3-4*2=-5
train/33340.jpg,9*0+2=2
train/33341.jpg,4*0-9=-9
train/33342.jpg,(8*5)*5=200
train/33343.jpg,3-5*3=-12
train/33344.jpg,7+(2*7)=21
train/33345.jpg,7+0-2=5
train/33346.jpg,1+(2+5)=8
train/33347.jpg,4-(1*3)=1
train/33348.jpg,0-4*4=-16
train/33349.jpg,(4+6)-5=5
train/33350.jpg,(3-6)*1=-3
train/33351.jpg,6*(1*2)=12
train/33352.jpg,(2-3)-3=-4
train/33353.jpg,(8*0)+4=4
train/33354.jpg,7+9*8=79
train/33355.jpg,(3+0)+8=11
train/33356.jpg,(6*6)+6=42
train/33357.jpg,9+(7-7)=9
train/33358.jpg,8+(8*5)=48
train/33359.jpg,2-(0-7)=9
train/33360.jpg,2*(6+6)=24
train/33361.jpg,(1*7)*2=14
train/33362.jpg,3+7+9=19
train/33363.jpg,5*(3+5)=40
train/33364.jpg,(7+6)*8=104
train/33365.jpg,5-8+5=2
train/33366.jpg,4+(3-2)=5
train/33367.jpg,3*(5*1)=15
train/33368.jpg,(7*6)+1=43
train/33369.jpg,9+9+2=20
train/33370.jpg,(6*0)*8=0
train/33371.jpg,0+4*8=32
train/33372.jpg,(0+2)*5=10
train/33373.jpg,7*(3*7)=147
train/33374.jpg,(1-8)+3=-4
train/33375.jpg,5*(0-7)=-35
train/33376.jpg,9-9+8=8
train/33377.jpg,(9*0)-7=-7
train/33378.jpg,5+5+1=11
train/33379.jpg,4+2*2=8
train/33380.jpg,3+0*5=3
train/33381.jpg,8+9-7=10
train/33382.jpg,8-(5*2)=-2
train/33383.jpg,4+(5*9)=49
train/33384.jpg,(6-7)*2=-2
train/33385.jpg,6-1-7=-2
train/33386.jpg,1*3+3=6
train/33387.jpg,6*(9+5)=84
train/33388.jpg,4-2+6=8
train/33389.jpg,3-0*7=3
train/33390.jpg,4-(1-3)=6
train/33391.jpg,7+(4+7)=18
train/33392.jpg,0-(3-8)=5
train/33393.jpg,(3-8)-3=-8
train/33394.jpg,(9-3)*4=24
train/33395.jpg,6*(5*4)=120
train/33396.jpg,5*7*9=315
train/33397.jpg,7*(2*4)=56
train/33398.jpg,9-8*0=9
train/33399.jpg,5-(4*9)=-31
train/33400.jpg,(9*8)*7=504
train/33401.jpg,7*(5-7)=-14
train/33402.jpg,(9-7)-2=0
train/33403.jpg,0-(5+5)=-10
train/33404.jpg,2+2-7=-3
train/33405.jpg,(0*0)+5=5
train/33406.jpg,5-(1+5)=-1
train/33407.jpg,7+(5-0)=12
train/33408.jpg,7-5+0=2
train/33409.jpg,0-0-1=-1
train/33410.jpg,(0*4)-2=-2
train/33411.jpg,0-(2-9)=7
train/33412.jpg,4+3*8=28
train/33413.jpg,(6+9)-4=11
train/33414.jpg,3-8*6=-45
train/33415.jpg,(5+1)*7=42
train/33416.jpg,9*6-9=45
train/33417.jpg,(7-4)-0=3
train/33418.jpg,(6*1)*1=6
train/33419.jpg,(5+4)*4=36
train/33420.jpg,8-0-8=0
train/33421.jpg,8-(3*5)=-7
train/33422.jpg,1-3*6=-17
train/33423.jpg,2*5+1=11
train/33424.jpg,9*7-9=54
train/33425.jpg,0-4+6=2
train/33426.jpg,0+(9+6)=15
train/33427.jpg,3+8*0=3
train/33428.jpg,(1-6)*1=-5
train/33429.jpg,4*(6*6)=144
train/33430.jpg,7+(1+4)=12
train/33431.jpg,(1+6)-8=-1
train/33432.jpg,5-(6*6)=-31
train/33433.jpg,(1-2)*5=-5
train/33434.jpg,7+(8*1)=15
train/33435.jpg,3+4*1=7
train/33436.jpg,4-(4-8)=8
train/33437.jpg,6+6-2=10
train/33438.jpg,4+(5+2)=11
train/33439.jpg,(8-0)*6=48
train/33440.jpg,(6-7)-5=-6
train/33441.jpg,(4-3)*0=0
train/33442.jpg,9*(9-0)=81
train/33443.jpg,(7+6)*7=91
train/33444.jpg,(4*6)*5=120
train/33445.jpg,(5-0)*7=35
train/33446.jpg,2+6-2=6
train/33447.jpg,2*5-8=2
train/33448.jpg,8+2*1=10
train/33449.jpg,1-(5*6)=-29
train/33450.jpg,(8+1)*5=45
train/33451.jpg,(2+8)-5=5
train/33452.jpg,5+(0-8)=-3
train/33453.jpg,8+9*8=80
train/33454.jpg,4-6-5=-7
train/33455.jpg,8*3+8=32
train/33456.jpg,8+9+2=19
train/33457.jpg,5*4-5=15
train/33458.jpg,9-(5+1)=3
train/33459.jpg,4+8+1=13
train/33460.jpg,3*(3-8)=-15
train/33461.jpg,(0+8)-4=4
train/33462.jpg,5*2*5=50
train/33463.jpg,0-(4-1)=-3
train/33464.jpg,(2-4)*9=-18
train/33465.jpg,(4*3)+8=20
train/33466.jpg,(9+7)-6=10
train/33467.jpg,7+7+9=23
train/33468.jpg,9+(1+7)=17
train/33469.jpg,7*(5*0)=0
train/33470.jpg,2*(6+4)=20
train/33471.jpg,(1+9)-3=7
train/33472.jpg,(2*9)+6=24
train/33473.jpg,9*(5*1)=45
train/33474.jpg,(1-0)+9=10
train/33475.jpg,(8+0)*5=40
train/33476.jpg,3-(6*5)=-27
train/33477.jpg,6+(1+7)=14
train/33478.jpg,0*(8-6)=0
train/33479.jpg,(6*2)-4=8
train/33480.jpg,5-(9+8)=-12
train/33481.jpg,(2-7)+1=-4
train/33482.jpg,7+(3*5)=22
train/33483.jpg,6*4-3=21
train/33484.jpg,9+(2-8)=3
train/33485.jpg,(3*7)-9=12
train/33486.jpg,2-(0-7)=9
train/33487.jpg,5-5+8=8
train/33488.jpg,2*(0+1)=2
train/33489.jpg,9*6-6=48
train/33490.jpg,8-9+9=8
train/33491.jpg,(6-1)-5=0
train/33492.jpg,2-(0-1)=3
train/33493.jpg,4-4+3=3
train/33494.jpg,(1-6)+1=-4
train/33495.jpg,(3*7)*0=0
train/33496.jpg,8+3*4=20
train/33497.jpg,9+(7-1)=15
train/33498.jpg,0+(0*6)=0
train/33499.jpg,8*(4-2)=16
train/33500.jpg,3+6-2=7
train/33501.jpg,(9-7)*3=6
train/33502.jpg,1+3-1=3
train/33503.jpg,(0+6)+4=10
train/33504.jpg,4*(5*2)=40
train/33505.jpg,8-(3+0)=5
train/33506.jpg,9*4-3=33
train/33507.jpg,(5*6)-9=21
train/33508.jpg,(0-4)-1=-5
train/33509.jpg,3-9-2=-8
train/33510.jpg,5+(2*2)=9
train/33511.jpg,(1-4)*3=-9
train/33512.jpg,8+4+8=20
train/33513.jpg,7-5*5=-18
train/33514.jpg,(1-4)*6=-18
train/33515.jpg,1*(8-3)=5
train/33516.jpg,1-6+9=4
train/33517.jpg,(6+7)*6=78
train/33518.jpg,9*5+5=50
train/33519.jpg,1+(5+5)=11
train/33520.jpg,(4+7)*2=22
train/33521.jpg,3*(8*7)=168
train/33522.jpg,(7-8)*2=-2
train/33523.jpg,9+(5+5)=19
train/33524.jpg,4*6*1=24
train/33525.jpg,1-2-7=-8
train/33526.jpg,9+(1+3)=13
train/33527.jpg,1*(2*8)=16
train/33528.jpg,4-0-9=-5
train/33529.jpg,4+(8*6)=52
train/33530.jpg,1-(5-7)=3
train/33531.jpg,2+2*0=2
train/33532.jpg,8*6-4=44
train/33533.jpg,(8*1)*9=72
train/33534.jpg,(1+4)+5=10
train/33535.jpg,8-3+9=14
train/33536.jpg,4*0+3=3
train/33537.jpg,1+9*3=28
train/33538.jpg,0*6*3=0
train/33539.jpg,(0+6)-9=-3
train/33540.jpg,2-9-0=-7
train/33541.jpg,(0-0)+9=9
train/33542.jpg,5*(2+6)=40
train/33543.jpg,(6+7)-1=12
train/33544.jpg,(2*2)-4=0
train/33545.jpg,2+9*5=47
train/33546.jpg,6-(5+3)=-2
train/33547.jpg,(0+6)+9=15
train/33548.jpg,(2+3)+7=12
train/33549.jpg,(6*2)*7=84
train/33550.jpg,(5-9)*4=-16
train/33551.jpg,9*7*6=378
train/33552.jpg,1+(6*0)=1
train/33553.jpg,4+3-0=7
train/33554.jpg,(0-7)*7=-49
train/33555.jpg,(7+2)*3=27
train/33556.jpg,(5-8)-2=-5
train/33557.jpg,7*(5-0)=35
train/33558.jpg,9*3-4=23
train/33559.jpg,5+3-0=8
train/33560.jpg,(7-7)*5=0
train/33561.jpg,(9-3)*0=0
train/33562.jpg,9-(5+7)=-3
train/33563.jpg,7+9-4=12
train/33564.jpg,4+9-6=7
train/33565.jpg,4+(2-2)=4
train/33566.jpg,(8+2)-4=6
train/33567.jpg,4+9-6=7
train/33568.jpg,(4*4)-0=16
train/33569.jpg,(9+8)+9=26
train/33570.jpg,9-0+7=16
train/33571.jpg,9*0*2=0
train/33572.jpg,6-2+1=5
train/33573.jpg,1*(2-8)=-6
train/33574.jpg,(5*4)*6=120
train/33575.jpg,7*6-4=38
train/33576.jpg,4+(5*0)=4
train/33577.jpg,5-(0-9)=14
train/33578.jpg,3+7-1=9
train/33579.jpg,0+5*4=20
train/33580.jpg,(2+9)-2=9
train/33581.jpg,7-(2*4)=-1
train/33582.jpg,1*(9*2)=18
train/33583.jpg,8*(3+8)=88
train/33584.jpg,(6-3)+5=8
train/33585.jpg,(6-2)-0=4
train/33586.jpg,(5*4)-0=20
train/33587.jpg,1+(4-5)=0
train/33588.jpg,(3-1)+7=9
train/33589.jpg,3+2+7=12
train/33590.jpg,2*(9+3)=24
train/33591.jpg,0-4+5=1
train/33592.jpg,3+(4+8)=15
train/33593.jpg,(5+3)-2=6
train/33594.jpg,(8+9)+8=25
train/33595.jpg,5*8*9=360
train/33596.jpg,7-(0*2)=7
train/33597.jpg,6*(8-8)=0
train/33598.jpg,0+9*0=0
train/33599.jpg,4-(9+7)=-12
train/33600.jpg,6*(5-1)=24
train/33601.jpg,(8*2)*2=32
train/33602.jpg,8-(8+4)=-4
train/33603.jpg,(5+5)-2=8
train/33604.jpg,8-3-4=1
train/33605.jpg,9+6-6=9
train/33606.jpg,2-2+1=1
train/33607.jpg,3*6*9=162
train/33608.jpg,0*5+0=0
train/33609.jpg,4*(5+3)=32
train/33610.jpg,(7+7)-1=13
train/33611.jpg,(9*6)-4=50
train/33612.jpg,(4+3)*6=42
train/33613.jpg,5*6*8=240
train/33614.jpg,(2-9)-2=-9
train/33615.jpg,8*7*7=392
train/33616.jpg,4-3*3=-5
train/33617.jpg,(1*9)+6=15
train/33618.jpg,(2-0)+2=4
train/33619.jpg,7-6+2=3
train/33620.jpg,4-2+6=8
train/33621.jpg,1*4+1=5
train/33622.jpg,8-0*7=8
train/33623.jpg,0*0*2=0
train/33624.jpg,(3+7)+2=12
train/33625.jpg,2*6+4=16
train/33626.jpg,(6+8)+9=23
train/33627.jpg,1+(3-5)=-1
train/33628.jpg,7-(5-7)=9
train/33629.jpg,(2*4)-8=0
train/33630.jpg,5-1+1=5
train/33631.jpg,1-5*3=-14
train/33632.jpg,6+1-8=-1
train/33633.jpg,1+(0*7)=1
train/33634.jpg,(5+3)-4=4
train/33635.jpg,(6-7)+5=4
train/33636.jpg,8*5-8=32
train/33637.jpg,7*(4+4)=56
train/33638.jpg,2-1-1=0
train/33639.jpg,(8+8)+3=19
train/33640.jpg,(5*9)-3=42
train/33641.jpg,6-8-6=-8
train/33642.jpg,0+4+3=7
train/33643.jpg,2-6+3=-1
train/33644.jpg,5+6+7=18
train/33645.jpg,4+(4-8)=0
train/33646.jpg,3*(8-6)=6
train/33647.jpg,3-(1+1)=1
train/33648.jpg,(1*8)*7=56
train/33649.jpg,2+(8*4)=34
train/33650.jpg,9+5+7=21
train/33651.jpg,8*8+6=70
train/33652.jpg,4*0+4=4
train/33653.jpg,(6+4)-8=2
train/33654.jpg,6-0*8=6
train/33655.jpg,6+1+1=8
train/33656.jpg,7-1-9=-3
train/33657.jpg,7+3+1=11
train/33658.jpg,(6*4)*5=120
train/33659.jpg,2-8+5=-1
train/33660.jpg,1+9*4=37
train/33661.jpg,4-8*8=-60
train/33662.jpg,6+1*6=12
train/33663.jpg,2+5*8=42
train/33664.jpg,(5-2)-5=-2
train/33665.jpg,9*7+9=72
train/33666.jpg,(9*2)+4=22
train/33667.jpg,8+9*0=8
train/33668.jpg,1-2+1=0
train/33669.jpg,3-6+5=2
train/33670.jpg,6*(0+3)=18
train/33671.jpg,(8+9)-0=17
train/33672.jpg,3+8-5=6
train/33673.jpg,1+0*0=1
train/33674.jpg,(1-6)-5=-10
train/33675.jpg,(9+8)+0=17
train/33676.jpg,8-(3+4)=1
train/33677.jpg,0+(5-9)=-4
train/33678.jpg,1*4+3=7
train/33679.jpg,3-(9*6)=-51
train/33680.jpg,4-5-6=-7
train/33681.jpg,4-(9*8)=-68
train/33682.jpg,(0-4)+1=-3
train/33683.jpg,6-2+8=12
train/33684.jpg,5*(7+9)=80
train/33685.jpg,(9+3)-0=12
train/33686.jpg,7+(9+7)=23
train/33687.jpg,(1+7)-4=4
train/33688.jpg,6-(2*4)=-2
train/33689.jpg,(0+7)+8=15
train/33690.jpg,0+(4-6)=-2
train/33691.jpg,8+(0*8)=8
train/33692.jpg,1-6-7=-12
train/33693.jpg,(5-4)-4=-3
train/33694.jpg,4+5-1=8
train/33695.jpg,8+4+4=16
train/33696.jpg,9-2+0=7
train/33697.jpg,2-6-8=-12
train/33698.jpg,5-(2*4)=-3
train/33699.jpg,1*(3*9)=27
train/33700.jpg,(0+7)-1=6
train/33701.jpg,1-(1+5)=-5
train/33702.jpg,4-(4*9)=-32
train/33703.jpg,4-(8-5)=1
train/33704.jpg,6*(2*7)=84
train/33705.jpg,1-6+3=-2
train/33706.jpg,(3-5)+2=0
train/33707.jpg,(3+0)+1=4
train/33708.jpg,0-(4+8)=-12
train/33709.jpg,8-4+4=8
train/33710.jpg,4+5+8=17
train/33711.jpg,3-7+1=-3
train/33712.jpg,(9+3)+5=17
train/33713.jpg,5-2+0=3
train/33714.jpg,1+(0+6)=7
train/33715.jpg,(1*7)*3=21
train/33716.jpg,4-1-0=3
train/33717.jpg,2+(5+3)=10
train/33718.jpg,(6+5)*7=77
train/33719.jpg,5+5*0=5
train/33720.jpg,8+(2+8)=18
train/33721.jpg,(7-1)*5=30
train/33722.jpg,(0-3)-4=-7
train/33723.jpg,4*(8-6)=8
train/33724.jpg,5+(0+8)=13
train/33725.jpg,3*(4*1)=12
train/33726.jpg,(0+2)-2=0
train/33727.jpg,1+(9+9)=19
train/33728.jpg,0+6+9=15
train/33729.jpg,(3*3)-2=7
train/33730.jpg,8-(6*5)=-22
train/33731.jpg,0-(1+6)=-7
train/33732.jpg,5*(8+3)=55
train/33733.jpg,0*5-4=-4
train/33734.jpg,1+(1+5)=7
train/33735.jpg,(3-6)*2=-6
train/33736.jpg,5+6*4=29
train/33737.jpg,(0+1)+1=2
train/33738.jpg,(2*6)+8=20
train/33739.jpg,7*0+5=5
train/33740.jpg,4-0-1=3
train/33741.jpg,8+6*8=56
train/33742.jpg,4-(2-5)=7
train/33743.jpg,(4*0)+4=4
train/33744.jpg,2-(6-8)=4
train/33745.jpg,5-(5*3)=-10
train/33746.jpg,1-8-0=-7
train/33747.jpg,2+(8+3)=13
train/33748.jpg,(9*1)*8=72
train/33749.jpg,4*8+8=40
train/33750.jpg,5*1*9=45
train/33751.jpg,2+8-0=10
train/33752.jpg,(4+0)*1=4
train/33753.jpg,(7+8)*6=90
train/33754.jpg,6*6+2=38
train/33755.jpg,(2*3)-7=-1
train/33756.jpg,9*(6*6)=324
train/33757.jpg,9*(1*0)=0
train/33758.jpg,8*(8-7)=8
train/33759.jpg,1-(1-6)=6
train/33760.jpg,4-6*5=-26
train/33761.jpg,(6*3)*3=54
train/33762.jpg,6-6+9=9
train/33763.jpg,5+(3*6)=23
train/33764.jpg,4+(5+1)=10
train/33765.jpg,7*(8-7)=7
train/33766.jpg,9+(2*1)=11
train/33767.jpg,(7+4)*4=44
train/33768.jpg,1*0*3=0
train/33769.jpg,0*1*1=0
train/33770.jpg,8*2+8=24
train/33771.jpg,(2-2)-4=-4
train/33772.jpg,(8+1)-3=6
train/33773.jpg,2*7+0=14
train/33774.jpg,4+(7+1)=12
train/33775.jpg,4*6+1=25
train/33776.jpg,(4-6)+6=4
train/33777.jpg,(9-4)+5=10
train/33778.jpg,2*(5-2)=6
train/33779.jpg,8-(4-4)=8
train/33780.jpg,5-5-4=-4
train/33781.jpg,(8+2)+5=15
train/33782.jpg,(3+2)*1=5
train/33783.jpg,(5-4)*6=6
train/33784.jpg,3-9-5=-11
train/33785.jpg,6+1+2=9
train/33786.jpg,7*5-3=32
train/33787.jpg,(4-4)-7=-7
train/33788.jpg,(0+5)*8=40
train/33789.jpg,4-(0*0)=4
train/33790.jpg,4+(8+9)=21
train/33791.jpg,(5+3)*8=64
train/33792.jpg,8+(2-4)=6
train/33793.jpg,7-2-6=-1
train/33794.jpg,(1-5)*4=-16
train/33795.jpg,1-(8*7)=-55
train/33796.jpg,7-(8+1)=-2
train/33797.jpg,4+(1+1)=6
train/33798.jpg,4*(3-2)=4
train/33799.jpg,7*(2+7)=63
train/33800.jpg,4-1-7=-4
train/33801.jpg,9-(1*3)=6
train/33802.jpg,4*(2+3)=20
train/33803.jpg,6*(2+2)=24
train/33804.jpg,5+8+8=21
train/33805.jpg,9*1-0=9
train/33806.jpg,3*(9-4)=15
train/33807.jpg,(1*7)*4=28
train/33808.jpg,(3*9)*6=162
train/33809.jpg,4-7+8=5
train/33810.jpg,(0-4)-6=-10
train/33811.jpg,(4-7)-2=-5
train/33812.jpg,2-(4*9)=-34
train/33813.jpg,0*6-3=-3
train/33814.jpg,3-(8+6)=-11
train/33815.jpg,6+(9*9)=87
train/33816.jpg,6-(4-6)=8
train/33817.jpg,2-(8-4)=-2
train/33818.jpg,(3+1)*5=20
train/33819.jpg,7+(4*2)=15
train/33820.jpg,(7+5)+1=13
train/33821.jpg,3+(3+8)=14
train/33822.jpg,5*(4+1)=25
train/33823.jpg,(7+2)-9=0
train/33824.jpg,4*(5-9)=-16
train/33825.jpg,5+5-1=9
train/33826.jpg,(9-1)*2=16
train/33827.jpg,6-2*9=-12
train/33828.jpg,(3*4)+5=17
train/33829.jpg,4-(7-4)=1
train/33830.jpg,(0-1)+9=8
train/33831.jpg,4*3-0=12
train/33832.jpg,4-(7+8)=-11
train/33833.jpg,3*(1+7)=24
train/33834.jpg,9*5+0=45
train/33835.jpg,0-2+1=-1
train/33836.jpg,(3*8)-6=18
train/33837.jpg,(8*9)+4=76
train/33838.jpg,6*(7-8)=-6
train/33839.jpg,5*1+8=13
train/33840.jpg,1+(3*4)=13
train/33841.jpg,5*(8+2)=50
train/33842.jpg,3-(4-2)=1
train/33843.jpg,(2+0)*9=18
train/33844.jpg,(6*4)+0=24
train/33845.jpg,(9+1)-4=6
train/33846.jpg,3*(0+7)=21
train/33847.jpg,0+(8*8)=64
train/33848.jpg,3*(9-4)=15
train/33849.jpg,(7+3)*4=40
train/33850.jpg,(7*8)*9=504
train/33851.jpg,2*(8+3)=22
train/33852.jpg,0+(5+5)=10
train/33853.jpg,(0+4)+3=7
train/33854.jpg,3-(2+1)=0
train/33855.jpg,5-(0*3)=5
train/33856.jpg,5*2+1=11
train/33857.jpg,0+(5-8)=-3
train/33858.jpg,7*7+7=56
train/33859.jpg,7+5-4=8
train/33860.jpg,0*(1+3)=0
train/33861.jpg,3-(4*6)=-21
train/33862.jpg,4*0+5=5
train/33863.jpg,2+3*9=29
train/33864.jpg,(7*8)*6=336
train/33865.jpg,(3+2)-2=3
train/33866.jpg,(4+2)+8=14
train/33867.jpg,1*(2+2)=4
train/33868.jpg,3*1+1=4
train/33869.jpg,(3-6)-0=-3
train/33870.jpg,0-(3-7)=4
train/33871.jpg,(6+0)-7=-1
train/33872.jpg,3*7-5=16
train/33873.jpg,6+(3+9)=18
train/33874.jpg,7+(8*8)=71
train/33875.jpg,(8*1)+6=14
train/33876.jpg,7+9-2=14
train/33877.jpg,(9+7)+0=16
train/33878.jpg,1-(3-4)=2
train/33879.jpg,8*3*3=72
train/33880.jpg,(2-8)-6=-12
train/33881.jpg,5+1-3=3
train/33882.jpg,8-(3+8)=-3
train/33883.jpg,5+(7*2)=19
train/33884.jpg,(9+2)+7=18
train/33885.jpg,2-4+6=4
train/33886.jpg,6-(2+2)=2
train/33887.jpg,7*0*0=0
train/33888.jpg,(7*6)-0=42
train/33889.jpg,2*(0*3)=0
train/33890.jpg,(0*8)+6=6
train/33891.jpg,7+8*0=7
train/33892.jpg,9+(7*2)=23
train/33893.jpg,(1*3)-9=-6
train/33894.jpg,(6+0)*2=12
train/33895.jpg,(9+1)*7=70
train/33896.jpg,0+0*0=0
train/33897.jpg,8-0*1=8
train/33898.jpg,8+(5*4)=28
train/33899.jpg,7+6-8=5
train/33900.jpg,8*3-5=19
train/33901.jpg,0+7*5=35
train/33902.jpg,(6*8)*9=432
train/33903.jpg,(1+6)*2=14
train/33904.jpg,8+1*9=17
train/33905.jpg,7*0+3=3
train/33906.jpg,1-4+5=2
train/33907.jpg,(9*7)*7=441
train/33908.jpg,6*(6*5)=180
train/33909.jpg,(1-0)-2=-1
train/33910.jpg,(1-8)+5=-2
train/33911.jpg,8*4-7=25
train/33912.jpg,(6+4)+9=19
train/33913.jpg,(9-0)-6=3
train/33914.jpg,(9*5)*0=0
train/33915.jpg,6-(8*7)=-50
train/33916.jpg,(3+9)+8=20
train/33917.jpg,7-(8*2)=-9
train/33918.jpg,(7+5)*9=108
train/33919.jpg,(0*1)*2=0
train/33920.jpg,(2+3)-3=2
train/33921.jpg,(5-5)-4=-4
train/33922.jpg,3-(7-6)=2
train/33923.jpg,8+7-0=15
train/33924.jpg,(4+7)*6=66
train/33925.jpg,(5-3)*9=18
train/33926.jpg,(3-2)*4=4
train/33927.jpg,(2-6)*7=-28
train/33928.jpg,3*6*6=108
train/33929.jpg,3+(9-8)=4
train/33930.jpg,4+(1-9)=-4
train/33931.jpg,(3*3)+3=12
train/33932.jpg,(2*2)*2=8
train/33933.jpg,9*(5+5)=90
train/33934.jpg,(3-5)+7=5
train/33935.jpg,1+(0*6)=1
train/33936.jpg,(0+3)*3=9
train/33937.jpg,9*(5+4)=81
train/33938.jpg,(0*7)*7=0
train/33939.jpg,7*6+8=50
train/33940.jpg,3+(9+2)=14
train/33941.jpg,8+0-6=2
train/33942.jpg,(4*7)*2=56
train/33943.jpg,0*3*1=0
train/33944.jpg,2*(5-5)=0
train/33945.jpg,3*5+2=17
train/33946.jpg,6*8*3=144
train/33947.jpg,(4-3)+6=7
train/33948.jpg,(6+5)+3=14
train/33949.jpg,0*4+9=9
train/33950.jpg,(7+9)+6=22
train/33951.jpg,(5+1)+9=15
train/33952.jpg,(6*8)+5=53
train/33953.jpg,8-(6-2)=4
train/33954.jpg,6*(8*2)=96
train/33955.jpg,5*9*0=0
train/33956.jpg,(5+1)+7=13
train/33957.jpg,2-9-6=-13
train/33958.jpg,9-(7-7)=9
train/33959.jpg,8+(1+6)=15
train/33960.jpg,5-(8-7)=4
train/33961.jpg,(8-3)-6=-1
train/33962.jpg,2*5+5=15
train/33963.jpg,6*3-3=15
train/33964.jpg,(9*1)-6=3
train/33965.jpg,0*4*2=0
train/33966.jpg,4-(1+6)=-3
train/33967.jpg,1+3-9=-5
train/33968.jpg,3-1-8=-6
train/33969.jpg,3-(1-7)=9
train/33970.jpg,(4-0)+9=13
train/33971.jpg,1-(7-4)=-2
train/33972.jpg,4+0-2=2
train/33973.jpg,(3*5)+6=21
train/33974.jpg,2*(8*2)=32
train/33975.jpg,2-(3*4)=-10
train/33976.jpg,9-1*5=4
train/33977.jpg,(2-9)+8=1
train/33978.jpg,5-4*6=-19
train/33979.jpg,2+(0-5)=-3
train/33980.jpg,6*3-1=17
train/33981.jpg,5+1+4=10
train/33982.jpg,5+(1+7)=13
train/33983.jpg,3+2-8=-3
train/33984.jpg,4*4*1=16
train/33985.jpg,2-8*3=-22
train/33986.jpg,6+(6-8)=4
train/33987.jpg,(8*5)*0=0
train/33988.jpg,(5*1)*1=5
train/33989.jpg,5-2+4=7
train/33990.jpg,6+6*0=6
train/33991.jpg,4*(5+4)=36
train/33992.jpg,3+0*2=3
train/33993.jpg,4-(4+0)=0
train/33994.jpg,4-4-0=0
train/33995.jpg,8*1+2=10
train/33996.jpg,(3*5)+0=15
train/33997.jpg,(3+9)+1=13
train/33998.jpg,7-(0-8)=15
train/33999.jpg,1*(5-6)=-1
train/34000.jpg,(1+2)*4=12
train/34001.jpg,(6*3)-5=13
train/34002.jpg,9-8-4=-3
train/34003.jpg,(9-6)-6=-3
train/34004.jpg,4+(7-0)=11
train/34005.jpg,(4-4)-8=-8
train/34006.jpg,4+9+7=20
train/34007.jpg,(0+2)+7=9
train/34008.jpg,9-(6+0)=3
train/34009.jpg,5-(1+9)=-5
train/34010.jpg,2-4*4=-14
train/34011.jpg,5*(7+9)=80
train/34012.jpg,(3+2)+4=9
train/34013.jpg,4*5-0=20
train/34014.jpg,9-9+2=2
train/34015.jpg,4+9-6=7
train/34016.jpg,(9-4)-4=1
train/34017.jpg,7+7-3=11
train/34018.jpg,8-1-2=5
train/34019.jpg,(3+1)*4=16
train/34020.jpg,8+(7+3)=18
train/34021.jpg,(2+7)*4=36
train/34022.jpg,9-0-8=1
train/34023.jpg,9-(5+9)=-5
train/34024.jpg,(6*2)*1=12
train/34025.jpg,0*1+0=0
train/34026.jpg,5+(9-4)=10
train/34027.jpg,6*4*2=48
train/34028.jpg,(3*0)-7=-7
train/34029.jpg,3+8+2=13
train/34030.jpg,(3*0)*1=0
train/34031.jpg,4*1+7=11
train/34032.jpg,2+(8-0)=10
train/34033.jpg,9*2-6=12
train/34034.jpg,0-8+7=-1
train/34035.jpg,(5+2)+7=14
train/34036.jpg,(6-3)-0=3
train/34037.jpg,3+6+6=15
train/34038.jpg,6*3*8=144
train/34039.jpg,1+5*4=21
train/34040.jpg,(5*1)-5=0
train/34041.jpg,6+8*5=46
train/34042.jpg,(4*3)+7=19
train/34043.jpg,4+(4*7)=32
train/34044.jpg,1-(9*5)=-44
train/34045.jpg,(5*0)*7=0
train/34046.jpg,(0-7)+7=0
train/34047.jpg,2-(9*9)=-79
train/34048.jpg,5*(8-1)=35
train/34049.jpg,(6-2)+0=4
train/34050.jpg,0-(7-8)=1
train/34051.jpg,8+(5-4)=9
train/34052.jpg,2-8*1=-6
train/34053.jpg,9-3-1=5
train/34054.jpg,2+7*9=65
train/34055.jpg,(6*4)*7=168
train/34056.jpg,(3+0)-7=-4
train/34057.jpg,8-2-8=-2
train/34058.jpg,3*4+1=13
train/34059.jpg,6+3+7=16
train/34060.jpg,(3+0)+5=8
train/34061.jpg,(8-6)-1=1
train/34062.jpg,(6-6)+5=5
train/34063.jpg,7*6-8=34
train/34064.jpg,(2+8)*0=0
train/34065.jpg,4+2+7=13
train/34066.jpg,(4*0)*8=0
train/34067.jpg,(4*4)-8=8
train/34068.jpg,8-(7*3)=-13
train/34069.jpg,3+0*5=3
train/34070.jpg,(2+8)*6=60
train/34071.jpg,(5-0)-9=-4
train/34072.jpg,5-(0-8)=13
train/34073.jpg,8+5-9=4
train/34074.jpg,(1-6)+4=-1
train/34075.jpg,(3-2)+2=3
train/34076.jpg,7*(9+5)=98
train/34077.jpg,0-0*6=0
train/34078.jpg,(6-6)*6=0
train/34079.jpg,1*(8+5)=13
train/34080.jpg,8*(8*0)=0
train/34081.jpg,(3*4)+9=21
train/34082.jpg,(8*5)*8=320
train/34083.jpg,(0*0)-5=-5
train/34084.jpg,9+(4+0)=13
train/34085.jpg,1+(8+0)=9
train/34086.jpg,(1*8)-1=7
train/34087.jpg,(8+1)*1=9
train/34088.jpg,2*(9+4)=26
train/34089.jpg,(6-6)+1=1
train/34090.jpg,6-(9*0)=6
train/34091.jpg,6*5*5=150
train/34092.jpg,4-5-1=-2
train/34093.jpg,9-3-9=-3
train/34094.jpg,(1*6)-1=5
train/34095.jpg,7-8*8=-57
train/34096.jpg,(3-8)*4=-20
train/34097.jpg,2+3+9=14
train/34098.jpg,0+8-6=2
train/34099.jpg,(5-5)-0=0
train/34100.jpg,1+(3*8)=25
train/34101.jpg,0-1-4=-5
train/34102.jpg,(5*2)*1=10
train/34103.jpg,(5-9)*3=-12
train/34104.jpg,6+(2+1)=9
train/34105.jpg,2*(0-3)=-6
train/34106.jpg,2+4-7=-1
train/34107.jpg,8*6-8=40
train/34108.jpg,9+5*2=19
train/34109.jpg,(9-7)*3=6
train/34110.jpg,8+(3*1)=11
train/34111.jpg,9+6-5=10
train/34112.jpg,0-5+9=4
train/34113.jpg,1*(4*0)=0
train/34114.jpg,(2+2)+8=12
train/34115.jpg,1+(4-9)=-4
train/34116.jpg,3*(9-5)=12
train/34117.jpg,0-(9-5)=-4
train/34118.jpg,3*(0*9)=0
train/34119.jpg,0*4+7=7
train/34120.jpg,6+(6*7)=48
train/34121.jpg,(9*2)*5=90
train/34122.jpg,4*4*2=32
train/34123.jpg,(2*6)-9=3
train/34124.jpg,5*(2-8)=-30
train/34125.jpg,(6*0)+6=6
train/34126.jpg,6+4*3=18
train/34127.jpg,4*(3+7)=40
train/34128.jpg,3-(2+5)=-4
train/34129.jpg,2*(3-6)=-6
train/34130.jpg,3*(9-3)=18
train/34131.jpg,1*3-7=-4
train/34132.jpg,(0-5)-2=-7
train/34133.jpg,7*0+7=7
train/34134.jpg,(1+7)-5=3
train/34135.jpg,(3+3)+6=12
train/34136.jpg,(5+9)*9=126
train/34137.jpg,2-2+2=2
train/34138.jpg,5*6-5=25
train/34139.jpg,4*5-1=19
train/34140.jpg,(1-6)+0=-5
train/34141.jpg,7-(3-1)=5
train/34142.jpg,8*9*9=648
train/34143.jpg,0*8+2=2
train/34144.jpg,3-2+8=9
train/34145.jpg,2-4-5=-7
train/34146.jpg,6+2-2=6
train/34147.jpg,6+8-3=11
train/34148.jpg,1-(6+6)=-11
train/34149.jpg,(1+6)+4=11
train/34150.jpg,(0+0)+7=7
train/34151.jpg,0+2+4=6
train/34152.jpg,5-(4+3)=-2
train/34153.jpg,3+(8+7)=18
train/34154.jpg,2*(2*5)=20
train/34155.jpg,(2*6)*3=36
train/34156.jpg,3-(7+1)=-5
train/34157.jpg,1+(2*8)=17
train/34158.jpg,(6+5)*9=99
train/34159.jpg,7-1*2=5
train/34160.jpg,(8-9)*6=-6
train/34161.jpg,3-7-4=-8
train/34162.jpg,0+(0*5)=0
train/34163.jpg,9+3-5=7
train/34164.jpg,4+(5-1)=8
train/34165.jpg,4*(3*6)=72
train/34166.jpg,9*(4*8)=288
train/34167.jpg,(1-3)-2=-4
train/34168.jpg,8+7*9=71
train/34169.jpg,0-(9-1)=-8
train/34170.jpg,(3-7)-7=-11
train/34171.jpg,6-(5*7)=-29
train/34172.jpg,5*4-8=12
train/34173.jpg,6*(8*7)=336
train/34174.jpg,1+9*7=64
train/34175.jpg,1-(4+0)=-3
train/34176.jpg,9-(1+8)=0
train/34177.jpg,3+0*9=3
train/34178.jpg,1*(3*5)=15
train/34179.jpg,(7+9)-4=12
train/34180.jpg,(5+3)*3=24
train/34181.jpg,6+2*8=22
train/34182.jpg,8-6-0=2
train/34183.jpg,2+(6-0)=8
train/34184.jpg,8*5*3=120
train/34185.jpg,2+(6*8)=50
train/34186.jpg,2*0*4=0
train/34187.jpg,9*0-9=-9
train/34188.jpg,1+1+5=7
train/34189.jpg,9-(9*2)=-9
train/34190.jpg,9-(2+8)=-1
train/34191.jpg,5-2-7=-4
train/34192.jpg,(3*3)+6=15
train/34193.jpg,1*1*7=7
train/34194.jpg,(7-9)-2=-4
train/34195.jpg,(0-3)+8=5
train/34196.jpg,7*0+4=4
train/34197.jpg,(6*8)-2=46
train/34198.jpg,1-1-6=-6
train/34199.jpg,3-3-8=-8
train/34200.jpg,4+4-9=-1
train/34201.jpg,4-(0-3)=7
train/34202.jpg,8+4+4=16
train/34203.jpg,1*(3+0)=3
train/34204.jpg,8-6*2=-4
train/34205.jpg,4*(9-2)=28
train/34206.jpg,1+2+1=4
train/34207.jpg,4+(7+2)=13
train/34208.jpg,(9*4)*7=252
train/34209.jpg,(9+2)-6=5
train/34210.jpg,3*9+4=31
train/34211.jpg,1+(4+5)=10
train/34212.jpg,(0*2)+1=1
train/34213.jpg,(9*5)*9=405
train/34214.jpg,5*4-9=11
train/34215.jpg,(8-3)-2=3
train/34216.jpg,(7*4)*3=84
train/34217.jpg,2+5-3=4
train/34218.jpg,1*4-9=-5
train/34219.jpg,2+7-9=0
train/34220.jpg,8+8-9=7
train/34221.jpg,9+4+9=22
train/34222.jpg,3*8*2=48
train/34223.jpg,5-(3-9)=11
train/34224.jpg,0*(7+0)=0
train/34225.jpg,(4-6)*5=-10
train/34226.jpg,(4*0)+8=8
train/34227.jpg,4+(5*0)=4
train/34228.jpg,8-(9-9)=8
train/34229.jpg,2-(0*6)=2
train/34230.jpg,6-(5-8)=9
train/34231.jpg,8*8+9=73
train/34232.jpg,8+(9+6)=23
train/34233.jpg,8+(5*8)=48
train/34234.jpg,9+5-2=12
train/34235.jpg,(4-0)+8=12
train/34236.jpg,1-(9+3)=-11
train/34237.jpg,(4-6)*6=-12
train/34238.jpg,7*8-8=48
train/34239.jpg,7+4-8=3
train/34240.jpg,7+6+6=19
train/34241.jpg,8+(6+2)=16
train/34242.jpg,2-3-7=-8
train/34243.jpg,4+(1*0)=4
train/34244.jpg,4-(8-7)=3
train/34245.jpg,(4+8)*2=24
train/34246.jpg,9*5*6=270
train/34247.jpg,6+(9+1)=16
train/34248.jpg,(0+4)-1=3
train/34249.jpg,4*4-2=14
train/34250.jpg,(0-8)*6=-48
train/34251.jpg,(7*0)-7=-7
train/34252.jpg,(9-8)+5=6
train/34253.jpg,9+(9+8)=26
train/34254.jpg,(9-8)*2=2
train/34255.jpg,5-5-6=-6
train/34256.jpg,(6+0)-0=6
train/34257.jpg,(0-8)*2=-16
train/34258.jpg,5+3*5=20
train/34259.jpg,(8-3)-7=-2
train/34260.jpg,0-(0*8)=0
train/34261.jpg,2+4-5=1
train/34262.jpg,4-(5+2)=-3
train/34263.jpg,8+8*2=24
train/34264.jpg,8*(8-9)=-8
train/34265.jpg,0*2-8=-8
train/34266.jpg,(9+8)*0=0
train/34267.jpg,5*0*7=0
train/34268.jpg,8+(2+0)=10
train/34269.jpg,5-(9*1)=-4
train/34270.jpg,(9+9)-2=16
train/34271.jpg,2*7-1=13
train/34272.jpg,(4-3)-0=1
train/34273.jpg,(3*7)*7=147
train/34274.jpg,1-4+2=-1
train/34275.jpg,7*(2-7)=-35
train/34276.jpg,0+(9-6)=3
train/34277.jpg,7+8-8=7
train/34278.jpg,(7-9)*8=-16
train/34279.jpg,(5+7)+4=16
train/34280.jpg,(5*8)-3=37
train/34281.jpg,(2+2)*6=24
train/34282.jpg,(3-6)*6=-18
train/34283.jpg,2-(9-9)=2
train/34284.jpg,5-(4*4)=-11
train/34285.jpg,2-(4-6)=4
train/34286.jpg,(9*0)*0=0
train/34287.jpg,(7-8)+6=5
train/34288.jpg,(1+2)+8=11
train/34289.jpg,(7-5)+3=5
train/34290.jpg,3+7+1=11
train/34291.jpg,(5*6)-6=24
train/34292.jpg,(1+7)-8=0
train/34293.jpg,6-7+4=3
train/34294.jpg,(6*9)-7=47
train/34295.jpg,3-1+2=4
train/34296.jpg,(2-7)+9=4
train/34297.jpg,0*8*7=0
train/34298.jpg,2+4+5=11
train/34299.jpg,1+2+0=3
train/34300.jpg,(5-1)*3=12
train/34301.jpg,2-9+1=-6
train/34302.jpg,0*(6+0)=0
train/34303.jpg,8+(1-0)=9
train/34304.jpg,9-(1-1)=9
train/34305.jpg,(5*9)-5=40
train/34306.jpg,(8*9)+9=81
train/34307.jpg,(2-9)-5=-12
train/34308.jpg,3+2-5=0
train/34309.jpg,(2*3)*8=48
train/34310.jpg,6-7*0=6
train/34311.jpg,(6+2)*8=64
train/34312.jpg,(7+0)+9=16
train/34313.jpg,(2*0)+0=0
train/34314.jpg,2*2-9=-5
train/34315.jpg,0*(0*2)=0
train/34316.jpg,4-(0*3)=4
train/34317.jpg,(6+5)+7=18
train/34318.jpg,1+2*0=1
train/34319.jpg,8*3*9=216
train/34320.jpg,0+6-7=-1
train/34321.jpg,9-5+5=9
train/34322.jpg,(6+4)-3=7
train/34323.jpg,(7-9)*8=-16
train/34324.jpg,3-(3*1)=0
train/34325.jpg,7-(4-3)=6
train/34326.jpg,(1*8)*5=40
train/34327.jpg,(2+5)+3=10
train/34328.jpg,5+(6*5)=35
train/34329.jpg,7-(4-9)=12
train/34330.jpg,7-0+3=10
train/34331.jpg,8+(1*3)=11
train/34332.jpg,2*(7-0)=14
train/34333.jpg,2-2*6=-10
train/34334.jpg,(6-6)*6=0
train/34335.jpg,6*(9*1)=54
train/34336.jpg,2-(5+1)=-4
train/34337.jpg,(8*5)+6=46
train/34338.jpg,(8*8)-5=59
train/34339.jpg,(2*0)+8=8
train/34340.jpg,7-5-5=-3
train/34341.jpg,3+(8+1)=12
train/34342.jpg,1-2*4=-7
train/34343.jpg,7-(0*4)=7
train/34344.jpg,9-(5-1)=5
train/34345.jpg,5-0+5=10
train/34346.jpg,5-(7*6)=-37
train/34347.jpg,(2+6)*9=72
train/34348.jpg,(4+3)+5=12
train/34349.jpg,7*(5*5)=175
train/34350.jpg,5+4+1=10
train/34351.jpg,2-0+5=7
train/34352.jpg,4+9*6=58
train/34353.jpg,(9*2)+5=23
train/34354.jpg,(4*8)-1=31
train/34355.jpg,(2-0)+0=2
train/34356.jpg,(2*3)*3=18
train/34357.jpg,5+8+1=14
train/34358.jpg,6-(2+4)=0
train/34359.jpg,2+(7*5)=37
train/34360.jpg,1*3+6=9
train/34361.jpg,(3+1)-4=0
train/34362.jpg,(4-7)*3=-9
train/34363.jpg,8*(4*7)=224
train/34364.jpg,2+(2-7)=-3
train/34365.jpg,1-(9*9)=-80
train/34366.jpg,(8+1)*8=72
train/34367.jpg,(1*8)+3=11
train/34368.jpg,(2*8)*6=96
train/34369.jpg,4-(3*4)=-8
train/34370.jpg,5-(2*2)=1
train/34371.jpg,1*5+1=6
train/34372.jpg,(1-3)-7=-9
train/34373.jpg,0+(2-5)=-3
train/34374.jpg,(1-0)+8=9
train/34375.jpg,5+9-0=14
train/34376.jpg,3-9*7=-60
train/34377.jpg,(4*2)*4=32
train/34378.jpg,1-6+1=-4
train/34379.jpg,8+(1+0)=9
train/34380.jpg,8-3*5=-7
train/34381.jpg,(0+0)-1=-1
train/34382.jpg,6+5*3=21
train/34383.jpg,3+(4+4)=11
train/34384.jpg,7-1-1=5
train/34385.jpg,(6+1)*6=42
train/34386.jpg,6+0-7=-1
train/34387.jpg,6*(8*2)=96
train/34388.jpg,3*(1-2)=-3
train/34389.jpg,(8-0)+9=17
train/34390.jpg,(4+2)+0=6
train/34391.jpg,9-(9*3)=-18
train/34392.jpg,0-(3-5)=2
train/34393.jpg,7*1*0=0
train/34394.jpg,9-(8*6)=-39
train/34395.jpg,(2-1)+4=5
train/34396.jpg,7-1*5=2
train/34397.jpg,8-(5+3)=0
train/34398.jpg,2-2-2=-2
train/34399.jpg,5+(8*9)=77
train/34400.jpg,(0-3)*2=-6
train/34401.jpg,(0-9)+7=-2
train/34402.jpg,(2*6)*3=36
train/34403.jpg,9*7*7=441
train/34404.jpg,(6*9)-1=53
train/34405.jpg,0*8*7=0
train/34406.jpg,(1*8)+3=11
train/34407.jpg,1+(0*9)=1
train/34408.jpg,4*3-1=11
train/34409.jpg,(0+4)*4=16
train/34410.jpg,7+7-5=9
train/34411.jpg,9*(3-7)=-36
train/34412.jpg,9+7*3=30
train/34413.jpg,(0-3)-4=-7
train/34414.jpg,8-(6-8)=10
train/34415.jpg,(4-1)+1=4
train/34416.jpg,6-7+2=1
train/34417.jpg,(3-8)-4=-9
train/34418.jpg,1-0+2=3
train/34419.jpg,4+(8*5)=44
train/34420.jpg,3*(7-0)=21
train/34421.jpg,1*(3-1)=2
train/34422.jpg,3+2*0=3
train/34423.jpg,7-(5*6)=-23
train/34424.jpg,(6+5)-2=9
train/34425.jpg,(2+8)+7=17
train/34426.jpg,5+6*7=47
train/34427.jpg,5+3+0=8
train/34428.jpg,4*(4-6)=-8
train/34429.jpg,2*(7+9)=32
train/34430.jpg,2*6-5=7
train/34431.jpg,5*(7*3)=105
train/34432.jpg,(5*6)*1=30
train/34433.jpg,(1+2)-9=-6
train/34434.jpg,6-(4-7)=9
train/34435.jpg,7*1-9=-2
train/34436.jpg,3-4*7=-25
train/34437.jpg,(5+3)*6=48
train/34438.jpg,6+(4-3)=7
train/34439.jpg,(2+1)*7=21
train/34440.jpg,3+(4*1)=7
train/34441.jpg,6*7*9=378
train/34442.jpg,2+1*0=2
train/34443.jpg,(5*9)*7=315
train/34444.jpg,(2-8)+3=-3
train/34445.jpg,6-0*1=6
train/34446.jpg,2-6*2=-10
train/34447.jpg,6*0*1=0
train/34448.jpg,(1+6)+4=11
train/34449.jpg,0*(5-5)=0
train/34450.jpg,5+(4*2)=13
train/34451.jpg,0*4*1=0
train/34452.jpg,2*(8*7)=112
train/34453.jpg,(7+2)*8=72
train/34454.jpg,(6-7)*8=-8
train/34455.jpg,0*(1+6)=0
train/34456.jpg,7-6-1=0
train/34457.jpg,5+(2*8)=21
train/34458.jpg,(7-4)-6=-3
train/34459.jpg,4+3-7=0
train/34460.jpg,7*(3-6)=-21
train/34461.jpg,(4-3)+9=10
train/34462.jpg,4-(9-6)=1
train/34463.jpg,6-4-5=-3
train/34464.jpg,8*(9-8)=8
train/34465.jpg,(0-0)+1=1
train/34466.jpg,(7*4)*4=112
train/34467.jpg,8-(5+8)=-5
train/34468.jpg,8*1*2=16
train/34469.jpg,5-6*2=-7
train/34470.jpg,7-3*4=-5
train/34471.jpg,2-(1*2)=0
train/34472.jpg,5-(0+0)=5
train/34473.jpg,(6*9)-5=49
train/34474.jpg,5+(6-3)=8
train/34475.jpg,(8*4)+5=37
train/34476.jpg,(4*4)-6=10
train/34477.jpg,(9*4)-7=29
train/34478.jpg,4-6*9=-50
train/34479.jpg,0-4+9=5
train/34480.jpg,0-4*4=-16
train/34481.jpg,(1*1)*8=8
train/34482.jpg,(9-5)*8=32
train/34483.jpg,(0+7)-5=2
train/34484.jpg,(8+3)+5=16
train/34485.jpg,(4+1)+7=12
train/34486.jpg,(4-8)+1=-3
train/34487.jpg,0*4+2=2
train/34488.jpg,(9-3)+7=13
train/34489.jpg,0*(5+0)=0
train/34490.jpg,1+3-6=-2
train/34491.jpg,7*1*7=49
train/34492.jpg,(5-9)*3=-12
train/34493.jpg,(2-3)+6=5
train/34494.jpg,(8*5)+6=46
train/34495.jpg,4+(3*0)=4
train/34496.jpg,0+3+6=9
train/34497.jpg,(7-8)+4=3
train/34498.jpg,9-1*6=3
train/34499.jpg,2-6-7=-11
train/34500.jpg,(2-9)*5=-35
train/34501.jpg,1*(0*9)=0
train/34502.jpg,0+(3*1)=3
train/34503.jpg,6*(6+6)=72
train/34504.jpg,3-(4*1)=-1
train/34505.jpg,0*7*3=0
train/34506.jpg,0+(1-7)=-6
train/34507.jpg,(7+5)+6=18
train/34508.jpg,3*0*9=0
train/34509.jpg,(4+7)*6=66
train/34510.jpg,4-(1*4)=0
train/34511.jpg,(8*2)+7=23
train/34512.jpg,9*7-0=63
train/34513.jpg,(4*3)+9=21
train/34514.jpg,7+(5+1)=13
train/34515.jpg,(2+3)-8=-3
train/34516.jpg,9-(6+3)=0
train/34517.jpg,7+(6*6)=43
train/34518.jpg,(1+5)+0=6
train/34519.jpg,2+3*0=2
train/34520.jpg,(9-9)-7=-7
train/34521.jpg,3*2-6=0
train/34522.jpg,(5+7)*1=12
train/34523.jpg,(2*7)*9=126
train/34524.jpg,(9+9)+9=27
train/34525.jpg,2*(2-9)=-14
train/34526.jpg,3-0-6=-3
train/34527.jpg,8*(4-8)=-32
train/34528.jpg,(2*8)*4=64
train/34529.jpg,3*5*2=30
train/34530.jpg,(6+7)*8=104
train/34531.jpg,7-1-1=5
train/34532.jpg,1*0+3=3
train/34533.jpg,9-2*5=-1
train/34534.jpg,(1-6)+0=-5
train/34535.jpg,8*5*8=320
train/34536.jpg,2*(0-1)=-2
train/34537.jpg,(6*7)-0=42
train/34538.jpg,4-(6-1)=-1
train/34539.jpg,(3-6)*8=-24
train/34540.jpg,(1*9)-9=0
train/34541.jpg,8*7-0=56
train/34542.jpg,6-6-0=0
train/34543.jpg,2-1-1=0
train/34544.jpg,5+(1+0)=6
train/34545.jpg,(2*5)-6=4
train/34546.jpg,(6+2)+9=17
train/34547.jpg,8*6+1=49
train/34548.jpg,3-0-9=-6
train/34549.jpg,0*(7+9)=0
train/34550.jpg,0+(9+8)=17
train/34551.jpg,6-(4+8)=-6
train/34552.jpg,4*4+0=16
train/34553.jpg,2-4*2=-6
train/34554.jpg,6+8+6=20
train/34555.jpg,(6*8)+3=51
train/34556.jpg,3-3+5=5
train/34557.jpg,(2+8)+0=10
train/34558.jpg,4*7+7=35
train/34559.jpg,9*8*6=432
train/34560.jpg,7-1-9=-3
train/34561.jpg,7*3*1=21
train/34562.jpg,(4+2)+9=15
train/34563.jpg,1-(1+9)=-9
train/34564.jpg,6*7*6=252
train/34565.jpg,3+3+0=6
train/34566.jpg,5+(1*9)=14
train/34567.jpg,(3+0)-9=-6
train/34568.jpg,4+(3*0)=4
train/34569.jpg,(0+9)*0=0
train/34570.jpg,5*(0+0)=0
train/34571.jpg,5-8+4=1
train/34572.jpg,1+(6*3)=19
train/34573.jpg,(0*9)-9=-9
train/34574.jpg,6-2-8=-4
train/34575.jpg,(0-6)+8=2
train/34576.jpg,(5-0)-7=-2
train/34577.jpg,7*(2+5)=49
train/34578.jpg,(3+8)*2=22
train/34579.jpg,1-(9+6)=-14
train/34580.jpg,2+(8+2)=12
train/34581.jpg,2-(1-5)=6
train/34582.jpg,3-(7*9)=-60
train/34583.jpg,(0+2)*9=18
train/34584.jpg,8*(1+1)=16
train/34585.jpg,1-(5+4)=-8
train/34586.jpg,(8-0)-9=-1
train/34587.jpg,6+5-8=3
train/34588.jpg,1*(6*3)=18
train/34589.jpg,2*4-3=5
train/34590.jpg,2-(6*7)=-40
train/34591.jpg,0+9+6=15
train/34592.jpg,(4+1)*8=40
train/34593.jpg,1-0+7=8
train/34594.jpg,(2+9)*1=11
train/34595.jpg,(9-5)+3=7
train/34596.jpg,0*4+8=8
train/34597.jpg,1+(4-8)=-3
train/34598.jpg,(0*3)*7=0
train/34599.jpg,9-(3*5)=-6
train/34600.jpg,7+7-0=14
train/34601.jpg,0-(9-7)=-2
train/34602.jpg,0+5+2=7
train/34603.jpg,3*(9+4)=39
train/34604.jpg,(6+3)+4=13
train/34605.jpg,4-(0*6)=4
train/34606.jpg,(7-8)*0=0
train/34607.jpg,1+1+5=7
train/34608.jpg,(9*9)*4=324
train/34609.jpg,1-6-8=-13
train/34610.jpg,(7*8)*2=112
train/34611.jpg,8+(3*9)=35
train/34612.jpg,9+(6-8)=7
train/34613.jpg,2+(1+2)=5
train/34614.jpg,4*(5*0)=0
train/34615.jpg,(5*7)+9=44
train/34616.jpg,(8*6)*8=384
train/34617.jpg,5*(1*5)=25
train/34618.jpg,(5*2)*1=10
train/34619.jpg,(7+4)*8=88
train/34620.jpg,(0-9)*5=-45
train/34621.jpg,1*(8-8)=0
train/34622.jpg,0-(9*8)=-72
train/34623.jpg,4-(6-7)=5
train/34624.jpg,6+8*6=54
train/34625.jpg,2+0-7=-5
train/34626.jpg,8+(8*4)=40
train/34627.jpg,(6+2)+3=11
train/34628.jpg,(4*9)*9=324
train/34629.jpg,(8+3)-0=11
train/34630.jpg,6+(4*5)=26
train/34631.jpg,(6*8)+8=56
train/34632.jpg,8-9*4=-28
train/34633.jpg,6*5+9=39
train/34634.jpg,(3*5)+4=19
train/34635.jpg,(5*5)*1=25
train/34636.jpg,5+5+7=17
train/34637.jpg,2-9-9=-16
train/34638.jpg,1-(2+2)=-3
train/34639.jpg,4-(0+4)=0
train/34640.jpg,4*2-8=0
train/34641.jpg,1-(5+5)=-9
train/34642.jpg,(6+5)-0=11
train/34643.jpg,4*(0*0)=0
train/34644.jpg,0-(6*5)=-30
train/34645.jpg,9+(1-8)=2
train/34646.jpg,0*6+5=5
train/34647.jpg,7-5+1=3
train/34648.jpg,4*(1+5)=24
train/34649.jpg,5*9*5=225
train/34650.jpg,4*(6+2)=32
train/34651.jpg,6+(5*7)=41
train/34652.jpg,5*8+3=43
train/34653.jpg,1-(2-4)=3
train/34654.jpg,(9-2)*7=49
train/34655.jpg,0+9*9=81
train/34656.jpg,(2+7)-1=8
train/34657.jpg,(8-2)+4=10
train/34658.jpg,6+(8*2)=22
train/34659.jpg,2+5+9=16
train/34660.jpg,1-(0-4)=5
train/34661.jpg,(3*6)+0=18
train/34662.jpg,3+(3+5)=11
train/34663.jpg,6+7+0=13
train/34664.jpg,(0*7)+9=9
train/34665.jpg,(5-7)+7=5
train/34666.jpg,2-3+7=6
train/34667.jpg,(2+0)+5=7
train/34668.jpg,7*(2*2)=28
train/34669.jpg,3*(3+5)=24
train/34670.jpg,4-0*1=4
train/34671.jpg,1-(9+1)=-9
train/34672.jpg,7+(5-9)=3
train/34673.jpg,1-6+1=-4
train/34674.jpg,0+4*0=0
train/34675.jpg,1+8-0=9
train/34676.jpg,3-(4+2)=-3
train/34677.jpg,7*(3*4)=84
train/34678.jpg,1-(2+5)=-6
train/34679.jpg,(0*2)-3=-3
train/34680.jpg,(0-0)*2=0
train/34681.jpg,6+0-8=-2
train/34682.jpg,4+8-3=9
train/34683.jpg,9+9+2=20
train/34684.jpg,(8*9)*7=504
train/34685.jpg,5-(1+0)=4
train/34686.jpg,9+5-4=10
train/34687.jpg,4+7*1=11
train/34688.jpg,1*6+3=9
train/34689.jpg,6+8+7=21
train/34690.jpg,(3+3)+4=10
train/34691.jpg,1-7*0=1
train/34692.jpg,5*6*4=120
train/34693.jpg,(6-6)+7=7
train/34694.jpg,5*(2*7)=70
train/34695.jpg,(6+3)+4=13
train/34696.jpg,(5*0)+3=3
train/34697.jpg,2+(5+9)=16
train/34698.jpg,5-0*1=5
train/34699.jpg,3*8-2=22
train/34700.jpg,(0+1)*2=2
train/34701.jpg,8*4+7=39
train/34702.jpg,(4-5)*7=-7
train/34703.jpg,3*2*7=42
train/34704.jpg,6-0*1=6
train/34705.jpg,(9-0)+5=14
train/34706.jpg,1-(2-4)=3
train/34707.jpg,(6*2)-4=8
train/34708.jpg,2-3*4=-10
train/34709.jpg,3-(9+1)=-7
train/34710.jpg,(7-2)-7=-2
train/34711.jpg,2-5-8=-11
train/34712.jpg,6-1*1=5
train/34713.jpg,4+(3-9)=-2
train/34714.jpg,(9+1)-7=3
train/34715.jpg,1+(6-9)=-2
train/34716.jpg,9*1-7=2
train/34717.jpg,(7*7)*4=196
train/34718.jpg,2-(2+0)=0
train/34719.jpg,7+3*9=34
train/34720.jpg,1+5-2=4
train/34721.jpg,1-5-6=-10
train/34722.jpg,8-7-0=1
train/34723.jpg,(1*8)*7=56
train/34724.jpg,(4*4)-2=14
train/34725.jpg,4+1+0=5
train/34726.jpg,0+(8+7)=15
train/34727.jpg,2*(4*6)=48
train/34728.jpg,(7-9)+0=-2
train/34729.jpg,6-3*5=-9
train/34730.jpg,(0+8)*3=24
train/34731.jpg,0+(7*6)=42
train/34732.jpg,(1*8)-1=7
train/34733.jpg,0*3-4=-4
train/34734.jpg,8*(0*9)=0
train/34735.jpg,(2-3)-2=-3
train/34736.jpg,(7-7)+9=9
train/34737.jpg,7*(8*4)=224
train/34738.jpg,(2+4)-0=6
train/34739.jpg,4+(0*6)=4
train/34740.jpg,2+1+7=10
train/34741.jpg,2-(0+5)=-3
train/34742.jpg,7*(3-1)=14
train/34743.jpg,0-0+3=3
train/34744.jpg,(3*2)+7=13
train/34745.jpg,(7-4)-7=-4
train/34746.jpg,(1+0)-7=-6
train/34747.jpg,9-2+8=15
train/34748.jpg,0+0-1=-1
train/34749.jpg,4-(1+5)=-2
train/34750.jpg,8*(7*9)=504
train/34751.jpg,(5-0)*2=10
train/34752.jpg,1+5*0=1
train/34753.jpg,5+(8-9)=4
train/34754.jpg,5-8+7=4
train/34755.jpg,(6+0)+1=7
train/34756.jpg,(3*4)*7=84
train/34757.jpg,5*(0-0)=0
train/34758.jpg,(9+7)-0=16
train/34759.jpg,0+(6*5)=30
train/34760.jpg,1-6*0=1
train/34761.jpg,1+7+1=9
train/34762.jpg,7-0+6=13
train/34763.jpg,(4-1)*9=27
train/34764.jpg,5+(5+0)=10
train/34765.jpg,(3-7)*2=-8
train/34766.jpg,7*5-4=31
train/34767.jpg,8-2*5=-2
train/34768.jpg,(6-1)-9=-4
train/34769.jpg,(1-4)-4=-7
train/34770.jpg,7+7-0=14
train/34771.jpg,0*(4+8)=0
train/34772.jpg,(1-3)-1=-3
train/34773.jpg,8-6+0=2
train/34774.jpg,2*9-8=10
train/34775.jpg,3*(5+0)=15
train/34776.jpg,5+5-4=6
train/34777.jpg,1+(7-5)=3
train/34778.jpg,0*(3*2)=0
train/34779.jpg,(5+3)+6=14
train/34780.jpg,(4-4)-2=-2
train/34781.jpg,2*3+8=14
train/34782.jpg,5+2+5=12
train/34783.jpg,2-(0*5)=2
train/34784.jpg,(6-5)*5=5
train/34785.jpg,4+5*7=39
train/34786.jpg,6-(9+0)=-3
train/34787.jpg,0+(0*6)=0
train/34788.jpg,(3*3)+1=10
train/34789.jpg,3-(0*0)=3
train/34790.jpg,4+(2-0)=6
train/34791.jpg,(3-8)*3=-15
train/34792.jpg,7+(4*6)=31
train/34793.jpg,3*3+4=13
train/34794.jpg,7*(5+8)=91
train/34795.jpg,3-(0*6)=3
train/34796.jpg,6*8-3=45
train/34797.jpg,(7*0)+1=1
train/34798.jpg,8+(9-2)=15
train/34799.jpg,1*9*9=81
train/34800.jpg,7*7+7=56
train/34801.jpg,1*1+7=8
train/34802.jpg,6+9-7=8
train/34803.jpg,6*(1*6)=36
train/34804.jpg,(1-6)+2=-3
train/34805.jpg,(8*3)*6=144
train/34806.jpg,(3-4)-6=-7
train/34807.jpg,5+(8-5)=8
train/34808.jpg,1-9*0=1
train/34809.jpg,(3+6)*2=18
train/34810.jpg,5+8-0=13
train/34811.jpg,(4-7)+2=-1
train/34812.jpg,8+(1*1)=9
train/34813.jpg,(7+7)*4=56
train/34814.jpg,5+(8-3)=10
train/34815.jpg,(7*5)*8=280
train/34816.jpg,8+2*0=8
train/34817.jpg,8*(7+7)=112
train/34818.jpg,8*(9-7)=16
train/34819.jpg,2+(3*2)=8
train/34820.jpg,(9+8)*8=136
train/34821.jpg,(4-7)*8=-24
train/34822.jpg,2-(4+7)=-9
train/34823.jpg,8*(6*5)=240
train/34824.jpg,(9*5)-9=36
train/34825.jpg,(1*0)+4=4
train/34826.jpg,4+(0*0)=4
train/34827.jpg,3+(8-6)=5
train/34828.jpg,1+4+0=5
train/34829.jpg,4-0+5=9
train/34830.jpg,5*7-9=26
train/34831.jpg,5-1*8=-3
train/34832.jpg,7*(7*3)=147
train/34833.jpg,7*9*4=252
train/34834.jpg,4+(1-3)=2
train/34835.jpg,(5+3)-4=4
train/34836.jpg,(2-6)*6=-24
train/34837.jpg,0*1*6=0
train/34838.jpg,1*(5+1)=6
train/34839.jpg,0*8+6=6
train/34840.jpg,9*(1-8)=-63
train/34841.jpg,(6*6)+1=37
train/34842.jpg,6+(8-2)=12
train/34843.jpg,1*3-6=-3
train/34844.jpg,4*(7-0)=28
train/34845.jpg,(8+0)*0=0
train/34846.jpg,7-(9+5)=-7
train/34847.jpg,(4+5)+7=16
train/34848.jpg,6+(3-6)=3
train/34849.jpg,0+(4*8)=32
train/34850.jpg,8-(0*4)=8
train/34851.jpg,3-3-3=-3
train/34852.jpg,9-2-5=2
train/34853.jpg,2*(9-5)=8
train/34854.jpg,(3-2)+0=1
train/34855.jpg,9+3*9=36
train/34856.jpg,3*7+5=26
train/34857.jpg,(8+7)*2=30
train/34858.jpg,9*7*7=441
train/34859.jpg,7-3+3=7
train/34860.jpg,9+(9*1)=18
train/34861.jpg,(9-1)*9=72
train/34862.jpg,(7*6)+6=48
train/34863.jpg,(5-7)-3=-5
train/34864.jpg,8-(3-8)=13
train/34865.jpg,6-4*7=-22
train/34866.jpg,9*(9-8)=9
train/34867.jpg,7+(5*3)=22
train/34868.jpg,7+(5*5)=32
train/34869.jpg,(4-6)-8=-10
train/34870.jpg,(6-4)*2=4
train/34871.jpg,(4+0)-2=2
train/34872.jpg,(9-3)*1=6
train/34873.jpg,(9-9)*0=0
train/34874.jpg,4+5-4=5
train/34875.jpg,5*(5+0)=25
train/34876.jpg,(1-4)*6=-18
train/34877.jpg,7-2-1=4
train/34878.jpg,7*8*7=392
train/34879.jpg,7*(9*1)=63
train/34880.jpg,9*(0+9)=81
train/34881.jpg,2*(6-4)=4
train/34882.jpg,7*(9+4)=91
train/34883.jpg,6+(2-6)=2
train/34884.jpg,2+1+7=10
train/34885.jpg,3-4*0=3
train/34886.jpg,4-1-6=-3
train/34887.jpg,5-(3*1)=2
train/34888.jpg,4+0*2=4
train/34889.jpg,3*2+6=12
train/34890.jpg,(7*2)*5=70
train/34891.jpg,(3-6)-3=-6
train/34892.jpg,0+(7-4)=3
train/34893.jpg,(0-4)+8=4
train/34894.jpg,8*2*0=0
train/34895.jpg,5+1+3=9
train/34896.jpg,3-4+2=1
train/34897.jpg,4*(1+9)=40
train/34898.jpg,6+(4+8)=18
train/34899.jpg,(0*0)+5=5
train/34900.jpg,4+(7+8)=19
train/34901.jpg,5+(3+7)=15
train/34902.jpg,(4*5)*8=160
train/34903.jpg,(3*1)+8=11
train/34904.jpg,(0+8)*3=24
train/34905.jpg,(3-7)*4=-16
train/34906.jpg,5*(0-4)=-20
train/34907.jpg,6*0+3=3
train/34908.jpg,1*(9+6)=15
train/34909.jpg,4+(9*2)=22
train/34910.jpg,(8*4)*2=64
train/34911.jpg,6-(6-8)=8
train/34912.jpg,(6-6)*2=0
train/34913.jpg,8*(4-2)=16
train/34914.jpg,4-8*7=-52
train/34915.jpg,5*(7*3)=105
train/34916.jpg,5+1*5=10
train/34917.jpg,(0-9)+1=-8
train/34918.jpg,9*2+2=20
train/34919.jpg,9-(3*8)=-15
train/34920.jpg,9-5-9=-5
train/34921.jpg,5*(7-2)=25
train/34922.jpg,0-5*0=0
train/34923.jpg,0+9*5=45
train/34924.jpg,4*8+5=37
train/34925.jpg,7-(3+2)=2
train/34926.jpg,8+(3+4)=15
train/34927.jpg,6*2*3=36
train/34928.jpg,9*(3+8)=99
train/34929.jpg,9-(4-0)=5
train/34930.jpg,2+4*6=26
train/34931.jpg,6+9+3=18
train/34932.jpg,4-8*5=-36
train/34933.jpg,4*9-7=29
train/34934.jpg,5+(7+9)=21
train/34935.jpg,(4+0)*2=8
train/34936.jpg,(9+1)-3=7
train/34937.jpg,2*6+0=12
train/34938.jpg,(1+9)-9=1
train/34939.jpg,(1*7)*7=49
train/34940.jpg,3-2*4=-5
train/34941.jpg,5-8+5=2
train/34942.jpg,(3*6)+3=21
train/34943.jpg,7+(3*4)=19
train/34944.jpg,(8-1)+9=16
train/34945.jpg,7-0+7=14
train/34946.jpg,9+(1*7)=16
train/34947.jpg,2*6-9=3
train/34948.jpg,(3+7)-9=1
train/34949.jpg,(9+5)+3=17
train/34950.jpg,0-8+1=-7
train/34951.jpg,(8*9)+8=80
train/34952.jpg,8-5*9=-37
train/34953.jpg,3-8-8=-13
train/34954.jpg,8*(6+0)=48
train/34955.jpg,(6*8)+3=51
train/34956.jpg,1*(6-0)=6
train/34957.jpg,(8-1)*4=28
train/34958.jpg,(8*3)*9=216
train/34959.jpg,4*(7+5)=48
train/34960.jpg,2+(6+9)=17
train/34961.jpg,5*7*1=35
train/34962.jpg,7+4*1=11
train/34963.jpg,0*2*6=0
train/34964.jpg,(6+8)*5=70
train/34965.jpg,7+(2-1)=8
train/34966.jpg,9+(2*4)=17
train/34967.jpg,(7*8)-8=48
train/34968.jpg,(3+7)*0=0
train/34969.jpg,4-3*1=1
train/34970.jpg,3*(7+5)=36
train/34971.jpg,9+3*6=27
train/34972.jpg,1-2+5=4
train/34973.jpg,6+(4-2)=8
train/34974.jpg,4+6*2=16
train/34975.jpg,6*(6+1)=42
train/34976.jpg,4-(3*7)=-17
train/34977.jpg,(7+4)+9=20
train/34978.jpg,(4-3)+0=1
train/34979.jpg,2+(1+9)=12
train/34980.jpg,3*(0*1)=0
train/34981.jpg,(8-6)-8=-6
train/34982.jpg,3+(8*8)=67
train/34983.jpg,(1+9)-8=2
train/34984.jpg,(8-2)-0=6
train/34985.jpg,3*9*2=54
train/34986.jpg,(2+2)+2=6
train/34987.jpg,0*0-4=-4
train/34988.jpg,6-(3-0)=3
train/34989.jpg,(0-3)-1=-4
train/34990.jpg,(2+9)*5=55
train/34991.jpg,9+(6-7)=8
train/34992.jpg,5+(5*3)=20
train/34993.jpg,5-4+4=5
train/34994.jpg,2+2+2=6
train/34995.jpg,6-3-6=-3
train/34996.jpg,(5-8)-7=-10
train/34997.jpg,(3-5)*0=0
train/34998.jpg,6+(7-3)=10
train/34999.jpg,2*0+5=5
train/35000.jpg,(9*7)+9=72
train/35001.jpg,2*(6-6)=0
train/35002.jpg,6*0+6=6
train/35003.jpg,(4+7)*2=22
train/35004.jpg,(0+0)-8=-8
train/35005.jpg,5*3+3=18
train/35006.jpg,1+9+4=14
train/35007.jpg,5-5*5=-20
train/35008.jpg,(7-6)-2=-1
train/35009.jpg,3-7-1=-5
train/35010.jpg,(8*6)-9=39
train/35011.jpg,4*(2*0)=0
train/35012.jpg,3-(9-4)=-2
train/35013.jpg,0*(5+8)=0
train/35014.jpg,7+(6*5)=37
train/35015.jpg,7-0-2=5
train/35016.jpg,(8+8)-6=10
train/35017.jpg,5+9+2=16
train/35018.jpg,3*(3*0)=0
train/35019.jpg,4-(7+7)=-10
train/35020.jpg,1+4+4=9
train/35021.jpg,(9-4)*3=15
train/35022.jpg,3-(8+7)=-12
train/35023.jpg,(3*1)+2=5
train/35024.jpg,9-2-8=-1
train/35025.jpg,(4+4)*8=64
train/35026.jpg,0-5+9=4
train/35027.jpg,6-7*1=-1
train/35028.jpg,(7+0)*8=56
train/35029.jpg,(3*3)+8=17
train/35030.jpg,(8*9)+6=78
train/35031.jpg,3-7-1=-5
train/35032.jpg,(9*1)-8=1
train/35033.jpg,(2*2)*5=20
train/35034.jpg,1*4-4=0
train/35035.jpg,5*1+7=12
train/35036.jpg,3-(7*9)=-60
train/35037.jpg,3-0*5=3
train/35038.jpg,8-4-4=0
train/35039.jpg,2*(0-1)=-2
train/35040.jpg,6+0+6=12
train/35041.jpg,6+8+8=22
train/35042.jpg,9-(0*3)=9
train/35043.jpg,6+(4-4)=6
train/35044.jpg,9+(1-8)=2
train/35045.jpg,(2+7)*0=0
train/35046.jpg,(2-8)-9=-15
train/35047.jpg,2*(3*2)=12
train/35048.jpg,5-(3+9)=-7
train/35049.jpg,8*(4*9)=288
train/35050.jpg,(0+0)+8=8
train/35051.jpg,7-(2+6)=-1
train/35052.jpg,2-(1*6)=-4
train/35053.jpg,6*(3-0)=18
train/35054.jpg,0+(0-1)=-1
train/35055.jpg,(2-6)-1=-5
train/35056.jpg,2+(2+5)=9
train/35057.jpg,3*9+6=33
train/35058.jpg,(7+8)+8=23
train/35059.jpg,3-9-5=-11
train/35060.jpg,(9*3)+7=34
train/35061.jpg,2-(4*4)=-14
train/35062.jpg,8+(5*1)=13
train/35063.jpg,1-(0-7)=8
train/35064.jpg,8-2+1=7
train/35065.jpg,(6-3)*7=21
train/35066.jpg,(2*1)*9=18
train/35067.jpg,2-(8-4)=-2
train/35068.jpg,(8-7)-1=0
train/35069.jpg,8-2-0=6
train/35070.jpg,7+(0+4)=11
train/35071.jpg,(9+0)*9=81
train/35072.jpg,2+3+5=10
train/35073.jpg,0+(0-8)=-8
train/35074.jpg,7+(8*5)=47
train/35075.jpg,4-6+0=-2
train/35076.jpg,3-(7+7)=-11
train/35077.jpg,9*(9*5)=405
train/35078.jpg,(1*1)+2=3
train/35079.jpg,2+0-0=2
train/35080.jpg,(9-1)*8=64
train/35081.jpg,3-2-3=-2
train/35082.jpg,5*(5-9)=-20
train/35083.jpg,(0*1)+9=9
train/35084.jpg,(3+6)+0=9
train/35085.jpg,9-6-3=0
train/35086.jpg,(8-9)+6=5
train/35087.jpg,6-3-5=-2
train/35088.jpg,(6*6)-9=27
train/35089.jpg,0-4*0=0
train/35090.jpg,(0+8)-7=1
train/35091.jpg,(1*8)+1=9
train/35092.jpg,(9*8)*4=288
train/35093.jpg,3*7-3=18
train/35094.jpg,(7*8)-9=47
train/35095.jpg,5+9-4=10
train/35096.jpg,0-5+0=-5
train/35097.jpg,(0+7)-0=7
train/35098.jpg,(9-9)+6=6
train/35099.jpg,8*4*4=128
train/35100.jpg,1+2-2=1
train/35101.jpg,(2-0)-4=-2
train/35102.jpg,5+(7*2)=19
train/35103.jpg,(2-0)-1=1
train/35104.jpg,0*3+8=8
train/35105.jpg,2*7-1=13
train/35106.jpg,(4*4)*1=16
train/35107.jpg,8+(7*4)=36
train/35108.jpg,3-5+2=0
train/35109.jpg,1*8*3=24
train/35110.jpg,3*(1*0)=0
train/35111.jpg,3*9*5=135
train/35112.jpg,(8+9)-8=9
train/35113.jpg,5-4-8=-7
train/35114.jpg,7*(4-6)=-14
train/35115.jpg,(5+2)-4=3
train/35116.jpg,6+8-2=12
train/35117.jpg,1+7-6=2
train/35118.jpg,8+(4+7)=19
train/35119.jpg,(6-6)-8=-8
train/35120.jpg,0*2*5=0
train/35121.jpg,9*(8-6)=18
train/35122.jpg,6*4-5=19
train/35123.jpg,9-(8-7)=8
train/35124.jpg,6-9+2=-1
train/35125.jpg,6-(0-1)=7
train/35126.jpg,(8+0)+0=8
train/35127.jpg,6*3+0=18
train/35128.jpg,3*(3+3)=18
train/35129.jpg,9*(1*9)=81
train/35130.jpg,(1-6)-9=-14
train/35131.jpg,4-7*5=-31
train/35132.jpg,(9-6)*2=6
train/35133.jpg,3*(4+5)=27
train/35134.jpg,(8+7)*1=15
train/35135.jpg,(7*3)-1=20
train/35136.jpg,(7+0)*0=0
train/35137.jpg,8*3*5=120
train/35138.jpg,(0*1)-5=-5
train/35139.jpg,(2-7)*3=-15
train/35140.jpg,2*4+6=14
train/35141.jpg,8*7+7=63
train/35142.jpg,4*7+4=32
train/35143.jpg,1+9+2=12
train/35144.jpg,8*0*4=0
train/35145.jpg,(3+1)*7=28
train/35146.jpg,2-4-7=-9
train/35147.jpg,2-(5-5)=2
train/35148.jpg,7*(7*1)=49
train/35149.jpg,(2+0)*8=16
train/35150.jpg,2-(2*4)=-6
train/35151.jpg,9-6+4=7
train/35152.jpg,(7*3)+7=28
train/35153.jpg,8*(3+9)=96
train/35154.jpg,0+(1-9)=-8
train/35155.jpg,1+(1+0)=2
train/35156.jpg,(6+5)+1=12
train/35157.jpg,0-(2-4)=2
train/35158.jpg,0+8-1=7
train/35159.jpg,9*0+9=9
train/35160.jpg,1-9+1=-7
train/35161.jpg,2-(5-5)=2
train/35162.jpg,8*0-0=0
train/35163.jpg,2-(4+8)=-10
train/35164.jpg,3+(9-3)=9
train/35165.jpg,(1-5)+4=0
train/35166.jpg,7+3*9=34
train/35167.jpg,0*(7-2)=0
train/35168.jpg,(5+5)-0=10
train/35169.jpg,9+(0-4)=5
train/35170.jpg,(3-0)-0=3
train/35171.jpg,6+(6-6)=6
train/35172.jpg,4*6+9=33
train/35173.jpg,4-8+1=-3
train/35174.jpg,(8-5)*6=18
train/35175.jpg,0*1+0=0
train/35176.jpg,9-(2-7)=14
train/35177.jpg,9-(3*1)=6
train/35178.jpg,6+4-7=3
train/35179.jpg,(6-3)-8=-5
train/35180.jpg,(2-9)+2=-5
train/35181.jpg,3+5-9=-1
train/35182.jpg,6*9-7=47
train/35183.jpg,(6-9)-7=-10
train/35184.jpg,(6+0)+2=8
train/35185.jpg,5*2*0=0
train/35186.jpg,(9+3)+1=13
train/35187.jpg,2*(4+4)=16
train/35188.jpg,5-(1*2)=3
train/35189.jpg,9+2-6=5
train/35190.jpg,2+(3+3)=8
train/35191.jpg,4*0*7=0
train/35192.jpg,7*(5+1)=42
train/35193.jpg,7*9+3=66
train/35194.jpg,3-(7-4)=0
train/35195.jpg,(9+6)+2=17
train/35196.jpg,0+4+3=7
train/35197.jpg,(5*6)+2=32
train/35198.jpg,9*5*6=270
train/35199.jpg,(4*9)+1=37
train/35200.jpg,(2+7)+1=10
train/35201.jpg,7*(6+0)=42
train/35202.jpg,7*(4*2)=56
train/35203.jpg,(6-2)-5=-1
train/35204.jpg,4*1*8=32
train/35205.jpg,9+(3-0)=12
train/35206.jpg,8+4*1=12
train/35207.jpg,(9-9)-6=-6
train/35208.jpg,3+(4+3)=10
train/35209.jpg,7*(2-4)=-14
train/35210.jpg,5-(4+3)=-2
train/35211.jpg,1*1-4=-3
train/35212.jpg,1+5-7=-1
train/35213.jpg,(2*1)*7=14
train/35214.jpg,(2-4)*5=-10
train/35215.jpg,7+(7-8)=6
train/35216.jpg,5+(2*7)=19
train/35217.jpg,(6*8)-8=40
train/35218.jpg,8+6+0=14
train/35219.jpg,2-(4+7)=-9
train/35220.jpg,(9-7)*4=8
train/35221.jpg,4+(6*9)=58
train/35222.jpg,2*(9+3)=24
train/35223.jpg,(1*8)+1=9
train/35224.jpg,(5+6)*6=66
train/35225.jpg,3*3-3=6
train/35226.jpg,0+(4-0)=4
train/35227.jpg,7*5-2=33
train/35228.jpg,6-(9*5)=-39
train/35229.jpg,6*3-2=16
train/35230.jpg,0*4*5=0
train/35231.jpg,2+(2*8)=18
train/35232.jpg,2+(0-1)=1
train/35233.jpg,(9*5)+3=48
train/35234.jpg,5-(5*4)=-15
train/35235.jpg,3-(0-6)=9
train/35236.jpg,5+2-6=1
train/35237.jpg,0-(2-0)=-2
train/35238.jpg,4*7+4=32
train/35239.jpg,(2-3)*9=-9
train/35240.jpg,7*0*7=0
train/35241.jpg,3+(3-3)=3
train/35242.jpg,(0-8)*5=-40
train/35243.jpg,(8-3)+1=6
train/35244.jpg,7-2*1=5
train/35245.jpg,7*0+6=6
train/35246.jpg,8+(8+2)=18
train/35247.jpg,(7-2)*3=15
train/35248.jpg,6-(9+5)=-8
train/35249.jpg,8+6*4=32
train/35250.jpg,(7*5)-1=34
train/35251.jpg,2*(0-0)=0
train/35252.jpg,6*(1*2)=12
train/35253.jpg,(4+6)+2=12
train/35254.jpg,6-3*1=3
train/35255.jpg,9+5-9=5
train/35256.jpg,(4-6)+0=-2
train/35257.jpg,(8+7)+0=15
train/35258.jpg,7-6-1=0
train/35259.jpg,0+(6-4)=2
train/35260.jpg,2+(6*0)=2
train/35261.jpg,(9*2)*9=162
train/35262.jpg,6-(3-4)=7
train/35263.jpg,(1+6)*8=56
train/35264.jpg,5*(4+1)=25
train/35265.jpg,4+7+1=12
train/35266.jpg,1*(1-7)=-6
train/35267.jpg,2-(0+6)=-4
train/35268.jpg,(9*7)*2=126
train/35269.jpg,(7-0)*8=56
train/35270.jpg,8-(6-7)=9
train/35271.jpg,0-(4-5)=1
train/35272.jpg,(5*6)+0=30
train/35273.jpg,7*(0*7)=0
train/35274.jpg,3-9-6=-12
train/35275.jpg,2+2*1=4
train/35276.jpg,(9*3)*5=135
train/35277.jpg,(8+1)-9=0
train/35278.jpg,(4-4)+4=4
train/35279.jpg,(1*1)*5=5
train/35280.jpg,(6-3)+4=7
train/35281.jpg,5+(2+7)=14
train/35282.jpg,(6-7)*7=-7
train/35283.jpg,7-6-1=0
train/35284.jpg,(2*5)-8=2
train/35285.jpg,3*(3*7)=63
train/35286.jpg,(3-0)-5=-2
train/35287.jpg,(2-9)*0=0
train/35288.jpg,9-5-4=0
train/35289.jpg,9+(7+9)=25
train/35290.jpg,7-5*8=-33
train/35291.jpg,0-(8-1)=-7
train/35292.jpg,2*(3-1)=4
train/35293.jpg,(9*0)+3=3
train/35294.jpg,6+3+1=10
train/35295.jpg,(4-6)*6=-12
train/35296.jpg,(4-7)-3=-6
train/35297.jpg,(5-2)+9=12
train/35298.jpg,4-4*8=-28
train/35299.jpg,0+(3-3)=0
train/35300.jpg,4-6-5=-7
train/35301.jpg,(5+3)-9=-1
train/35302.jpg,(8*9)-9=63
train/35303.jpg,7+(2+7)=16
train/35304.jpg,(0-8)-5=-13
train/35305.jpg,(4-4)+1=1
train/35306.jpg,(7-3)*9=36
train/35307.jpg,(3+0)+3=6
train/35308.jpg,(4*8)-6=26
train/35309.jpg,2+(7-8)=1
train/35310.jpg,7-3-6=-2
train/35311.jpg,8+(9-7)=10
train/35312.jpg,6*(3*4)=72
train/35313.jpg,1+6-5=2
train/35314.jpg,0*(3*2)=0
train/35315.jpg,(9+1)-7=3
train/35316.jpg,(7*4)*6=168
train/35317.jpg,5+4-4=5
train/35318.jpg,8+8*5=48
train/35319.jpg,(5*7)-6=29
train/35320.jpg,9*6+2=56
train/35321.jpg,2-8*6=-46
train/35322.jpg,3-(1*8)=-5
train/35323.jpg,6-8-2=-4
train/35324.jpg,(2+6)+3=11
train/35325.jpg,0-(7+6)=-13
train/35326.jpg,4-6-6=-8
train/35327.jpg,2-(2-8)=8
train/35328.jpg,4-1-0=3
train/35329.jpg,3*(8*5)=120
train/35330.jpg,1-2*9=-17
train/35331.jpg,1+(9-7)=3
train/35332.jpg,(3+8)-1=10
train/35333.jpg,2-(6*4)=-22
train/35334.jpg,5*1-1=4
train/35335.jpg,8+2+3=13
train/35336.jpg,6-(5*2)=-4
train/35337.jpg,(6-5)-0=1
train/35338.jpg,(8*7)-8=48
train/35339.jpg,1+(0+4)=5
train/35340.jpg,5-(5*8)=-35
train/35341.jpg,4*(2*1)=8
train/35342.jpg,4-(2+3)=-1
train/35343.jpg,9+6+6=21
train/35344.jpg,(2-8)-0=-6
train/35345.jpg,(1-1)-3=-3
train/35346.jpg,(0*0)-2=-2
train/35347.jpg,8-(5+0)=3
train/35348.jpg,(5*3)*1=15
train/35349.jpg,7+3+7=17
train/35350.jpg,2+8*8=66
train/35351.jpg,8*8*2=128
train/35352.jpg,8-(7-7)=8
train/35353.jpg,5+0*4=5
train/35354.jpg,5+(2-8)=-1
train/35355.jpg,6+(1+8)=15
train/35356.jpg,4+(4*7)=32
train/35357.jpg,1*(5-3)=2
train/35358.jpg,4-3+2=3
train/35359.jpg,0-(2-9)=7
train/35360.jpg,(6-4)-6=-4
train/35361.jpg,1*(2-2)=0
train/35362.jpg,(8+9)*8=136
train/35363.jpg,(2*5)*3=30
train/35364.jpg,(8-2)+2=8
train/35365.jpg,7-4*2=-1
train/35366.jpg,2-5*4=-18
train/35367.jpg,5-6*3=-13
train/35368.jpg,(9-3)*6=36
train/35369.jpg,(2*3)-5=1
train/35370.jpg,2*6+8=20
train/35371.jpg,(5*7)*4=140
train/35372.jpg,(9+9)-2=16
train/35373.jpg,(2-1)-5=-4
train/35374.jpg,1*9+0=9
train/35375.jpg,5*7*2=70
train/35376.jpg,3*0-1=-1
train/35377.jpg,4*0*4=0
train/35378.jpg,1*(8+7)=15
train/35379.jpg,(9*1)+1=10
train/35380.jpg,7*(4+6)=70
train/35381.jpg,4-(3*0)=4
train/35382.jpg,9+(8-0)=17
train/35383.jpg,(3+0)+3=6
train/35384.jpg,(6+8)-2=12
train/35385.jpg,(2-2)-7=-7
train/35386.jpg,5*(5+2)=35
train/35387.jpg,6*2+7=19
train/35388.jpg,5-7*5=-30
train/35389.jpg,8+(4+0)=12
train/35390.jpg,8*4-2=30
train/35391.jpg,2*9-3=15
train/35392.jpg,4*(5-8)=-12
train/35393.jpg,(8*3)*9=216
train/35394.jpg,7+7*0=7
train/35395.jpg,7*9+1=64
train/35396.jpg,(2-3)+8=7
train/35397.jpg,(9*9)*4=324
train/35398.jpg,9+(9*0)=9
train/35399.jpg,(8+2)+1=11
train/35400.jpg,(6-0)+4=10
train/35401.jpg,(3-1)+7=9
train/35402.jpg,7*6-5=37
train/35403.jpg,5-8-3=-6
train/35404.jpg,(4-4)+9=9
train/35405.jpg,(8-0)+5=13
train/35406.jpg,6+(7-7)=6
train/35407.jpg,(5*9)*5=225
train/35408.jpg,3-(7*1)=-4
train/35409.jpg,(7-2)-7=-2
train/35410.jpg,3*(4*6)=72
train/35411.jpg,3*6+4=22
train/35412.jpg,(2+6)+0=8
train/35413.jpg,(6-0)-7=-1
train/35414.jpg,(4*4)*4=64
train/35415.jpg,(1+1)*6=12
train/35416.jpg,(6*0)+7=7
train/35417.jpg,1*0+6=6
train/35418.jpg,(0+8)*8=64
train/35419.jpg,4-3+3=4
train/35420.jpg,(7*4)*3=84
train/35421.jpg,5+(8*6)=53
train/35422.jpg,7+3-4=6
train/35423.jpg,(5+7)-4=8
train/35424.jpg,3-8-7=-12
train/35425.jpg,9-(2-5)=12
train/35426.jpg,2-1*4=-2
train/35427.jpg,(9+1)+8=18
train/35428.jpg,(6-5)*5=5
train/35429.jpg,5-9-5=-9
train/35430.jpg,(0+3)-4=-1
train/35431.jpg,(4+0)*0=0
train/35432.jpg,2+4+6=12
train/35433.jpg,8*(7+9)=128
train/35434.jpg,5*6+0=30
train/35435.jpg,(2-5)*5=-15
train/35436.jpg,(1-8)*2=-14
train/35437.jpg,8-(2+4)=2
train/35438.jpg,(5*8)+7=47
train/35439.jpg,7*0*1=0
train/35440.jpg,3*8-4=20
train/35441.jpg,0*(8+4)=0
train/35442.jpg,4+(6-0)=10
train/35443.jpg,(3+6)*2=18
train/35444.jpg,(8-0)*6=48
train/35445.jpg,(9*5)+6=51
train/35446.jpg,(0*4)-7=-7
train/35447.jpg,3+3+1=7
train/35448.jpg,8*0*2=0
train/35449.jpg,8+8-4=12
train/35450.jpg,7*(5+4)=63
train/35451.jpg,8+(7+2)=17
train/35452.jpg,2+8-2=8
train/35453.jpg,8*3-0=24
train/35454.jpg,4-(2-9)=11
train/35455.jpg,(3-7)+8=4
train/35456.jpg,1*0+9=9
train/35457.jpg,2*(1+3)=8
train/35458.jpg,5+9+4=18
train/35459.jpg,(1-5)-3=-7
train/35460.jpg,2*(8-1)=14
train/35461.jpg,(3+9)+0=12
train/35462.jpg,(1+9)-0=10
train/35463.jpg,9-(4-7)=12
train/35464.jpg,1*(6-1)=5
train/35465.jpg,(2*1)-1=1
train/35466.jpg,5*(2+0)=10
train/35467.jpg,4*3+6=18
train/35468.jpg,(1-9)*7=-56
train/35469.jpg,(6-7)-1=-2
train/35470.jpg,(2-5)+0=-3
train/35471.jpg,3-(1*9)=-6
train/35472.jpg,(7-6)+3=4
train/35473.jpg,6-0*0=6
train/35474.jpg,3*(6+9)=45
train/35475.jpg,(2+3)-3=2
train/35476.jpg,7-(7+7)=-7
train/35477.jpg,(8-8)+1=1
train/35478.jpg,3-7+4=0
train/35479.jpg,9+4+0=13
train/35480.jpg,(5+7)+5=17
train/35481.jpg,8+(9-5)=12
train/35482.jpg,8+(5*0)=8
train/35483.jpg,8*(4*8)=256
train/35484.jpg,5-4*9=-31
train/35485.jpg,7-(9*7)=-56
train/35486.jpg,6+(3*8)=30
train/35487.jpg,3+1*5=8
train/35488.jpg,4+(8+2)=14
train/35489.jpg,3*(4-9)=-15
train/35490.jpg,1*9+5=14
train/35491.jpg,3-7-8=-12
train/35492.jpg,6*(3+0)=18
train/35493.jpg,8+(4+5)=17
train/35494.jpg,9-8-5=-4
train/35495.jpg,9+(3+9)=21
train/35496.jpg,(6-3)*7=21
train/35497.jpg,1-8+8=1
train/35498.jpg,(2*5)-8=2
train/35499.jpg,8*9*2=144
train/35500.jpg,(0+0)+3=3
train/35501.jpg,(4*0)*8=0
train/35502.jpg,9*9-9=72
train/35503.jpg,7-7*8=-49
train/35504.jpg,(3*7)-9=12
train/35505.jpg,8*2-2=14
train/35506.jpg,3-(1-3)=5
train/35507.jpg,0+3-4=-1
train/35508.jpg,(9-4)+1=6
train/35509.jpg,5+(6-6)=5
train/35510.jpg,(5*9)+2=47
train/35511.jpg,3*(7-8)=-3
train/35512.jpg,8*8-6=58
train/35513.jpg,1*0+7=7
train/35514.jpg,(6+8)*1=14
train/35515.jpg,(2-9)+9=2
train/35516.jpg,5-4*6=-19
train/35517.jpg,9-9*7=-54
train/35518.jpg,3+1+5=9
train/35519.jpg,(1-0)+6=7
train/35520.jpg,1*8-8=0
train/35521.jpg,(4+4)*5=40
train/35522.jpg,0+1+8=9
train/35523.jpg,6-3+4=7
train/35524.jpg,(4*2)+9=17
train/35525.jpg,6*1+2=8
train/35526.jpg,7+(5-7)=5
train/35527.jpg,8+(9+7)=24
train/35528.jpg,2-3-8=-9
train/35529.jpg,(6*1)*9=54
train/35530.jpg,(4*7)-2=26
train/35531.jpg,7+2*1=9
train/35532.jpg,9+(4-0)=13
train/35533.jpg,6+5-0=11
train/35534.jpg,(4+4)-9=-1
train/35535.jpg,(2-3)-3=-4
train/35536.jpg,4+(6*4)=28
train/35537.jpg,6*(2*7)=84
train/35538.jpg,7*(6-3)=21
train/35539.jpg,3+8*9=75
train/35540.jpg,0*(3-7)=0
train/35541.jpg,4+(1*6)=10
train/35542.jpg,9+6+2=17
train/35543.jpg,(0-9)*8=-72
train/35544.jpg,5+2+7=14
train/35545.jpg,5*(5-4)=5
train/35546.jpg,1+2+8=11
train/35547.jpg,7+5-6=6
train/35548.jpg,(3*1)-8=-5
train/35549.jpg,7+(9+4)=20
train/35550.jpg,(9-2)-9=-2
train/35551.jpg,9*9*9=729
train/35552.jpg,1*0+8=8
train/35553.jpg,3-(0*0)=3
train/35554.jpg,(3*1)-6=-3
train/35555.jpg,(3*7)-2=19
train/35556.jpg,(2-5)+4=1
train/35557.jpg,(3*5)*6=90
train/35558.jpg,7+(6*8)=55
train/35559.jpg,5*(6+9)=75
train/35560.jpg,(1*2)*5=10
train/35561.jpg,1-0*7=1
train/35562.jpg,4+3*7=25
train/35563.jpg,(2-4)+2=0
train/35564.jpg,9-(5*0)=9
train/35565.jpg,0-0-8=-8
train/35566.jpg,9-(6+0)=3
train/35567.jpg,2-(0*9)=2
train/35568.jpg,2*(4+2)=12
train/35569.jpg,3-1-0=2
train/35570.jpg,8-3-5=0
train/35571.jpg,9-3*9=-18
train/35572.jpg,8*(6+0)=48
train/35573.jpg,9*3+2=29
train/35574.jpg,8*(3-0)=24
train/35575.jpg,3+(1+8)=12
train/35576.jpg,3*7-2=19
train/35577.jpg,(3+2)+0=5
train/35578.jpg,(5+3)*9=72
train/35579.jpg,(3+4)-3=4
train/35580.jpg,6-(9+2)=-5
train/35581.jpg,8+(9-2)=15
train/35582.jpg,4*9*9=324
train/35583.jpg,(7-5)+5=7
train/35584.jpg,(2-0)-0=2
train/35585.jpg,4*(3*1)=12
train/35586.jpg,2-(8+0)=-6
train/35587.jpg,(8*8)-0=64
train/35588.jpg,5*(9-2)=35
train/35589.jpg,4+7*1=11
train/35590.jpg,8+0*7=8
train/35591.jpg,2*9*5=90
train/35592.jpg,7-(6*7)=-35
train/35593.jpg,8*(1+9)=80
train/35594.jpg,(1-4)*2=-6
train/35595.jpg,(1+4)+4=9
train/35596.jpg,(2-8)-0=-6
train/35597.jpg,(8+3)-4=7
train/35598.jpg,8-1+8=15
train/35599.jpg,9*(5+1)=54
train/35600.jpg,(7*9)*6=378
train/35601.jpg,8+6+2=16
train/35602.jpg,1+(0+2)=3
train/35603.jpg,(5*3)+1=16
train/35604.jpg,2-(1+8)=-7
train/35605.jpg,(9*9)-4=77
train/35606.jpg,0+6+5=11
train/35607.jpg,9+7+6=22
train/35608.jpg,(5+4)*5=45
train/35609.jpg,8-(5+9)=-6
train/35610.jpg,(2-8)+2=-4
train/35611.jpg,(1-9)+3=-5
train/35612.jpg,7*5*6=210
train/35613.jpg,9-(9+1)=-1
train/35614.jpg,(7-4)+9=12
train/35615.jpg,0-(9-2)=-7
train/35616.jpg,9-(4-3)=8
train/35617.jpg,1-(0-1)=2
train/35618.jpg,9*1*2=18
train/35619.jpg,1+8-0=9
train/35620.jpg,(7*6)-6=36
train/35621.jpg,8+9-0=17
train/35622.jpg,(3*3)+0=9
train/35623.jpg,(4*4)*6=96
train/35624.jpg,2+2-0=4
train/35625.jpg,6+9+1=16
train/35626.jpg,0+2*5=10
train/35627.jpg,5-3+0=2
train/35628.jpg,4-0+0=4
train/35629.jpg,8*1-9=-1
train/35630.jpg,9-(8*5)=-31
train/35631.jpg,9*7*9=567
train/35632.jpg,3-2-4=-3
train/35633.jpg,3*4-9=3
train/35634.jpg,6-(3-2)=5
train/35635.jpg,6*(6-0)=36
train/35636.jpg,7-2*7=-7
train/35637.jpg,7+2+9=18
train/35638.jpg,(4*2)*2=16
train/35639.jpg,(6-4)*9=18
train/35640.jpg,(0*1)-2=-2
train/35641.jpg,(8+6)+7=21
train/35642.jpg,2*(6*5)=60
train/35643.jpg,2+5+2=9
train/35644.jpg,(3+0)-3=0
train/35645.jpg,5*(3*0)=0
train/35646.jpg,6+(4*0)=6
train/35647.jpg,(2-1)+3=4
train/35648.jpg,4-4*1=0
train/35649.jpg,(6-4)+8=10
train/35650.jpg,9-9*1=0
train/35651.jpg,1+5-0=6
train/35652.jpg,(7+8)*3=45
train/35653.jpg,0+2-7=-5
train/35654.jpg,7+6*5=37
train/35655.jpg,9*(2*7)=126
train/35656.jpg,9-8*8=-55
train/35657.jpg,1*4-1=3
train/35658.jpg,(6*3)-6=12
train/35659.jpg,6-(4-0)=2
train/35660.jpg,3-(8-5)=0
train/35661.jpg,(0+3)+9=12
train/35662.jpg,8-8*6=-40
train/35663.jpg,1*(5+6)=11
train/35664.jpg,9*(7-7)=0
train/35665.jpg,(7*3)-0=21
train/35666.jpg,(4+6)+6=16
train/35667.jpg,4-2+1=3
train/35668.jpg,(7*0)+5=5
train/35669.jpg,(8+4)*0=0
train/35670.jpg,0+3+6=9
train/35671.jpg,1*(5*2)=10
train/35672.jpg,9+6+3=18
train/35673.jpg,3*6-0=18
train/35674.jpg,(8*5)*2=80
train/35675.jpg,(3-6)-3=-6
train/35676.jpg,8+(1+0)=9
train/35677.jpg,3*(2-7)=-15
train/35678.jpg,(2*9)-2=16
train/35679.jpg,(9-0)-2=7
train/35680.jpg,5+9+7=21
train/35681.jpg,7+(8+8)=23
train/35682.jpg,(6-7)+0=-1
train/35683.jpg,6*(9-5)=24
train/35684.jpg,(8*5)*1=40
train/35685.jpg,2-3-1=-2
train/35686.jpg,(4*8)-7=25
train/35687.jpg,(1-6)-7=-12
train/35688.jpg,(3-3)+5=5
train/35689.jpg,(5*3)*5=75
train/35690.jpg,(0-6)+8=2
train/35691.jpg,7*(2+3)=35
train/35692.jpg,7*0*1=0
train/35693.jpg,4*5+5=25
train/35694.jpg,(9-9)+8=8
train/35695.jpg,2+2*7=16
train/35696.jpg,(0-2)*4=-8
train/35697.jpg,3*7+8=29
train/35698.jpg,4+1+9=14
train/35699.jpg,(9*2)*5=90
train/35700.jpg,8-2+7=13
train/35701.jpg,(3*2)-7=-1
train/35702.jpg,4+(3-7)=0
train/35703.jpg,(4+1)+4=9
train/35704.jpg,(4+0)-2=2
train/35705.jpg,2+(6+5)=13
train/35706.jpg,6*7*9=378
train/35707.jpg,9-(5+9)=-5
train/35708.jpg,7*7*3=147
train/35709.jpg,(9-1)-4=4
train/35710.jpg,(7+2)+0=9
train/35711.jpg,4*5*2=40
train/35712.jpg,6*1-9=-3
train/35713.jpg,(7+7)*1=14
train/35714.jpg,6-(4*8)=-26
train/35715.jpg,(9*9)+6=87
train/35716.jpg,(6+2)+6=14
train/35717.jpg,3-4*2=-5
train/35718.jpg,(1+6)-6=1
train/35719.jpg,(8+5)-9=4
train/35720.jpg,4+5+1=10
train/35721.jpg,(0-0)+6=6
train/35722.jpg,7-(0+2)=5
train/35723.jpg,0*3+4=4
train/35724.jpg,6*0-2=-2
train/35725.jpg,(9*6)*3=162
train/35726.jpg,(5*5)+1=26
train/35727.jpg,8*(8+3)=88
train/35728.jpg,6-(3+1)=2
train/35729.jpg,(4+9)+8=21
train/35730.jpg,(9-4)-1=4
train/35731.jpg,0-9*1=-9
train/35732.jpg,0+(9+4)=13
train/35733.jpg,0+8+7=15
train/35734.jpg,7+(9+5)=21
train/35735.jpg,6*6-6=30
train/35736.jpg,8+5-6=7
train/35737.jpg,5*(3*0)=0
train/35738.jpg,1+(4+7)=12
train/35739.jpg,(5-0)-6=-1
train/35740.jpg,(7+7)*6=84
train/35741.jpg,9*9+2=83
train/35742.jpg,(5-1)-3=1
train/35743.jpg,(7-3)*2=8
train/35744.jpg,(4*9)-7=29
train/35745.jpg,0-1+4=3
train/35746.jpg,(8-5)-4=-1
train/35747.jpg,7-(4+5)=-2
train/35748.jpg,2+(9+9)=20
train/35749.jpg,(5-1)*9=36
train/35750.jpg,(0-7)-5=-12
train/35751.jpg,2-8+3=-3
train/35752.jpg,4*(7+6)=52
train/35753.jpg,7-(3+3)=1
train/35754.jpg,(8-6)+4=6
train/35755.jpg,(7+3)*3=30
train/35756.jpg,9-(6-7)=10
train/35757.jpg,(3-7)-4=-8
train/35758.jpg,2*(6-2)=8
train/35759.jpg,0-(3*5)=-15
train/35760.jpg,7*(7-9)=-14
train/35761.jpg,8+(0-4)=4
train/35762.jpg,8+8-9=7
train/35763.jpg,1*0-6=-6
train/35764.jpg,0-7-4=-11
train/35765.jpg,9-0+2=11
train/35766.jpg,(5+3)*8=64
train/35767.jpg,2-7+2=-3
train/35768.jpg,5*(5+4)=45
train/35769.jpg,5*0*1=0
train/35770.jpg,3-(0+3)=0
train/35771.jpg,(3*2)-0=6
train/35772.jpg,2-(2+9)=-9
train/35773.jpg,4*(4*2)=32
train/35774.jpg,1+(1-0)=2
train/35775.jpg,2+(7-2)=7
train/35776.jpg,(3*2)*1=6
train/35777.jpg,(0*7)-6=-6
train/35778.jpg,(7*3)+5=26
train/35779.jpg,(6*2)*9=108
train/35780.jpg,1-(1*4)=-3
train/35781.jpg,5*(9+0)=45
train/35782.jpg,4-8-0=-4
train/35783.jpg,(7*5)-8=27
train/35784.jpg,3*(7*5)=105
train/35785.jpg,7-(6+7)=-6
train/35786.jpg,3-(4*6)=-21
train/35787.jpg,5+(1+0)=6
train/35788.jpg,4-3-3=-2
train/35789.jpg,8*(0*7)=0
train/35790.jpg,3+8-7=4
train/35791.jpg,3*7-0=21
train/35792.jpg,(2+3)-3=2
train/35793.jpg,(7+7)*6=84
train/35794.jpg,(0-4)+4=0
train/35795.jpg,6*(4-2)=12
train/35796.jpg,(9-5)-1=3
train/35797.jpg,4+5*5=29
train/35798.jpg,(9*5)+9=54
train/35799.jpg,7-2*8=-9
train/35800.jpg,9-7-5=-3
train/35801.jpg,5-9-7=-11
train/35802.jpg,1-1+9=9
train/35803.jpg,1+(3*6)=19
train/35804.jpg,7*(1-4)=-21
train/35805.jpg,7-6*1=1
train/35806.jpg,2+(0*3)=2
train/35807.jpg,1-(3+2)=-4
train/35808.jpg,(6*1)-3=3
train/35809.jpg,6+(5-4)=7
train/35810.jpg,(4*0)*4=0
train/35811.jpg,6-(3*3)=-3
train/35812.jpg,4-(1-4)=7
train/35813.jpg,8-1-9=-2
train/35814.jpg,5*6+0=30
train/35815.jpg,3+(5*1)=8
train/35816.jpg,(5-8)-6=-9
train/35817.jpg,6*3*0=0
train/35818.jpg,7+(9+6)=22
train/35819.jpg,6*6+1=37
train/35820.jpg,1-8*0=1
train/35821.jpg,(7+5)*1=12
train/35822.jpg,0*(2+0)=0
train/35823.jpg,9*(8-9)=-9
train/35824.jpg,7*2-5=9
train/35825.jpg,7*(0-8)=-56
train/35826.jpg,(1+3)*3=12
train/35827.jpg,(4*1)-1=3
train/35828.jpg,8-(7-6)=7
train/35829.jpg,6+(6+1)=13
train/35830.jpg,5+3+3=11
train/35831.jpg,(0+2)+9=11
train/35832.jpg,3+3+8=14
train/35833.jpg,1*9+1=10
train/35834.jpg,5+(0+4)=9
train/35835.jpg,9+(2*5)=19
train/35836.jpg,8+(7+1)=16
train/35837.jpg,9*(8+1)=81
train/35838.jpg,5+(4*9)=41
train/35839.jpg,5+3*8=29
train/35840.jpg,1*(2+2)=4
train/35841.jpg,7+5-9=3
train/35842.jpg,(4*4)-6=10
train/35843.jpg,5-(2+0)=3
train/35844.jpg,(8-3)*7=35
train/35845.jpg,5*9*8=360
train/35846.jpg,3+(0*7)=3
train/35847.jpg,9-(3*0)=9
train/35848.jpg,4-(1-8)=11
train/35849.jpg,(8*0)*7=0
train/35850.jpg,(2+7)*0=0
train/35851.jpg,3+(6+2)=11
train/35852.jpg,1+(0+3)=4
train/35853.jpg,(9*1)-2=7
train/35854.jpg,(4+5)*1=9
train/35855.jpg,6+(8-8)=6
train/35856.jpg,(0+3)+6=9
train/35857.jpg,4-8-3=-7
train/35858.jpg,6+6+9=21
train/35859.jpg,1*3-7=-4
train/35860.jpg,0-(9*1)=-9
train/35861.jpg,(6-8)*4=-8
train/35862.jpg,5+7-1=11
train/35863.jpg,0*(1-9)=0
train/35864.jpg,0*(4*2)=0
train/35865.jpg,4+9+2=15
train/35866.jpg,3*8*4=96
train/35867.jpg,2*(2-1)=2
train/35868.jpg,(7-1)*9=54
train/35869.jpg,7+(7+1)=15
train/35870.jpg,0-2+6=4
train/35871.jpg,7-2+6=11
train/35872.jpg,2+(1*4)=6
train/35873.jpg,2*0-9=-9
train/35874.jpg,6-(3*9)=-21
train/35875.jpg,7-(5-5)=7
train/35876.jpg,9+8+1=18
train/35877.jpg,(7+0)*5=35
train/35878.jpg,4+8-7=5
train/35879.jpg,6-(6+0)=0
train/35880.jpg,(2*1)+3=5
train/35881.jpg,6+7+8=21
train/35882.jpg,5+(1+6)=12
train/35883.jpg,5*0*4=0
train/35884.jpg,7-4+4=7
train/35885.jpg,8*(5-4)=8
train/35886.jpg,(1+8)-1=8
train/35887.jpg,4+(8+0)=12
train/35888.jpg,8-2*2=4
train/35889.jpg,2*6*0=0
train/35890.jpg,6+(3-7)=2
train/35891.jpg,(5*3)*4=60
train/35892.jpg,4-5*2=-6
train/35893.jpg,(5+9)+3=17
train/35894.jpg,(0+0)-6=-6
train/35895.jpg,9*(2-0)=18
train/35896.jpg,3-(8+4)=-9
train/35897.jpg,4-(9*3)=-23
train/35898.jpg,(4*5)-7=13
train/35899.jpg,(9*3)+0=27
train/35900.jpg,7*7+0=49
train/35901.jpg,(9-4)*8=40
train/35902.jpg,2-4+7=5
train/35903.jpg,(3+6)*8=72
train/35904.jpg,(7+6)+6=19
train/35905.jpg,(2*5)-0=10
train/35906.jpg,7-9-4=-6
train/35907.jpg,(2+8)-8=2
train/35908.jpg,7*0-3=-3
train/35909.jpg,(8-0)+4=12
train/35910.jpg,6-2*4=-2
train/35911.jpg,9*(3-9)=-54
train/35912.jpg,9*0+4=4
train/35913.jpg,2*3-7=-1
train/35914.jpg,7*4+0=28
train/35915.jpg,(0+7)*1=7
train/35916.jpg,4-(9*1)=-5
train/35917.jpg,(8*7)*4=224
train/35918.jpg,(5-8)-6=-9
train/35919.jpg,3-(6*3)=-15
train/35920.jpg,0+8-4=4
train/35921.jpg,(7*3)-5=16
train/35922.jpg,(6+7)-9=4
train/35923.jpg,2*1-1=1
train/35924.jpg,(0-1)-1=-2
train/35925.jpg,(8-1)+1=8
train/35926.jpg,4-4*2=-4
train/35927.jpg,3+7-4=6
train/35928.jpg,(5-0)-2=3
train/35929.jpg,9*8+8=80
train/35930.jpg,4+(9+4)=17
train/35931.jpg,8-(6+6)=-4
train/35932.jpg,(2+0)+2=4
train/35933.jpg,1*(8-3)=5
train/35934.jpg,3+(3*6)=21
train/35935.jpg,(5-9)-7=-11
train/35936.jpg,(8*3)*9=216
train/35937.jpg,(5*6)*4=120
train/35938.jpg,4+2+5=11
train/35939.jpg,(4*1)+9=13
train/35940.jpg,8+5+0=13
train/35941.jpg,(7+2)+3=12
train/35942.jpg,7-2-8=-3
train/35943.jpg,(2+9)-8=3
train/35944.jpg,6+(0-2)=4
train/35945.jpg,(3-9)+9=3
train/35946.jpg,6*8+6=54
train/35947.jpg,(8-5)*1=3
train/35948.jpg,(1-0)+2=3
train/35949.jpg,(7-4)+6=9
train/35950.jpg,2-(4*6)=-22
train/35951.jpg,4-8+6=2
train/35952.jpg,(9*5)+6=51
train/35953.jpg,(7+9)+1=17
train/35954.jpg,2*(4-2)=4
train/35955.jpg,(0-1)*1=-1
train/35956.jpg,4-(2+6)=-4
train/35957.jpg,(9-6)+7=10
train/35958.jpg,6*1*5=30
train/35959.jpg,(4+6)+7=17
train/35960.jpg,(0+0)*1=0
train/35961.jpg,(9*5)*2=90
train/35962.jpg,1+9-6=4
train/35963.jpg,5+(8+1)=14
train/35964.jpg,1-5-8=-12
train/35965.jpg,6+(4*3)=18
train/35966.jpg,8*9*9=648
train/35967.jpg,2-(2+6)=-6
train/35968.jpg,5-1+6=10
train/35969.jpg,6-(1*1)=5
train/35970.jpg,8-1+6=13
train/35971.jpg,9-(7+0)=2
train/35972.jpg,(3-6)+7=4
train/35973.jpg,3-(2+7)=-6
train/35974.jpg,8-1+5=12
train/35975.jpg,(3*1)*4=12
train/35976.jpg,4+4*6=28
train/35977.jpg,(1+4)*8=40
train/35978.jpg,(6+3)-8=1
train/35979.jpg,(4*9)+3=39
train/35980.jpg,(3*0)-2=-2
train/35981.jpg,8-6+8=10
train/35982.jpg,(4-6)+0=-2
train/35983.jpg,(4-9)+9=4
train/35984.jpg,3*(5+0)=15
train/35985.jpg,2+(0+1)=3
train/35986.jpg,7-6+4=5
train/35987.jpg,(7+3)-8=2
train/35988.jpg,(7+6)+1=14
train/35989.jpg,3-(6+7)=-10
train/35990.jpg,(3+5)-9=-1
train/35991.jpg,(4+8)+7=19
train/35992.jpg,9+4-7=6
train/35993.jpg,1-1*3=-2
train/35994.jpg,3+4-8=-1
train/35995.jpg,1*2+5=7
train/35996.jpg,1+(3-9)=-5
train/35997.jpg,9*(3+1)=36
train/35998.jpg,(0*2)+3=3
train/35999.jpg,(6*4)-9=15
train/36000.jpg,6+(2+3)=11
train/36001.jpg,1+5+9=15
train/36002.jpg,9+6-8=7
train/36003.jpg,2-8-7=-13
train/36004.jpg,7*6*6=252
train/36005.jpg,9-2+9=16
train/36006.jpg,(9+9)-3=15
train/36007.jpg,(0*0)-3=-3
train/36008.jpg,0*4-8=-8
train/36009.jpg,2-8-4=-10
train/36010.jpg,0*(8-9)=0
train/36011.jpg,6+(3*6)=24
train/36012.jpg,2-(1*8)=-6
train/36013.jpg,5-7+6=4
train/36014.jpg,(9+8)*6=102
train/36015.jpg,(1*6)+1=7
train/36016.jpg,8+(0*2)=8
train/36017.jpg,8+(4*9)=44
train/36018.jpg,5*1-1=4
train/36019.jpg,(7*6)*1=42
train/36020.jpg,(2*3)+8=14
train/36021.jpg,(1-8)*2=-14
train/36022.jpg,(0*9)-1=-1
train/36023.jpg,0*(0+9)=0
train/36024.jpg,9-(6*8)=-39
train/36025.jpg,4*8*1=32
train/36026.jpg,2*(3-1)=4
train/36027.jpg,6+(5+6)=17
train/36028.jpg,4*6-5=19
train/36029.jpg,4*6-8=16
train/36030.jpg,(7*2)*2=28
train/36031.jpg,(6+0)-5=1
train/36032.jpg,(1-8)+2=-5
train/36033.jpg,(3-6)+2=-1
train/36034.jpg,0*(6*5)=0
train/36035.jpg,5+(3-2)=6
train/36036.jpg,(2*0)+0=0
train/36037.jpg,0+(6+1)=7
train/36038.jpg,(3*5)-6=9
train/36039.jpg,(1*7)+7=14
train/36040.jpg,(3*5)*4=60
train/36041.jpg,6*8+8=56
train/36042.jpg,(9-9)*7=0
train/36043.jpg,1+(0-4)=-3
train/36044.jpg,8+(0*0)=8
train/36045.jpg,(4-1)-0=3
train/36046.jpg,(5+6)+5=16
train/36047.jpg,8*7*6=336
train/36048.jpg,8*(3-0)=24
train/36049.jpg,8-9*5=-37
train/36050.jpg,(7*1)-5=2
train/36051.jpg,6*(3-3)=0
train/36052.jpg,(1*2)*0=0
train/36053.jpg,(8+9)+5=22
train/36054.jpg,8-4-5=-1
train/36055.jpg,(8-6)-4=-2
train/36056.jpg,(9*8)-1=71
train/36057.jpg,7-(9+6)=-8
train/36058.jpg,4*0*8=0
train/36059.jpg,9*3+9=36
train/36060.jpg,2+(7+6)=15
train/36061.jpg,9*(3-5)=-18
train/36062.jpg,0-(2*1)=-2
train/36063.jpg,8+6+9=23
train/36064.jpg,6+(4*7)=34
train/36065.jpg,3-(0-9)=12
train/36066.jpg,7+(7-6)=8
train/36067.jpg,8*3+5=29
train/36068.jpg,(9-2)*2=14
train/36069.jpg,8+(3*9)=35
train/36070.jpg,6*6+3=39
train/36071.jpg,7*3-2=19
train/36072.jpg,9-(4*7)=-19
train/36073.jpg,1*4+4=8
train/36074.jpg,3*(3+0)=9
train/36075.jpg,9*(9+9)=162
train/36076.jpg,9*(2*3)=54
train/36077.jpg,9*(4-7)=-27
train/36078.jpg,6+8*7=62
train/36079.jpg,0*(0+8)=0
train/36080.jpg,(5-2)-8=-5
train/36081.jpg,(7-3)*5=20
train/36082.jpg,2-1*2=0
train/36083.jpg,(4-2)-5=-3
train/36084.jpg,(7+2)+9=18
train/36085.jpg,(9-6)+5=8
train/36086.jpg,4-7+0=-3
train/36087.jpg,(1+9)*8=80
train/36088.jpg,2-1-1=0
train/36089.jpg,5-3-0=2
train/36090.jpg,4-(8-4)=0
train/36091.jpg,4-2*8=-12
train/36092.jpg,2-(4*4)=-14
train/36093.jpg,6+1+3=10
train/36094.jpg,3-4-9=-10
train/36095.jpg,9-6+2=5
train/36096.jpg,0+9*8=72
train/36097.jpg,(5+2)+1=8
train/36098.jpg,0*1-7=-7
train/36099.jpg,0-6+2=-4
train/36100.jpg,6-(8+1)=-3
train/36101.jpg,(0*6)+7=7
train/36102.jpg,1-(3*1)=-2
train/36103.jpg,(3+1)-3=1
train/36104.jpg,8+(1-7)=2
train/36105.jpg,4-(1-9)=12
train/36106.jpg,7+0+5=12
train/36107.jpg,7*(6-5)=7
train/36108.jpg,(2-9)-2=-9
train/36109.jpg,6+0+0=6
train/36110.jpg,5*(0-1)=-5
train/36111.jpg,9-1+3=11
train/36112.jpg,4*1+2=6
train/36113.jpg,2-(2*3)=-4
train/36114.jpg,7*8*2=112
train/36115.jpg,9+3+8=20
train/36116.jpg,6+3+7=16
train/36117.jpg,1+(7*1)=8
train/36118.jpg,(9*0)+5=5
train/36119.jpg,7+7-0=14
train/36120.jpg,4-6+1=-1
train/36121.jpg,4+9+4=17
train/36122.jpg,5*0+6=6
train/36123.jpg,9-(5*8)=-31
train/36124.jpg,3+2+7=12
train/36125.jpg,6-(4+6)=-4
train/36126.jpg,5-8+0=-3
train/36127.jpg,6-8*7=-50
train/36128.jpg,0-(4*9)=-36
train/36129.jpg,(1+0)*1=1
train/36130.jpg,(6-7)-6=-7
train/36131.jpg,5-(5*8)=-35
train/36132.jpg,6+(1*7)=13
train/36133.jpg,(4*9)+8=44
train/36134.jpg,1*3*0=0
train/36135.jpg,9*(9+0)=81
train/36136.jpg,1-3+0=-2
train/36137.jpg,7-(0*4)=7
train/36138.jpg,8*(1*9)=72
train/36139.jpg,(6*0)*4=0
train/36140.jpg,5*5*1=25
train/36141.jpg,6+(8-6)=8
train/36142.jpg,(3*1)*2=6
train/36143.jpg,6-8+1=-1
train/36144.jpg,2-5*3=-13
train/36145.jpg,8+6-5=9
train/36146.jpg,0*1-4=-4
train/36147.jpg,3-1-8=-6
train/36148.jpg,5+8*7=61
train/36149.jpg,(8+1)*0=0
train/36150.jpg,6*(8+3)=66
train/36151.jpg,7+(9-1)=15
train/36152.jpg,4+(6+5)=15
train/36153.jpg,3+9+4=16
train/36154.jpg,2+(2+8)=12
train/36155.jpg,9-(5+6)=-2
train/36156.jpg,0-5-3=-8
train/36157.jpg,(0-5)*2=-10
train/36158.jpg,7+(2+3)=12
train/36159.jpg,8-1-5=2
train/36160.jpg,8-(0-1)=9
train/36161.jpg,9*5+8=53
train/36162.jpg,0-9*4=-36
train/36163.jpg,8+(3+6)=17
train/36164.jpg,1*(8-2)=6
train/36165.jpg,(4-9)+7=2
train/36166.jpg,1+0+8=9
train/36167.jpg,(3+0)+3=6
train/36168.jpg,9*2+0=18
train/36169.jpg,(5+4)+2=11
train/36170.jpg,7+(7+6)=20
train/36171.jpg,2+9+9=20
train/36172.jpg,(4*4)*3=48
train/36173.jpg,5*(9-9)=0
train/36174.jpg,2*0-2=-2
train/36175.jpg,(0*3)*5=0
train/36176.jpg,1*1*5=5
train/36177.jpg,(8-3)*3=15
train/36178.jpg,5-(0-8)=13
train/36179.jpg,1-(2+5)=-6
train/36180.jpg,3-(1+1)=1
train/36181.jpg,(9-4)-6=-1
train/36182.jpg,(0-0)*9=0
train/36183.jpg,(9-4)*6=30
train/36184.jpg,(5-8)-4=-7
train/36185.jpg,(4-5)+6=5
train/36186.jpg,4*1*3=12
train/36187.jpg,4-(4*6)=-20
train/36188.jpg,(8+7)-8=7
train/36189.jpg,(2+4)-3=3
train/36190.jpg,7-(1*7)=0
train/36191.jpg,(4*0)*5=0
train/36192.jpg,0-(5+9)=-14
train/36193.jpg,(3-7)-0=-4
train/36194.jpg,7*(3+4)=49
train/36195.jpg,(2*5)-2=8
train/36196.jpg,(4+2)*1=6
train/36197.jpg,7+8*0=7
train/36198.jpg,8*(0+6)=48
train/36199.jpg,6*(0-6)=-36
train/36200.jpg,3-6-8=-11
train/36201.jpg,5+0-6=-1
train/36202.jpg,3+4*3=15
train/36203.jpg,6-9-1=-4
train/36204.jpg,(4+2)*7=42
train/36205.jpg,4-5*8=-36
train/36206.jpg,3+(1*5)=8
train/36207.jpg,(9-8)*8=8
train/36208.jpg,8+1+9=18
train/36209.jpg,(0-7)-4=-11
train/36210.jpg,8*(9+1)=80
train/36211.jpg,9-7-3=-1
train/36212.jpg,6-(7+1)=-2
train/36213.jpg,(0+7)-4=3
train/36214.jpg,2+0-4=-2
train/36215.jpg,(6+6)-8=4
train/36216.jpg,(5-0)+0=5
train/36217.jpg,9+9-0=18
train/36218.jpg,(9*0)*4=0
train/36219.jpg,(2*9)*6=108
train/36220.jpg,(3-3)-1=-1
train/36221.jpg,8-(3+7)=-2
train/36222.jpg,2*(1+6)=14
train/36223.jpg,(5-7)+6=4
train/36224.jpg,(5+0)+2=7
train/36225.jpg,6*(6-0)=36
train/36226.jpg,8+(9*4)=44
train/36227.jpg,(8-0)+0=8
train/36228.jpg,(1-0)*8=8
train/36229.jpg,(8*6)-7=41
train/36230.jpg,1+(7-7)=1
train/36231.jpg,5-(7*6)=-37
train/36232.jpg,(5+9)*9=126
train/36233.jpg,(4-3)+5=6
train/36234.jpg,(9*3)+5=32
train/36235.jpg,(9+6)+2=17
train/36236.jpg,(7+3)+1=11
train/36237.jpg,8-6*5=-22
train/36238.jpg,7-(3+4)=0
train/36239.jpg,(8+7)*7=105
train/36240.jpg,4*(8*5)=160
train/36241.jpg,(0-9)-1=-10
train/36242.jpg,0+(7*8)=56
train/36243.jpg,0-9+8=-1
train/36244.jpg,3*(5*2)=30
train/36245.jpg,4+8*6=52
train/36246.jpg,1+(0*0)=1
train/36247.jpg,5+(0*4)=5
train/36248.jpg,3*(5*7)=105
train/36249.jpg,7+1-8=0
train/36250.jpg,(1-4)+3=0
train/36251.jpg,(8+7)*3=45
train/36252.jpg,(1-2)*4=-4
train/36253.jpg,5*(1-4)=-15
train/36254.jpg,2+(7-8)=1
train/36255.jpg,5-(8-8)=5
train/36256.jpg,(2*4)+5=13
train/36257.jpg,(2*0)-1=-1
train/36258.jpg,(2-2)+1=1
train/36259.jpg,(0*1)+5=5
train/36260.jpg,9-(4*0)=9
train/36261.jpg,1-(6-3)=-2
train/36262.jpg,2-4*9=-34
train/36263.jpg,(8+6)-8=6
train/36264.jpg,(6-5)*3=3
train/36265.jpg,3-(8-2)=-3
train/36266.jpg,6+(8-4)=10
train/36267.jpg,0*2*1=0
train/36268.jpg,(5*5)-1=24
train/36269.jpg,2*9-4=14
train/36270.jpg,(2-3)+5=4
train/36271.jpg,7-(9*5)=-38
train/36272.jpg,7*(4+5)=63
train/36273.jpg,3+(3+4)=10
train/36274.jpg,(8*5)+3=43
train/36275.jpg,4*6+8=32
train/36276.jpg,1*(2-3)=-1
train/36277.jpg,8+(1*6)=14
train/36278.jpg,6+(3*1)=9
train/36279.jpg,6+(9*2)=24
train/36280.jpg,6-(8-1)=-1
train/36281.jpg,1+3-6=-2
train/36282.jpg,9*9*1=81
train/36283.jpg,3+7+0=10
train/36284.jpg,0*(6-1)=0
train/36285.jpg,7+(1-6)=2
train/36286.jpg,0*8*4=0
train/36287.jpg,7*(3+3)=42
train/36288.jpg,(1*6)+5=11
train/36289.jpg,6*1+6=12
train/36290.jpg,0+(1*7)=7
train/36291.jpg,4*(8-9)=-4
train/36292.jpg,(9*7)+2=65
train/36293.jpg,1+(7-1)=7
train/36294.jpg,1+(0-9)=-8
train/36295.jpg,(7*0)+1=1
train/36296.jpg,(2*8)+5=21
train/36297.jpg,2+3+8=13
train/36298.jpg,3*(5-4)=3
train/36299.jpg,0*4*2=0
train/36300.jpg,(7*0)+6=6
train/36301.jpg,7-(1+5)=1
train/36302.jpg,6-(9+1)=-4
train/36303.jpg,5+(0+2)=7
train/36304.jpg,(0-4)+2=-2
train/36305.jpg,8*(9*6)=432
train/36306.jpg,(6*0)*9=0
train/36307.jpg,(8*5)+7=47
train/36308.jpg,4*4+7=23
train/36309.jpg,(1+2)*7=21
train/36310.jpg,(5-8)*3=-9
train/36311.jpg,3+3*2=9
train/36312.jpg,1-(6+4)=-9
train/36313.jpg,2+7-7=2
train/36314.jpg,2*1+6=8
train/36315.jpg,4-(1-1)=4
train/36316.jpg,4-(2*9)=-14
train/36317.jpg,(8+4)*6=72
train/36318.jpg,(3*6)+4=22
train/36319.jpg,3+(7+6)=16
train/36320.jpg,(3*4)*1=12
train/36321.jpg,9+(9+6)=24
train/36322.jpg,(4*6)-4=20
train/36323.jpg,(0+4)+0=4
train/36324.jpg,2+0*4=2
train/36325.jpg,5*8*1=40
train/36326.jpg,1*(7*5)=35
train/36327.jpg,3-2-4=-3
train/36328.jpg,8-(1+1)=6
train/36329.jpg,8-(2+2)=4
train/36330.jpg,(1-5)-3=-7
train/36331.jpg,4-(4-8)=8
train/36332.jpg,0+(5+5)=10
train/36333.jpg,(9+0)-5=4
train/36334.jpg,0+(8*1)=8
train/36335.jpg,(2+4)+7=13
train/36336.jpg,8+(3+5)=16
train/36337.jpg,7*5-9=26
train/36338.jpg,1+3-3=1
train/36339.jpg,1-0+0=1
train/36340.jpg,6-(9*3)=-21
train/36341.jpg,6*2*3=36
train/36342.jpg,9+(3*1)=12
train/36343.jpg,0+2-8=-6
train/36344.jpg,(8*5)*8=320
train/36345.jpg,4-(7-8)=5
train/36346.jpg,(6*4)+3=27
train/36347.jpg,2+(8+0)=10
train/36348.jpg,7-4-0=3
train/36349.jpg,3*(8*7)=168
train/36350.jpg,7*8+7=63
train/36351.jpg,4-4+7=7
train/36352.jpg,2+1-3=0
train/36353.jpg,8*2+5=21
train/36354.jpg,(8-2)+3=9
train/36355.jpg,9-7-3=-1
train/36356.jpg,5*(4+0)=20
train/36357.jpg,4-(6*8)=-44
train/36358.jpg,7-9*9=-74
train/36359.jpg,9+3-0=12
train/36360.jpg,8+7-6=9
train/36361.jpg,1*4*9=36
train/36362.jpg,5-2-7=-4
train/36363.jpg,2*2*1=4
train/36364.jpg,(9*5)-6=39
train/36365.jpg,(3+0)+8=11
train/36366.jpg,5+6*2=17
train/36367.jpg,3+9+2=14
train/36368.jpg,6*(3-0)=18
train/36369.jpg,3*(9+1)=30
train/36370.jpg,(6*5)+6=36
train/36371.jpg,0+2+1=3
train/36372.jpg,(4+3)+8=15
train/36373.jpg,(0-5)*5=-25
train/36374.jpg,6-1-1=4
train/36375.jpg,2*(6-9)=-6
train/36376.jpg,7-(2*2)=3
train/36377.jpg,3+(9*4)=39
train/36378.jpg,(1-7)-1=-7
train/36379.jpg,4-(5*4)=-16
train/36380.jpg,6-3-2=1
train/36381.jpg,(9*4)-3=33
train/36382.jpg,7-7-2=-2
train/36383.jpg,5-(1*5)=0
train/36384.jpg,(2+2)+5=9
train/36385.jpg,6+9*8=78
train/36386.jpg,(5+8)*5=65
train/36387.jpg,(9+2)+8=19
train/36388.jpg,5+(3-6)=2
train/36389.jpg,(4+3)+6=13
train/36390.jpg,(7-9)-0=-2
train/36391.jpg,(3*7)*3=63
train/36392.jpg,2-(9*8)=-70
train/36393.jpg,5*7+6=41
train/36394.jpg,9+0+0=9
train/36395.jpg,2*9*4=72
train/36396.jpg,2-(6*3)=-16
train/36397.jpg,3-5-1=-3
train/36398.jpg,(0+8)+6=14
train/36399.jpg,(1-8)+1=-6
train/36400.jpg,5-(9*0)=5
train/36401.jpg,(7*4)*6=168
train/36402.jpg,9*(5-7)=-18
train/36403.jpg,8+(7*6)=50
train/36404.jpg,3-(3*1)=0
train/36405.jpg,1-(1*8)=-7
train/36406.jpg,5*(9*0)=0
train/36407.jpg,(5+8)*4=52
train/36408.jpg,8*5+6=46
train/36409.jpg,(9+7)+0=16
train/36410.jpg,(1*7)+9=16
train/36411.jpg,3-3-2=-2
train/36412.jpg,6*6-3=33
train/36413.jpg,1-6-1=-6
train/36414.jpg,9-(0+8)=1
train/36415.jpg,4-1-5=-2
train/36416.jpg,(8+6)*4=56
train/36417.jpg,6+(1-0)=7
train/36418.jpg,5*(9*0)=0
train/36419.jpg,(7+3)-3=7
train/36420.jpg,9-(7-4)=6
train/36421.jpg,9-1+1=9
train/36422.jpg,9+(3-7)=5
train/36423.jpg,(5+0)+2=7
train/36424.jpg,9+9-6=12
train/36425.jpg,8*(5*5)=200
train/36426.jpg,9*9-8=73
train/36427.jpg,9-7-9=-7
train/36428.jpg,8-1-3=4
train/36429.jpg,(0-7)-3=-10
train/36430.jpg,6*0+9=9
train/36431.jpg,6-(8*3)=-18
train/36432.jpg,7*(9-1)=56
train/36433.jpg,6*4+2=26
train/36434.jpg,6*8-4=44
train/36435.jpg,5-(4-9)=10
train/36436.jpg,(6+6)-2=10
train/36437.jpg,(2-5)+1=-2
train/36438.jpg,6+4+1=11
train/36439.jpg,4-(8+7)=-11
train/36440.jpg,9+(0*3)=9
train/36441.jpg,(1*6)-9=-3
train/36442.jpg,9*0-8=-8
train/36443.jpg,0+(1+1)=2
train/36444.jpg,8-(7+9)=-8
train/36445.jpg,5+(6-3)=8
train/36446.jpg,(9*3)*0=0
train/36447.jpg,2-7*5=-33
train/36448.jpg,2+4*1=6
train/36449.jpg,(3-4)*3=-3
train/36450.jpg,0-(6+0)=-6
train/36451.jpg,4*(5*4)=80
train/36452.jpg,4+(5+8)=17
train/36453.jpg,4-4+3=3
train/36454.jpg,(2*1)*6=12
train/36455.jpg,2*(9-3)=12
train/36456.jpg,(4*2)-6=2
train/36457.jpg,4-6-0=-2
train/36458.jpg,9-(3-2)=8
train/36459.jpg,1*(5*8)=40
train/36460.jpg,9+9+0=18
train/36461.jpg,8-(8+3)=-3
train/36462.jpg,6*4-0=24
train/36463.jpg,(9-2)*7=49
train/36464.jpg,4+7+3=14
train/36465.jpg,2-2-7=-7
train/36466.jpg,6-(3*3)=-3
train/36467.jpg,(6*0)+4=4
train/36468.jpg,2-(9*9)=-79
train/36469.jpg,1-(6*7)=-41
train/36470.jpg,8+(6+9)=23
train/36471.jpg,2*1*4=8
train/36472.jpg,9+9+0=18
train/36473.jpg,7+7-2=12
train/36474.jpg,(3*8)-3=21
train/36475.jpg,(6+5)-2=9
train/36476.jpg,0*(3+3)=0
train/36477.jpg,7-1-1=5
train/36478.jpg,6+7+6=19
train/36479.jpg,9*(7+3)=90
train/36480.jpg,(7*3)+7=28
train/36481.jpg,5+(6*2)=17
train/36482.jpg,0*9-0=0
train/36483.jpg,(5+1)+5=11
train/36484.jpg,1+(4*7)=29
train/36485.jpg,(8*3)+8=32
train/36486.jpg,(6-0)*4=24
train/36487.jpg,0-8-2=-10
train/36488.jpg,(4-8)*4=-16
train/36489.jpg,4*6*2=48
train/36490.jpg,(3*3)+2=11
train/36491.jpg,0*3+5=5
train/36492.jpg,(4*8)-4=28
train/36493.jpg,4+1*8=12
train/36494.jpg,9+(3-9)=3
train/36495.jpg,7*0*1=0
train/36496.jpg,9-7-0=2
train/36497.jpg,(4+4)*7=56
train/36498.jpg,(6*5)+7=37
train/36499.jpg,(7+9)*7=112
train/36500.jpg,7+(6*7)=49
train/36501.jpg,0*4*5=0
train/36502.jpg,7+6*9=61
train/36503.jpg,(6*9)-6=48
train/36504.jpg,(3-6)-3=-6
train/36505.jpg,4*0-3=-3
train/36506.jpg,(1-7)+8=2
train/36507.jpg,(5-4)*3=3
train/36508.jpg,2-6+3=-1
train/36509.jpg,(0-3)-3=-6
train/36510.jpg,(1-5)-9=-13
train/36511.jpg,7-6-0=1
train/36512.jpg,1-3+7=5
train/36513.jpg,7+2-4=5
train/36514.jpg,6*(2*6)=72
train/36515.jpg,7+6*7=49
train/36516.jpg,1*2-9=-7
train/36517.jpg,7+(6+6)=19
train/36518.jpg,6*2*1=12
train/36519.jpg,5+(6-0)=11
train/36520.jpg,4+3-5=2
train/36521.jpg,3+(4*6)=27
train/36522.jpg,(3+2)*8=40
train/36523.jpg,2*6+0=12
train/36524.jpg,6-(8*6)=-42
train/36525.jpg,0-4-0=-4
train/36526.jpg,0+6+7=13
train/36527.jpg,1+4+9=14
train/36528.jpg,(7+0)-7=0
train/36529.jpg,0+(1-1)=0
train/36530.jpg,2-(5*3)=-13
train/36531.jpg,(9-1)+5=13
train/36532.jpg,0-(4*6)=-24
train/36533.jpg,4-8+3=-1
train/36534.jpg,2-(8*5)=-38
train/36535.jpg,8*3+8=32
train/36536.jpg,3-(7-2)=-2
train/36537.jpg,6-(4*0)=6
train/36538.jpg,(4*3)*1=12
train/36539.jpg,8+(8*4)=40
train/36540.jpg,6*(6+6)=72
train/36541.jpg,3*6+1=19
train/36542.jpg,(1-0)+7=8
train/36543.jpg,0+1*5=5
train/36544.jpg,9-1*4=5
train/36545.jpg,5*2*0=0
train/36546.jpg,5-(7*6)=-37
train/36547.jpg,9+6-0=15
train/36548.jpg,5*(0*3)=0
train/36549.jpg,(7-7)+8=8
train/36550.jpg,9-3-8=-2
train/36551.jpg,8-5-4=-1
train/36552.jpg,4+(2+4)=10
train/36553.jpg,4*(4*9)=144
train/36554.jpg,5*4-4=16
train/36555.jpg,6*9+1=55
train/36556.jpg,3+(2*5)=13
train/36557.jpg,7*2+2=16
train/36558.jpg,7+1+9=17
train/36559.jpg,5*1*5=25
train/36560.jpg,2*(4-2)=4
train/36561.jpg,(1*1)+1=2
train/36562.jpg,9+2-0=11
train/36563.jpg,0+7*7=49
train/36564.jpg,6*4+9=33
train/36565.jpg,(3+6)*9=81
train/36566.jpg,2-(1+7)=-6
train/36567.jpg,6*7+9=51
train/36568.jpg,1*(2*3)=6
train/36569.jpg,9-(0+4)=5
train/36570.jpg,6*(4+6)=60
train/36571.jpg,7+2*0=7
train/36572.jpg,(8-9)+2=1
train/36573.jpg,3-(1*2)=1
train/36574.jpg,(8+9)+5=22
train/36575.jpg,(1+3)+3=7
train/36576.jpg,5*3*1=15
train/36577.jpg,0*6-9=-9
train/36578.jpg,6+8*1=14
train/36579.jpg,4-4-1=-1
train/36580.jpg,(5*2)+7=17
train/36581.jpg,4*(9*4)=144
train/36582.jpg,(2-7)-4=-9
train/36583.jpg,5+0*8=5
train/36584.jpg,(4-8)+1=-3
train/36585.jpg,(8*7)+3=59
train/36586.jpg,2+7+8=17
train/36587.jpg,(9-2)-5=2
train/36588.jpg,0+7-8=-1
train/36589.jpg,6-(6*5)=-24
train/36590.jpg,(5-1)*7=28
train/36591.jpg,4-3*5=-11
train/36592.jpg,1+(4*0)=1
train/36593.jpg,(3*6)-9=9
train/36594.jpg,1+(5+6)=12
train/36595.jpg,(9*2)-3=15
train/36596.jpg,5+(7*3)=26
train/36597.jpg,1-0-4=-3
train/36598.jpg,5-(9+5)=-9
train/36599.jpg,3-9-5=-11
train/36600.jpg,1*(4+9)=13
train/36601.jpg,9-5+1=5
train/36602.jpg,0-(9+8)=-17
train/36603.jpg,6-(8-9)=7
train/36604.jpg,2-1+4=5
train/36605.jpg,4+4*6=28
train/36606.jpg,(9-7)+0=2
train/36607.jpg,(5+7)-0=12
train/36608.jpg,0-(1+0)=-1
train/36609.jpg,(0-9)-4=-13
train/36610.jpg,(8+9)+0=17
train/36611.jpg,8-(7-5)=6
train/36612.jpg,2-2+0=0
train/36613.jpg,(3-6)*8=-24
train/36614.jpg,2+(0*8)=2
train/36615.jpg,(3+3)+8=14
train/36616.jpg,1+2*4=9
train/36617.jpg,6-(6-7)=7
train/36618.jpg,(6+3)*7=63
train/36619.jpg,6+(2-0)=8
train/36620.jpg,1*2*9=18
train/36621.jpg,(9+3)+3=15
train/36622.jpg,2-6*8=-46
train/36623.jpg,9+1*0=9
train/36624.jpg,9-(2+4)=3
train/36625.jpg,5+(9*4)=41
train/36626.jpg,0+(9+4)=13
train/36627.jpg,9+8-6=11
train/36628.jpg,1-(7-8)=2
train/36629.jpg,(1*3)+9=12
train/36630.jpg,(4-4)+9=9
train/36631.jpg,7*(6-3)=21
train/36632.jpg,(8+4)+7=19
train/36633.jpg,7*4-6=22
train/36634.jpg,6*3+7=25
train/36635.jpg,(8-3)+7=12
train/36636.jpg,9+4*7=37
train/36637.jpg,(8+6)-7=7
train/36638.jpg,8*1-1=7
train/36639.jpg,5-7+8=6
train/36640.jpg,5+0+0=5
train/36641.jpg,7+0+2=9
train/36642.jpg,(6*4)+9=33
train/36643.jpg,6*6+5=41
train/36644.jpg,7+(6+1)=14
train/36645.jpg,(3-8)*8=-40
train/36646.jpg,(2*4)+5=13
train/36647.jpg,1*(6-8)=-2
train/36648.jpg,(4*7)+9=37
train/36649.jpg,5-7-3=-5
train/36650.jpg,(5*7)-2=33
train/36651.jpg,(5+7)*0=0
train/36652.jpg,0+7+0=7
train/36653.jpg,(8-4)+5=9
train/36654.jpg,5*8*4=160
train/36655.jpg,(3*5)*8=120
train/36656.jpg,(3*3)-8=1
train/36657.jpg,(9+3)+1=13
train/36658.jpg,1*1*2=2
train/36659.jpg,(7+2)-3=6
train/36660.jpg,4+2+5=11
train/36661.jpg,7-(1-2)=8
train/36662.jpg,7*2*7=98
train/36663.jpg,5-(2-3)=6
train/36664.jpg,4-3*3=-5
train/36665.jpg,5-(4-0)=1
train/36666.jpg,(7+1)*2=16
train/36667.jpg,5*(5+8)=65
train/36668.jpg,(7+0)-9=-2
train/36669.jpg,7-3-4=0
train/36670.jpg,3*4-6=6
train/36671.jpg,(8-0)*2=16
train/36672.jpg,(6+0)*0=0
train/36673.jpg,0+(7+8)=15
train/36674.jpg,(1+9)*0=0
train/36675.jpg,(9+4)-2=11
train/36676.jpg,(4+6)*5=50
train/36677.jpg,2-2+4=4
train/36678.jpg,(4*3)*3=36
train/36679.jpg,5*(2-7)=-25
train/36680.jpg,9-1-6=2
train/36681.jpg,6*2-7=5
train/36682.jpg,5+8*1=13
train/36683.jpg,3-3*2=-3
train/36684.jpg,4*(3-8)=-20
train/36685.jpg,3*4+8=20
train/36686.jpg,(3*5)+8=23
train/36687.jpg,5+0-7=-2
train/36688.jpg,1+(5-5)=1
train/36689.jpg,4+3-8=-1
train/36690.jpg,4*1*9=36
train/36691.jpg,1*3*9=27
train/36692.jpg,7+(3-3)=7
train/36693.jpg,8+(0*7)=8
train/36694.jpg,(1-7)*7=-42
train/36695.jpg,(4+3)+3=10
train/36696.jpg,6+(5-0)=11
train/36697.jpg,6-(9*9)=-75
train/36698.jpg,9-(7*1)=2
train/36699.jpg,(6*7)*7=294
train/36700.jpg,0-5-5=-10
train/36701.jpg,3+8*6=51
train/36702.jpg,1+8*9=73
train/36703.jpg,(2-9)+1=-6
train/36704.jpg,7+0*6=7
train/36705.jpg,1*7+7=14
train/36706.jpg,1-9+3=-5
train/36707.jpg,7*9-5=58
train/36708.jpg,8+3*6=26
train/36709.jpg,(4+7)+2=13
train/36710.jpg,5+5*7=40
train/36711.jpg,(7-6)+7=8
train/36712.jpg,(5*8)-7=33
train/36713.jpg,0+4+6=10
train/36714.jpg,9-6-0=3
train/36715.jpg,2+(8-0)=10
train/36716.jpg,1*4*6=24
train/36717.jpg,4-(2+7)=-5
train/36718.jpg,(5*7)*8=280
train/36719.jpg,1-(5-8)=4
train/36720.jpg,0-(4+0)=-4
train/36721.jpg,(9+4)-8=5
train/36722.jpg,(1-9)*7=-56
train/36723.jpg,9+7+6=22
train/36724.jpg,0+1+5=6
train/36725.jpg,2+(5-2)=5
train/36726.jpg,(8-7)+5=6
train/36727.jpg,5*2-6=4
train/36728.jpg,2+(7+5)=14
train/36729.jpg,(6+0)-9=-3
train/36730.jpg,1+(0*7)=1
train/36731.jpg,8-(5*0)=8
train/36732.jpg,(5*5)+4=29
train/36733.jpg,1-(7*9)=-62
train/36734.jpg,2*7+6=20
train/36735.jpg,4-(2+1)=1
train/36736.jpg,(2*7)+7=21
train/36737.jpg,(1-4)*7=-21
train/36738.jpg,7+4+9=20
train/36739.jpg,(7-4)+5=8
train/36740.jpg,(8-9)+5=4
train/36741.jpg,2+(8-5)=5
train/36742.jpg,(3-1)-5=-3
train/36743.jpg,9*(3+7)=90
train/36744.jpg,(4*5)*4=80
train/36745.jpg,(8+6)+5=19
train/36746.jpg,(5+5)+1=11
train/36747.jpg,3+5+9=17
train/36748.jpg,(3*9)-0=27
train/36749.jpg,8-(2*5)=-2
train/36750.jpg,1+2*7=15
train/36751.jpg,(5*4)-2=18
train/36752.jpg,(3*1)*9=27
train/36753.jpg,6*6+6=42
train/36754.jpg,3*2-4=2
train/36755.jpg,4+2*3=10
train/36756.jpg,(6*0)+4=4
train/36757.jpg,6*(0*1)=0
train/36758.jpg,5*(6-2)=20
train/36759.jpg,0-(2*8)=-16
train/36760.jpg,(9*0)+0=0
train/36761.jpg,(0-2)+1=-1
train/36762.jpg,(2+7)+5=14
train/36763.jpg,0*1+6=6
train/36764.jpg,4+(7*9)=67
train/36765.jpg,6-(8-3)=1
train/36766.jpg,3+(0*9)=3
train/36767.jpg,3-4*7=-25
train/36768.jpg,2-7-1=-6
train/36769.jpg,0+0-5=-5
train/36770.jpg,3*2*5=30
train/36771.jpg,0*5-8=-8
train/36772.jpg,(5-7)-8=-10
train/36773.jpg,(7*5)+8=43
train/36774.jpg,6-5-5=-4
train/36775.jpg,4*9+3=39
train/36776.jpg,(7+6)+9=22
train/36777.jpg,6+(0-1)=5
train/36778.jpg,6*1-5=1
train/36779.jpg,4+2-6=0
train/36780.jpg,1-(8+3)=-10
train/36781.jpg,8*(1+6)=56
train/36782.jpg,0*8+2=2
train/36783.jpg,0+3-2=1
train/36784.jpg,0*2+3=3
train/36785.jpg,9*5+4=49
train/36786.jpg,1*7*8=56
train/36787.jpg,2*8+5=21
train/36788.jpg,9*(7+3)=90
train/36789.jpg,0-6+3=-3
train/36790.jpg,9*4*0=0
train/36791.jpg,4-(0*1)=4
train/36792.jpg,6*(3*2)=36
train/36793.jpg,0+(9+0)=9
train/36794.jpg,(1-8)-6=-13
train/36795.jpg,(5*3)*5=75
train/36796.jpg,9-(7-7)=9
train/36797.jpg,1-7+2=-4
train/36798.jpg,7-6-1=0
train/36799.jpg,6*8+7=55
train/36800.jpg,7-(4-2)=5
train/36801.jpg,1*(0*4)=0
train/36802.jpg,6*5*9=270
train/36803.jpg,2+(3*5)=17
train/36804.jpg,(3-4)+4=3
train/36805.jpg,(1-0)+6=7
train/36806.jpg,(8+3)-8=3
train/36807.jpg,4*(5+4)=36
train/36808.jpg,(3*2)+5=11
train/36809.jpg,6-(9-3)=0
train/36810.jpg,8*(4-1)=24
train/36811.jpg,1*2*7=14
train/36812.jpg,0*1-1=-1
train/36813.jpg,(8+5)*7=91
train/36814.jpg,(0-3)*9=-27
train/36815.jpg,(8+2)-7=3
train/36816.jpg,(7+8)+5=20
train/36817.jpg,(6*7)-4=38
train/36818.jpg,9-(9*8)=-63
train/36819.jpg,6*4-7=17
train/36820.jpg,7*(3-9)=-42
train/36821.jpg,9*(8+0)=72
train/36822.jpg,4+(7+0)=11
train/36823.jpg,9-(0*0)=9
train/36824.jpg,(9-0)*2=18
train/36825.jpg,2+(0+8)=10
train/36826.jpg,6+(3-3)=6
train/36827.jpg,(0+3)*3=9
train/36828.jpg,(1*0)*8=0
train/36829.jpg,7+(5-7)=5
train/36830.jpg,2-(5-2)=-1
train/36831.jpg,9*2*9=162
train/36832.jpg,(0-3)*8=-24
train/36833.jpg,(3+8)+6=17
train/36834.jpg,6+(2*9)=24
train/36835.jpg,(9*4)-4=32
train/36836.jpg,4-(6-0)=-2
train/36837.jpg,6+(6-1)=11
train/36838.jpg,4-3-0=1
train/36839.jpg,2-5-0=-3
train/36840.jpg,(0*7)-7=-7
train/36841.jpg,(7-8)*2=-2
train/36842.jpg,4-(3*4)=-8
train/36843.jpg,4*(3+9)=48
train/36844.jpg,0-9-9=-18
train/36845.jpg,8+(3-4)=7
train/36846.jpg,1*0+3=3
train/36847.jpg,(2*0)+0=0
train/36848.jpg,1+(5*6)=31
train/36849.jpg,3+(3*2)=9
train/36850.jpg,(1*9)*0=0
train/36851.jpg,5+2*9=23
train/36852.jpg,2*(4-2)=4
train/36853.jpg,(0*7)*6=0
train/36854.jpg,7-(9+1)=-3
train/36855.jpg,1*7*0=0
train/36856.jpg,4+(1*9)=13
train/36857.jpg,4-(7+1)=-4
train/36858.jpg,2+6-2=6
train/36859.jpg,5-3+3=5
train/36860.jpg,7+(4-9)=2
train/36861.jpg,7*(8*7)=392
train/36862.jpg,4-4*5=-16
train/36863.jpg,7*(7*3)=147
train/36864.jpg,(7-9)+8=6
train/36865.jpg,5+9-5=9
train/36866.jpg,8-1-0=7
train/36867.jpg,2+7*2=16
train/36868.jpg,9*0-3=-3
train/36869.jpg,(0*6)*9=0
train/36870.jpg,(9-7)+6=8
train/36871.jpg,3+(4-1)=6
train/36872.jpg,9+(5*9)=54
train/36873.jpg,7*(6+0)=42
train/36874.jpg,(6*2)+1=13
train/36875.jpg,(1+3)-6=-2
train/36876.jpg,5+(2*7)=19
train/36877.jpg,(7-2)+1=6
train/36878.jpg,7-(3-3)=7
train/36879.jpg,9-(0-4)=13
train/36880.jpg,(9*3)-9=18
train/36881.jpg,3*5+1=16
train/36882.jpg,(8-3)*0=0
train/36883.jpg,5+7-5=7
train/36884.jpg,(9-1)+0=8
train/36885.jpg,2-(2-6)=6
train/36886.jpg,4+(5-8)=1
train/36887.jpg,6-(8+2)=-4
train/36888.jpg,9-(0-0)=9
train/36889.jpg,6*7+4=46
train/36890.jpg,0-(5+3)=-8
train/36891.jpg,(7-8)*2=-2
train/36892.jpg,2-5-3=-6
train/36893.jpg,1-1-9=-9
train/36894.jpg,3*(4+8)=36
train/36895.jpg,4*(6*0)=0
train/36896.jpg,7+8*0=7
train/36897.jpg,(9+2)-0=11
train/36898.jpg,(9+5)*6=84
train/36899.jpg,(1*6)*3=18
train/36900.jpg,6+(0-5)=1
train/36901.jpg,6+(9*3)=33
train/36902.jpg,5*0+5=5
train/36903.jpg,5+1-3=3
train/36904.jpg,7+(5-4)=8
train/36905.jpg,2-3-8=-9
train/36906.jpg,5+(3*2)=11
train/36907.jpg,6-(8-5)=3
train/36908.jpg,(8+2)*6=60
train/36909.jpg,3+8-1=10
train/36910.jpg,(9+2)+6=17
train/36911.jpg,1-(1*4)=-3
train/36912.jpg,3+(1*2)=5
train/36913.jpg,(0*8)+3=3
train/36914.jpg,(8-5)-6=-3
train/36915.jpg,(0-6)-9=-15
train/36916.jpg,(8*4)-0=32
train/36917.jpg,(4-0)-0=4
train/36918.jpg,1*(5*3)=15
train/36919.jpg,5+9-0=14
train/36920.jpg,6-(1*9)=-3
train/36921.jpg,(8+8)-2=14
train/36922.jpg,3*(9+6)=45
train/36923.jpg,(6-2)+7=11
train/36924.jpg,(0*6)*3=0
train/36925.jpg,(8-8)-5=-5
train/36926.jpg,7-2-9=-4
train/36927.jpg,(9+0)+2=11
train/36928.jpg,7-(8-5)=4
train/36929.jpg,(6-0)-1=5
train/36930.jpg,2+3-1=4
train/36931.jpg,(2-2)*2=0
train/36932.jpg,2-5*0=2
train/36933.jpg,(5+0)*8=40
train/36934.jpg,4-(9*8)=-68
train/36935.jpg,2+(8*9)=74
train/36936.jpg,(5+8)*7=91
train/36937.jpg,0+(3-0)=3
train/36938.jpg,(8-1)-9=-2
train/36939.jpg,8-(4-0)=4
train/36940.jpg,9-(0-4)=13
train/36941.jpg,9-(8*7)=-47
train/36942.jpg,3+8+0=11
train/36943.jpg,7-(0-4)=11
train/36944.jpg,(4+9)-0=13
train/36945.jpg,(9*7)-4=59
train/36946.jpg,1-9-9=-17
train/36947.jpg,2+0-8=-6
train/36948.jpg,1*6-5=1
train/36949.jpg,6-0+1=7
train/36950.jpg,(7-1)+1=7
train/36951.jpg,(0+2)+2=4
train/36952.jpg,(6-0)-8=-2
train/36953.jpg,(3-3)-6=-6
train/36954.jpg,5-7-7=-9
train/36955.jpg,(0*7)-5=-5
train/36956.jpg,(4*2)-6=2
train/36957.jpg,(5*1)*3=15
train/36958.jpg,6+(3*2)=12
train/36959.jpg,4*(3-3)=0
train/36960.jpg,0-0-8=-8
train/36961.jpg,(1+3)+8=12
train/36962.jpg,9+(5+3)=17
train/36963.jpg,(1-7)-2=-8
train/36964.jpg,2*4*3=24
train/36965.jpg,(1-5)-7=-11
train/36966.jpg,(2-5)-7=-10
train/36967.jpg,2+3-3=2
train/36968.jpg,(7-5)-6=-4
train/36969.jpg,3-(4*2)=-5
train/36970.jpg,7*3-6=15
train/36971.jpg,4-8+4=0
train/36972.jpg,1-4*3=-11
train/36973.jpg,9+1*3=12
train/36974.jpg,6*9+5=59
train/36975.jpg,8-5*9=-37
train/36976.jpg,(6*4)*7=168
train/36977.jpg,1+1-5=-3
train/36978.jpg,8+5+9=22
train/36979.jpg,1+4*8=33
train/36980.jpg,0*(0*2)=0
train/36981.jpg,8-1+4=11
train/36982.jpg,0*(0*3)=0
train/36983.jpg,(5*6)+3=33
train/36984.jpg,(2*8)-9=7
train/36985.jpg,8-8*8=-56
train/36986.jpg,(8+6)*3=42
train/36987.jpg,(2-7)+1=-4
train/36988.jpg,6-8-2=-4
train/36989.jpg,0-(2*8)=-16
train/36990.jpg,(6*9)*6=324
train/36991.jpg,6*(8*1)=48
train/36992.jpg,2+(3+8)=13
train/36993.jpg,(0*2)+5=5
train/36994.jpg,2+(8*2)=18
train/36995.jpg,0*3*6=0
train/36996.jpg,4-9+1=-4
train/36997.jpg,(9-8)*2=2
train/36998.jpg,8*(7-0)=56
train/36999.jpg,6*(4*2)=48
train/37000.jpg,7-6+4=5
train/37001.jpg,1*9+9=18
train/37002.jpg,(9-3)*6=36
train/37003.jpg,1-(1-8)=8
train/37004.jpg,2+(7+1)=10
train/37005.jpg,4*1-7=-3
train/37006.jpg,0+2*7=14
train/37007.jpg,6+6*4=30
train/37008.jpg,(7-3)-8=-4
train/37009.jpg,(0-4)+1=-3
train/37010.jpg,4-(7*3)=-17
train/37011.jpg,3*(7+8)=45
train/37012.jpg,7*0*0=0
train/37013.jpg,1*(8-3)=5
train/37014.jpg,4+(5+2)=11
train/37015.jpg,8+3+4=15
train/37016.jpg,(6-5)-5=-4
train/37017.jpg,(0-5)-9=-14
train/37018.jpg,(1-6)+0=-5
train/37019.jpg,4-3*5=-11
train/37020.jpg,(7+0)*3=21
train/37021.jpg,8*6*8=384
train/37022.jpg,(4+2)+9=15
train/37023.jpg,(7-3)+8=12
train/37024.jpg,4*(2-7)=-20
train/37025.jpg,(0-8)+0=-8
train/37026.jpg,9*(8*5)=360
train/37027.jpg,8+0-4=4
train/37028.jpg,9*(7+0)=63
train/37029.jpg,7*(9*5)=315
train/37030.jpg,(5+7)*8=96
train/37031.jpg,7*(0-0)=0
train/37032.jpg,(1+5)-7=-1
train/37033.jpg,8-(8-8)=8
train/37034.jpg,4*(0-2)=-8
train/37035.jpg,8*1*9=72
train/37036.jpg,7+3-5=5
train/37037.jpg,6*1*6=36
train/37038.jpg,(8+2)-4=6
train/37039.jpg,(2*3)+9=15
train/37040.jpg,(5*2)*9=90
train/37041.jpg,1+(9*9)=82
train/37042.jpg,2+(5+4)=11
train/37043.jpg,6+7-1=12
train/37044.jpg,3-5-3=-5
train/37045.jpg,(4+9)*2=26
train/37046.jpg,1-(2-9)=8
train/37047.jpg,5*(3-0)=15
train/37048.jpg,6*9*7=378
train/37049.jpg,(2-0)-1=1
train/37050.jpg,8+7+4=19
train/37051.jpg,6+(6+0)=12
train/37052.jpg,7+9-2=14
train/37053.jpg,(9+1)-7=3
train/37054.jpg,9-9-8=-8
train/37055.jpg,1-2+6=5
train/37056.jpg,6*(8-5)=18
train/37057.jpg,7*(4*8)=224
train/37058.jpg,2+9+7=18
train/37059.jpg,9+0*5=9
train/37060.jpg,3+(8+5)=16
train/37061.jpg,0*(0+4)=0
train/37062.jpg,3*(3*3)=27
train/37063.jpg,3-7-1=-5
train/37064.jpg,(0+0)-6=-6
train/37065.jpg,2+(3-3)=2
train/37066.jpg,(9*3)-3=24
train/37067.jpg,(2*5)+7=17
train/37068.jpg,1+3-2=2
train/37069.jpg,(4+9)-5=8
train/37070.jpg,(9+0)-0=9
train/37071.jpg,(0*0)-5=-5
train/37072.jpg,(3+2)+4=9
train/37073.jpg,7*(8*3)=168
train/37074.jpg,8-0-6=2
train/37075.jpg,(0-7)*7=-49
train/37076.jpg,(1+9)-3=7
train/37077.jpg,5-(7-0)=-2
train/37078.jpg,(0*9)-5=-5
train/37079.jpg,6*(2-8)=-36
train/37080.jpg,5*4+4=24
train/37081.jpg,(7-9)*9=-18
train/37082.jpg,(7+7)*6=84
train/37083.jpg,4-9*2=-14
train/37084.jpg,2+(2+3)=7
train/37085.jpg,8+8-6=10
train/37086.jpg,2*(5*3)=30
train/37087.jpg,9*7*2=126
train/37088.jpg,0*5+9=9
train/37089.jpg,7-(6-5)=6
train/37090.jpg,(4-5)*5=-5
train/37091.jpg,1-4-0=-3
train/37092.jpg,2+(9+8)=19
train/37093.jpg,5*(6+8)=70
train/37094.jpg,(1*9)*3=27
train/37095.jpg,(2-1)-2=-1
train/37096.jpg,7-(0*2)=7
train/37097.jpg,6*(3+8)=66
train/37098.jpg,(2-3)*0=0
train/37099.jpg,(6*0)*3=0
train/37100.jpg,3*4-3=9
train/37101.jpg,0+(0+6)=6
train/37102.jpg,9*(6-4)=18
train/37103.jpg,(9*6)+5=59
train/37104.jpg,(1-3)+3=1
train/37105.jpg,9-8+0=1
train/37106.jpg,8+6*6=44
train/37107.jpg,7*6+7=49
train/37108.jpg,(5-4)*5=5
train/37109.jpg,(3*1)*9=27
train/37110.jpg,4-(4*8)=-28
train/37111.jpg,4-(2-2)=4
train/37112.jpg,0-1-0=-1
train/37113.jpg,(1-3)+3=1
train/37114.jpg,(5*7)*4=140
train/37115.jpg,(0-3)-8=-11
train/37116.jpg,6-(1*3)=3
train/37117.jpg,(6*0)+0=0
train/37118.jpg,7+(7-4)=10
train/37119.jpg,0-4+4=0
train/37120.jpg,1*1*3=3
train/37121.jpg,2+(5+2)=9
train/37122.jpg,(0+8)-1=7
train/37123.jpg,8*0-3=-3
train/37124.jpg,(4+8)*1=12
train/37125.jpg,(8-9)-9=-10
train/37126.jpg,1-9-0=-8
train/37127.jpg,8*(7*1)=56
train/37128.jpg,(7+4)+4=15
train/37129.jpg,(2*5)+4=14
train/37130.jpg,2+(1-7)=-4
train/37131.jpg,9+(9*5)=54
train/37132.jpg,4*(3+6)=36
train/37133.jpg,5+(8+6)=19
train/37134.jpg,3*0-9=-9
train/37135.jpg,(1+2)-5=-2
train/37136.jpg,(3+4)+7=14
train/37137.jpg,7-4-7=-4
train/37138.jpg,(1-0)*6=6
train/37139.jpg,(1-1)+5=5
train/37140.jpg,(3-0)+9=12
train/37141.jpg,2+(3+1)=6
train/37142.jpg,6*(8+4)=72
train/37143.jpg,6-(2*2)=2
train/37144.jpg,(1-3)-8=-10
train/37145.jpg,4-2-6=-4
train/37146.jpg,2+4+0=6
train/37147.jpg,(3-2)*2=2
train/37148.jpg,4-8*9=-68
train/37149.jpg,(9+6)-8=7
train/37150.jpg,(4+6)+9=19
train/37151.jpg,(8-1)-4=3
train/37152.jpg,(3+2)-1=4
train/37153.jpg,1+8-2=7
train/37154.jpg,(2+7)+1=10
train/37155.jpg,9*0*3=0
train/37156.jpg,2*(4-6)=-4
train/37157.jpg,(0-1)-8=-9
train/37158.jpg,(6-0)+8=14
train/37159.jpg,0-(7+9)=-16
train/37160.jpg,2-(8*3)=-22
train/37161.jpg,9*5+9=54
train/37162.jpg,6-4+3=5
train/37163.jpg,6-(8*0)=6
train/37164.jpg,7-8+4=3
train/37165.jpg,5-7*2=-9
train/37166.jpg,8-9+4=3
train/37167.jpg,9+(1+3)=13
train/37168.jpg,(8*3)-4=20
train/37169.jpg,(8-2)*5=30
train/37170.jpg,1*(4-4)=0
train/37171.jpg,(4-3)*6=6
train/37172.jpg,6-(8-5)=3
train/37173.jpg,1+(3+9)=13
train/37174.jpg,0+(2*4)=8
train/37175.jpg,0+6-5=1
train/37176.jpg,7+2-1=8
train/37177.jpg,(3-4)-5=-6
train/37178.jpg,(3+9)*6=72
train/37179.jpg,4+(6+3)=13
train/37180.jpg,(8-2)+3=9
train/37181.jpg,(1*6)+8=14
train/37182.jpg,4*5*2=40
train/37183.jpg,8+(8*8)=72
train/37184.jpg,9+(6-2)=13
train/37185.jpg,(8+5)*1=13
train/37186.jpg,(5-0)+4=9
train/37187.jpg,(3-2)+3=4
train/37188.jpg,(9-9)*5=0
train/37189.jpg,7*(9*9)=567
train/37190.jpg,4+2*0=4
train/37191.jpg,1+4-5=0
train/37192.jpg,1*4*3=12
train/37193.jpg,1+(8+2)=11
train/37194.jpg,4-6-0=-2
train/37195.jpg,7*1*8=56
train/37196.jpg,7+(1*1)=8
train/37197.jpg,3*(2*0)=0
train/37198.jpg,(1+8)*6=54
train/37199.jpg,4-0-1=3
train/37200.jpg,(1+8)-8=1
train/37201.jpg,(3+2)-5=0
train/37202.jpg,(4-3)*2=2
train/37203.jpg,3-4*0=3
train/37204.jpg,1+(3-7)=-3
train/37205.jpg,(4*9)-3=33
train/37206.jpg,(7*3)-8=13
train/37207.jpg,(4-2)*4=8
train/37208.jpg,(4+5)+8=17
train/37209.jpg,8+1+9=18
train/37210.jpg,9*6*9=486
train/37211.jpg,6-(6-2)=2
train/37212.jpg,0-(5+1)=-6
train/37213.jpg,3+(9-4)=8
train/37214.jpg,5*(3+8)=55
train/37215.jpg,7*(1-2)=-7
train/37216.jpg,(8-6)-0=2
train/37217.jpg,9*(4-2)=18
train/37218.jpg,(7+4)*8=88
train/37219.jpg,3-0*3=3
train/37220.jpg,8*(5*7)=280
train/37221.jpg,(3*9)-7=20
train/37222.jpg,(9+0)-8=1
train/37223.jpg,(5*5)*9=225
train/37224.jpg,2-(4+7)=-9
train/37225.jpg,1*0+3=3
train/37226.jpg,0*(5-4)=0
train/37227.jpg,7-7+3=3
train/37228.jpg,7+1*9=16
train/37229.jpg,8+2-8=2
train/37230.jpg,7-1+2=8
train/37231.jpg,9+2+2=13
train/37232.jpg,(9-3)+7=13
train/37233.jpg,9*(6+1)=63
train/37234.jpg,(9*1)+0=9
train/37235.jpg,0-9+9=0
train/37236.jpg,6*(4-9)=-30
train/37237.jpg,3*3*5=45
train/37238.jpg,5*(0+8)=40
train/37239.jpg,4*(2+9)=44
train/37240.jpg,2-(8-4)=-2
train/37241.jpg,7*(4+9)=91
train/37242.jpg,4-6+4=2
train/37243.jpg,5+(3+5)=13
train/37244.jpg,9*(8-2)=54
train/37245.jpg,(3*0)-1=-1
train/37246.jpg,0-(4-1)=-3
train/37247.jpg,5-(9-0)=-4
train/37248.jpg,2-(5*3)=-13
train/37249.jpg,(0*8)+8=8
train/37250.jpg,(1*4)+5=9
train/37251.jpg,7+9-2=14
train/37252.jpg,0+5-1=4
train/37253.jpg,1+(6*2)=13
train/37254.jpg,(6*7)*9=378
train/37255.jpg,6-(1+4)=1
train/37256.jpg,(2-2)+1=1
train/37257.jpg,8+0-7=1
train/37258.jpg,3-(5-7)=5
train/37259.jpg,(0+8)-3=5
train/37260.jpg,4-3*7=-17
train/37261.jpg,7-(7*6)=-35
train/37262.jpg,1+2-6=-3
train/37263.jpg,3-1*5=-2
train/37264.jpg,4-(3-6)=7
train/37265.jpg,4-(8+1)=-5
train/37266.jpg,8*(6-4)=16
train/37267.jpg,(8-1)-1=6
train/37268.jpg,6+3+9=18
train/37269.jpg,7-1*8=-1
train/37270.jpg,6+(7*1)=13
train/37271.jpg,8-(7-1)=2
train/37272.jpg,(4-1)+1=4
train/37273.jpg,(2-9)-7=-14
train/37274.jpg,(6+2)-5=3
train/37275.jpg,(7-2)*1=5
train/37276.jpg,(4+4)+2=10
train/37277.jpg,2-9-9=-16
train/37278.jpg,1+(3-4)=0
train/37279.jpg,(1-3)*3=-6
train/37280.jpg,4+6*2=16
train/37281.jpg,(9-2)+3=10
train/37282.jpg,3*(3-8)=-15
train/37283.jpg,(5+3)*9=72
train/37284.jpg,6-6-3=-3
train/37285.jpg,7-(7+0)=0
train/37286.jpg,8+9+3=20
train/37287.jpg,(3-3)+0=0
train/37288.jpg,(0-4)+6=2
train/37289.jpg,5-(0+6)=-1
train/37290.jpg,6*2*5=60
train/37291.jpg,1-(8-6)=-1
train/37292.jpg,(8-5)+3=6
train/37293.jpg,1-0*3=1
train/37294.jpg,0+(8+7)=15
train/37295.jpg,3-(5*1)=-2
train/37296.jpg,6*0-4=-4
train/37297.jpg,5+(6+6)=17
train/37298.jpg,6+5+7=18
train/37299.jpg,9*(7*4)=252
train/37300.jpg,0+(0+9)=9
train/37301.jpg,5-1*3=2
train/37302.jpg,(2*3)*0=0
train/37303.jpg,(1-9)-6=-14
train/37304.jpg,9-1*1=8
train/37305.jpg,2+3*2=8
train/37306.jpg,6+9+7=22
train/37307.jpg,5+0+6=11
train/37308.jpg,(3+8)*5=55
train/37309.jpg,8*(7-3)=32
train/37310.jpg,4*9+5=41
train/37311.jpg,(9+5)*6=84
train/37312.jpg,4*(1*5)=20
train/37313.jpg,2-(5+3)=-6
train/37314.jpg,(4+1)+8=13
train/37315.jpg,6-(9+5)=-8
train/37316.jpg,7+4-2=9
train/37317.jpg,5-(8+7)=-10
train/37318.jpg,9+(1+3)=13
train/37319.jpg,(5+5)-6=4
train/37320.jpg,1-(8+9)=-16
train/37321.jpg,1-7-7=-13
train/37322.jpg,(1+5)*6=36
train/37323.jpg,(8*9)-4=68
train/37324.jpg,(4*0)+8=8
train/37325.jpg,(1+3)-0=4
train/37326.jpg,6-4*1=2
train/37327.jpg,(4*3)-2=10
train/37328.jpg,0*(3*3)=0
train/37329.jpg,9+(1+1)=11
train/37330.jpg,(8*1)+2=10
train/37331.jpg,1-(1-6)=6
train/37332.jpg,2*6*7=84
train/37333.jpg,0+6*6=36
train/37334.jpg,4-(3+8)=-7
train/37335.jpg,5+(2*7)=19
train/37336.jpg,0-7-5=-12
train/37337.jpg,6+(9+8)=23
train/37338.jpg,6-3+2=5
train/37339.jpg,2*2+5=9
train/37340.jpg,9*(7-6)=9
train/37341.jpg,9+1*0=9
train/37342.jpg,(3*2)-0=6
train/37343.jpg,9+3-2=10
train/37344.jpg,(0*7)*4=0
train/37345.jpg,4+6+2=12
train/37346.jpg,(0+6)+9=15
train/37347.jpg,3-5+6=4
train/37348.jpg,4+(6+9)=19
train/37349.jpg,3*8*7=168
train/37350.jpg,4*(8+4)=48
train/37351.jpg,9+3-0=12
train/37352.jpg,(0*5)-2=-2
train/37353.jpg,(7+4)+4=15
train/37354.jpg,9-3*4=-3
train/37355.jpg,(8-1)*3=21
train/37356.jpg,1*(2+2)=4
train/37357.jpg,2*7+9=23
train/37358.jpg,(3+1)+8=12
train/37359.jpg,(7+9)+5=21
train/37360.jpg,5+(5-7)=3
train/37361.jpg,(1*1)-8=-7
train/37362.jpg,(6-1)+8=13
train/37363.jpg,(6+5)-4=7
train/37364.jpg,(8*3)-8=16
train/37365.jpg,0-3-4=-7
train/37366.jpg,1+9*9=82
train/37367.jpg,8+2-5=5
train/37368.jpg,(5*5)*0=0
train/37369.jpg,(2+8)*5=50
train/37370.jpg,0*7+0=0
train/37371.jpg,7-(0-6)=13
train/37372.jpg,(2*6)*3=36
train/37373.jpg,0*(1*9)=0
train/37374.jpg,4-(5-6)=5
train/37375.jpg,(0+4)+1=5
train/37376.jpg,(9-5)*5=20
train/37377.jpg,(7-8)-7=-8
train/37378.jpg,(1+2)-3=0
train/37379.jpg,1+0-0=1
train/37380.jpg,8-(2-2)=8
train/37381.jpg,0-(4+6)=-10
train/37382.jpg,1+9*1=10
train/37383.jpg,(3*7)*6=126
train/37384.jpg,2*9+0=18
train/37385.jpg,(3+4)+6=13
train/37386.jpg,(3+5)+0=8
train/37387.jpg,8+2+5=15
train/37388.jpg,2-0+4=6
train/37389.jpg,(5+2)+7=14
train/37390.jpg,1-(3*1)=-2
train/37391.jpg,7+(3+0)=10
train/37392.jpg,6-5-2=-1
train/37393.jpg,8*5*1=40
train/37394.jpg,0*3*7=0
train/37395.jpg,9+(8-1)=16
train/37396.jpg,8+(3-6)=5
train/37397.jpg,7-(7*5)=-28
train/37398.jpg,8-3-0=5
train/37399.jpg,4-(5+1)=-2
train/37400.jpg,4*6+9=33
train/37401.jpg,2*8-5=11
train/37402.jpg,5-9-1=-5
train/37403.jpg,8*(5-5)=0
train/37404.jpg,3-(7+5)=-9
train/37405.jpg,6-3-9=-6
train/37406.jpg,4+2*7=18
train/37407.jpg,6+9+9=24
train/37408.jpg,(3+8)*7=77
train/37409.jpg,(1+2)*2=6
train/37410.jpg,3-4-9=-10
train/37411.jpg,1-(6*1)=-5
train/37412.jpg,6+(0-5)=1
train/37413.jpg,0*(0-6)=0
train/37414.jpg,6+(1-8)=-1
train/37415.jpg,9+(7*2)=23
train/37416.jpg,2+6-7=1
train/37417.jpg,(2+5)-3=4
train/37418.jpg,(5+6)-9=2
train/37419.jpg,6-(7*2)=-8
train/37420.jpg,9*9+7=88
train/37421.jpg,6+5+2=13
train/37422.jpg,(5-8)-3=-6
train/37423.jpg,2+(4+2)=8
train/37424.jpg,3-(5-7)=5
train/37425.jpg,8+(8*8)=72
train/37426.jpg,0-9-0=-9
train/37427.jpg,5*9*9=405
train/37428.jpg,9-(6*6)=-27
train/37429.jpg,2+2-0=4
train/37430.jpg,(9*4)*0=0
train/37431.jpg,(7*7)+3=52
train/37432.jpg,(3-5)*8=-16
train/37433.jpg,2*0+5=5
train/37434.jpg,0*(2+9)=0
train/37435.jpg,8+2-3=7
train/37436.jpg,1*(4-4)=0
train/37437.jpg,4-(3+7)=-6
train/37438.jpg,(4*7)*9=252
train/37439.jpg,(0-5)-9=-14
train/37440.jpg,3-7*0=3
train/37441.jpg,1+(2*0)=1
train/37442.jpg,2*(3*9)=54
train/37443.jpg,7*(2+1)=21
train/37444.jpg,6+9-2=13
train/37445.jpg,9+9+4=22
train/37446.jpg,(4+8)-1=11
train/37447.jpg,6-1*6=0
train/37448.jpg,7-(5-9)=11
train/37449.jpg,5*1*1=5
train/37450.jpg,(0+0)+9=9
train/37451.jpg,2+(7+6)=15
train/37452.jpg,2-(4*8)=-30
train/37453.jpg,(4+1)-4=1
train/37454.jpg,(8-7)*4=4
train/37455.jpg,(5-2)*8=24
train/37456.jpg,(5-9)-5=-9
train/37457.jpg,5*4-1=19
train/37458.jpg,4*(2+4)=24
train/37459.jpg,(0-7)*2=-14
train/37460.jpg,0-(5-4)=-1
train/37461.jpg,(5-4)*7=7
train/37462.jpg,3+(4*9)=39
train/37463.jpg,4-(8-5)=1
train/37464.jpg,2-5*9=-43
train/37465.jpg,7+8-2=13
train/37466.jpg,9+4*2=17
train/37467.jpg,(5*2)-1=9
train/37468.jpg,(2-5)*2=-6
train/37469.jpg,0*(1-0)=0
train/37470.jpg,1+(8+9)=18
train/37471.jpg,8-0+4=12
train/37472.jpg,(6+3)*1=9
train/37473.jpg,8+0-8=0
train/37474.jpg,7+(5-8)=4
train/37475.jpg,(4+9)*9=117
train/37476.jpg,7-5*8=-33
train/37477.jpg,(2-8)*2=-12
train/37478.jpg,7*(1*3)=21
train/37479.jpg,6*4+5=29
train/37480.jpg,4*(8*0)=0
train/37481.jpg,4*(8+6)=56
train/37482.jpg,8*(5+4)=72
train/37483.jpg,4+(5*0)=4
train/37484.jpg,4-7+2=-1
train/37485.jpg,8-(1-7)=14
train/37486.jpg,4*(6*5)=120
train/37487.jpg,(8-7)-0=1
train/37488.jpg,1*5-4=1
train/37489.jpg,9*(6*5)=270
train/37490.jpg,(2*9)+1=19
train/37491.jpg,7-0+5=12
train/37492.jpg,9*7-5=58
train/37493.jpg,3-(4+5)=-6
train/37494.jpg,2*8-8=8
train/37495.jpg,(5-6)*1=-1
train/37496.jpg,2-(4+0)=-2
train/37497.jpg,(2+5)-3=4
train/37498.jpg,7+(4-8)=3
train/37499.jpg,8+1+3=12
train/37500.jpg,7*(6-2)=28
train/37501.jpg,8-(7-7)=8
train/37502.jpg,5*6*4=120
train/37503.jpg,4+(5+6)=15
train/37504.jpg,6+3-3=6
train/37505.jpg,3*(3+6)=27
train/37506.jpg,2-(4+8)=-10
train/37507.jpg,8-(1-6)=13
train/37508.jpg,5-7*3=-16
train/37509.jpg,8-2+7=13
train/37510.jpg,(3+5)-7=1
train/37511.jpg,0*(4*6)=0
train/37512.jpg,6-0+3=9
train/37513.jpg,(0+8)+9=17
train/37514.jpg,4+3+9=16
train/37515.jpg,9*6+0=54
train/37516.jpg,4*(9+6)=60
train/37517.jpg,6-(5-2)=3
train/37518.jpg,(6-7)-6=-7
train/37519.jpg,5*(3+9)=60
train/37520.jpg,7-(7-3)=3
train/37521.jpg,7-(8-3)=2
train/37522.jpg,(4*2)+7=15
train/37523.jpg,6+(5*1)=11
train/37524.jpg,(4-0)+8=12
train/37525.jpg,8-(6*0)=8
train/37526.jpg,4+(9-2)=11
train/37527.jpg,9*(3-5)=-18
train/37528.jpg,(0+2)*8=16
train/37529.jpg,5-4-6=-5
train/37530.jpg,(4+0)+7=11
train/37531.jpg,7*(0*2)=0
train/37532.jpg,(9+4)*0=0
train/37533.jpg,0-6+1=-5
train/37534.jpg,6+(0-5)=1
train/37535.jpg,3+2-1=4
train/37536.jpg,9+(4+6)=19
train/37537.jpg,4-1*4=0
train/37538.jpg,(8+9)*4=68
train/37539.jpg,2-(2*8)=-14
train/37540.jpg,1+(6*8)=49
train/37541.jpg,(3+2)+3=8
train/37542.jpg,5+6+2=13
train/37543.jpg,1+5*1=6
train/37544.jpg,(3-1)-3=-1
train/37545.jpg,2*3+3=9
train/37546.jpg,(4-2)+6=8
train/37547.jpg,(9+1)-0=10
train/37548.jpg,(1*0)+8=8
train/37549.jpg,8-(7-7)=8
train/37550.jpg,6*5-4=26
train/37551.jpg,9-(4-9)=14
train/37552.jpg,(9-7)-8=-6
train/37553.jpg,2*4*9=72
train/37554.jpg,(5*7)-1=34
train/37555.jpg,8+(8*7)=64
train/37556.jpg,8*8-2=62
train/37557.jpg,(0+6)+4=10
train/37558.jpg,7*(1+3)=28
train/37559.jpg,4-(6-7)=5
train/37560.jpg,4-(8*4)=-28
train/37561.jpg,8+(5-6)=7
train/37562.jpg,(8+8)*2=32
train/37563.jpg,(6*0)+1=1
train/37564.jpg,0*7-8=-8
train/37565.jpg,7-7+0=0
train/37566.jpg,4-(9*5)=-41
train/37567.jpg,(0+5)+2=7
train/37568.jpg,2-6*4=-22
train/37569.jpg,(4*0)*1=0
train/37570.jpg,9-0*9=9
train/37571.jpg,7-3-2=2
train/37572.jpg,1+2+1=4
train/37573.jpg,9-(7-4)=6
train/37574.jpg,1-(0-4)=5
train/37575.jpg,4-5-3=-4
train/37576.jpg,3+8*0=3
train/37577.jpg,2-0-4=-2
train/37578.jpg,3-0+9=12
train/37579.jpg,(0*0)-8=-8
train/37580.jpg,(2*9)-2=16
train/37581.jpg,1+2*1=3
train/37582.jpg,0+1*5=5
train/37583.jpg,3-8-7=-12
train/37584.jpg,7*(7-2)=35
train/37585.jpg,0-1*1=-1
train/37586.jpg,(3+7)*7=70
train/37587.jpg,2*3*0=0
train/37588.jpg,4+(3*9)=31
train/37589.jpg,7*(4*4)=112
train/37590.jpg,(5+7)-5=7
train/37591.jpg,8+(5+0)=13
train/37592.jpg,1+8+3=12
train/37593.jpg,(9+2)+4=15
train/37594.jpg,1+1-5=-3
train/37595.jpg,5-6*3=-13
train/37596.jpg,3*2*8=48
train/37597.jpg,4*(6+7)=52
train/37598.jpg,8*(2+2)=32
train/37599.jpg,(3*1)-1=2
train/37600.jpg,9+(8*0)=9
train/37601.jpg,(8*2)*4=64
train/37602.jpg,(2*1)-3=-1
train/37603.jpg,8-2-3=3
train/37604.jpg,8*(8*2)=128
train/37605.jpg,2-(0+2)=0
train/37606.jpg,(5-4)*2=2
train/37607.jpg,2+(6+6)=14
train/37608.jpg,4*9*4=144
train/37609.jpg,(1+4)+4=9
train/37610.jpg,0-0*1=0
train/37611.jpg,6*4+3=27
train/37612.jpg,(5*7)*5=175
train/37613.jpg,5+5*5=30
train/37614.jpg,8-7+6=7
train/37615.jpg,(4+7)*4=44
train/37616.jpg,9*4+0=36
train/37617.jpg,1+(6+9)=16
train/37618.jpg,(4-4)-6=-6
train/37619.jpg,0-4*4=-16
train/37620.jpg,3-(7*2)=-11
train/37621.jpg,6*4*6=144
train/37622.jpg,(3*8)-4=20
train/37623.jpg,6*(6-4)=12
train/37624.jpg,(8*9)*3=216
train/37625.jpg,1*1*2=2
train/37626.jpg,(8-5)*2=6
train/37627.jpg,1+(3-4)=0
train/37628.jpg,2*(3+0)=6
train/37629.jpg,1-(5-8)=4
train/37630.jpg,0-7-1=-8
train/37631.jpg,6+(3+2)=11
train/37632.jpg,0+0*8=0
train/37633.jpg,4+0-9=-5
train/37634.jpg,3+1-9=-5
train/37635.jpg,0-6-5=-11
train/37636.jpg,3*(2*0)=0
train/37637.jpg,3*0+0=0
train/37638.jpg,8+2*0=8
train/37639.jpg,(7+0)*5=35
train/37640.jpg,(4+3)*2=14
train/37641.jpg,(6+9)+3=18
train/37642.jpg,0-2*4=-8
train/37643.jpg,5+(5*9)=50
train/37644.jpg,5+(9*1)=14
train/37645.jpg,3*(4-8)=-12
train/37646.jpg,8*4*4=128
train/37647.jpg,1*(2+6)=8
train/37648.jpg,8-3*4=-4
train/37649.jpg,1+(5*1)=6
train/37650.jpg,1-3-9=-11
train/37651.jpg,1-9+9=1
train/37652.jpg,5+8*7=61
train/37653.jpg,(6-3)+4=7
train/37654.jpg,(1*5)+3=8
train/37655.jpg,(5+0)*2=10
train/37656.jpg,4*9-1=35
train/37657.jpg,1+7*8=57
train/37658.jpg,(5-1)*0=0
train/37659.jpg,(4*2)+7=15
train/37660.jpg,(8-8)-8=-8
train/37661.jpg,(9*7)+0=63
train/37662.jpg,1-(1*2)=-1
train/37663.jpg,(8-5)+1=4
train/37664.jpg,3-(5*7)=-32
train/37665.jpg,(2+5)+6=13
train/37666.jpg,(0*2)+1=1
train/37667.jpg,(1*7)+7=14
train/37668.jpg,3*8+2=26
train/37669.jpg,(7+1)-6=2
train/37670.jpg,(2*4)+7=15
train/37671.jpg,(0*8)+8=8
train/37672.jpg,(5-3)-6=-4
train/37673.jpg,9-(8*1)=1
train/37674.jpg,(1-3)*3=-6
train/37675.jpg,6*8+2=50
train/37676.jpg,(8+1)-1=8
train/37677.jpg,1-(4+5)=-8
train/37678.jpg,2+6*0=2
train/37679.jpg,4-5*8=-36
train/37680.jpg,(6-4)+1=3
train/37681.jpg,2-(1-7)=8
train/37682.jpg,2-(4-2)=0
train/37683.jpg,3+2+2=7
train/37684.jpg,3+8-4=7
train/37685.jpg,(7+0)*0=0
train/37686.jpg,8+(9*3)=35
train/37687.jpg,9*1-8=1
train/37688.jpg,(8*3)-6=18
train/37689.jpg,3-(4*2)=-5
train/37690.jpg,(7*5)+7=42
train/37691.jpg,(5-6)*5=-5
train/37692.jpg,(7-9)-0=-2
train/37693.jpg,5+3-4=4
train/37694.jpg,4-(3-2)=3
train/37695.jpg,4*9*9=324
train/37696.jpg,(8*7)+5=61
train/37697.jpg,(4*1)*0=0
train/37698.jpg,0*0+4=4
train/37699.jpg,7-8-2=-3
train/37700.jpg,(2+7)*3=27
train/37701.jpg,4-1*6=-2
train/37702.jpg,1+(2+4)=7
train/37703.jpg,2*(6-6)=0
train/37704.jpg,1+(5-7)=-1
train/37705.jpg,(9+3)*4=48
train/37706.jpg,0*(9-5)=0
train/37707.jpg,3+7+4=14
train/37708.jpg,7-(0*6)=7
train/37709.jpg,1+5*6=31
train/37710.jpg,0*1+1=1
train/37711.jpg,(7-5)+4=6
train/37712.jpg,5+(6-4)=7
train/37713.jpg,3*8-4=20
train/37714.jpg,9+(8*2)=25
train/37715.jpg,2*6-9=3
train/37716.jpg,3-(6*3)=-15
train/37717.jpg,5-7*9=-58
train/37718.jpg,5*(3+1)=20
train/37719.jpg,(8+3)*4=44
train/37720.jpg,7*5*1=35
train/37721.jpg,(6-2)*7=28
train/37722.jpg,9-(6*5)=-21
train/37723.jpg,(2*8)+3=19
train/37724.jpg,9-(8*0)=9
train/37725.jpg,1-3-8=-10
train/37726.jpg,(3-3)+8=8
train/37727.jpg,(8+2)*9=90
train/37728.jpg,2+5-9=-2
train/37729.jpg,3+(4-5)=2
train/37730.jpg,7-(8*7)=-49
train/37731.jpg,6*(5*2)=60
train/37732.jpg,0-(3*0)=0
train/37733.jpg,7*6+6=48
train/37734.jpg,0-9+6=-3
train/37735.jpg,(3-8)*0=0
train/37736.jpg,9*(9-6)=27
train/37737.jpg,8-2+5=11
train/37738.jpg,4-(6-0)=-2
train/37739.jpg,5+(7-0)=12
train/37740.jpg,1+7+8=16
train/37741.jpg,3-9*7=-60
train/37742.jpg,(2*4)+8=16
train/37743.jpg,(6*8)*4=192
train/37744.jpg,5*8-1=39
train/37745.jpg,1*6+2=8
train/37746.jpg,7+(8*0)=7
train/37747.jpg,1+6*5=31
train/37748.jpg,3+0*0=3
train/37749.jpg,(3-3)+5=5
train/37750.jpg,(8+9)+2=19
train/37751.jpg,5*8+7=47
train/37752.jpg,7+5-4=8
train/37753.jpg,4+(5*6)=34
train/37754.jpg,8*(7*1)=56
train/37755.jpg,5-(3-9)=11
train/37756.jpg,9-1-7=1
train/37757.jpg,(3*7)*3=63
train/37758.jpg,1*(2*3)=6
train/37759.jpg,(2+6)*4=32
train/37760.jpg,4+(2+0)=6
train/37761.jpg,5+1*7=12
train/37762.jpg,4+6-8=2
train/37763.jpg,(4-9)-1=-6
train/37764.jpg,1+(9+2)=12
train/37765.jpg,0*(2*4)=0
train/37766.jpg,0+5+2=7
train/37767.jpg,(9*4)*7=252
train/37768.jpg,9-2-4=3
train/37769.jpg,6+4-1=9
train/37770.jpg,3-(9+3)=-9
train/37771.jpg,7-(3-4)=8
train/37772.jpg,(5+0)-8=-3
train/37773.jpg,5+0-4=1
train/37774.jpg,3*8+0=24
train/37775.jpg,(1+0)-6=-5
train/37776.jpg,9*(5-7)=-18
train/37777.jpg,9*6*2=108
train/37778.jpg,4*8+6=38
train/37779.jpg,(2+2)-8=-4
train/37780.jpg,8-(9-5)=4
train/37781.jpg,0*9*9=0
train/37782.jpg,3*1*6=18
train/37783.jpg,0+4-4=0
train/37784.jpg,6+(7*9)=69
train/37785.jpg,(1+1)+6=8
train/37786.jpg,(9*7)-9=54
train/37787.jpg,3*5*1=15
train/37788.jpg,(2+0)-9=-7
train/37789.jpg,9+(0+3)=12
train/37790.jpg,(7*8)-5=51
train/37791.jpg,7-(3+4)=0
train/37792.jpg,9+3*1=12
train/37793.jpg,4+0+9=13
train/37794.jpg,(8-2)+3=9
train/37795.jpg,(6+1)*6=42
train/37796.jpg,9+7*6=51
train/37797.jpg,0*(3*8)=0
train/37798.jpg,4+3+7=14
train/37799.jpg,(2*4)-2=6
train/37800.jpg,7+5*3=22
train/37801.jpg,0+(1-2)=-1
train/37802.jpg,(2-1)+4=5
train/37803.jpg,(2+9)*3=33
train/37804.jpg,8-(2*0)=8
train/37805.jpg,9*(7*9)=567
train/37806.jpg,(5-8)+4=1
train/37807.jpg,0+(1+0)=1
train/37808.jpg,(7-3)-9=-5
train/37809.jpg,3*4*4=48
train/37810.jpg,5+7+2=14
train/37811.jpg,1-(4+3)=-6
train/37812.jpg,6+6*7=48
train/37813.jpg,0-(6-3)=-3
train/37814.jpg,(1-9)+1=-7
train/37815.jpg,4*9+3=39
train/37816.jpg,4-(6*2)=-8
train/37817.jpg,(1+6)*1=7
train/37818.jpg,(6+4)*1=10
train/37819.jpg,(5*2)-5=5
train/37820.jpg,2*7*4=56
train/37821.jpg,1-(4*8)=-31
train/37822.jpg,9+(8-4)=13
train/37823.jpg,(1*1)*9=9
train/37824.jpg,6+3*6=24
train/37825.jpg,8*(8+2)=80
train/37826.jpg,4*6*3=72
train/37827.jpg,7+(5*3)=22
train/37828.jpg,0+(1+5)=6
train/37829.jpg,(1+1)-4=-2
train/37830.jpg,7+7+0=14
train/37831.jpg,7*5+8=43
train/37832.jpg,3*2*9=54
train/37833.jpg,6*(0*3)=0
train/37834.jpg,4*(4*1)=16
train/37835.jpg,1+(7*7)=50
train/37836.jpg,(1*8)*3=24
train/37837.jpg,7-(6*2)=-5
train/37838.jpg,9-(1*4)=5
train/37839.jpg,1-3+6=4
train/37840.jpg,6+(3+8)=17
train/37841.jpg,0-(1*1)=-1
train/37842.jpg,5+(5*0)=5
train/37843.jpg,(4-1)+3=6
train/37844.jpg,0+(5*2)=10
train/37845.jpg,(3-4)*5=-5
train/37846.jpg,(1*2)-2=0
train/37847.jpg,0*3+8=8
train/37848.jpg,0*9*8=0
train/37849.jpg,4+(4-0)=8
train/37850.jpg,2+1+4=7
train/37851.jpg,5-(3+9)=-7
train/37852.jpg,2*5*3=30
train/37853.jpg,1-8+2=-5
train/37854.jpg,5+2+4=11
train/37855.jpg,6*(6-0)=36
train/37856.jpg,6*6+7=43
train/37857.jpg,2*1*9=18
train/37858.jpg,(5*8)+5=45
train/37859.jpg,9-(1*8)=1
train/37860.jpg,0+(6-7)=-1
train/37861.jpg,9*(3-4)=-9
train/37862.jpg,(7*9)+8=71
train/37863.jpg,(0*1)+8=8
train/37864.jpg,2*(5-2)=6
train/37865.jpg,8*3+1=25
train/37866.jpg,3+(4*6)=27
train/37867.jpg,9+3+9=21
train/37868.jpg,4*(4*3)=48
train/37869.jpg,9-(5+8)=-4
train/37870.jpg,8*5+4=44
train/37871.jpg,4*8-7=25
train/37872.jpg,2-(7*0)=2
train/37873.jpg,7+3*3=16
train/37874.jpg,0*(2-5)=0
train/37875.jpg,8-3-4=1
train/37876.jpg,(0*9)+0=0
train/37877.jpg,0-(5*5)=-25
train/37878.jpg,6*(4-1)=18
train/37879.jpg,1-(6+4)=-9
train/37880.jpg,(1-3)-8=-10
train/37881.jpg,1-(3+8)=-10
train/37882.jpg,(3*5)-7=8
train/37883.jpg,3-(1-9)=11
train/37884.jpg,(3-3)+6=6
train/37885.jpg,6-(7+3)=-4
train/37886.jpg,8-(7+2)=-1
train/37887.jpg,(5+5)+5=15
train/37888.jpg,2-(2-6)=6
train/37889.jpg,2+4-6=0
train/37890.jpg,7-(6*8)=-41
train/37891.jpg,1+0+5=6
train/37892.jpg,0-(9*0)=0
train/37893.jpg,2+0+2=4
train/37894.jpg,4-6*6=-32
train/37895.jpg,2*(9-9)=0
train/37896.jpg,(6-7)+1=0
train/37897.jpg,(6-1)*4=20
train/37898.jpg,(6*2)-1=11
train/37899.jpg,2+4*2=10
train/37900.jpg,2+1*7=9
train/37901.jpg,(5-3)+8=10
train/37902.jpg,(4+9)-3=10
train/37903.jpg,5*(4+4)=40
train/37904.jpg,7*(6-9)=-21
train/37905.jpg,5*6-5=25
train/37906.jpg,9-1+2=10
train/37907.jpg,5-8*7=-51
train/37908.jpg,8-(0-9)=17
train/37909.jpg,(9-3)*6=36
train/37910.jpg,(3+8)*9=99
train/37911.jpg,(5*9)-8=37
train/37912.jpg,7*4*0=0
train/37913.jpg,(6-7)+7=6
train/37914.jpg,(1-1)-6=-6
train/37915.jpg,9*(9-6)=27
train/37916.jpg,8*(6*5)=240
train/37917.jpg,(7+2)+1=10
train/37918.jpg,5*6*8=240
train/37919.jpg,9*(5*2)=90
train/37920.jpg,4+(9-8)=5
train/37921.jpg,(8+1)+8=17
train/37922.jpg,(6-3)+6=9
train/37923.jpg,9-9*5=-36
train/37924.jpg,(7*3)*7=147
train/37925.jpg,1*(8-8)=0
train/37926.jpg,(1*2)-9=-7
train/37927.jpg,(8+7)-4=11
train/37928.jpg,7*4+4=32
train/37929.jpg,(8*8)-1=63
train/37930.jpg,(1+0)*4=4
train/37931.jpg,0*(6-6)=0
train/37932.jpg,8-(0*0)=8
train/37933.jpg,(1-9)*9=-72
train/37934.jpg,(8-9)*6=-6
train/37935.jpg,7*9*1=63
train/37936.jpg,(9*0)-1=-1
train/37937.jpg,(3*2)-7=-1
train/37938.jpg,5+6+8=19
train/37939.jpg,(9+3)*1=12
train/37940.jpg,(7+1)+9=17
train/37941.jpg,2-8+6=0
train/37942.jpg,(2+9)+5=16
train/37943.jpg,(3+3)*7=42
train/37944.jpg,7-(9-5)=3
train/37945.jpg,(1*2)*8=16
train/37946.jpg,(2+6)-7=1
train/37947.jpg,5*(9-9)=0
train/37948.jpg,(2-0)-3=-1
train/37949.jpg,9+(6*3)=27
train/37950.jpg,5*(9-5)=20
train/37951.jpg,4+3-3=4
train/37952.jpg,(3*3)+0=9
train/37953.jpg,3-8-7=-12
train/37954.jpg,(3*1)+5=8
train/37955.jpg,7-(3*2)=1
train/37956.jpg,(9-7)-8=-6
train/37957.jpg,0+6-5=1
train/37958.jpg,9*(5+2)=63
train/37959.jpg,(7-6)+1=2
train/37960.jpg,9-9-7=-7
train/37961.jpg,0+(1-2)=-1
train/37962.jpg,(8+9)*5=85
train/37963.jpg,(2*4)+1=9
train/37964.jpg,(3+9)-3=9
train/37965.jpg,(6-9)*2=-6
train/37966.jpg,5-5+8=8
train/37967.jpg,(7+6)-9=4
train/37968.jpg,3+(2*2)=7
train/37969.jpg,6+(4*5)=26
train/37970.jpg,0-3*9=-27
train/37971.jpg,7*7*0=0
train/37972.jpg,(3+6)+6=15
train/37973.jpg,(2*6)+7=19
train/37974.jpg,8+(0+0)=8
train/37975.jpg,8+(5*2)=18
train/37976.jpg,(8*7)+8=64
train/37977.jpg,7+3*9=34
train/37978.jpg,2+8+1=11
train/37979.jpg,2*(5-7)=-4
train/37980.jpg,(5+6)*3=33
train/37981.jpg,9*8+9=81
train/37982.jpg,6+7*7=55
train/37983.jpg,1-(5-3)=-1
train/37984.jpg,9+(5+8)=22
train/37985.jpg,7-(1+5)=1
train/37986.jpg,2*5+9=19
train/37987.jpg,4*(2+6)=32
train/37988.jpg,3+(0*1)=3
train/37989.jpg,(6+4)*7=70
train/37990.jpg,5*8-8=32
train/37991.jpg,5-4+7=8
train/37992.jpg,(4*0)*0=0
train/37993.jpg,6*(1*4)=24
train/37994.jpg,(3-0)+8=11
train/37995.jpg,(5*8)+2=42
train/37996.jpg,(0-1)*7=-7
train/37997.jpg,0+7+5=12
train/37998.jpg,0-4*7=-28
train/37999.jpg,3*6*9=162
train/38000.jpg,(5*7)+2=37
train/38001.jpg,(2+2)*6=24
train/38002.jpg,(5+9)*3=42
train/38003.jpg,0+(4*2)=8
train/38004.jpg,2*4-0=8
train/38005.jpg,(2*1)-5=-3
train/38006.jpg,5*(2+8)=50
train/38007.jpg,(1+3)*2=8
train/38008.jpg,5*2-5=5
train/38009.jpg,6-(0+6)=0
train/38010.jpg,4+6+5=15
train/38011.jpg,9*0+0=0
train/38012.jpg,(7-0)+8=15
train/38013.jpg,0-4*0=0
train/38014.jpg,(9-2)*8=56
train/38015.jpg,2-4*7=-26
train/38016.jpg,(1+6)+5=12
train/38017.jpg,(2+3)+6=11
train/38018.jpg,(6-1)-3=2
train/38019.jpg,(6*1)+6=12
train/38020.jpg,0*(7-2)=0
train/38021.jpg,7*8*0=0
train/38022.jpg,0+8-4=4
train/38023.jpg,(1*8)-4=4
train/38024.jpg,4+(5+4)=13
train/38025.jpg,6*(0+1)=6
train/38026.jpg,2*8+0=16
train/38027.jpg,3-5-6=-8
train/38028.jpg,3*(5*1)=15
train/38029.jpg,8*(6-1)=40
train/38030.jpg,8-5*4=-12
train/38031.jpg,(9+4)-7=6
train/38032.jpg,4+(9-5)=8
train/38033.jpg,8*(2*7)=112
train/38034.jpg,2+6*5=32
train/38035.jpg,(6+2)*8=64
train/38036.jpg,1*(6-9)=-3
train/38037.jpg,1-0-4=-3
train/38038.jpg,4*2*0=0
train/38039.jpg,0+8*9=72
train/38040.jpg,5+3-6=2
train/38041.jpg,0*8*0=0
train/38042.jpg,6+6*9=60
train/38043.jpg,(1+7)-2=6
train/38044.jpg,(7*2)+6=20
train/38045.jpg,8*6*7=336
train/38046.jpg,3*(1-6)=-15
train/38047.jpg,7*(6*8)=336
train/38048.jpg,7*(5*1)=35
train/38049.jpg,7-(6-4)=5
train/38050.jpg,4-(1*1)=3
train/38051.jpg,4+(3+0)=7
train/38052.jpg,(7+2)+6=15
train/38053.jpg,6+8+2=16
train/38054.jpg,6+5-0=11
train/38055.jpg,3-3*2=-3
train/38056.jpg,2+5-8=-1
train/38057.jpg,6+8*5=46
train/38058.jpg,8+9*3=35
train/38059.jpg,2*6-1=11
train/38060.jpg,1+(5-6)=0
train/38061.jpg,7+5+7=19
train/38062.jpg,3-5-8=-10
train/38063.jpg,9-(2*5)=-1
train/38064.jpg,(9-9)+5=5
train/38065.jpg,1-0-2=-1
train/38066.jpg,(8-8)-5=-5
train/38067.jpg,7*5-1=34
train/38068.jpg,6*5-8=22
train/38069.jpg,2*(2+5)=14
train/38070.jpg,5+5*1=10
train/38071.jpg,(2+1)*3=9
train/38072.jpg,3+4*2=11
train/38073.jpg,8*7+5=61
train/38074.jpg,(5+9)-2=12
train/38075.jpg,(9*4)-5=31
train/38076.jpg,5+(5-1)=9
train/38077.jpg,5-6*8=-43
train/38078.jpg,(6+5)*4=44
train/38079.jpg,(0+1)+5=6
train/38080.jpg,7*2*2=28
train/38081.jpg,6-(2+7)=-3
train/38082.jpg,5+3-1=7
train/38083.jpg,2+(8-2)=8
train/38084.jpg,9+(1-6)=4
train/38085.jpg,2+7*7=51
train/38086.jpg,(2*5)-8=2
train/38087.jpg,(7+0)+4=11
train/38088.jpg,2*(5*2)=20
train/38089.jpg,8+3*1=11
train/38090.jpg,(5+4)-4=5
train/38091.jpg,6+9*9=87
train/38092.jpg,5+(0+4)=9
train/38093.jpg,(7*3)+3=24
train/38094.jpg,9+(3+1)=13
train/38095.jpg,4-9+9=4
train/38096.jpg,7+(3*8)=31
train/38097.jpg,0-(8-1)=-7
train/38098.jpg,4+(4-0)=8
train/38099.jpg,9*7+2=65
train/38100.jpg,(4-3)-5=-4
train/38101.jpg,3-0*8=3
train/38102.jpg,2+5*5=27
train/38103.jpg,7*9*2=126
train/38104.jpg,6-(9-2)=-1
train/38105.jpg,7-6-9=-8
train/38106.jpg,0*(1*4)=0
train/38107.jpg,7*(5+8)=91
train/38108.jpg,0+(7+0)=7
train/38109.jpg,3+(4*5)=23
train/38110.jpg,4-(2+9)=-7
train/38111.jpg,(5-5)*9=0
train/38112.jpg,9*2-9=9
train/38113.jpg,5+5-0=10
train/38114.jpg,(8*1)-8=0
train/38115.jpg,(8*8)*7=448
train/38116.jpg,4-(0-8)=12
train/38117.jpg,9*6*0=0
train/38118.jpg,(7+7)+7=21
train/38119.jpg,2-(4+4)=-6
train/38120.jpg,(4-0)-5=-1
train/38121.jpg,(9-3)+3=9
train/38122.jpg,4*7-2=26
train/38123.jpg,6*(8-3)=30
train/38124.jpg,5+3*3=14
train/38125.jpg,(4+9)-9=4
train/38126.jpg,4+8-0=12
train/38127.jpg,8+6+8=22
train/38128.jpg,4+(6+2)=12
train/38129.jpg,(2+5)*6=42
train/38130.jpg,6+(5+3)=14
train/38131.jpg,2+(6+5)=13
train/38132.jpg,(6-5)*1=1
train/38133.jpg,8+(9*6)=62
train/38134.jpg,4-(0+3)=1
train/38135.jpg,(4*8)*0=0
train/38136.jpg,3-(3-1)=1
train/38137.jpg,8*1-3=5
train/38138.jpg,9+(8+8)=25
train/38139.jpg,0*(7-9)=0
train/38140.jpg,(2+8)-9=1
train/38141.jpg,8-(2+0)=6
train/38142.jpg,(7-1)*1=6
train/38143.jpg,1+3+1=5
train/38144.jpg,9*9*9=729
train/38145.jpg,6-7+3=2
train/38146.jpg,8-(4*1)=4
train/38147.jpg,(4-3)+4=5
train/38148.jpg,8*4+4=36
train/38149.jpg,8*(5+1)=48
train/38150.jpg,(6*8)+2=50
train/38151.jpg,3-(0-8)=11
train/38152.jpg,3-(4-6)=5
train/38153.jpg,1+(0+3)=4
train/38154.jpg,0+(6+3)=9
train/38155.jpg,(7*4)-5=23
train/38156.jpg,7+9*9=88
train/38157.jpg,(8+1)*6=54
train/38158.jpg,(1+1)*2=4
train/38159.jpg,(9*1)+9=18
train/38160.jpg,8+(2+7)=17
train/38161.jpg,(0*8)-9=-9
train/38162.jpg,4+3-1=6
train/38163.jpg,0-1-6=-7
train/38164.jpg,2*5*7=70
train/38165.jpg,(9-4)-9=-4
train/38166.jpg,1-(7+9)=-15
train/38167.jpg,5-(0*3)=5
train/38168.jpg,9-7+2=4
train/38169.jpg,6-7-3=-4
train/38170.jpg,7+0*2=7
train/38171.jpg,3+6-6=3
train/38172.jpg,(7*5)+3=38
train/38173.jpg,1*(0+5)=5
train/38174.jpg,0-0-7=-7
train/38175.jpg,6-(3*0)=6
train/38176.jpg,5+4-8=1
train/38177.jpg,3+(1+7)=11
train/38178.jpg,2-3+8=7
train/38179.jpg,0*(9+1)=0
train/38180.jpg,4+0*9=4
train/38181.jpg,5*(8+3)=55
train/38182.jpg,0*4*2=0
train/38183.jpg,2-(4*0)=2
train/38184.jpg,9-(1-1)=9
train/38185.jpg,(0+3)+1=4
train/38186.jpg,5+(9-0)=14
train/38187.jpg,1-6+9=4
train/38188.jpg,0*(0-2)=0
train/38189.jpg,5+3*0=5
train/38190.jpg,2*4*3=24
train/38191.jpg,1-9+4=-4
train/38192.jpg,6+(6*0)=6
train/38193.jpg,7*2*0=0
train/38194.jpg,4*4+7=23
train/38195.jpg,2*7+9=23
train/38196.jpg,2*(8+2)=20
train/38197.jpg,3-5-3=-5
train/38198.jpg,(7*0)-5=-5
train/38199.jpg,4*6*3=72
train/38200.jpg,(2-7)*9=-45
train/38201.jpg,(0-8)-8=-16
train/38202.jpg,6-(9+3)=-6
train/38203.jpg,8+(0-9)=-1
train/38204.jpg,(0*7)-4=-4
train/38205.jpg,0*5*3=0
train/38206.jpg,8-(3+6)=-1
train/38207.jpg,5+4+5=14
train/38208.jpg,8-(0+8)=0
train/38209.jpg,6+2+2=10
train/38210.jpg,7+8+1=16
train/38211.jpg,6+(9-8)=7
train/38212.jpg,1*4-9=-5
train/38213.jpg,6*0+0=0
train/38214.jpg,2+(5+5)=12
train/38215.jpg,8+2-7=3
train/38216.jpg,4-(9*9)=-77
train/38217.jpg,3-(2-5)=6
train/38218.jpg,5-5-0=0
train/38219.jpg,3*9*5=135
train/38220.jpg,7+(6+7)=20
train/38221.jpg,1-3+9=7
train/38222.jpg,(4+0)+5=9
train/38223.jpg,5+(3*9)=32
train/38224.jpg,8*(7*8)=448
train/38225.jpg,1-5+0=-4
train/38226.jpg,1*1-5=-4
train/38227.jpg,2+3*7=23
train/38228.jpg,5-(7+9)=-11
train/38229.jpg,0-2+5=3
train/38230.jpg,2*(4+2)=12
train/38231.jpg,3-3-3=-3
train/38232.jpg,(8-7)-3=-2
train/38233.jpg,9*(5+7)=108
train/38234.jpg,(7+5)-0=12
train/38235.jpg,7-(5-9)=11
train/38236.jpg,9*(3*2)=54
train/38237.jpg,6+4+7=17
train/38238.jpg,3-(4-7)=6
train/38239.jpg,4-(8-8)=4
train/38240.jpg,0+7+2=9
train/38241.jpg,5*4+4=24
train/38242.jpg,(3*2)-7=-1
train/38243.jpg,7-(0*0)=7
train/38244.jpg,7+7-5=9
train/38245.jpg,4*3*3=36
train/38246.jpg,7*1-6=1
train/38247.jpg,1+4+6=11
train/38248.jpg,6-6-6=-6
train/38249.jpg,(9-7)+5=7
train/38250.jpg,(3+9)*3=36
train/38251.jpg,(8+0)-2=6
train/38252.jpg,6-(1*3)=3
train/38253.jpg,0-0*9=0
train/38254.jpg,(4*9)*9=324
train/38255.jpg,(3+5)-2=6
train/38256.jpg,2*(5+8)=26
train/38257.jpg,(3-0)-5=-2
train/38258.jpg,8+(3-2)=9
train/38259.jpg,4-2*7=-10
train/38260.jpg,7-7*9=-56
train/38261.jpg,(6-7)-1=-2
train/38262.jpg,(1+6)+8=15
train/38263.jpg,(7-6)+6=7
train/38264.jpg,9-1-5=3
train/38265.jpg,(5+3)+1=9
train/38266.jpg,(7-9)*9=-18
train/38267.jpg,(2-1)+2=3
train/38268.jpg,7-(7-4)=4
train/38269.jpg,7+0*9=7
train/38270.jpg,(7*1)-8=-1
train/38271.jpg,(2*2)-9=-5
train/38272.jpg,(8*3)-2=22
train/38273.jpg,(2-5)-1=-4
train/38274.jpg,7*(2*3)=42
train/38275.jpg,(4+5)+3=12
train/38276.jpg,5*4+2=22
train/38277.jpg,(2+3)+6=11
train/38278.jpg,5*5+9=34
train/38279.jpg,(6*8)+1=49
train/38280.jpg,(6*9)*3=162
train/38281.jpg,3-(9*9)=-78
train/38282.jpg,6+1-4=3
train/38283.jpg,2+3*1=5
train/38284.jpg,4-9+7=2
train/38285.jpg,(3+1)*0=0
train/38286.jpg,5+(0+9)=14
train/38287.jpg,8-1+3=10
train/38288.jpg,(9+1)+7=17
train/38289.jpg,(4*8)*7=224
train/38290.jpg,(4-6)+2=0
train/38291.jpg,(8-0)-4=4
train/38292.jpg,0+(6*4)=24
train/38293.jpg,9*(4*7)=252
train/38294.jpg,7*9+2=65
train/38295.jpg,(5+8)+2=15
train/38296.jpg,(0+6)+3=9
train/38297.jpg,(2-1)*1=1
train/38298.jpg,8+(5-1)=12
train/38299.jpg,6+(5*7)=41
train/38300.jpg,5*(6-5)=5
train/38301.jpg,1*6*0=0
train/38302.jpg,1+(1-4)=-2
train/38303.jpg,4+(4+7)=15
train/38304.jpg,6*0*9=0
train/38305.jpg,(8*1)+6=14
train/38306.jpg,9-8+9=10
train/38307.jpg,4+8-9=3
train/38308.jpg,(8-1)+9=16
train/38309.jpg,6+5+0=11
train/38310.jpg,5-(5*8)=-35
train/38311.jpg,1*9*0=0
train/38312.jpg,(7-9)-8=-10
train/38313.jpg,7-(2-7)=12
train/38314.jpg,5-6+6=5
train/38315.jpg,3*(3+7)=30
train/38316.jpg,2+(2-1)=3
train/38317.jpg,(4*5)-5=15
train/38318.jpg,(4*6)*6=144
train/38319.jpg,(4-4)+9=9
train/38320.jpg,1*(9+6)=15
train/38321.jpg,8*8-5=59
train/38322.jpg,8*1-2=6
train/38323.jpg,(3-7)+8=4
train/38324.jpg,(0+5)*2=10
train/38325.jpg,(3-6)-6=-9
train/38326.jpg,8*5*7=280
train/38327.jpg,2*(4-5)=-2
train/38328.jpg,(2-3)+7=6
train/38329.jpg,6+7-0=13
train/38330.jpg,(1+5)-5=1
train/38331.jpg,(4*6)+2=26
train/38332.jpg,0*5+8=8
train/38333.jpg,(3*4)+5=17
train/38334.jpg,(7+6)-4=9
train/38335.jpg,(0+2)+2=4
train/38336.jpg,6+(1*9)=15
train/38337.jpg,0+(9+7)=16
train/38338.jpg,(5-0)-4=1
train/38339.jpg,(0-2)+0=-2
train/38340.jpg,2+8-3=7
train/38341.jpg,(1-0)+6=7
train/38342.jpg,8+(6*2)=20
train/38343.jpg,6*(6-4)=12
train/38344.jpg,(6+8)*4=56
train/38345.jpg,2+4-3=3
train/38346.jpg,(2*0)-8=-8
train/38347.jpg,7+(8-3)=12
train/38348.jpg,2-5-1=-4
train/38349.jpg,2*0+8=8
train/38350.jpg,6+(5*0)=6
train/38351.jpg,0*(7*2)=0
train/38352.jpg,(7-9)*4=-8
train/38353.jpg,(4+9)*8=104
train/38354.jpg,1+9+0=10
train/38355.jpg,(2*6)-9=3
train/38356.jpg,1*(7*3)=21
train/38357.jpg,3*2*4=24
train/38358.jpg,0*(9+7)=0
train/38359.jpg,2-(9*1)=-7
train/38360.jpg,(7-3)*4=16
train/38361.jpg,(4+9)+6=19
train/38362.jpg,4-(8*4)=-28
train/38363.jpg,0+0*0=0
train/38364.jpg,(9-8)*1=1
train/38365.jpg,5-(0*4)=5
train/38366.jpg,(1*6)+5=11
train/38367.jpg,(0+9)+5=14
train/38368.jpg,8*9+0=72
train/38369.jpg,4-7*3=-17
train/38370.jpg,(2-3)-6=-7
train/38371.jpg,5-2+2=5
train/38372.jpg,3+(5*6)=33
train/38373.jpg,6*1*8=48
train/38374.jpg,2*4-5=3
train/38375.jpg,0-8+4=-4
train/38376.jpg,2*7+3=17
train/38377.jpg,9+2+2=13
train/38378.jpg,4*6*7=168
train/38379.jpg,8-8*9=-64
train/38380.jpg,(0*1)*8=0
train/38381.jpg,8-(4-0)=4
train/38382.jpg,(8*8)+9=73
train/38383.jpg,2+(2*0)=2
train/38384.jpg,4+7-9=2
train/38385.jpg,(4-5)+6=5
train/38386.jpg,3+(4*5)=23
train/38387.jpg,4+3-0=7
train/38388.jpg,1*(3+9)=12
train/38389.jpg,(9+7)*4=64
train/38390.jpg,1+2-9=-6
train/38391.jpg,1-4-6=-9
train/38392.jpg,3+6+6=15
train/38393.jpg,1+9-7=3
train/38394.jpg,(9*0)-4=-4
train/38395.jpg,8-(3-8)=13
train/38396.jpg,3-8+0=-5
train/38397.jpg,(5-5)-5=-5
train/38398.jpg,4+1*3=7
train/38399.jpg,6+(3-6)=3
train/38400.jpg,9+(7-9)=7
train/38401.jpg,3+(4+3)=10
train/38402.jpg,2*7-3=11
train/38403.jpg,8-7-5=-4
train/38404.jpg,(8-3)-3=2
train/38405.jpg,0-(4*9)=-36
train/38406.jpg,(0-3)-4=-7
train/38407.jpg,3-(7+2)=-6
train/38408.jpg,(9+6)+0=15
train/38409.jpg,(7*6)+6=48
train/38410.jpg,1+9-7=3
train/38411.jpg,(0-6)*2=-12
train/38412.jpg,0*3-3=-3
train/38413.jpg,(4-9)+0=-5
train/38414.jpg,(2-9)+6=-1
train/38415.jpg,5*(8*2)=80
train/38416.jpg,6-(3-5)=8
train/38417.jpg,(2*6)+7=19
train/38418.jpg,7-(0*9)=7
train/38419.jpg,3-8*0=3
train/38420.jpg,3-(5*7)=-32
train/38421.jpg,(9-8)+8=9
train/38422.jpg,5*4-8=12
train/38423.jpg,(2+8)*9=90
train/38424.jpg,(7-6)-0=1
train/38425.jpg,5-(5*8)=-35
train/38426.jpg,3*4-1=11
train/38427.jpg,6+2-9=-1
train/38428.jpg,(0-7)*2=-14
train/38429.jpg,2+5*2=12
train/38430.jpg,6+1-3=4
train/38431.jpg,3+(5*7)=38
train/38432.jpg,4*(6+1)=28
train/38433.jpg,6*(5+3)=48
train/38434.jpg,6+0+3=9
train/38435.jpg,(3+4)+9=16
train/38436.jpg,1-3*9=-26
train/38437.jpg,(3-6)*0=0
train/38438.jpg,(2*8)*9=144
train/38439.jpg,(4*3)-8=4
train/38440.jpg,9-1*9=0
train/38441.jpg,8-(9+4)=-5
train/38442.jpg,(8*6)-3=45
train/38443.jpg,5+(0*3)=5
train/38444.jpg,9*5-7=38
train/38445.jpg,1*3*3=9
train/38446.jpg,3*(8-6)=6
train/38447.jpg,2*8+6=22
train/38448.jpg,3*7*1=21
train/38449.jpg,3*(3*1)=9
train/38450.jpg,8*6*5=240
train/38451.jpg,3+2+7=12
train/38452.jpg,4-2+2=4
train/38453.jpg,2+8+8=18
train/38454.jpg,9+3+5=17
train/38455.jpg,5*(6-8)=-10
train/38456.jpg,6*1*3=18
train/38457.jpg,(5-0)-5=0
train/38458.jpg,7+(4-1)=10
train/38459.jpg,(2+3)+0=5
train/38460.jpg,8-1*7=1
train/38461.jpg,(7*0)+7=7
train/38462.jpg,2+1-2=1
train/38463.jpg,(9+2)-9=2
train/38464.jpg,2-(6-0)=-4
train/38465.jpg,5+7-0=12
train/38466.jpg,4*5*6=120
train/38467.jpg,(1*6)-7=-1
train/38468.jpg,(3-4)*2=-2
train/38469.jpg,4+(4*5)=24
train/38470.jpg,6*(2-8)=-36
train/38471.jpg,(4+6)+7=17
train/38472.jpg,1-(9*2)=-17
train/38473.jpg,0*(8-4)=0
train/38474.jpg,4-6-4=-6
train/38475.jpg,3*3*1=9
train/38476.jpg,3*(0-7)=-21
train/38477.jpg,(7*0)+1=1
train/38478.jpg,9*7-6=57
train/38479.jpg,0+(9*1)=9
train/38480.jpg,6-7*8=-50
train/38481.jpg,2+(9-8)=3
train/38482.jpg,(0-6)+5=-1
train/38483.jpg,(1-1)*8=0
train/38484.jpg,6*(8*3)=144
train/38485.jpg,4*6*6=144
train/38486.jpg,4*9+1=37
train/38487.jpg,4+6*3=22
train/38488.jpg,(9-3)-3=3
train/38489.jpg,(5-3)+5=7
train/38490.jpg,4*(8-8)=0
train/38491.jpg,4+7-9=2
train/38492.jpg,(3-8)*0=0
train/38493.jpg,1+5*9=46
train/38494.jpg,3+5*0=3
train/38495.jpg,(3+0)+4=7
train/38496.jpg,(5*1)-7=-2
train/38497.jpg,7+9+3=19
train/38498.jpg,6+7+3=16
train/38499.jpg,6*(7*4)=168
train/38500.jpg,4+(8+0)=12
train/38501.jpg,1*(7-7)=0
train/38502.jpg,6+0+2=8
train/38503.jpg,6*(1+0)=6
train/38504.jpg,6-1-5=0
train/38505.jpg,5+3+5=13
train/38506.jpg,(1-8)+7=0
train/38507.jpg,8-7-0=1
train/38508.jpg,0+(4-8)=-4
train/38509.jpg,2+(8*8)=66
train/38510.jpg,1*8+8=16
train/38511.jpg,0-(6*1)=-6
train/38512.jpg,(7+6)-8=5
train/38513.jpg,(1-7)*6=-36
train/38514.jpg,8*(2+2)=32
train/38515.jpg,3+(9-1)=11
train/38516.jpg,(0+8)+9=17
train/38517.jpg,(0-0)-7=-7
train/38518.jpg,1-3-2=-4
train/38519.jpg,(3-1)+7=9
train/38520.jpg,6*(6-7)=-6
train/38521.jpg,4+5*2=14
train/38522.jpg,(3+9)*3=36
train/38523.jpg,(7+5)-7=5
train/38524.jpg,6*5+9=39
train/38525.jpg,(9*5)*8=360
train/38526.jpg,(7-0)-3=4
train/38527.jpg,(7+4)*6=66
train/38528.jpg,6*4-8=16
train/38529.jpg,3*6+7=25
train/38530.jpg,7*(0*4)=0
train/38531.jpg,2*9+1=19
train/38532.jpg,(3+3)-3=3
train/38533.jpg,(6+2)-8=0
train/38534.jpg,(4+2)+2=8
train/38535.jpg,(0*2)*4=0
train/38536.jpg,(5+4)+5=14
train/38537.jpg,1+(1*7)=8
train/38538.jpg,(5*5)+2=27
train/38539.jpg,4-4+6=6
train/38540.jpg,5+(6-6)=5
train/38541.jpg,(7+9)*8=128
train/38542.jpg,2*6+2=14
train/38543.jpg,5*(9-3)=30
train/38544.jpg,4*(6+2)=32
train/38545.jpg,9-2-9=-2
train/38546.jpg,(3-9)*3=-18
train/38547.jpg,4*9+5=41
train/38548.jpg,4+(2-5)=1
train/38549.jpg,(4*1)-3=1
train/38550.jpg,2-(0-4)=6
train/38551.jpg,9-5-2=2
train/38552.jpg,(6-5)+7=8
train/38553.jpg,(5*6)*0=0
train/38554.jpg,1-6-2=-7
train/38555.jpg,8*9+1=73
train/38556.jpg,(2*4)-1=7
train/38557.jpg,7+5+7=19
train/38558.jpg,8+8-9=7
train/38559.jpg,(4*2)*3=24
train/38560.jpg,9*4-8=28
train/38561.jpg,(2*0)+5=5
train/38562.jpg,7-(3*4)=-5
train/38563.jpg,0+(2+8)=10
train/38564.jpg,9+1-2=8
train/38565.jpg,5+8*4=37
train/38566.jpg,3+(1-2)=2
train/38567.jpg,9+(2-1)=10
train/38568.jpg,2-(0*9)=2
train/38569.jpg,(4+2)*3=18
train/38570.jpg,(5-3)-7=-5
train/38571.jpg,3*(3*4)=36
train/38572.jpg,(8-6)*9=18
train/38573.jpg,(4*0)+2=2
train/38574.jpg,1+(5*2)=11
train/38575.jpg,6+5-4=7
train/38576.jpg,2+(3-3)=2
train/38577.jpg,9+5-6=8
train/38578.jpg,5*8-4=36
train/38579.jpg,(4*4)+9=25
train/38580.jpg,(4-4)+5=5
train/38581.jpg,(8*7)-5=51
train/38582.jpg,(1*1)-4=-3
train/38583.jpg,9*(7*9)=567
train/38584.jpg,(0*0)-4=-4
train/38585.jpg,9+6+3=18
train/38586.jpg,4*(1*6)=24
train/38587.jpg,9*(3+6)=81
train/38588.jpg,0-1*4=-4
train/38589.jpg,1-(3+4)=-6
train/38590.jpg,8+(1*2)=10
train/38591.jpg,6+(7+2)=15
train/38592.jpg,6-(1-7)=12
train/38593.jpg,(3+8)+5=16
train/38594.jpg,2+(9+1)=12
train/38595.jpg,3*6-1=17
train/38596.jpg,2*3+4=10
train/38597.jpg,6-(4-1)=3
train/38598.jpg,6-(1+5)=0
train/38599.jpg,7-0-0=7
train/38600.jpg,(1-1)-0=0
train/38601.jpg,6*(2-2)=0
train/38602.jpg,1+(7-3)=5
train/38603.jpg,(2*3)+4=10
train/38604.jpg,(1+7)-1=7
train/38605.jpg,3-(0-7)=10
train/38606.jpg,(5*0)*7=0
train/38607.jpg,3+(6*6)=39
train/38608.jpg,(9-6)*6=18
train/38609.jpg,(0*1)+2=2
train/38610.jpg,7-0*0=7
train/38611.jpg,3*(8-7)=3
train/38612.jpg,5*2*4=40
train/38613.jpg,(7*1)+6=13
train/38614.jpg,(1-2)+6=5
train/38615.jpg,8*(9*4)=288
train/38616.jpg,6+(9+5)=20
train/38617.jpg,(1-8)-8=-15
train/38618.jpg,1-3+0=-2
train/38619.jpg,2-(0*7)=2
train/38620.jpg,4*9-4=32
train/38621.jpg,1*(3*9)=27
train/38622.jpg,(8*6)-5=43
train/38623.jpg,(3+4)-1=6
train/38624.jpg,2-(5-1)=-2
train/38625.jpg,7*(1*0)=0
train/38626.jpg,5-1-1=3
train/38627.jpg,(2+6)*7=56
train/38628.jpg,(4-1)+8=11
train/38629.jpg,(8*6)+2=50
train/38630.jpg,2*6-6=6
train/38631.jpg,8+1-1=8
train/38632.jpg,2+7*6=44
train/38633.jpg,(5-3)-7=-5
train/38634.jpg,8*9-1=71
train/38635.jpg,(5+5)+7=17
train/38636.jpg,(4-3)+0=1
train/38637.jpg,4+8*4=36
train/38638.jpg,4+(3+8)=15
train/38639.jpg,(8+1)*8=72
train/38640.jpg,1*4+2=6
train/38641.jpg,3+8+3=14
train/38642.jpg,9+7-3=13
train/38643.jpg,1*(6*2)=12
train/38644.jpg,3+(0+0)=3
train/38645.jpg,8+8-2=14
train/38646.jpg,(4+6)-5=5
train/38647.jpg,8*(6*4)=192
train/38648.jpg,1+7+1=9
train/38649.jpg,0+1-5=-4
train/38650.jpg,8-(5*3)=-7
train/38651.jpg,6+(6*5)=36
train/38652.jpg,7+7*6=49
train/38653.jpg,1+(5*5)=26
train/38654.jpg,2*8+3=19
train/38655.jpg,(7+1)+6=14
train/38656.jpg,(3+7)+4=14
train/38657.jpg,0+1*3=3
train/38658.jpg,8-1*5=3
train/38659.jpg,(3*2)+9=15
train/38660.jpg,1-7-6=-12
train/38661.jpg,(7+1)-4=4
train/38662.jpg,(4*2)+4=12
train/38663.jpg,9-(9*8)=-63
train/38664.jpg,(2-6)+5=1
train/38665.jpg,(2*0)-3=-3
train/38666.jpg,0-7*4=-28
train/38667.jpg,(4-9)-0=-5
train/38668.jpg,4*8*1=32
train/38669.jpg,(1-5)-1=-5
train/38670.jpg,(9*0)+3=3
train/38671.jpg,3+(4*7)=31
train/38672.jpg,(0+3)-3=0
train/38673.jpg,5-(7*9)=-58
train/38674.jpg,1-(5-5)=1
train/38675.jpg,3*2+6=12
train/38676.jpg,(6-6)*3=0
train/38677.jpg,(1+7)+9=17
train/38678.jpg,(2*1)+1=3
train/38679.jpg,(1+4)-0=5
train/38680.jpg,7-4*4=-9
train/38681.jpg,0-(4-1)=-3
train/38682.jpg,0+7*8=56
train/38683.jpg,9*1+6=15
train/38684.jpg,(2-1)*4=4
train/38685.jpg,(4-6)-9=-11
train/38686.jpg,(3-6)*5=-15
train/38687.jpg,9+9+6=24
train/38688.jpg,(2-1)*6=6
train/38689.jpg,5*(7+3)=50
train/38690.jpg,1*(6-7)=-1
train/38691.jpg,2+(4+8)=14
train/38692.jpg,7-1-9=-3
train/38693.jpg,9*(9*5)=405
train/38694.jpg,6*0-4=-4
train/38695.jpg,5-9-3=-7
train/38696.jpg,0-(4+3)=-7
train/38697.jpg,4-(1+0)=3
train/38698.jpg,(1-8)-6=-13
train/38699.jpg,7-(2*9)=-11
train/38700.jpg,(2*2)*7=28
train/38701.jpg,(5-0)-4=1
train/38702.jpg,4*5+0=20
train/38703.jpg,9*(7*6)=378
train/38704.jpg,(0-9)*0=0
train/38705.jpg,2*(3-9)=-12
train/38706.jpg,1-9+2=-6
train/38707.jpg,(8+4)*2=24
train/38708.jpg,2*1+3=5
train/38709.jpg,(4+5)-2=7
train/38710.jpg,2-6+0=-4
train/38711.jpg,0*(7+7)=0
train/38712.jpg,9-4-6=-1
train/38713.jpg,(0-4)+3=-1
train/38714.jpg,9*9*0=0
train/38715.jpg,2+(2*5)=12
train/38716.jpg,5-4-3=-2
train/38717.jpg,9-4*1=5
train/38718.jpg,(5-0)-8=-3
train/38719.jpg,0*(1-2)=0
train/38720.jpg,(3*1)-9=-6
train/38721.jpg,6-9-4=-7
train/38722.jpg,(0+6)-5=1
train/38723.jpg,7-4*2=-1
train/38724.jpg,1*(5-5)=0
train/38725.jpg,1*(2-8)=-6
train/38726.jpg,7*(9*2)=126
train/38727.jpg,9-8+6=7
train/38728.jpg,9+(3+0)=12
train/38729.jpg,3*7-3=18
train/38730.jpg,(8-3)-7=-2
train/38731.jpg,8+4-8=4
train/38732.jpg,(4*0)+1=1
train/38733.jpg,(0+5)*6=30
train/38734.jpg,8-5-6=-3
train/38735.jpg,(3-2)-5=-4
train/38736.jpg,0+(9+7)=16
train/38737.jpg,5*(9*8)=360
train/38738.jpg,9*(1-0)=9
train/38739.jpg,5+(8*5)=45
train/38740.jpg,3-(5-0)=-2
train/38741.jpg,(7+4)-9=2
train/38742.jpg,4*(1+9)=40
train/38743.jpg,(9*2)-0=18
train/38744.jpg,(0-2)*3=-6
train/38745.jpg,(0-9)-1=-10
train/38746.jpg,(2+7)*5=45
train/38747.jpg,9-8*9=-63
train/38748.jpg,6-(1-0)=5
train/38749.jpg,8+(0-5)=3
train/38750.jpg,(1*3)+1=4
train/38751.jpg,(9*2)+4=22
train/38752.jpg,3-(0*2)=3
train/38753.jpg,6*3+8=26
train/38754.jpg,3*2-4=2
train/38755.jpg,(5+0)+2=7
train/38756.jpg,(9*4)*3=108
train/38757.jpg,8*(8+6)=112
train/38758.jpg,(3+9)-4=8
train/38759.jpg,(8*9)*7=504
train/38760.jpg,3-(1*2)=1
train/38761.jpg,5-(8-7)=4
train/38762.jpg,9+3*4=21
train/38763.jpg,6+6*1=12
train/38764.jpg,3-6+0=-3
train/38765.jpg,(9+3)+4=16
train/38766.jpg,(8-0)*3=24
train/38767.jpg,1+(5+4)=10
train/38768.jpg,6-3*0=6
train/38769.jpg,4-(8*1)=-4
train/38770.jpg,6*(9*2)=108
train/38771.jpg,(4-1)*5=15
train/38772.jpg,4*8*7=224
train/38773.jpg,(6+1)*8=56
train/38774.jpg,(9*3)*1=27
train/38775.jpg,4-5+5=4
train/38776.jpg,(3+0)-6=-3
train/38777.jpg,(4-0)*7=28
train/38778.jpg,3-(6-2)=-1
train/38779.jpg,8*(6+0)=48
train/38780.jpg,8*(0+7)=56
train/38781.jpg,9*4+7=43
train/38782.jpg,5-(6*9)=-49
train/38783.jpg,0-(4+7)=-11
train/38784.jpg,(7-2)*4=20
train/38785.jpg,7*1-6=1
train/38786.jpg,8+(5*5)=33
train/38787.jpg,(4*8)+8=40
train/38788.jpg,8*(8*5)=320
train/38789.jpg,2-6-3=-7
train/38790.jpg,3*(5-3)=6
train/38791.jpg,(1-4)*8=-24
train/38792.jpg,(5*5)-7=18
train/38793.jpg,0+4*3=12
train/38794.jpg,4*(0*9)=0
train/38795.jpg,8-5+5=8
train/38796.jpg,3+(9*3)=30
train/38797.jpg,2-2-1=-1
train/38798.jpg,0+(4+2)=6
train/38799.jpg,6*9+7=61
train/38800.jpg,1*(2*8)=16
train/38801.jpg,8*(2-6)=-32
train/38802.jpg,7-(4-5)=8
train/38803.jpg,2+(0-4)=-2
train/38804.jpg,0-(5*8)=-40
train/38805.jpg,(8+7)-2=13
train/38806.jpg,6*8*5=240
train/38807.jpg,(5*0)-4=-4
train/38808.jpg,(5*0)+5=5
train/38809.jpg,4-9-6=-11
train/38810.jpg,(6-1)+5=10
train/38811.jpg,7-(1*9)=-2
train/38812.jpg,(1-1)-5=-5
train/38813.jpg,(9+9)+2=20
train/38814.jpg,(2-8)-6=-12
train/38815.jpg,6*5+2=32
train/38816.jpg,1-4-5=-8
train/38817.jpg,6-(2*4)=-2
train/38818.jpg,7+1+2=10
train/38819.jpg,5*(9*2)=90
train/38820.jpg,7*0*1=0
train/38821.jpg,5-(7*6)=-37
train/38822.jpg,2+1+5=8
train/38823.jpg,4-(0+6)=-2
train/38824.jpg,8+(3-9)=2
train/38825.jpg,(7+4)-5=6
train/38826.jpg,9-2-3=4
train/38827.jpg,9*3+2=29
train/38828.jpg,5*(4+6)=50
train/38829.jpg,4+(1+4)=9
train/38830.jpg,(3-9)*2=-12
train/38831.jpg,4+(3*0)=4
train/38832.jpg,8+3-2=9
train/38833.jpg,8-9-4=-5
train/38834.jpg,5*7*3=105
train/38835.jpg,7*4*1=28
train/38836.jpg,(2*5)+6=16
train/38837.jpg,3*(9-2)=21
train/38838.jpg,(5-7)*2=-4
train/38839.jpg,2+9-4=7
train/38840.jpg,8-(8-2)=2
train/38841.jpg,(2+3)*8=40
train/38842.jpg,5-(9+7)=-11
train/38843.jpg,(2*2)+1=5
train/38844.jpg,(9*5)+1=46
train/38845.jpg,0+(1+4)=5
train/38846.jpg,(6+5)-0=11
train/38847.jpg,3*(3+1)=12
train/38848.jpg,2-(5-9)=6
train/38849.jpg,(7-5)-1=1
train/38850.jpg,(3-9)*3=-18
train/38851.jpg,4-1+6=9
train/38852.jpg,9-3*1=6
train/38853.jpg,1-(4*5)=-19
train/38854.jpg,(1+0)*5=5
train/38855.jpg,3+6+1=10
train/38856.jpg,2-2*3=-4
train/38857.jpg,8+8*3=32
train/38858.jpg,3*(1+2)=9
train/38859.jpg,(6-1)*8=40
train/38860.jpg,6*5-6=24
train/38861.jpg,(3-7)*0=0
train/38862.jpg,(6*4)*6=144
train/38863.jpg,2*(0-6)=-12
train/38864.jpg,5+7*8=61
train/38865.jpg,5*(7-2)=25
train/38866.jpg,8-(2-5)=11
train/38867.jpg,(6*1)*7=42
train/38868.jpg,5*(3-0)=15
train/38869.jpg,9+7*4=37
train/38870.jpg,(5*8)+4=44
train/38871.jpg,7-5+1=3
train/38872.jpg,0-4-0=-4
train/38873.jpg,(2-6)+9=5
train/38874.jpg,6*(1*2)=12
train/38875.jpg,(5-7)-8=-10
train/38876.jpg,2-(0-3)=5
train/38877.jpg,(6*0)+0=0
train/38878.jpg,(7*3)*8=168
train/38879.jpg,4-9-5=-10
train/38880.jpg,5-(3+7)=-5
train/38881.jpg,6-(5*0)=6
train/38882.jpg,3*(8*1)=24
train/38883.jpg,8-4-6=-2
train/38884.jpg,(3+8)*7=77
train/38885.jpg,1+1-2=0
train/38886.jpg,7-6*3=-11
train/38887.jpg,5-1+5=9
train/38888.jpg,0*6*2=0
train/38889.jpg,(8*7)+2=58
train/38890.jpg,6*1+8=14
train/38891.jpg,0*(3+0)=0
train/38892.jpg,(0*9)*9=0
train/38893.jpg,(8+6)*7=98
train/38894.jpg,4*9*7=252
train/38895.jpg,(5+9)-3=11
train/38896.jpg,7*4*0=0
train/38897.jpg,0*(8+9)=0
train/38898.jpg,1-(7+9)=-15
train/38899.jpg,3+(8-6)=5
train/38900.jpg,(2*9)-1=17
train/38901.jpg,2+(2+0)=4
train/38902.jpg,(0+5)-1=4
train/38903.jpg,4-5*4=-16
train/38904.jpg,2+2+4=8
train/38905.jpg,(0-5)-2=-7
train/38906.jpg,9*(1-4)=-27
train/38907.jpg,(5*0)+6=6
train/38908.jpg,5-(0+4)=1
train/38909.jpg,6*9-1=53
train/38910.jpg,0*0-1=-1
train/38911.jpg,7-(1+8)=-2
train/38912.jpg,(2*2)*9=36
train/38913.jpg,5*3+6=21
train/38914.jpg,(1*1)+6=7
train/38915.jpg,8+6+7=21
train/38916.jpg,7+1*6=13
train/38917.jpg,3+8*4=35
train/38918.jpg,(7+3)-8=2
train/38919.jpg,9+3+8=20
train/38920.jpg,0+(1+8)=9
train/38921.jpg,3*8+5=29
train/38922.jpg,5*(1-6)=-25
train/38923.jpg,5-(1+1)=3
train/38924.jpg,(2+1)*5=15
train/38925.jpg,2+(0+1)=3
train/38926.jpg,4*(4-9)=-20
train/38927.jpg,8*(4*7)=224
train/38928.jpg,2-(6-2)=-2
train/38929.jpg,(7+9)-0=16
train/38930.jpg,6-(9+0)=-3
train/38931.jpg,9*(5*0)=0
train/38932.jpg,5*4-4=16
train/38933.jpg,9-7-9=-7
train/38934.jpg,(5*4)+9=29
train/38935.jpg,(4*3)+3=15
train/38936.jpg,4*3*3=36
train/38937.jpg,7*(8*0)=0
train/38938.jpg,(9+5)*5=70
train/38939.jpg,7+1+0=8
train/38940.jpg,0+(5-2)=3
train/38941.jpg,(7-2)*5=25
train/38942.jpg,7-4+4=7
train/38943.jpg,(5*8)+7=47
train/38944.jpg,8*(1+0)=8
train/38945.jpg,3+(0-1)=2
train/38946.jpg,9+(6+4)=19
train/38947.jpg,3+2+1=6
train/38948.jpg,(6-4)*5=10
train/38949.jpg,1-(9+3)=-11
train/38950.jpg,7-6-3=-2
train/38951.jpg,6-(5*6)=-24
train/38952.jpg,4*8+1=33
train/38953.jpg,2+4-4=2
train/38954.jpg,2-2+7=7
train/38955.jpg,(0*7)-8=-8
train/38956.jpg,7+(3*7)=28
train/38957.jpg,1-8*0=1
train/38958.jpg,2*9+6=24
train/38959.jpg,4*7*0=0
train/38960.jpg,5*5+2=27
train/38961.jpg,6+2+8=16
train/38962.jpg,3+9*8=75
train/38963.jpg,3*(7-4)=9
train/38964.jpg,8-3*9=-19
train/38965.jpg,4-5*1=-1
train/38966.jpg,(2+9)+4=15
train/38967.jpg,(3-9)-3=-9
train/38968.jpg,(7-8)-8=-9
train/38969.jpg,9*(4-3)=9
train/38970.jpg,(3*7)-6=15
train/38971.jpg,9+(0+3)=12
train/38972.jpg,5*(9+9)=90
train/38973.jpg,3+3-3=3
train/38974.jpg,9-3+6=12
train/38975.jpg,(7-9)+4=2
train/38976.jpg,(7-5)*6=12
train/38977.jpg,1+2-9=-6
train/38978.jpg,9-0-0=9
train/38979.jpg,8*(5-7)=-16
train/38980.jpg,3+4+5=12
train/38981.jpg,7*(8-9)=-7
train/38982.jpg,5-(3+7)=-5
train/38983.jpg,4-(8*4)=-28
train/38984.jpg,(0*6)*6=0
train/38985.jpg,2*(3+8)=22
train/38986.jpg,(8+3)*0=0
train/38987.jpg,8+(9+1)=18
train/38988.jpg,(7+5)+7=19
train/38989.jpg,6*6-2=34
train/38990.jpg,(3*5)-1=14
train/38991.jpg,5*(6-6)=0
train/38992.jpg,7+(3-3)=7
train/38993.jpg,8-(0+7)=1
train/38994.jpg,7*(1-8)=-49
train/38995.jpg,(1-4)*7=-21
train/38996.jpg,4*7+7=35
train/38997.jpg,(9+2)-1=10
train/38998.jpg,(3*4)+9=21
train/38999.jpg,(6-9)*0=0
train/39000.jpg,0-8*3=-24
train/39001.jpg,4-(1*9)=-5
train/39002.jpg,6*3+3=21
train/39003.jpg,(0+7)-1=6
train/39004.jpg,(7*9)+4=67
train/39005.jpg,7+(0+8)=15
train/39006.jpg,3-4+4=3
train/39007.jpg,4*(8*4)=128
train/39008.jpg,5*2*5=50
train/39009.jpg,8-7+2=3
train/39010.jpg,(0-5)+0=-5
train/39011.jpg,9*9-3=78
train/39012.jpg,(3*4)+7=19
train/39013.jpg,7-(6*1)=1
train/39014.jpg,2-(2+7)=-7
train/39015.jpg,9*(3*1)=27
train/39016.jpg,2+6+1=9
train/39017.jpg,2*(0-4)=-8
train/39018.jpg,2+8+9=19
train/39019.jpg,8-0*1=8
train/39020.jpg,(4+1)*9=45
train/39021.jpg,(7*3)+6=27
train/39022.jpg,(7*6)-2=40
train/39023.jpg,1-(7+6)=-12
train/39024.jpg,(4-7)+3=0
train/39025.jpg,9+(3+5)=17
train/39026.jpg,8*(9+3)=96
train/39027.jpg,7-(1-9)=15
train/39028.jpg,9+(1-7)=3
train/39029.jpg,1-8-0=-7
train/39030.jpg,2+(0*8)=2
train/39031.jpg,(1+8)-7=2
train/39032.jpg,(4*4)*8=128
train/39033.jpg,0-8-7=-15
train/39034.jpg,6-(0*1)=6
train/39035.jpg,8+(1-3)=6
train/39036.jpg,9+1*8=17
train/39037.jpg,(3+6)*5=45
train/39038.jpg,5*6-4=26
train/39039.jpg,1+4-8=-3
train/39040.jpg,4-6+9=7
train/39041.jpg,3+(3*7)=24
train/39042.jpg,7-3*3=-2
train/39043.jpg,5-7+0=-2
train/39044.jpg,7+1-1=7
train/39045.jpg,(4+2)-4=2
train/39046.jpg,(5-1)*3=12
train/39047.jpg,1+1-8=-6
train/39048.jpg,1+(5-6)=0
train/39049.jpg,2*0*4=0
train/39050.jpg,4-(9*9)=-77
train/39051.jpg,(9+7)+5=21
train/39052.jpg,4+(9*9)=85
train/39053.jpg,(7*4)*7=196
train/39054.jpg,0-(7-3)=-4
train/39055.jpg,3*(6+3)=27
train/39056.jpg,3-9*6=-51
train/39057.jpg,(9+5)*2=28
train/39058.jpg,(6+5)*3=33
train/39059.jpg,8-2+7=13
train/39060.jpg,6*5+1=31
train/39061.jpg,(2-7)-5=-10
train/39062.jpg,8-(8+9)=-9
train/39063.jpg,6*(1+5)=36
train/39064.jpg,1+9*4=37
train/39065.jpg,2+2*1=4
train/39066.jpg,5-(5-7)=7
train/39067.jpg,(1+7)*6=48
train/39068.jpg,7+(6*8)=55
train/39069.jpg,3+(0+0)=3
train/39070.jpg,(9-1)+6=14
train/39071.jpg,(9+3)-7=5
train/39072.jpg,(3*7)+7=28
train/39073.jpg,(3+6)-6=3
train/39074.jpg,4*5-8=12
train/39075.jpg,0-1*7=-7
train/39076.jpg,(4+5)-7=2
train/39077.jpg,(6*3)+6=24
train/39078.jpg,5*(3-3)=0
train/39079.jpg,7+(0*1)=7
train/39080.jpg,(0-2)*4=-8
train/39081.jpg,1*8-9=-1
train/39082.jpg,(1-0)+0=1
train/39083.jpg,7-(6*5)=-23
train/39084.jpg,8-3*2=2
train/39085.jpg,1*(7*9)=63
train/39086.jpg,7-(8-4)=3
train/39087.jpg,(1*8)+0=8
train/39088.jpg,(4+8)-1=11
train/39089.jpg,(1*5)+4=9
train/39090.jpg,1+(6+7)=14
train/39091.jpg,(7+3)*1=10
train/39092.jpg,(1-3)-7=-9
train/39093.jpg,(3-8)+5=0
train/39094.jpg,2-2-7=-7
train/39095.jpg,2-(3+8)=-9
train/39096.jpg,(2*9)*8=144
train/39097.jpg,5*(9*4)=180
train/39098.jpg,(3*4)-5=7
train/39099.jpg,7-0*5=7
train/39100.jpg,8+6-6=8
train/39101.jpg,8+(4-3)=9
train/39102.jpg,2*1*6=12
train/39103.jpg,1+4*5=21
train/39104.jpg,4+(6*2)=16
train/39105.jpg,1+(3+7)=11
train/39106.jpg,6+3-9=0
train/39107.jpg,7*0*8=0
train/39108.jpg,7*3-9=12
train/39109.jpg,(0+3)*4=12
train/39110.jpg,(4*3)-4=8
train/39111.jpg,0+8*4=32
train/39112.jpg,8*1-5=3
train/39113.jpg,5-1*0=5
train/39114.jpg,(1-4)-5=-8
train/39115.jpg,4+8-0=12
train/39116.jpg,5*8-2=38
train/39117.jpg,(3+3)+6=12
train/39118.jpg,9+(3-0)=12
train/39119.jpg,1+7+2=10
train/39120.jpg,8*(7*9)=504
train/39121.jpg,6*2+4=16
train/39122.jpg,7-(3+0)=4
train/39123.jpg,1+4*9=37
train/39124.jpg,8+(8-1)=15
train/39125.jpg,0*8*4=0
train/39126.jpg,(6+0)+5=11
train/39127.jpg,8+0*2=8
train/39128.jpg,(9+4)*8=104
train/39129.jpg,6*(1-8)=-42
train/39130.jpg,2*3*5=30
train/39131.jpg,6*8-3=45
train/39132.jpg,6-3-0=3
train/39133.jpg,(2-5)-9=-12
train/39134.jpg,3*(6*9)=162
train/39135.jpg,6+(2*1)=8
train/39136.jpg,(2*5)-6=4
train/39137.jpg,(0-6)+7=1
train/39138.jpg,(0-1)-0=-1
train/39139.jpg,2-(6-5)=1
train/39140.jpg,7*3-0=21
train/39141.jpg,3-(1*2)=1
train/39142.jpg,(2*3)+7=13
train/39143.jpg,9*(0*1)=0
train/39144.jpg,8*(1*2)=16
train/39145.jpg,2*(0*6)=0
train/39146.jpg,5*(4+3)=35
train/39147.jpg,7*(7+6)=91
train/39148.jpg,(0*0)-2=-2
train/39149.jpg,0-2*2=-4
train/39150.jpg,6+0-3=3
train/39151.jpg,6*7*5=210
train/39152.jpg,(1-5)-8=-12
train/39153.jpg,1-(3*0)=1
train/39154.jpg,(0*2)+2=2
train/39155.jpg,9-6-3=0
train/39156.jpg,(0*5)*3=0
train/39157.jpg,8+(4-2)=10
train/39158.jpg,4+(8+1)=13
train/39159.jpg,(3-8)+2=-3
train/39160.jpg,0+(7-5)=2
train/39161.jpg,2*(0-3)=-6
train/39162.jpg,1-(5*8)=-39
train/39163.jpg,5+5+3=13
train/39164.jpg,0+1*4=4
train/39165.jpg,(9*4)*8=288
train/39166.jpg,(2*0)-5=-5
train/39167.jpg,0*(6+7)=0
train/39168.jpg,(1-5)-4=-8
train/39169.jpg,(6-6)*3=0
train/39170.jpg,8-(3+0)=5
train/39171.jpg,1-(2*4)=-7
train/39172.jpg,8+(4+4)=16
train/39173.jpg,2-9+8=1
train/39174.jpg,8-3*6=-10
train/39175.jpg,5-4-6=-5
train/39176.jpg,5+(4*2)=13
train/39177.jpg,8*3+8=32
train/39178.jpg,(9-7)-2=0
train/39179.jpg,9-0-8=1
train/39180.jpg,9+(9-1)=17
train/39181.jpg,3-3+7=7
train/39182.jpg,5-(8-8)=5
train/39183.jpg,(5*4)-9=11
train/39184.jpg,2-(3+0)=-1
train/39185.jpg,0-(3-0)=-3
train/39186.jpg,(4*1)+2=6
train/39187.jpg,8-1-2=5
train/39188.jpg,(2-5)+4=1
train/39189.jpg,5-(5+2)=-2
train/39190.jpg,5+3-1=7
train/39191.jpg,1-(7*2)=-13
train/39192.jpg,4+4+2=10
train/39193.jpg,(8-5)-6=-3
train/39194.jpg,(3*4)-5=7
train/39195.jpg,8-4-7=-3
train/39196.jpg,(9*5)+4=49
train/39197.jpg,7+0+9=16
train/39198.jpg,(5+8)*2=26
train/39199.jpg,0*(6*7)=0
train/39200.jpg,3+8-6=5
train/39201.jpg,9*(5-9)=-36
train/39202.jpg,(1-8)*7=-49
train/39203.jpg,(2*4)*2=16
train/39204.jpg,(4-8)+8=4
train/39205.jpg,(6+9)-1=14
train/39206.jpg,4+(2*6)=16
train/39207.jpg,7+4-3=8
train/39208.jpg,(0+3)*0=0
train/39209.jpg,(1*0)*7=0
train/39210.jpg,(7-6)-2=-1
train/39211.jpg,5*7*9=315
train/39212.jpg,4+(9-6)=7
train/39213.jpg,9+6*6=45
train/39214.jpg,5-6+9=8
train/39215.jpg,(6*6)+5=41
train/39216.jpg,7+6+5=18
train/39217.jpg,(9+0)*9=81
train/39218.jpg,1+(1+1)=3
train/39219.jpg,(2+5)-8=-1
train/39220.jpg,(7*9)+7=70
train/39221.jpg,0-(2-1)=-1
train/39222.jpg,6*4-0=24
train/39223.jpg,(5+9)-5=9
train/39224.jpg,(5+3)+9=17
train/39225.jpg,(6+1)-2=5
train/39226.jpg,0+(8*0)=0
train/39227.jpg,5*(9*7)=315
train/39228.jpg,4-4*6=-20
train/39229.jpg,(4-5)+4=3
train/39230.jpg,4-(1-2)=5
train/39231.jpg,3+2+2=7
train/39232.jpg,8*(8+7)=120
train/39233.jpg,5+(4-0)=9
train/39234.jpg,4*(2-1)=4
train/39235.jpg,9+1-4=6
train/39236.jpg,6+0+4=10
train/39237.jpg,1+(7+2)=10
train/39238.jpg,(9-0)+1=10
train/39239.jpg,(1-8)+2=-5
train/39240.jpg,(7+9)+0=16
train/39241.jpg,7*(0-2)=-14
train/39242.jpg,7+2*0=7
train/39243.jpg,(9-7)+5=7
train/39244.jpg,(3-7)+2=-2
train/39245.jpg,(1*2)+0=2
train/39246.jpg,2-(6+8)=-12
train/39247.jpg,3*(8+0)=24
train/39248.jpg,(3-8)+7=2
train/39249.jpg,(8+6)+7=21
train/39250.jpg,8-(9+4)=-5
train/39251.jpg,5*6+3=33
train/39252.jpg,(5*4)+0=20
train/39253.jpg,9+(1+9)=19
train/39254.jpg,(2-6)-1=-5
train/39255.jpg,(9+5)+0=14
train/39256.jpg,5*1-7=-2
train/39257.jpg,(7+5)-2=10
train/39258.jpg,(8-3)-0=5
train/39259.jpg,(0-6)+7=1
train/39260.jpg,7+3*2=13
train/39261.jpg,9*(8*9)=648
train/39262.jpg,4*(0-9)=-36
train/39263.jpg,(2+2)-8=-4
train/39264.jpg,(4-9)*9=-45
train/39265.jpg,1+(2-1)=2
train/39266.jpg,0+7*8=56
train/39267.jpg,(9*8)*9=648
train/39268.jpg,8-1*3=5
train/39269.jpg,(5*7)-0=35
train/39270.jpg,1-(8*0)=1
train/39271.jpg,5+(2*3)=11
train/39272.jpg,(9+5)-7=7
train/39273.jpg,4+(3*9)=31
train/39274.jpg,(4+6)*9=90
train/39275.jpg,7*(0-9)=-63
train/39276.jpg,0-(6*4)=-24
train/39277.jpg,6-(8*7)=-50
train/39278.jpg,7+(2+4)=13
train/39279.jpg,6-2*9=-12
train/39280.jpg,9+7+5=21
train/39281.jpg,2*(9-0)=18
train/39282.jpg,5*3-8=7
train/39283.jpg,(1*8)+8=16
train/39284.jpg,8*7*5=280
train/39285.jpg,4-8+9=5
train/39286.jpg,2-(0-9)=11
train/39287.jpg,9+1*2=11
train/39288.jpg,2*(5-3)=4
train/39289.jpg,(0+6)*8=48
train/39290.jpg,4*3+6=18
train/39291.jpg,8+(0*9)=8
train/39292.jpg,5*(0+6)=30
train/39293.jpg,7+(4-7)=4
train/39294.jpg,8-(7*4)=-20
train/39295.jpg,0+4-2=2
train/39296.jpg,1+(1*8)=9
train/39297.jpg,(4*7)+8=36
train/39298.jpg,(2+6)*8=64
train/39299.jpg,(7+1)-1=7
train/39300.jpg,1*1+8=9
train/39301.jpg,(6-7)*5=-5
train/39302.jpg,(4*3)-2=10
train/39303.jpg,3*5*2=30
train/39304.jpg,0*1*0=0
train/39305.jpg,7-(0-9)=16
train/39306.jpg,(3-4)-5=-6
train/39307.jpg,8*(7+7)=112
train/39308.jpg,(4-8)+6=2
train/39309.jpg,(1*5)+7=12
train/39310.jpg,7-0*4=7
train/39311.jpg,1+(3-9)=-5
train/39312.jpg,5*(7*2)=70
train/39313.jpg,(1-4)-9=-12
train/39314.jpg,7+(5*1)=12
train/39315.jpg,5-(0+2)=3
train/39316.jpg,(6+6)+1=13
train/39317.jpg,9*9-7=74
train/39318.jpg,2+(9-8)=3
train/39319.jpg,5+3*0=5
train/39320.jpg,5-(3-5)=7
train/39321.jpg,(3-0)+9=12
train/39322.jpg,1-2+6=5
train/39323.jpg,(7-5)-0=2
train/39324.jpg,1*(0-0)=0
train/39325.jpg,5-6*6=-31
train/39326.jpg,5-(8*7)=-51
train/39327.jpg,9-(2+8)=-1
train/39328.jpg,3+8+5=16
train/39329.jpg,9*4+1=37
train/39330.jpg,(4-7)*7=-21
train/39331.jpg,(6-1)*0=0
train/39332.jpg,(9+7)+2=18
train/39333.jpg,0*0+6=6
train/39334.jpg,(2-8)+9=3
train/39335.jpg,4+(6+9)=19
train/39336.jpg,3+(5*6)=33
train/39337.jpg,0-(0+0)=0
train/39338.jpg,(5-9)+0=-4
train/39339.jpg,(3-7)+1=-3
train/39340.jpg,4*6*2=48
train/39341.jpg,0+9-2=7
train/39342.jpg,(0-1)-4=-5
train/39343.jpg,2-7*3=-19
train/39344.jpg,4+1*4=8
train/39345.jpg,(0*8)+2=2
train/39346.jpg,0-6*2=-12
train/39347.jpg,9*(8-7)=9
train/39348.jpg,5+(2*5)=15
train/39349.jpg,3-5-8=-10
train/39350.jpg,0-(7-2)=-5
train/39351.jpg,(8+4)*8=96
train/39352.jpg,3*5-7=8
train/39353.jpg,9-3+1=7
train/39354.jpg,8-5-2=1
train/39355.jpg,(9+4)+1=14
train/39356.jpg,(4-2)+6=8
train/39357.jpg,7*3+2=23
train/39358.jpg,(4*9)-9=27
train/39359.jpg,(4+8)+8=20
train/39360.jpg,(4*4)+5=21
train/39361.jpg,6-(6+2)=-2
train/39362.jpg,3*(7-9)=-6
train/39363.jpg,3+3+0=6
train/39364.jpg,9*9+4=85
train/39365.jpg,(0+4)+7=11
train/39366.jpg,8+6+2=16
train/39367.jpg,7-(0*1)=7
train/39368.jpg,(0*9)*4=0
train/39369.jpg,0-(4-0)=-4
train/39370.jpg,(7+1)*7=56
train/39371.jpg,4*(3+8)=44
train/39372.jpg,8-6+4=6
train/39373.jpg,(0+5)-7=-2
train/39374.jpg,9+8+6=23
train/39375.jpg,5*(0*6)=0
train/39376.jpg,0+(5-1)=4
train/39377.jpg,0-(2*5)=-10
train/39378.jpg,6+(5-7)=4
train/39379.jpg,(1+3)+2=6
train/39380.jpg,7-(7+7)=-7
train/39381.jpg,(3+7)*2=20
train/39382.jpg,0+0+6=6
train/39383.jpg,(3*8)-1=23
train/39384.jpg,(4*9)*3=108
train/39385.jpg,(7+6)+4=17
train/39386.jpg,7-5-8=-6
train/39387.jpg,2-1*6=-4
train/39388.jpg,7*(5*2)=70
train/39389.jpg,(0-0)+1=1
train/39390.jpg,1+(6*6)=37
train/39391.jpg,(9+6)*6=90
train/39392.jpg,6-1+8=13
train/39393.jpg,9-(0-9)=18
train/39394.jpg,5*(7+8)=75
train/39395.jpg,(3+5)-3=5
train/39396.jpg,5*0+4=4
train/39397.jpg,1*2+0=2
train/39398.jpg,(8+2)*6=60
train/39399.jpg,0+9*8=72
train/39400.jpg,(4-7)*0=0
train/39401.jpg,5*(4-4)=0
train/39402.jpg,0-0*7=0
train/39403.jpg,(2*4)+4=12
train/39404.jpg,(4*6)+3=27
train/39405.jpg,3-(6-1)=-2
train/39406.jpg,(7*4)-9=19
train/39407.jpg,(1*6)-2=4
train/39408.jpg,(2-5)*5=-15
train/39409.jpg,9*2-8=10
train/39410.jpg,(5*9)+6=51
train/39411.jpg,8-(9+0)=-1
train/39412.jpg,(5+2)*9=63
train/39413.jpg,5*(5*1)=25
train/39414.jpg,2+9*2=20
train/39415.jpg,2*(1*7)=14
train/39416.jpg,(4+8)*0=0
train/39417.jpg,9*7+1=64
train/39418.jpg,(4+6)*3=30
train/39419.jpg,0*5-5=-5
train/39420.jpg,(3*3)*7=63
train/39421.jpg,8+(5*4)=28
train/39422.jpg,(3*3)-8=1
train/39423.jpg,6-(4+5)=-3
train/39424.jpg,(6-5)+8=9
train/39425.jpg,8-(9-6)=5
train/39426.jpg,0-(0*2)=0
train/39427.jpg,1-8+5=-2
train/39428.jpg,(9+6)+0=15
train/39429.jpg,(6+4)-5=5
train/39430.jpg,8+0*9=8
train/39431.jpg,8+1-5=4
train/39432.jpg,1+(0+0)=1
train/39433.jpg,8*(6+9)=120
train/39434.jpg,3+(6*6)=39
train/39435.jpg,2*5+0=10
train/39436.jpg,1+9+9=19
train/39437.jpg,(2+6)+9=17
train/39438.jpg,8-(8-8)=8
train/39439.jpg,6*5*8=240
train/39440.jpg,(6-0)-5=1
train/39441.jpg,(5-4)+8=9
train/39442.jpg,2-0+0=2
train/39443.jpg,9+3*8=33
train/39444.jpg,8-(8*2)=-8
train/39445.jpg,9+8+9=26
train/39446.jpg,(6*0)+8=8
train/39447.jpg,2+7+7=16
train/39448.jpg,(2-6)*3=-12
train/39449.jpg,5*8-8=32
train/39450.jpg,(6+5)-1=10
train/39451.jpg,0*5+0=0
train/39452.jpg,3+(2*3)=9
train/39453.jpg,0*(0*9)=0
train/39454.jpg,9+3*0=9
train/39455.jpg,4+0-2=2
train/39456.jpg,(1*5)+3=8
train/39457.jpg,0+(5-1)=4
train/39458.jpg,2*5-9=1
train/39459.jpg,(2*6)-0=12
train/39460.jpg,9+2-9=2
train/39461.jpg,4*(9-6)=12
train/39462.jpg,7*(8*0)=0
train/39463.jpg,6*8*3=144
train/39464.jpg,(2+9)*3=33
train/39465.jpg,(8*3)-7=17
train/39466.jpg,(4+2)-6=0
train/39467.jpg,6*9+1=55
train/39468.jpg,(1+7)+1=9
train/39469.jpg,9-4-6=-1
train/39470.jpg,0+0*6=0
train/39471.jpg,0*(3*6)=0
train/39472.jpg,8*(7+4)=88
train/39473.jpg,3*0*6=0
train/39474.jpg,4*(2+7)=36
train/39475.jpg,9-3+2=8
train/39476.jpg,2*(4-6)=-4
train/39477.jpg,(9-4)+0=5
train/39478.jpg,1*(6+8)=14
train/39479.jpg,(2-4)-8=-10
train/39480.jpg,2-3+2=1
train/39481.jpg,4*7*9=252
train/39482.jpg,2*3-3=3
train/39483.jpg,(3*3)-8=1
train/39484.jpg,7+(3+2)=12
train/39485.jpg,(0-6)-2=-8
train/39486.jpg,(4+8)*9=108
train/39487.jpg,(9*2)+9=27
train/39488.jpg,9+2+8=19
train/39489.jpg,6+(9*8)=78
train/39490.jpg,(2+2)-2=2
train/39491.jpg,(6-5)+1=2
train/39492.jpg,2*(3*2)=12
train/39493.jpg,5-6-7=-8
train/39494.jpg,8+7+1=16
train/39495.jpg,6+(8+8)=22
train/39496.jpg,0-0+6=6
train/39497.jpg,(7*2)+5=19
train/39498.jpg,2*2-2=2
train/39499.jpg,3*6+1=19
train/39500.jpg,9*(4+0)=36
train/39501.jpg,5-0*6=5
train/39502.jpg,(7+8)*1=15
train/39503.jpg,(0*5)-5=-5
train/39504.jpg,6+(7*1)=13
train/39505.jpg,5*(1*4)=20
train/39506.jpg,(9-2)*6=42
train/39507.jpg,(0-9)+8=-1
train/39508.jpg,7*(2-9)=-49
train/39509.jpg,9+5-4=10
train/39510.jpg,(8-3)*1=5
train/39511.jpg,7-(4+8)=-5
train/39512.jpg,(8-9)*6=-6
train/39513.jpg,2+(4-7)=-1
train/39514.jpg,6-(9*2)=-12
train/39515.jpg,(2-3)*6=-6
train/39516.jpg,9-7-7=-5
train/39517.jpg,4-5+6=5
train/39518.jpg,8+(7-9)=6
train/39519.jpg,8-5*3=-7
train/39520.jpg,8+5+4=17
train/39521.jpg,(6*1)*8=48
train/39522.jpg,8*(5+7)=96
train/39523.jpg,1*6*5=30
train/39524.jpg,1+1-1=1
train/39525.jpg,1+7+7=15
train/39526.jpg,3+7+6=16
train/39527.jpg,(3-5)-4=-6
train/39528.jpg,(1+8)*7=63
train/39529.jpg,1-(4+5)=-8
train/39530.jpg,(2*9)-3=15
train/39531.jpg,7*(9*8)=504
train/39532.jpg,(4-0)*6=24
train/39533.jpg,(8+6)*6=84
train/39534.jpg,6+(8-1)=13
train/39535.jpg,6*1-3=3
train/39536.jpg,9-2-5=2
train/39537.jpg,4*(5+0)=20
train/39538.jpg,(5-4)*7=7
train/39539.jpg,(9*5)*5=225
train/39540.jpg,0-9-3=-12
train/39541.jpg,3-8*6=-45
train/39542.jpg,(1-5)-2=-6
train/39543.jpg,4*(4-1)=12
train/39544.jpg,1*(8*1)=8
train/39545.jpg,0-5*4=-20
train/39546.jpg,4+(5-5)=4
train/39547.jpg,4-8-5=-9
train/39548.jpg,0+(5-1)=4
train/39549.jpg,6+(2+2)=10
train/39550.jpg,0-(6-4)=-2
train/39551.jpg,1*0+1=1
train/39552.jpg,0-4*3=-12
train/39553.jpg,8+7+2=17
train/39554.jpg,(8*9)*3=216
train/39555.jpg,(0+2)-5=-3
train/39556.jpg,2+(3-3)=2
train/39557.jpg,(1-2)+3=2
train/39558.jpg,2-2*0=2
train/39559.jpg,6*(2-5)=-18
train/39560.jpg,(6+8)*1=14
train/39561.jpg,(6-0)*6=36
train/39562.jpg,6*(7*7)=294
train/39563.jpg,1+(4*1)=5
train/39564.jpg,7*(4*0)=0
train/39565.jpg,7-(4-9)=12
train/39566.jpg,(5+7)+6=18
train/39567.jpg,9*2-3=15
train/39568.jpg,(8+9)*8=136
train/39569.jpg,8-1-9=-2
train/39570.jpg,4-(1-4)=7
train/39571.jpg,0+(0-7)=-7
train/39572.jpg,4-7+7=4
train/39573.jpg,3+(7-6)=4
train/39574.jpg,1*2+8=10
train/39575.jpg,(1+5)-0=6
train/39576.jpg,1*9-7=2
train/39577.jpg,3+0+2=5
train/39578.jpg,1*8*2=16
train/39579.jpg,(7+4)*4=44
train/39580.jpg,(7*9)-1=62
train/39581.jpg,9+6+3=18
train/39582.jpg,(1*0)-6=-6
train/39583.jpg,7*1+6=13
train/39584.jpg,6*5*8=240
train/39585.jpg,3*(5-6)=-3
train/39586.jpg,(2*9)-2=16
train/39587.jpg,(7-8)-4=-5
train/39588.jpg,3*(5+8)=39
train/39589.jpg,4-5+1=0
train/39590.jpg,(0*7)*5=0
train/39591.jpg,(3+4)-1=6
train/39592.jpg,8*(7-6)=8
train/39593.jpg,3+(1+7)=11
train/39594.jpg,(3*3)*9=81
train/39595.jpg,2*8+3=19
train/39596.jpg,(8*5)-2=38
train/39597.jpg,(3-0)+8=11
train/39598.jpg,7-(9*4)=-29
train/39599.jpg,0*(7+1)=0
train/39600.jpg,(7-0)+5=12
train/39601.jpg,6+(7-6)=7
train/39602.jpg,6-5*2=-4
train/39603.jpg,(3+2)*5=25
train/39604.jpg,3*(9-6)=9
train/39605.jpg,5*(2*0)=0
train/39606.jpg,3*5*3=45
train/39607.jpg,5+(9*1)=14
train/39608.jpg,7-0*9=7
train/39609.jpg,4*(5+2)=28
train/39610.jpg,0+(3-6)=-3
train/39611.jpg,4-5+3=2
train/39612.jpg,3-(5-4)=2
train/39613.jpg,0*(5*2)=0
train/39614.jpg,(2+6)-3=5
train/39615.jpg,2-(2+9)=-9
train/39616.jpg,8+(3-5)=6
train/39617.jpg,(5+0)-3=2
train/39618.jpg,0*8*3=0
train/39619.jpg,(0+8)+7=15
train/39620.jpg,6+6*8=54
train/39621.jpg,8*3*6=144
train/39622.jpg,(8-2)+6=12
train/39623.jpg,4+6-8=2
train/39624.jpg,8*9+6=78
train/39625.jpg,4+2-4=2
train/39626.jpg,(7*2)-1=13
train/39627.jpg,(5+0)*2=10
train/39628.jpg,(5*5)-4=21
train/39629.jpg,(1-3)+0=-2
train/39630.jpg,0*3-3=-3
train/39631.jpg,1*(0-2)=-2
train/39632.jpg,9-(7-3)=5
train/39633.jpg,9*2+3=21
train/39634.jpg,(9*8)-0=72
train/39635.jpg,(0*0)-9=-9
train/39636.jpg,(2-9)*2=-14
train/39637.jpg,(3+0)*2=6
train/39638.jpg,(2-7)-7=-12
train/39639.jpg,(7+4)-2=9
train/39640.jpg,2+6+0=8
train/39641.jpg,2*(0+8)=16
train/39642.jpg,6-5+7=8
train/39643.jpg,9+(4+8)=21
train/39644.jpg,(0+5)*6=30
train/39645.jpg,8+(5-9)=4
train/39646.jpg,9+(9-8)=10
train/39647.jpg,(7*5)-1=34
train/39648.jpg,(6+3)+3=12
train/39649.jpg,2+(0-7)=-5
train/39650.jpg,6+(6-9)=3
train/39651.jpg,(9-8)-0=1
train/39652.jpg,5-8+3=0
train/39653.jpg,6-9+1=-2
train/39654.jpg,(9-3)-0=6
train/39655.jpg,(8-2)-7=-1
train/39656.jpg,4+(6*5)=34
train/39657.jpg,1-6-4=-9
train/39658.jpg,(8-7)-4=-3
train/39659.jpg,1+(0*2)=1
train/39660.jpg,7-4-0=3
train/39661.jpg,7+(2*5)=17
train/39662.jpg,(8+2)+5=15
train/39663.jpg,3*(0*2)=0
train/39664.jpg,9-(4*4)=-7
train/39665.jpg,2-1+1=2
train/39666.jpg,1*(9+1)=10
train/39667.jpg,(6*7)+0=42
train/39668.jpg,9-8*6=-39
train/39669.jpg,(1*8)*7=56
train/39670.jpg,9-(2-8)=15
train/39671.jpg,(0-0)*3=0
train/39672.jpg,4-6+5=3
train/39673.jpg,(9*4)*4=144
train/39674.jpg,3*(0*9)=0
train/39675.jpg,(0*8)-4=-4
train/39676.jpg,(5-4)*5=5
train/39677.jpg,3*(0+8)=24
train/39678.jpg,(4+2)-0=6
train/39679.jpg,0-6*7=-42
train/39680.jpg,(1-9)+6=-2
train/39681.jpg,7+4+9=20
train/39682.jpg,2*8+9=25
train/39683.jpg,(8*6)-6=42
train/39684.jpg,2*8*8=128
train/39685.jpg,(2+9)-6=5
train/39686.jpg,2*2-9=-5
train/39687.jpg,8*3*3=72
train/39688.jpg,(3+8)-9=2
train/39689.jpg,(2-3)+1=0
train/39690.jpg,(5+4)-2=7
train/39691.jpg,5*(6-8)=-10
train/39692.jpg,(3-9)-9=-15
train/39693.jpg,2-3-4=-5
train/39694.jpg,(7*8)-4=52
train/39695.jpg,5*3*2=30
train/39696.jpg,(2*9)+9=27
train/39697.jpg,3+(0+0)=3
train/39698.jpg,5*(6+0)=30
train/39699.jpg,6+(0+2)=8
train/39700.jpg,4-4-6=-6
train/39701.jpg,2-(9*9)=-79
train/39702.jpg,7*4-7=21
train/39703.jpg,7*(1+5)=42
train/39704.jpg,0+6+7=13
train/39705.jpg,9*8*9=648
train/39706.jpg,3-8*0=3
train/39707.jpg,6-1*4=2
train/39708.jpg,(9-8)-1=0
train/39709.jpg,(4+3)+0=7
train/39710.jpg,(6-3)+3=6
train/39711.jpg,8+(2-2)=8
train/39712.jpg,8*8+5=69
train/39713.jpg,1+(2-6)=-3
train/39714.jpg,4-1+9=12
train/39715.jpg,3+1*5=8
train/39716.jpg,3*(2-5)=-9
train/39717.jpg,6*(3*8)=144
train/39718.jpg,4+(4+7)=15
train/39719.jpg,3*(4-5)=-3
train/39720.jpg,1+(6+9)=16
train/39721.jpg,(0-0)+1=1
train/39722.jpg,4*9+3=39
train/39723.jpg,6*0*0=0
train/39724.jpg,1-9-4=-12
train/39725.jpg,9*(5-7)=-18
train/39726.jpg,9*(5*7)=315
train/39727.jpg,6*(9-1)=48
train/39728.jpg,9-(1+8)=0
train/39729.jpg,(7-0)-7=0
train/39730.jpg,6*(9*6)=324
train/39731.jpg,(7-3)*5=20
train/39732.jpg,0-1+7=6
train/39733.jpg,7+1+1=9
train/39734.jpg,(5*6)+1=31
train/39735.jpg,(7*4)*8=224
train/39736.jpg,(0+0)-3=-3
train/39737.jpg,(8+8)*5=80
train/39738.jpg,(7-0)*8=56
train/39739.jpg,9*(3*4)=108
train/39740.jpg,1+4-9=-4
train/39741.jpg,7*(2-5)=-21
train/39742.jpg,(5+2)+4=11
train/39743.jpg,9+1*3=12
train/39744.jpg,1-6+5=0
train/39745.jpg,1-6*0=1
train/39746.jpg,(3+0)*4=12
train/39747.jpg,(8-4)-7=-3
train/39748.jpg,(6+6)-0=12
train/39749.jpg,(0-9)+6=-3
train/39750.jpg,9-6-9=-6
train/39751.jpg,9+1-9=1
train/39752.jpg,9+(2+2)=13
train/39753.jpg,9+5*2=19
train/39754.jpg,(1*3)*3=9
train/39755.jpg,1-3-3=-5
train/39756.jpg,8+(0+9)=17
train/39757.jpg,2*(6+8)=28
train/39758.jpg,(4*0)*2=0
train/39759.jpg,3*7+3=24
train/39760.jpg,(0*3)*4=0
train/39761.jpg,7*8*7=392
train/39762.jpg,1+(3*5)=16
train/39763.jpg,3-5*6=-27
train/39764.jpg,(1*1)*6=6
train/39765.jpg,(8-6)+2=4
train/39766.jpg,5-(8*7)=-51
train/39767.jpg,5+7+8=20
train/39768.jpg,(1*9)+6=15
train/39769.jpg,7-9+6=4
train/39770.jpg,7-(6+6)=-5
train/39771.jpg,(2-4)*6=-12
train/39772.jpg,(4-0)+7=11
train/39773.jpg,3-9-0=-6
train/39774.jpg,1+3-8=-4
train/39775.jpg,9*(1+7)=72
train/39776.jpg,7*6-4=38
train/39777.jpg,(4-5)*8=-8
train/39778.jpg,(3+4)*9=63
train/39779.jpg,8-9+9=8
train/39780.jpg,6-(8*2)=-10
train/39781.jpg,7-(8*3)=-17
train/39782.jpg,(7+6)-2=11
train/39783.jpg,6+7+2=15
train/39784.jpg,1*(8-4)=4
train/39785.jpg,2-(8-5)=-1
train/39786.jpg,6+0-7=-1
train/39787.jpg,3+(9+0)=12
train/39788.jpg,4-4-5=-5
train/39789.jpg,4*(5*8)=160
train/39790.jpg,1+4+6=11
train/39791.jpg,(4*2)+3=11
train/39792.jpg,(1*6)-8=-2
train/39793.jpg,(8-3)*1=5
train/39794.jpg,(6-3)*8=24
train/39795.jpg,6-(2-6)=10
train/39796.jpg,(1-0)+3=4
train/39797.jpg,(4+5)-0=9
train/39798.jpg,6*(7-0)=42
train/39799.jpg,(5+9)-8=6
train/39800.jpg,8*(1-8)=-56
train/39801.jpg,4-1+7=10
train/39802.jpg,(3+6)*3=27
train/39803.jpg,(6*6)-4=32
train/39804.jpg,(3*5)-0=15
train/39805.jpg,(8+6)-4=10
train/39806.jpg,4-2-9=-7
train/39807.jpg,9*9+0=81
train/39808.jpg,2-7-2=-7
train/39809.jpg,1+2+4=7
train/39810.jpg,9*6-2=52
train/39811.jpg,0+2*1=2
train/39812.jpg,4-(0+4)=0
train/39813.jpg,6-(4*8)=-26
train/39814.jpg,8+(4+1)=13
train/39815.jpg,(7*6)-9=33
train/39816.jpg,7+1+8=16
train/39817.jpg,(8+2)-1=9
train/39818.jpg,8+1+7=16
train/39819.jpg,9+(5+6)=20
train/39820.jpg,3+4*9=39
train/39821.jpg,8-(0+1)=7
train/39822.jpg,5-(2-9)=12
train/39823.jpg,0*(3-4)=0
train/39824.jpg,7+(5*8)=47
train/39825.jpg,(7-9)*3=-6
train/39826.jpg,5*6-4=26
train/39827.jpg,(6-5)-0=1
train/39828.jpg,(5*2)+6=16
train/39829.jpg,9-7-1=1
train/39830.jpg,(9*7)-8=55
train/39831.jpg,(5-0)*8=40
train/39832.jpg,6+(0+2)=8
train/39833.jpg,0*9+2=2
train/39834.jpg,9+(6*7)=51
train/39835.jpg,4+(2-6)=0
train/39836.jpg,(6-1)+0=5
train/39837.jpg,8*(3-5)=-16
train/39838.jpg,9-5+1=5
train/39839.jpg,(1+3)+2=6
train/39840.jpg,(7-7)*9=0
train/39841.jpg,1+2*5=11
train/39842.jpg,6+3*4=18
train/39843.jpg,(1+5)+1=7
train/39844.jpg,2*(7*8)=112
train/39845.jpg,2-(4+2)=-4
train/39846.jpg,7-2-5=0
train/39847.jpg,2+(6+7)=15
train/39848.jpg,(0*1)-9=-9
train/39849.jpg,6*(4+8)=72
train/39850.jpg,5*9+2=47
train/39851.jpg,(7-8)*5=-5
train/39852.jpg,(9*5)-8=37
train/39853.jpg,3-(5*6)=-27
train/39854.jpg,3-0-3=0
train/39855.jpg,7+(8*0)=7
train/39856.jpg,4+(1+9)=14
train/39857.jpg,1*(6-5)=1
train/39858.jpg,8+1-0=9
train/39859.jpg,(2*0)*0=0
train/39860.jpg,(6+4)+8=18
train/39861.jpg,3*(6-9)=-9
train/39862.jpg,(8-6)-7=-5
train/39863.jpg,7-(7+1)=-1
train/39864.jpg,5*(9+2)=55
train/39865.jpg,9-(1+3)=5
train/39866.jpg,3+2*2=7
train/39867.jpg,3-7-5=-9
train/39868.jpg,7*(2+9)=77
train/39869.jpg,1*2+5=7
train/39870.jpg,0*9*5=0
train/39871.jpg,3*(9-9)=0
train/39872.jpg,(9+2)+6=17
train/39873.jpg,5-(2+4)=-1
train/39874.jpg,3-4-6=-7
train/39875.jpg,8*(5+8)=104
train/39876.jpg,9*3-3=24
train/39877.jpg,(2-1)-7=-6
train/39878.jpg,(1*9)-7=2
train/39879.jpg,8-(7+2)=-1
train/39880.jpg,1-2+1=0
train/39881.jpg,9-0-0=9
train/39882.jpg,8*(9-0)=72
train/39883.jpg,5-1+3=7
train/39884.jpg,0-(6*3)=-18
train/39885.jpg,6-(7*6)=-36
train/39886.jpg,(3+3)*1=6
train/39887.jpg,7+(8-7)=8
train/39888.jpg,9+(1+1)=11
train/39889.jpg,(5+9)*8=112
train/39890.jpg,8*(0+9)=72
train/39891.jpg,0-9-9=-18
train/39892.jpg,4-7*3=-17
train/39893.jpg,(9+5)+2=16
train/39894.jpg,4+3*1=7
train/39895.jpg,4-(0+9)=-5
train/39896.jpg,2-1-2=-1
train/39897.jpg,8*3+5=29
train/39898.jpg,3+(2-2)=3
train/39899.jpg,(6*2)+5=17
train/39900.jpg,5+(7-6)=6
train/39901.jpg,(2-7)-3=-8
train/39902.jpg,7-(6*2)=-5
train/39903.jpg,7-(2*9)=-11
train/39904.jpg,6-0+3=9
train/39905.jpg,(4-2)-7=-5
train/39906.jpg,7-4*1=3
train/39907.jpg,1*0*6=0
train/39908.jpg,2-5-3=-6
train/39909.jpg,4*(4-8)=-16
train/39910.jpg,7-(2-4)=9
train/39911.jpg,(4+3)*2=14
train/39912.jpg,9+(7+7)=23
train/39913.jpg,7*4-0=28
train/39914.jpg,7-(3*7)=-14
train/39915.jpg,(2+6)*5=40
train/39916.jpg,2+3-3=2
train/39917.jpg,4*3*9=108
train/39918.jpg,1*9-7=2
train/39919.jpg,6+(3-7)=2
train/39920.jpg,3+(5*0)=3
train/39921.jpg,2*(5*7)=70
train/39922.jpg,(8*7)*4=224
train/39923.jpg,8*(6*2)=96
train/39924.jpg,(5-7)*4=-8
train/39925.jpg,8*0*6=0
train/39926.jpg,(6*8)+4=52
train/39927.jpg,(5-2)*0=0
train/39928.jpg,(5+2)-0=7
train/39929.jpg,7+6-5=8
train/39930.jpg,3-4+1=0
train/39931.jpg,(4*1)-0=4
train/39932.jpg,5-(4*4)=-11
train/39933.jpg,8*(9-2)=56
train/39934.jpg,(0+2)+3=5
train/39935.jpg,7-(7-6)=6
train/39936.jpg,0-(1*9)=-9
train/39937.jpg,3-8+8=3
train/39938.jpg,(2*7)+8=22
train/39939.jpg,1+(0+3)=4
train/39940.jpg,7*2*6=84
train/39941.jpg,0*(2*2)=0
train/39942.jpg,2-(0+9)=-7
train/39943.jpg,3-2+6=7
train/39944.jpg,6-3*5=-9
train/39945.jpg,(1*5)+4=9
train/39946.jpg,1-4+0=-3
train/39947.jpg,(4-5)*1=-1
train/39948.jpg,8*4*1=32
train/39949.jpg,3*5+4=19
train/39950.jpg,3+8+5=16
train/39951.jpg,(8+8)-2=14
train/39952.jpg,5-1+2=6
train/39953.jpg,(3*7)+8=29
train/39954.jpg,0+(1+4)=5
train/39955.jpg,2+5+6=13
train/39956.jpg,(6-4)*9=18
train/39957.jpg,9-(7+8)=-6
train/39958.jpg,4-(8+1)=-5
train/39959.jpg,6+4+6=16
train/39960.jpg,(9-9)-3=-3
train/39961.jpg,5+(7-3)=9
train/39962.jpg,6*(2-6)=-24
train/39963.jpg,0+3*1=3
train/39964.jpg,(9+0)*9=81
train/39965.jpg,(8*1)+5=13
train/39966.jpg,1+1*8=9
train/39967.jpg,3*(1+3)=12
train/39968.jpg,7*6+0=42
train/39969.jpg,6*9-9=45
train/39970.jpg,6+(1*9)=15
train/39971.jpg,2-6*1=-4
train/39972.jpg,6+3-2=7
train/39973.jpg,1+(1-6)=-4
train/39974.jpg,2+(0-4)=-2
train/39975.jpg,7-3-9=-5
train/39976.jpg,4*(5-4)=4
train/39977.jpg,1-(9-0)=-8
train/39978.jpg,7+0*1=7
train/39979.jpg,6*(2*7)=84
train/39980.jpg,0+(3-4)=-1
train/39981.jpg,5+2-5=2
train/39982.jpg,(3-5)+9=7
train/39983.jpg,2*8-2=14
train/39984.jpg,7-(7+2)=-2
train/39985.jpg,7*(1-7)=-42
train/39986.jpg,(5+5)*0=0
train/39987.jpg,0+7*5=35
train/39988.jpg,7+(5+7)=19
train/39989.jpg,4*(5-3)=8
train/39990.jpg,1*6-1=5
train/39991.jpg,2*9*1=18
train/39992.jpg,(1+2)-4=-1
train/39993.jpg,4*(6-1)=20
train/39994.jpg,7+(7+6)=20
train/39995.jpg,(5*7)*2=70
train/39996.jpg,0+(3+8)=11
train/39997.jpg,(8-9)*7=-7
train/39998.jpg,(2-3)-5=-6
train/39999.jpg,1+(6-1)=6
train/40000.jpg,3+(6*2)=15
train/40001.jpg,4+3*5=19
train/40002.jpg,(6*9)+9=63
train/40003.jpg,7-(3+3)=1
train/40004.jpg,5+2+4=11
train/40005.jpg,(8-5)*0=0
train/40006.jpg,6*8+0=48
train/40007.jpg,9-6+1=4
train/40008.jpg,3-1*3=0
train/40009.jpg,3-2-6=-5
train/40010.jpg,2*9-1=17
train/40011.jpg,0+(9+6)=15
train/40012.jpg,(2+0)+1=3
train/40013.jpg,(9-5)-3=1
train/40014.jpg,1*(3-7)=-4
train/40015.jpg,3-8+7=2
train/40016.jpg,8*(6-0)=48
train/40017.jpg,6*(9-1)=48
train/40018.jpg,3-8*6=-45
train/40019.jpg,6+5+7=18
train/40020.jpg,(8-8)+3=3
train/40021.jpg,8*6-7=41
train/40022.jpg,(1-9)-9=-17
train/40023.jpg,8+(6-6)=8
train/40024.jpg,5*(0-5)=-25
train/40025.jpg,6+4+0=10
train/40026.jpg,(5+5)*1=10
train/40027.jpg,1-5-8=-12
train/40028.jpg,(9*4)-3=33
train/40029.jpg,(1+9)-4=6
train/40030.jpg,(7*3)*1=21
train/40031.jpg,4+8+9=21
train/40032.jpg,(3*9)*8=216
train/40033.jpg,8*7-6=50
train/40034.jpg,(8*3)-1=23
train/40035.jpg,7*2+7=21
train/40036.jpg,5*(0*2)=0
train/40037.jpg,(7-2)+3=8
train/40038.jpg,7+6*7=49
train/40039.jpg,8*(5-7)=-16
train/40040.jpg,(1*3)+0=3
train/40041.jpg,4+8-5=7
train/40042.jpg,7-0+9=16
train/40043.jpg,(7*0)-5=-5
train/40044.jpg,3-(5+8)=-10
train/40045.jpg,4+(0+1)=5
train/40046.jpg,(4-5)-2=-3
train/40047.jpg,(3+0)-9=-6
train/40048.jpg,2+(3+2)=7
train/40049.jpg,6-(5+1)=0
train/40050.jpg,(6-6)-9=-9
train/40051.jpg,0-5+4=-1
train/40052.jpg,1*(1*4)=4
train/40053.jpg,(9-8)-9=-8
train/40054.jpg,2*(8+1)=18
train/40055.jpg,9+(8+9)=26
train/40056.jpg,4-(9-0)=-5
train/40057.jpg,6-(3*8)=-18
train/40058.jpg,4*(1-0)=4
train/40059.jpg,6*5-9=21
train/40060.jpg,(6-1)-9=-4
train/40061.jpg,5*7-8=27
train/40062.jpg,(4-5)+6=5
train/40063.jpg,1+(5+3)=9
train/40064.jpg,6+3*8=30
train/40065.jpg,4*6-3=21
train/40066.jpg,(6-2)-1=3
train/40067.jpg,(5+2)+8=15
train/40068.jpg,8+3*2=14
train/40069.jpg,(6+3)+5=14
train/40070.jpg,4*(2+5)=28
train/40071.jpg,7-6+9=10
train/40072.jpg,1+(0-3)=-2
train/40073.jpg,(5*6)+4=34
train/40074.jpg,6+(3+0)=9
train/40075.jpg,(0-7)*8=-56
train/40076.jpg,1-9*5=-44
train/40077.jpg,(8-0)*4=32
train/40078.jpg,1-(0+1)=0
train/40079.jpg,0*(5+0)=0
train/40080.jpg,9*(4*7)=252
train/40081.jpg,0+8-4=4
train/40082.jpg,5-5-7=-7
train/40083.jpg,(6-5)*9=9
train/40084.jpg,8+(7-5)=10
train/40085.jpg,3+(8+1)=12
train/40086.jpg,(9*0)-9=-9
train/40087.jpg,(2-7)*2=-10
train/40088.jpg,(5*7)*4=140
train/40089.jpg,8+(9+1)=18
train/40090.jpg,(2*9)-0=18
train/40091.jpg,2+3+6=11
train/40092.jpg,(3+2)+5=10
train/40093.jpg,0-(5-1)=-4
train/40094.jpg,(2*1)*6=12
train/40095.jpg,(9+9)-7=11
train/40096.jpg,3-(1-4)=6
train/40097.jpg,2-(6+4)=-8
train/40098.jpg,3*7+4=25
train/40099.jpg,(6-1)-6=-1
train/40100.jpg,9+(4-6)=7
train/40101.jpg,8-0-5=3
train/40102.jpg,1-4*8=-31
train/40103.jpg,1+5*8=41
train/40104.jpg,2-6-9=-13
train/40105.jpg,(0-5)*2=-10
train/40106.jpg,1+(6*3)=19
train/40107.jpg,6+4+2=12
train/40108.jpg,9*2*5=90
train/40109.jpg,1+5*8=41
train/40110.jpg,(8*4)-7=25
train/40111.jpg,4+9+1=14
train/40112.jpg,(6-6)*6=0
train/40113.jpg,3-(6*5)=-27
train/40114.jpg,7-(6+8)=-7
train/40115.jpg,8-4+7=11
train/40116.jpg,1*(6*5)=30
train/40117.jpg,(4-5)*3=-3
train/40118.jpg,1+7-2=6
train/40119.jpg,(2+1)+9=12
train/40120.jpg,(6+2)+6=14
train/40121.jpg,0*4*6=0
train/40122.jpg,2-4+4=2
train/40123.jpg,2+(4-7)=-1
train/40124.jpg,(9*7)*3=189
train/40125.jpg,8*(3-9)=-48
train/40126.jpg,(6*7)*6=252
train/40127.jpg,9*0+7=7
train/40128.jpg,8*(2-0)=16
train/40129.jpg,(3+0)*0=0
train/40130.jpg,3*3+7=16
train/40131.jpg,0-(1-9)=8
train/40132.jpg,(0*7)+4=4
train/40133.jpg,4-(8-0)=-4
train/40134.jpg,(3+8)-9=2
train/40135.jpg,(5-9)+0=-4
train/40136.jpg,8*5*7=280
train/40137.jpg,(8+0)+9=17
train/40138.jpg,3-4*7=-25
train/40139.jpg,4*(0*0)=0
train/40140.jpg,(3*2)+8=14
train/40141.jpg,(1-3)-5=-7
train/40142.jpg,(6-4)-8=-6
train/40143.jpg,9-2-8=-1
train/40144.jpg,8+(2*4)=16
train/40145.jpg,7+(4*7)=35
train/40146.jpg,4*0-0=0
train/40147.jpg,(5+6)*1=11
train/40148.jpg,(8-0)*6=48
train/40149.jpg,8+0+3=11
train/40150.jpg,3+5+7=15
train/40151.jpg,1*(1-4)=-3
train/40152.jpg,8+(7+2)=17
train/40153.jpg,8+7+3=18
train/40154.jpg,2*8*2=32
train/40155.jpg,7-7-5=-5
train/40156.jpg,(3+0)*9=27
train/40157.jpg,3+(9*2)=21
train/40158.jpg,(4*0)+9=9
train/40159.jpg,8-0+1=9
train/40160.jpg,(3*3)-7=2
train/40161.jpg,3+(9+3)=15
train/40162.jpg,(3*4)-6=6
train/40163.jpg,(0+6)+9=15
train/40164.jpg,2*5+8=18
train/40165.jpg,7-(6-1)=2
train/40166.jpg,9*0+6=6
train/40167.jpg,(5*4)-1=19
train/40168.jpg,0-4*2=-8
train/40169.jpg,1*5-7=-2
train/40170.jpg,3*6+5=23
train/40171.jpg,(9-5)*5=20
train/40172.jpg,7*(5-5)=0
train/40173.jpg,(9*0)-8=-8
train/40174.jpg,6-(2*7)=-8
train/40175.jpg,6*(2+9)=66
train/40176.jpg,7*3-5=16
train/40177.jpg,9+(5*5)=34
train/40178.jpg,4+4-0=8
train/40179.jpg,2*0+8=8
train/40180.jpg,6+1+5=12
train/40181.jpg,(3*1)+0=3
train/40182.jpg,(8+7)-5=10
train/40183.jpg,(0-3)-1=-4
train/40184.jpg,8*7*3=168
train/40185.jpg,(0+8)*7=56
train/40186.jpg,0*(6*6)=0
train/40187.jpg,1+9-8=2
train/40188.jpg,3-(3*9)=-24
train/40189.jpg,0+(9+1)=10
train/40190.jpg,0+(8-1)=7
train/40191.jpg,(9-7)*0=0
train/40192.jpg,0+(8+7)=15
train/40193.jpg,0+7-9=-2
train/40194.jpg,0+5*5=25
train/40195.jpg,4*(6-9)=-12
train/40196.jpg,0-(9*9)=-81
train/40197.jpg,(5+9)-4=10
train/40198.jpg,6*3-0=18
train/40199.jpg,7+3*5=22
train/40200.jpg,8-9+1=0
train/40201.jpg,(4+3)+3=10
train/40202.jpg,(3+2)-4=1
train/40203.jpg,7+(6+0)=13
train/40204.jpg,2*(5+4)=18
train/40205.jpg,0*(3-6)=0
train/40206.jpg,(0+1)-7=-6
train/40207.jpg,(9+4)-4=9
train/40208.jpg,2+(2-4)=0
train/40209.jpg,5+(3+7)=15
train/40210.jpg,(5+1)-2=4
train/40211.jpg,9+8+3=20
train/40212.jpg,0-8-4=-12
train/40213.jpg,(5*1)*4=20
train/40214.jpg,6*8+7=55
train/40215.jpg,1+0-2=-1
train/40216.jpg,9-5-6=-2
train/40217.jpg,9*3*7=189
train/40218.jpg,2*7*0=0
train/40219.jpg,8-6*4=-16
train/40220.jpg,5+2*2=9
train/40221.jpg,6*8-0=48
train/40222.jpg,5+(0-7)=-2
train/40223.jpg,5*(2+0)=10
train/40224.jpg,8*(6*4)=192
train/40225.jpg,4+8+3=15
train/40226.jpg,6*0-3=-3
train/40227.jpg,7-(1-4)=10
train/40228.jpg,2*6+6=18
train/40229.jpg,7+(5+3)=15
train/40230.jpg,(8-4)*7=28
train/40231.jpg,(0+5)-5=0
train/40232.jpg,(9+3)*9=108
train/40233.jpg,(2+2)+1=5
train/40234.jpg,0+1+7=8
train/40235.jpg,(8+5)+0=13
train/40236.jpg,8*2-6=10
train/40237.jpg,(6*3)+8=26
train/40238.jpg,(4*3)-8=4
train/40239.jpg,4-(1-7)=10
train/40240.jpg,2-(8+0)=-6
train/40241.jpg,7+(8+7)=22
train/40242.jpg,7*5*2=70
train/40243.jpg,6+6*0=6
train/40244.jpg,9-(3+3)=3
train/40245.jpg,(1-8)-7=-14
train/40246.jpg,0-(8+3)=-11
train/40247.jpg,(3-6)-5=-8
train/40248.jpg,8-(2-3)=9
train/40249.jpg,9+(8-8)=9
train/40250.jpg,8+2+9=19
train/40251.jpg,(9*7)*4=252
train/40252.jpg,4*1+2=6
train/40253.jpg,1+(9+5)=15
train/40254.jpg,(9+9)+7=25
train/40255.jpg,(9*6)*6=324
train/40256.jpg,1-(3-6)=4
train/40257.jpg,5+0-2=3
train/40258.jpg,5+9*7=68
train/40259.jpg,8*(0+7)=56
train/40260.jpg,9-(9-9)=9
train/40261.jpg,2+(0+2)=4
train/40262.jpg,9-4+2=7
train/40263.jpg,(1*5)*6=30
train/40264.jpg,4+9+6=19
train/40265.jpg,8*(3-3)=0
train/40266.jpg,4-(5-1)=0
train/40267.jpg,(9*4)*9=324
train/40268.jpg,5*(5+8)=65
train/40269.jpg,7+(3*2)=13
train/40270.jpg,(9*4)*6=216
train/40271.jpg,0-5*3=-15
train/40272.jpg,8-7+2=3
train/40273.jpg,3*(9*2)=54
train/40274.jpg,(3*3)-1=8
train/40275.jpg,8+(2+2)=12
train/40276.jpg,0+(9-5)=4
train/40277.jpg,(3+2)-7=-2
train/40278.jpg,9-5-8=-4
train/40279.jpg,7-(1*2)=5
train/40280.jpg,(7-9)*9=-18
train/40281.jpg,2*5+2=12
train/40282.jpg,7*(7*3)=147
train/40283.jpg,0*8-5=-5
train/40284.jpg,1*(0*6)=0
train/40285.jpg,5+4+1=10
train/40286.jpg,6*4+9=33
train/40287.jpg,(2-9)-4=-11
train/40288.jpg,5*(9+1)=50
train/40289.jpg,9*7-7=56
train/40290.jpg,3+6-1=8
train/40291.jpg,(8-4)+7=11
train/40292.jpg,8*(8-5)=24
train/40293.jpg,3*7*7=147
train/40294.jpg,3-(5-8)=6
train/40295.jpg,8+(5+9)=22
train/40296.jpg,7*(1*9)=63
train/40297.jpg,(1-3)+7=5
train/40298.jpg,(0*5)+1=1
train/40299.jpg,1*(4*9)=36
train/40300.jpg,(4+3)-8=-1
train/40301.jpg,2+3*7=23
train/40302.jpg,0*(0+6)=0
train/40303.jpg,(9*4)-3=33
train/40304.jpg,(9-0)+6=15
train/40305.jpg,7-(8-9)=8
train/40306.jpg,6+(8+6)=20
train/40307.jpg,2*7*1=14
train/40308.jpg,2+(1-7)=-4
train/40309.jpg,0-3+1=-2
train/40310.jpg,2+(2+1)=5
train/40311.jpg,1*(1+9)=10
train/40312.jpg,4-(6+3)=-5
train/40313.jpg,(4*8)+3=35
train/40314.jpg,6*(0-0)=0
train/40315.jpg,9-(4-5)=10
train/40316.jpg,3*4-2=10
train/40317.jpg,7+(0-6)=1
train/40318.jpg,0+5+9=14
train/40319.jpg,(3+1)-6=-2
train/40320.jpg,2-6-9=-13
train/40321.jpg,7+7+9=23
train/40322.jpg,5*(1+2)=15
train/40323.jpg,4+2+3=9
train/40324.jpg,3*5*3=45
train/40325.jpg,3*3-1=8
train/40326.jpg,7-(7-0)=0
train/40327.jpg,(3+9)*9=108
train/40328.jpg,(3+0)+2=5
train/40329.jpg,2*(6-6)=0
train/40330.jpg,8*(9+5)=112
train/40331.jpg,0*5+2=2
train/40332.jpg,4-3+6=7
train/40333.jpg,5*(5+2)=35
train/40334.jpg,3*(2+7)=27
train/40335.jpg,(1-1)-8=-8
train/40336.jpg,(6-3)*3=9
train/40337.jpg,9+8*6=57
train/40338.jpg,(4-2)-3=-1
train/40339.jpg,2-8+8=2
train/40340.jpg,3*(8*8)=192
train/40341.jpg,8*(4+3)=56
train/40342.jpg,7*(3+0)=21
train/40343.jpg,1*6-2=4
train/40344.jpg,1+7-3=5
train/40345.jpg,5*(7*7)=245
train/40346.jpg,4+4-6=2
train/40347.jpg,9+(0+4)=13
train/40348.jpg,9+0+2=11
train/40349.jpg,4-1*9=-5
train/40350.jpg,5*(2*3)=30
train/40351.jpg,(7-9)-4=-6
train/40352.jpg,(7-5)-2=0
train/40353.jpg,(4+2)*3=18
train/40354.jpg,5+(0-4)=1
train/40355.jpg,9*(1*0)=0
train/40356.jpg,9-(3*9)=-18
train/40357.jpg,(9*4)*7=252
train/40358.jpg,4*(6-9)=-12
train/40359.jpg,6-2*5=-4
train/40360.jpg,8*(2+0)=16
train/40361.jpg,5-(1*3)=2
train/40362.jpg,6*(5*7)=210
train/40363.jpg,(8*9)+5=77
train/40364.jpg,6*6+9=45
train/40365.jpg,9+4-0=13
train/40366.jpg,(4*6)-7=17
train/40367.jpg,0+(5*5)=25
train/40368.jpg,9+4-2=11
train/40369.jpg,(4*1)*4=16
train/40370.jpg,2-0*6=2
train/40371.jpg,9-2*1=7
train/40372.jpg,(5*4)+0=20
train/40373.jpg,0-(5-7)=2
train/40374.jpg,5*(9*0)=0
train/40375.jpg,9+(3+0)=12
train/40376.jpg,9*4-7=29
train/40377.jpg,8*5-0=40
train/40378.jpg,5+(7-5)=7
train/40379.jpg,3-8-2=-7
train/40380.jpg,9+(1-3)=7
train/40381.jpg,(9-2)-5=2
train/40382.jpg,9*(0*5)=0
train/40383.jpg,(7+4)-2=9
train/40384.jpg,7*(9-1)=56
train/40385.jpg,(1*1)+8=9
train/40386.jpg,7+3-9=1
train/40387.jpg,(3-7)-3=-7
train/40388.jpg,1+2*9=19
train/40389.jpg,6-(5+6)=-5
train/40390.jpg,(5+4)-6=3
train/40391.jpg,8-3*3=-1
train/40392.jpg,(6+9)*7=105
train/40393.jpg,8*(3-8)=-40
train/40394.jpg,7*(1*1)=7
train/40395.jpg,(7+4)-4=7
train/40396.jpg,2*(9-3)=12
train/40397.jpg,6-(1+8)=-3
train/40398.jpg,(5-6)-4=-5
train/40399.jpg,(4+4)+1=9
train/40400.jpg,3-(0+0)=3
train/40401.jpg,2-7-3=-8
train/40402.jpg,7+9+1=17
train/40403.jpg,(8*5)*4=160
train/40404.jpg,1+(5-4)=2
train/40405.jpg,1-(8+2)=-9
train/40406.jpg,8-1-0=7
train/40407.jpg,(5*3)*0=0
train/40408.jpg,2*(3+0)=6
train/40409.jpg,(4+7)+9=20
train/40410.jpg,7*4*1=28
train/40411.jpg,(3-3)+3=3
train/40412.jpg,(7+9)-4=12
train/40413.jpg,6*1+9=15
train/40414.jpg,8+4-4=8
train/40415.jpg,3-(3-3)=3
train/40416.jpg,(6*4)*7=168
train/40417.jpg,9*3-5=22
train/40418.jpg,8-(6*8)=-40
train/40419.jpg,4-7+4=1
train/40420.jpg,3*(1-0)=3
train/40421.jpg,0-8*8=-64
train/40422.jpg,8-(8+7)=-7
train/40423.jpg,1*1*3=3
train/40424.jpg,(9-3)-0=6
train/40425.jpg,1+(4-6)=-1
train/40426.jpg,9*(6-8)=-18
train/40427.jpg,0+(8-2)=6
train/40428.jpg,(8+6)-8=6
train/40429.jpg,(0*3)+8=8
train/40430.jpg,1*2*3=6
train/40431.jpg,(4+8)*4=48
train/40432.jpg,7-0*6=7
train/40433.jpg,0*1-3=-3
train/40434.jpg,0+3-4=-1
train/40435.jpg,(1-7)*1=-6
train/40436.jpg,2-(5*5)=-23
train/40437.jpg,2*(6*2)=24
train/40438.jpg,1+0-3=-2
train/40439.jpg,(6+0)*6=36
train/40440.jpg,(9-5)-2=2
train/40441.jpg,4*1+6=10
train/40442.jpg,4+4+1=9
train/40443.jpg,7+(2*2)=11
train/40444.jpg,6*2-9=3
train/40445.jpg,(2-8)-9=-15
train/40446.jpg,(0-7)-6=-13
train/40447.jpg,(9*7)-8=55
train/40448.jpg,9+5*1=14
train/40449.jpg,(3+7)*1=10
train/40450.jpg,9+(3-6)=6
train/40451.jpg,0*(0*2)=0
train/40452.jpg,4*3+9=21
train/40453.jpg,2-1-7=-6
train/40454.jpg,(3+7)-0=10
train/40455.jpg,3-2*3=-3
train/40456.jpg,(9*0)+3=3
train/40457.jpg,0-9*0=0
train/40458.jpg,8-9+9=8
train/40459.jpg,2*(4+4)=16
train/40460.jpg,4-(8*8)=-60
train/40461.jpg,9*(3*5)=135
train/40462.jpg,0+(2+8)=10
train/40463.jpg,9+3+8=20
train/40464.jpg,0+2+3=5
train/40465.jpg,1-(8*8)=-63
train/40466.jpg,3*5*7=105
train/40467.jpg,(7-2)*8=40
train/40468.jpg,7+8*5=47
train/40469.jpg,4-(5-7)=6
train/40470.jpg,6-(1*0)=6
train/40471.jpg,(7+8)*3=45
train/40472.jpg,(2*7)*4=56
train/40473.jpg,3*(6-3)=9
train/40474.jpg,1*1-6=-5
train/40475.jpg,3-2*2=-1
train/40476.jpg,5+(9-8)=6
train/40477.jpg,0+(4-3)=1
train/40478.jpg,(4-5)+1=0
train/40479.jpg,0*8-4=-4
train/40480.jpg,(2-4)-5=-7
train/40481.jpg,(3-1)+4=6
train/40482.jpg,7+(9+2)=18
train/40483.jpg,6+(0-6)=0
train/40484.jpg,2+2+9=13
train/40485.jpg,8-5+0=3
train/40486.jpg,5+3-5=3
train/40487.jpg,7*(0-0)=0
train/40488.jpg,(8*9)+5=77
train/40489.jpg,(3-5)+5=3
train/40490.jpg,8*(5+5)=80
train/40491.jpg,6+(1+6)=13
train/40492.jpg,(1-5)-3=-7
train/40493.jpg,1*4-4=0
train/40494.jpg,9*(2-9)=-63
train/40495.jpg,1*(7+3)=10
train/40496.jpg,7*(3+2)=35
train/40497.jpg,5*0+6=6
train/40498.jpg,0*0*3=0
train/40499.jpg,2-6+7=3
train/40500.jpg,5-2*1=3
train/40501.jpg,(9*2)-3=15
train/40502.jpg,7+(4+5)=16
train/40503.jpg,9*9*7=567
train/40504.jpg,5*(2*8)=80
train/40505.jpg,8-(3-2)=7
train/40506.jpg,(9+4)*6=78
train/40507.jpg,7+(5-6)=6
train/40508.jpg,(5-2)*0=0
train/40509.jpg,8+4*9=44
train/40510.jpg,8-9*7=-55
train/40511.jpg,2*0*0=0
train/40512.jpg,6-(4-2)=4
train/40513.jpg,9-(6-9)=12
train/40514.jpg,3*3+3=12
train/40515.jpg,(5+6)-9=2
train/40516.jpg,1*(5*4)=20
train/40517.jpg,(8+1)*4=36
train/40518.jpg,3+3-3=3
train/40519.jpg,6+(0*9)=6
train/40520.jpg,7-5-6=-4
train/40521.jpg,3+(9-7)=5
train/40522.jpg,(3-8)-8=-13
train/40523.jpg,9+(5*7)=44
train/40524.jpg,5+8+4=17
train/40525.jpg,8+(3-1)=10
train/40526.jpg,8-2-1=5
train/40527.jpg,3+1*1=4
train/40528.jpg,5-8*4=-27
train/40529.jpg,(1+4)-4=1
train/40530.jpg,7*(0-7)=-49
train/40531.jpg,(9+8)*3=51
train/40532.jpg,3-7*1=-4
train/40533.jpg,2+2+6=10
train/40534.jpg,2+(5*7)=37
train/40535.jpg,6*6-5=31
train/40536.jpg,6-(2+2)=2
train/40537.jpg,4+1*2=6
train/40538.jpg,4-9+9=4
train/40539.jpg,(7+8)*5=75
train/40540.jpg,(2*6)-3=9
train/40541.jpg,2*(6*7)=84
train/40542.jpg,1*8+3=11
train/40543.jpg,(1-0)-0=1
train/40544.jpg,2*(2*5)=20
train/40545.jpg,9*7+3=66
train/40546.jpg,3*3+0=9
train/40547.jpg,4*(2*4)=32
train/40548.jpg,2-4-6=-8
train/40549.jpg,8-0-6=2
train/40550.jpg,(4-5)*7=-7
train/40551.jpg,5+(9*1)=14
train/40552.jpg,1+7-2=6
train/40553.jpg,3+(9-5)=7
train/40554.jpg,1-3-4=-6
train/40555.jpg,7*(8*0)=0
train/40556.jpg,(1*3)+1=4
train/40557.jpg,8+8+5=21
train/40558.jpg,6+(4*1)=10
train/40559.jpg,9*(1*4)=36
train/40560.jpg,(1+3)+5=9
train/40561.jpg,(6-8)*3=-6
train/40562.jpg,6+1+1=8
train/40563.jpg,6+(6*0)=6
train/40564.jpg,9+5-9=5
train/40565.jpg,3*9+0=27
train/40566.jpg,1+4+6=11
train/40567.jpg,9*4*2=72
train/40568.jpg,3-5+0=-2
train/40569.jpg,(5*0)-2=-2
train/40570.jpg,1+3*3=10
train/40571.jpg,6-(1*4)=2
train/40572.jpg,1+(4+7)=12
train/40573.jpg,8+5-6=7
train/40574.jpg,(7-7)*8=0
train/40575.jpg,(0-2)+9=7
train/40576.jpg,9*6+9=63
train/40577.jpg,4-(9+8)=-13
train/40578.jpg,6+9-8=7
train/40579.jpg,(5-2)*5=15
train/40580.jpg,5-(3*5)=-10
train/40581.jpg,9-(2*1)=7
train/40582.jpg,2-(2+3)=-3
train/40583.jpg,0*4+6=6
train/40584.jpg,0+(9*1)=9
train/40585.jpg,(9-3)-2=4
train/40586.jpg,0-3*5=-15
train/40587.jpg,9*(2-7)=-45
train/40588.jpg,5*(4*0)=0
train/40589.jpg,3-8*3=-21
train/40590.jpg,8-(9*0)=8
train/40591.jpg,3+5-3=5
train/40592.jpg,6-(9+6)=-9
train/40593.jpg,4-4-1=-1
train/40594.jpg,9*5-6=39
train/40595.jpg,(3-8)-5=-10
train/40596.jpg,5+7*4=33
train/40597.jpg,8*(6-4)=16
train/40598.jpg,(9-1)-3=5
train/40599.jpg,5-(5-9)=9
train/40600.jpg,0*3+4=4
train/40601.jpg,(8*5)+7=47
train/40602.jpg,4-(4+9)=-9
train/40603.jpg,9+(5-1)=13
train/40604.jpg,0+(6+9)=15
train/40605.jpg,2+(6-9)=-1
train/40606.jpg,(5+9)*7=98
train/40607.jpg,6-5-2=-1
train/40608.jpg,0-(4-1)=-3
train/40609.jpg,1+(0-9)=-8
train/40610.jpg,9*6-1=53
train/40611.jpg,0*6*5=0
train/40612.jpg,(4+3)+3=10
train/40613.jpg,8+(3*6)=26
train/40614.jpg,(1-5)-1=-5
train/40615.jpg,4+8+1=13
train/40616.jpg,(8-1)+3=10
train/40617.jpg,4-9-3=-8
train/40618.jpg,(6*4)+3=27
train/40619.jpg,3+(8-8)=3
train/40620.jpg,8-3-3=2
train/40621.jpg,9-(7*1)=2
train/40622.jpg,(7-9)-1=-3
train/40623.jpg,8*(6*9)=432
train/40624.jpg,3*(3+8)=33
train/40625.jpg,4*(6+4)=40
train/40626.jpg,(2+4)-7=-1
train/40627.jpg,1+1+4=6
train/40628.jpg,3-9+4=-2
train/40629.jpg,(2-9)+4=-3
train/40630.jpg,7+8+1=16
train/40631.jpg,4+(5*4)=24
train/40632.jpg,3+5-4=4
train/40633.jpg,(6*7)+7=49
train/40634.jpg,1-6+1=-4
train/40635.jpg,(2-0)+7=9
train/40636.jpg,6*2*9=108
train/40637.jpg,9-(8-4)=5
train/40638.jpg,9+1-4=6
train/40639.jpg,8-0-2=6
train/40640.jpg,6*(6*7)=252
train/40641.jpg,3+(0*5)=3
train/40642.jpg,(3*8)-4=20
train/40643.jpg,3-4-5=-6
train/40644.jpg,(2*8)*0=0
train/40645.jpg,8*2-1=15
train/40646.jpg,8-(7*1)=1
train/40647.jpg,(2*3)*6=36
train/40648.jpg,8*4+4=36
train/40649.jpg,6*(7+5)=72
train/40650.jpg,2+5*1=7
train/40651.jpg,3+5*8=43
train/40652.jpg,7+8-5=10
train/40653.jpg,(6*7)+8=50
train/40654.jpg,9+(0*0)=9
train/40655.jpg,2*(2*8)=32
train/40656.jpg,2*3+2=8
train/40657.jpg,2-4+7=5
train/40658.jpg,(9-3)-4=2
train/40659.jpg,8*(4-4)=0
train/40660.jpg,8+(6*4)=32
train/40661.jpg,4-(4*7)=-24
train/40662.jpg,(8+9)-8=9
train/40663.jpg,0*(4-7)=0
train/40664.jpg,8-(6+7)=-5
train/40665.jpg,(3+9)+1=13
train/40666.jpg,7*0-4=-4
train/40667.jpg,(5-5)-6=-6
train/40668.jpg,2+(6+4)=12
train/40669.jpg,(4+5)+5=14
train/40670.jpg,7-2+4=9
train/40671.jpg,4+1+2=7
train/40672.jpg,2*(5*3)=30
train/40673.jpg,4*(1-2)=-4
train/40674.jpg,0*(0*7)=0
train/40675.jpg,6*(0-8)=-48
train/40676.jpg,5*5+7=32
train/40677.jpg,4*(2*9)=72
train/40678.jpg,(5-7)*2=-4
train/40679.jpg,9+7+9=25
train/40680.jpg,6+(2*2)=10
train/40681.jpg,0*8+9=9
train/40682.jpg,5*0*3=0
train/40683.jpg,2*(7-4)=6
train/40684.jpg,2+(7+7)=16
train/40685.jpg,8-9-2=-3
train/40686.jpg,(9*5)*8=360
train/40687.jpg,2*(6-8)=-4
train/40688.jpg,1*(3*5)=15
train/40689.jpg,7*8*6=336
train/40690.jpg,7*(9*3)=189
train/40691.jpg,(3-7)+0=-4
train/40692.jpg,0+(6+2)=8
train/40693.jpg,6*(9-5)=24
train/40694.jpg,(2*1)+3=5
train/40695.jpg,8+(6*4)=32
train/40696.jpg,3*2-1=5
train/40697.jpg,4-9*4=-32
train/40698.jpg,0-8-4=-12
train/40699.jpg,8*(9-2)=56
train/40700.jpg,(8*5)+8=48
train/40701.jpg,4*(2*3)=24
train/40702.jpg,(0*3)*2=0
train/40703.jpg,(4-1)-4=-1
train/40704.jpg,8*0+5=5
train/40705.jpg,(2+5)*9=63
train/40706.jpg,9-9*1=0
train/40707.jpg,(1-0)+5=6
train/40708.jpg,5*(1-7)=-30
train/40709.jpg,6+8-1=13
train/40710.jpg,8+(8*0)=8
train/40711.jpg,8+1-3=6
train/40712.jpg,2*9+5=23
train/40713.jpg,(7+1)+5=13
train/40714.jpg,(9*2)+2=20
train/40715.jpg,(9+8)-6=11
train/40716.jpg,(8-7)-6=-5
train/40717.jpg,8+(8*1)=16
train/40718.jpg,6+(5*8)=46
train/40719.jpg,(2*8)-0=16
train/40720.jpg,3+(4+0)=7
train/40721.jpg,(9-0)-4=5
train/40722.jpg,9*7*2=126
train/40723.jpg,1-(8+5)=-12
train/40724.jpg,6*(1*0)=0
train/40725.jpg,1*(9-9)=0
train/40726.jpg,6+4-4=6
train/40727.jpg,5+5-5=5
train/40728.jpg,3*8-9=15
train/40729.jpg,6+8-8=6
train/40730.jpg,9+0*3=9
train/40731.jpg,9+(3+3)=15
train/40732.jpg,(1-6)*0=0
train/40733.jpg,(3-0)+6=9
train/40734.jpg,4*(9+6)=60
train/40735.jpg,(6-5)-7=-6
train/40736.jpg,2+(1-8)=-5
train/40737.jpg,7+(7*2)=21
train/40738.jpg,3-(4+0)=-1
train/40739.jpg,8-(2+0)=6
train/40740.jpg,(3-0)+1=4
train/40741.jpg,(0+3)+5=8
train/40742.jpg,(9+7)-7=9
train/40743.jpg,(5*1)*7=35
train/40744.jpg,1-6-1=-6
train/40745.jpg,(8+2)+3=13
train/40746.jpg,3+(4*1)=7
train/40747.jpg,9*9-3=78
train/40748.jpg,9+0*8=9
train/40749.jpg,8+2-1=9
train/40750.jpg,(6+2)*7=56
train/40751.jpg,2+(0+6)=8
train/40752.jpg,1+(0+4)=5
train/40753.jpg,2+7*0=2
train/40754.jpg,9-3-6=0
train/40755.jpg,8*5*2=80
train/40756.jpg,6*(2+6)=48
train/40757.jpg,8+4+4=16
train/40758.jpg,2+1-6=-3
train/40759.jpg,5*(6-4)=10
train/40760.jpg,(7*6)-5=37
train/40761.jpg,(5-1)+2=6
train/40762.jpg,5-(8-0)=-3
train/40763.jpg,(7*0)+3=3
train/40764.jpg,(4+3)+0=7
train/40765.jpg,(6+1)*7=49
train/40766.jpg,0-(8-3)=-5
train/40767.jpg,5*9-9=36
train/40768.jpg,9-(0-5)=14
train/40769.jpg,9+2*2=13
train/40770.jpg,(2+6)*6=48
train/40771.jpg,(2*5)*9=90
train/40772.jpg,(0-3)*3=-9
train/40773.jpg,4-6-8=-10
train/40774.jpg,(9+5)*2=28
train/40775.jpg,(0*7)+2=2
train/40776.jpg,1*(5*9)=45
train/40777.jpg,6+(1*8)=14
train/40778.jpg,(3*1)*1=3
train/40779.jpg,0-6+2=-4
train/40780.jpg,(4*8)*3=96
train/40781.jpg,9-(9*8)=-63
train/40782.jpg,3*(3*5)=45
train/40783.jpg,(4*8)-1=31
train/40784.jpg,7-(3*2)=1
train/40785.jpg,1+5+7=13
train/40786.jpg,9*(0-4)=-36
train/40787.jpg,(6*4)*1=24
train/40788.jpg,(2+4)+2=8
train/40789.jpg,(5-1)+8=12
train/40790.jpg,(4*7)+7=35
train/40791.jpg,8-0*3=8
train/40792.jpg,7-(1+8)=-2
train/40793.jpg,1*(7+3)=10
train/40794.jpg,7+6*3=25
train/40795.jpg,8+(9*3)=35
train/40796.jpg,(3*6)-0=18
train/40797.jpg,(3+6)*7=63
train/40798.jpg,3-(0+7)=-4
train/40799.jpg,4+5*8=44
train/40800.jpg,(8+2)*8=80
train/40801.jpg,1*(8+1)=9
train/40802.jpg,(8-6)*1=2
train/40803.jpg,5*4*2=40
train/40804.jpg,3-(4*6)=-21
train/40805.jpg,0-1+0=-1
train/40806.jpg,8+5-9=4
train/40807.jpg,8+9+8=25
train/40808.jpg,(1*5)-0=5
train/40809.jpg,4-(8*0)=4
train/40810.jpg,(3*3)+9=18
train/40811.jpg,0+(5*1)=5
train/40812.jpg,9+4*5=29
train/40813.jpg,7-(0*6)=7
train/40814.jpg,9+1+2=12
train/40815.jpg,3-4+5=4
train/40816.jpg,3+(7-1)=9
train/40817.jpg,3*(5+1)=18
train/40818.jpg,(5*3)*2=30
train/40819.jpg,4+5+9=18
train/40820.jpg,(4-0)*7=28
train/40821.jpg,1*8+3=11
train/40822.jpg,(3+4)*0=0
train/40823.jpg,1-(9+3)=-11
train/40824.jpg,6*7*6=252
train/40825.jpg,(2*0)-6=-6
train/40826.jpg,2*(2*1)=4
train/40827.jpg,(7*1)+3=10
train/40828.jpg,6+(1+3)=10
train/40829.jpg,2*(8+8)=32
train/40830.jpg,(6*8)+6=54
train/40831.jpg,(4+1)+6=11
train/40832.jpg,3*8-1=23
train/40833.jpg,(5+8)+1=14
train/40834.jpg,7-5*5=-18
train/40835.jpg,(1+3)*9=36
train/40836.jpg,4*9-9=27
train/40837.jpg,5*(5+3)=40
train/40838.jpg,(0*5)+0=0
train/40839.jpg,(1*5)-7=-2
train/40840.jpg,6*(1+5)=36
train/40841.jpg,(1*8)*0=0
train/40842.jpg,(8-4)-0=4
train/40843.jpg,8*(7+2)=72
train/40844.jpg,0-(6+9)=-15
train/40845.jpg,2-(3+1)=-2
train/40846.jpg,(4*8)-8=24
train/40847.jpg,(0-4)+1=-3
train/40848.jpg,7+6-7=6
train/40849.jpg,6+2*7=20
train/40850.jpg,2+(2+3)=7
train/40851.jpg,(6-6)+8=8
train/40852.jpg,1*7+7=14
train/40853.jpg,5-(8+3)=-6
train/40854.jpg,3*(4-4)=0
train/40855.jpg,1*(1+0)=1
train/40856.jpg,(7*2)+3=17
train/40857.jpg,4-(4-8)=8
train/40858.jpg,7-6+0=1
train/40859.jpg,6-(1-5)=10
train/40860.jpg,5*0+1=1
train/40861.jpg,(4*4)*3=48
train/40862.jpg,(4-0)-2=2
train/40863.jpg,(0*6)+6=6
train/40864.jpg,8-(7*2)=-6
train/40865.jpg,2*(3+9)=24
train/40866.jpg,2-(2*8)=-14
train/40867.jpg,6-(2+9)=-5
train/40868.jpg,8+2-0=10
train/40869.jpg,(9-4)+5=10
train/40870.jpg,1+(2+8)=11
train/40871.jpg,(5+9)+8=22
train/40872.jpg,3*2-7=-1
train/40873.jpg,6*6+7=43
train/40874.jpg,(1+1)+1=3
train/40875.jpg,7*(6-3)=21
train/40876.jpg,(5-9)*5=-20
train/40877.jpg,2+4-8=-2
train/40878.jpg,5*3*3=45
train/40879.jpg,1-(0-8)=9
train/40880.jpg,5-7+7=5
train/40881.jpg,7+(1*9)=16
train/40882.jpg,(6*1)-5=1
train/40883.jpg,6+3-6=3
train/40884.jpg,(1+9)+1=11
train/40885.jpg,5-8*0=5
train/40886.jpg,9+8-0=17
train/40887.jpg,(8*2)*6=96
train/40888.jpg,8+(9+7)=24
train/40889.jpg,(0-5)-7=-12
train/40890.jpg,(2+5)-8=-1
train/40891.jpg,2+(9*1)=11
train/40892.jpg,(5+7)-6=6
train/40893.jpg,1-3-3=-5
train/40894.jpg,0-(1+3)=-4
train/40895.jpg,6+9*4=42
train/40896.jpg,9*(3+1)=36
train/40897.jpg,0+(3+9)=12
train/40898.jpg,(2*6)*7=84
train/40899.jpg,(5+5)-5=5
train/40900.jpg,0-4*6=-24
train/40901.jpg,(6-1)-6=-1
train/40902.jpg,7*4+6=34
train/40903.jpg,7*(6*5)=210
train/40904.jpg,4-(7*9)=-59
train/40905.jpg,(7*5)+2=37
train/40906.jpg,(1+9)-7=3
train/40907.jpg,6-0*1=6
train/40908.jpg,8-3+9=14
train/40909.jpg,8+(4*7)=36
train/40910.jpg,2+(6+3)=11
train/40911.jpg,(7-4)+3=6
train/40912.jpg,2-(1+9)=-8
train/40913.jpg,7+6+1=14
train/40914.jpg,3*0+7=7
train/40915.jpg,9+(3-9)=3
train/40916.jpg,2*(2+9)=22
train/40917.jpg,(0-7)*5=-35
train/40918.jpg,9*(7*0)=0
train/40919.jpg,6*6-0=36
train/40920.jpg,(3+8)+0=11
train/40921.jpg,(5+9)+7=21
train/40922.jpg,8+7-7=8
train/40923.jpg,(4*8)+9=41
train/40924.jpg,2-0+2=4
train/40925.jpg,(6-4)+5=7
train/40926.jpg,5-2-4=-1
train/40927.jpg,(4+2)+2=8
train/40928.jpg,3*(6*5)=90
train/40929.jpg,3-(6*2)=-9
train/40930.jpg,5+0+3=8
train/40931.jpg,3-3+8=8
train/40932.jpg,5*(3+6)=45
train/40933.jpg,5*0*6=0
train/40934.jpg,5-8*7=-51
train/40935.jpg,7+(3+4)=14
train/40936.jpg,(4+0)*2=8
train/40937.jpg,4+1-4=1
train/40938.jpg,3*7+5=26
train/40939.jpg,6*8+1=49
train/40940.jpg,(4-0)+7=11
train/40941.jpg,8+(6-9)=5
train/40942.jpg,(7-9)+2=0
train/40943.jpg,7*(5*6)=210
train/40944.jpg,3-(5-5)=3
train/40945.jpg,(4-5)*9=-9
train/40946.jpg,6+(4*6)=30
train/40947.jpg,7+(5-5)=7
train/40948.jpg,4*(0*4)=0
train/40949.jpg,5+(8*2)=21
train/40950.jpg,2-0-6=-4
train/40951.jpg,9*(5*4)=180
train/40952.jpg,6+(0-0)=6
train/40953.jpg,9-(5*7)=-26
train/40954.jpg,8+(9+0)=17
train/40955.jpg,2*(0-4)=-8
train/40956.jpg,(6-5)+5=6
train/40957.jpg,5*0*3=0
train/40958.jpg,1-8-5=-12
train/40959.jpg,4+(6*9)=58
train/40960.jpg,4+0+1=5
train/40961.jpg,(7+2)*9=81
train/40962.jpg,4*(2-6)=-16
train/40963.jpg,2*8+1=17
train/40964.jpg,6-6*9=-48
train/40965.jpg,8+9+2=19
train/40966.jpg,(6*1)+6=12
train/40967.jpg,2*6+6=18
train/40968.jpg,3+6+6=15
train/40969.jpg,(1*1)-5=-4
train/40970.jpg,9+6+2=17
train/40971.jpg,2-(3+6)=-7
train/40972.jpg,(9*7)-7=56
train/40973.jpg,9-1*5=4
train/40974.jpg,(4+4)*2=16
train/40975.jpg,(3+2)+2=7
train/40976.jpg,(8+0)+5=13
train/40977.jpg,8*4*3=96
train/40978.jpg,(4+4)+9=17
train/40979.jpg,2*(1+3)=8
train/40980.jpg,1*7+0=7
train/40981.jpg,9+9*9=90
train/40982.jpg,(2+7)+7=16
train/40983.jpg,7*2-5=9
train/40984.jpg,9+6-0=15
train/40985.jpg,3-6-0=-3
train/40986.jpg,9+0+4=13
train/40987.jpg,9-(4*8)=-23
train/40988.jpg,6+(6+7)=19
train/40989.jpg,(4*4)*4=64
train/40990.jpg,4*(9-7)=8
train/40991.jpg,(5-2)*7=21
train/40992.jpg,(7+2)-7=2
train/40993.jpg,(0-2)*1=-2
train/40994.jpg,4*1+0=4
train/40995.jpg,5+2*1=7
train/40996.jpg,(4+5)*4=36
train/40997.jpg,(5-9)+0=-4
train/40998.jpg,6*(5-9)=-24
train/40999.jpg,6+6+6=18
train/41000.jpg,3-(4*8)=-29
train/41001.jpg,9-(0*1)=9
train/41002.jpg,1-(5+5)=-9
train/41003.jpg,(0*6)+5=5
train/41004.jpg,2*6*5=60
train/41005.jpg,2-(0+3)=-1
train/41006.jpg,5+8+2=15
train/41007.jpg,9-(8-5)=6
train/41008.jpg,1+9*6=55
train/41009.jpg,(5-1)-4=0
train/41010.jpg,5+(7+7)=19
train/41011.jpg,7-(3*9)=-20
train/41012.jpg,1+4-3=2
train/41013.jpg,(2*6)-3=9
train/41014.jpg,6+2*3=12
train/41015.jpg,3-(9-3)=-3
train/41016.jpg,0*7+7=7
train/41017.jpg,4*(7-8)=-4
train/41018.jpg,6+(7+4)=17
train/41019.jpg,0-(3+1)=-4
train/41020.jpg,(3-1)-0=2
train/41021.jpg,2+(1-4)=-1
train/41022.jpg,2-3*1=-1
train/41023.jpg,(5-9)*0=0
train/41024.jpg,1+1+5=7
train/41025.jpg,(0+6)+0=6
train/41026.jpg,1*(7+3)=10
train/41027.jpg,4+(4-2)=6
train/41028.jpg,8*(3+1)=32
train/41029.jpg,(1-9)*0=0
train/41030.jpg,(3-8)-3=-8
train/41031.jpg,2+(9+2)=13
train/41032.jpg,7*(5-6)=-7
train/41033.jpg,(5+5)*2=20
train/41034.jpg,7-5-7=-5
train/41035.jpg,(1+0)*1=1
train/41036.jpg,(5*2)+5=15
train/41037.jpg,2+(1*4)=6
train/41038.jpg,9*(8-9)=-9
train/41039.jpg,(9+4)+6=19
train/41040.jpg,(5+1)-2=4
train/41041.jpg,(9+4)+0=13
train/41042.jpg,(8*5)-4=36
train/41043.jpg,(4-0)+0=4
train/41044.jpg,(0+7)*8=56
train/41045.jpg,0*(0+4)=0
train/41046.jpg,8*0*8=0
train/41047.jpg,1-(3+6)=-8
train/41048.jpg,2+(5+8)=15
train/41049.jpg,(1+4)-1=4
train/41050.jpg,(0-2)+3=1
train/41051.jpg,9*(3+3)=54
train/41052.jpg,6+4-5=5
train/41053.jpg,3-0-9=-6
train/41054.jpg,(1-3)*4=-8
train/41055.jpg,5*4+6=26
train/41056.jpg,3*8+8=32
train/41057.jpg,8+(6*1)=14
train/41058.jpg,7+0*7=7
train/41059.jpg,(5*7)+9=44
train/41060.jpg,(1-0)+1=2
train/41061.jpg,(8+0)+9=17
train/41062.jpg,9+6-4=11
train/41063.jpg,5-4*2=-3
train/41064.jpg,(6+2)*0=0
train/41065.jpg,(1*0)-2=-2
train/41066.jpg,5*2*7=70
train/41067.jpg,3-6+1=-2
train/41068.jpg,(9-7)+3=5
train/41069.jpg,3+(0-5)=-2
train/41070.jpg,0-(5+1)=-6
train/41071.jpg,8-4*9=-28
train/41072.jpg,(9+1)+0=10
train/41073.jpg,6*5-2=28
train/41074.jpg,0*(8*6)=0
train/41075.jpg,6+5-9=2
train/41076.jpg,9+(0-9)=0
train/41077.jpg,(2+6)*6=48
train/41078.jpg,(0+4)+4=8
train/41079.jpg,4*1-5=-1
train/41080.jpg,(8+1)*7=63
train/41081.jpg,1-3-9=-11
train/41082.jpg,(9+6)+7=22
train/41083.jpg,3-0+7=10
train/41084.jpg,(0*8)-3=-3
train/41085.jpg,(4+2)-8=-2
train/41086.jpg,3*3+6=15
train/41087.jpg,9-5-1=3
train/41088.jpg,7+9*8=79
train/41089.jpg,8+9+5=22
train/41090.jpg,(5+5)+6=16
train/41091.jpg,4+(5*7)=39
train/41092.jpg,(9-5)+7=11
train/41093.jpg,(2+2)-7=-3
train/41094.jpg,(6+6)*8=96
train/41095.jpg,(3+0)-8=-5
train/41096.jpg,(8*5)-1=39
train/41097.jpg,7*4-0=28
train/41098.jpg,8*(3+5)=64
train/41099.jpg,(2+1)-6=-3
train/41100.jpg,(5*8)-6=34
train/41101.jpg,3*(7+8)=45
train/41102.jpg,3*2+9=15
train/41103.jpg,2-(9*8)=-70
train/41104.jpg,5-(0+9)=-4
train/41105.jpg,3*(9*4)=108
train/41106.jpg,8-(7+5)=-4
train/41107.jpg,2-5-7=-10
train/41108.jpg,4+7*7=53
train/41109.jpg,5+(3-8)=0
train/41110.jpg,0-(1*0)=0
train/41111.jpg,8*6*0=0
train/41112.jpg,4+6+2=12
train/41113.jpg,6*(6-1)=30
train/41114.jpg,1-0*8=1
train/41115.jpg,9+(1-5)=5
train/41116.jpg,7-(6+4)=-3
train/41117.jpg,1*3*5=15
train/41118.jpg,4*3-6=6
train/41119.jpg,3*4+8=20
train/41120.jpg,2-(3-1)=0
train/41121.jpg,5*(8+6)=70
train/41122.jpg,2+6-5=3
train/41123.jpg,(3*7)-8=13
train/41124.jpg,(5+4)+0=9
train/41125.jpg,(8*8)*3=192
train/41126.jpg,7-(6+9)=-8
train/41127.jpg,(3*3)*5=45
train/41128.jpg,(9-9)-9=-9
train/41129.jpg,(9+3)*1=12
train/41130.jpg,1+9-3=7
train/41131.jpg,6-(2*7)=-8
train/41132.jpg,4*4*7=112
train/41133.jpg,(1-7)-4=-10
train/41134.jpg,(1-0)-5=-4
train/41135.jpg,7*(1-2)=-7
train/41136.jpg,7*0*5=0
train/41137.jpg,0+(0-7)=-7
train/41138.jpg,4+(6-7)=3
train/41139.jpg,6-3+3=6
train/41140.jpg,(7-6)-3=-2
train/41141.jpg,0+(4-7)=-3
train/41142.jpg,0+8-5=3
train/41143.jpg,8*(9-0)=72
train/41144.jpg,(8+8)-0=16
train/41145.jpg,(5*9)+9=54
train/41146.jpg,3+3*4=15
train/41147.jpg,(0*1)*9=0
train/41148.jpg,9+9-6=12
train/41149.jpg,(9+0)*1=9
train/41150.jpg,(1*4)-2=2
train/41151.jpg,(7*0)+7=7
train/41152.jpg,7*(2-4)=-14
train/41153.jpg,9-9-9=-9
train/41154.jpg,5*9*9=405
train/41155.jpg,(7+0)*6=42
train/41156.jpg,0*1+5=5
train/41157.jpg,0*(4-7)=0
train/41158.jpg,(5*9)+6=51
train/41159.jpg,2*6-8=4
train/41160.jpg,9*(7*1)=63
train/41161.jpg,6*8-9=39
train/41162.jpg,3+(1+2)=6
train/41163.jpg,2+4-9=-3
train/41164.jpg,(1+2)*8=24
train/41165.jpg,3+(1-3)=1
train/41166.jpg,(9*8)*8=576
train/41167.jpg,(9+5)-5=9
train/41168.jpg,5*7-4=31
train/41169.jpg,7*(8*2)=112
train/41170.jpg,8+5+5=18
train/41171.jpg,(9*5)-7=38
train/41172.jpg,9-(7+7)=-5
train/41173.jpg,(9+1)-2=8
train/41174.jpg,4-(9-6)=1
train/41175.jpg,3+3-4=2
train/41176.jpg,(5*1)+4=9
train/41177.jpg,(3*5)+2=17
train/41178.jpg,5-(0*0)=5
train/41179.jpg,1-9*3=-26
train/41180.jpg,4+2+2=8
train/41181.jpg,0*(9-8)=0
train/41182.jpg,1-(2*3)=-5
train/41183.jpg,(8*7)-3=53
train/41184.jpg,4+(0+2)=6
train/41185.jpg,5-(2-7)=10
train/41186.jpg,(7-1)+0=6
train/41187.jpg,(1-1)*6=0
train/41188.jpg,(4*9)-0=36
train/41189.jpg,2*(3-5)=-4
train/41190.jpg,4-(8+0)=-4
train/41191.jpg,(3*4)*3=36
train/41192.jpg,5-5-9=-9
train/41193.jpg,5-2-8=-5
train/41194.jpg,(0-6)*2=-12
train/41195.jpg,(2-3)+7=6
train/41196.jpg,0-(5+8)=-13
train/41197.jpg,5-(9+8)=-12
train/41198.jpg,2*4*8=64
train/41199.jpg,5-8+3=0
train/41200.jpg,4*(8-7)=4
train/41201.jpg,8-6+7=9
train/41202.jpg,6-6+5=5
train/41203.jpg,6+(0-4)=2
train/41204.jpg,1-(1+6)=-6
train/41205.jpg,2-5*4=-18
train/41206.jpg,7*(1-1)=0
train/41207.jpg,2-0*3=2
train/41208.jpg,6*(9-5)=24
train/41209.jpg,(1-1)-7=-7
train/41210.jpg,0+5*4=20
train/41211.jpg,5-(8+3)=-6
train/41212.jpg,0+(6*3)=18
train/41213.jpg,7-9-7=-9
train/41214.jpg,2+(8+2)=12
train/41215.jpg,(2+3)+3=8
train/41216.jpg,2+(3+2)=7
train/41217.jpg,0-(5+4)=-9
train/41218.jpg,1-0-8=-7
train/41219.jpg,3+(9+4)=16
train/41220.jpg,5*3+6=21
train/41221.jpg,9-(8+4)=-3
train/41222.jpg,(9+1)*3=30
train/41223.jpg,(9-6)-2=1
train/41224.jpg,7+3*5=22
train/41225.jpg,7*(6+8)=98
train/41226.jpg,6*(9+8)=102
train/41227.jpg,(3+2)*8=40
train/41228.jpg,6+5+1=12
train/41229.jpg,(0-1)-4=-5
train/41230.jpg,2+(6*5)=32
train/41231.jpg,(2+6)*9=72
train/41232.jpg,8+(2*6)=20
train/41233.jpg,9-2+2=9
train/41234.jpg,(8+2)*6=60
train/41235.jpg,4+(6*4)=28
train/41236.jpg,(1+9)+5=15
train/41237.jpg,(7-2)*3=15
train/41238.jpg,(4-0)-6=-2
train/41239.jpg,5-9-8=-12
train/41240.jpg,0*(1+5)=0
train/41241.jpg,7*9-5=58
train/41242.jpg,(7*5)-3=32
train/41243.jpg,(7+9)+9=25
train/41244.jpg,2*(8+6)=28
train/41245.jpg,5+5+3=13
train/41246.jpg,(4-2)*4=8
train/41247.jpg,1+(6-3)=4
train/41248.jpg,(2-9)-4=-11
train/41249.jpg,7+(8*9)=79
train/41250.jpg,0*1*9=0
train/41251.jpg,9-(4*7)=-19
train/41252.jpg,9-5+2=6
train/41253.jpg,8-3+8=13
train/41254.jpg,(0-9)-8=-17
train/41255.jpg,(0-8)-7=-15
train/41256.jpg,0*(1-7)=0
train/41257.jpg,(8*5)-0=40
train/41258.jpg,0*(4-3)=0
train/41259.jpg,(7*9)*4=252
train/41260.jpg,(2+6)+0=8
train/41261.jpg,(0-3)*4=-12
train/41262.jpg,2+(9+6)=17
train/41263.jpg,(6*5)*6=180
train/41264.jpg,0*0+2=2
train/41265.jpg,(8+3)+1=12
train/41266.jpg,3+5*1=8
train/41267.jpg,7-6-8=-7
train/41268.jpg,(5-5)-4=-4
train/41269.jpg,(8*4)*4=128
train/41270.jpg,4-(3+4)=-3
train/41271.jpg,3+7-8=2
train/41272.jpg,4*(9+1)=40
train/41273.jpg,(0-0)-3=-3
train/41274.jpg,8+(3+3)=14
train/41275.jpg,8+7-6=9
train/41276.jpg,2*(0-9)=-18
train/41277.jpg,1-6+8=3
train/41278.jpg,(0+6)+5=11
train/41279.jpg,5-4*4=-11
train/41280.jpg,6*(0-4)=-24
train/41281.jpg,(5-5)*7=0
train/41282.jpg,(7*2)+5=19
train/41283.jpg,(6-3)*8=24
train/41284.jpg,3*(6*4)=72
train/41285.jpg,0-(9+8)=-17
train/41286.jpg,3-3-8=-8
train/41287.jpg,(8+3)-9=2
train/41288.jpg,7+(0*1)=7
train/41289.jpg,0+1*3=3
train/41290.jpg,2+(2+1)=5
train/41291.jpg,(6*7)*0=0
train/41292.jpg,(1-1)-0=0
train/41293.jpg,1-(6-2)=-3
train/41294.jpg,(6-6)+3=3
train/41295.jpg,5-(5*2)=-5
train/41296.jpg,(6*1)-2=4
train/41297.jpg,(2*3)*3=18
train/41298.jpg,(9-1)+4=12
train/41299.jpg,6+3+8=17
train/41300.jpg,(2*1)*7=14
train/41301.jpg,0-(1*4)=-4
train/41302.jpg,1-(1+1)=-1
train/41303.jpg,2-9-5=-12
train/41304.jpg,2*(7+2)=18
train/41305.jpg,(7-4)*3=9
train/41306.jpg,(0-7)+5=-2
train/41307.jpg,(3+4)+1=8
train/41308.jpg,5+6*8=53
train/41309.jpg,7*(8-4)=28
train/41310.jpg,6*(5+3)=48
train/41311.jpg,6*6*9=324
train/41312.jpg,8+9*9=89
train/41313.jpg,3+7*2=17
train/41314.jpg,(9*5)*2=90
train/41315.jpg,(2+3)-0=5
train/41316.jpg,8*(2+4)=48
train/41317.jpg,(8-8)*7=0
train/41318.jpg,6+2-7=1
train/41319.jpg,0-2-9=-11
train/41320.jpg,2-(7+8)=-13
train/41321.jpg,(1*1)+7=8
train/41322.jpg,7+4-9=2
train/41323.jpg,9+9+6=24
train/41324.jpg,2-(2+5)=-5
train/41325.jpg,0+(7+2)=9
train/41326.jpg,(0-4)-5=-9
train/41327.jpg,(6-2)-2=2
train/41328.jpg,4+8-2=10
train/41329.jpg,(5*7)-4=31
train/41330.jpg,2-(1-3)=4
train/41331.jpg,(0*3)*4=0
train/41332.jpg,6-(5+0)=1
train/41333.jpg,4+0+5=9
train/41334.jpg,7-(6+7)=-6
train/41335.jpg,0-(8-2)=-6
train/41336.jpg,9+4+1=14
train/41337.jpg,7*(8-3)=35
train/41338.jpg,(8+3)*5=55
train/41339.jpg,(9-8)+7=8
train/41340.jpg,2+(6*7)=44
train/41341.jpg,(2*2)-0=4
train/41342.jpg,8-(4*1)=4
train/41343.jpg,(5+4)+3=12
train/41344.jpg,7*(0*9)=0
train/41345.jpg,7+(2*9)=25
train/41346.jpg,1-8+1=-6
train/41347.jpg,5*2-2=8
train/41348.jpg,5*(0+6)=30
train/41349.jpg,(5*6)*9=270
train/41350.jpg,1+(5+9)=15
train/41351.jpg,9+(6*8)=57
train/41352.jpg,(4+3)+0=7
train/41353.jpg,2*1+7=9
train/41354.jpg,5-3-1=1
train/41355.jpg,(3+5)+9=17
train/41356.jpg,8-5-1=2
train/41357.jpg,(9*6)+8=62
train/41358.jpg,(1-4)*3=-9
train/41359.jpg,(2*3)-6=0
train/41360.jpg,1-(9-2)=-6
train/41361.jpg,(0+2)-6=-4
train/41362.jpg,8-6*3=-10
train/41363.jpg,(7+2)+0=9
train/41364.jpg,1-(4-8)=5
train/41365.jpg,(0-2)+2=0
train/41366.jpg,5+4+4=13
train/41367.jpg,(1*6)-6=0
train/41368.jpg,9*2-0=18
train/41369.jpg,(4+4)*4=32
train/41370.jpg,(1+9)*8=80
train/41371.jpg,1*(9*4)=36
train/41372.jpg,6-9-2=-5
train/41373.jpg,8+8-4=12
train/41374.jpg,(6+9)-9=6
train/41375.jpg,5*(5*4)=100
train/41376.jpg,2-(0-9)=11
train/41377.jpg,1*(5-1)=4
train/41378.jpg,9+4*2=17
train/41379.jpg,5+3-3=5
train/41380.jpg,3+(5+5)=13
train/41381.jpg,2+(0+3)=5
train/41382.jpg,9-(7*8)=-47
train/41383.jpg,5*0+2=2
train/41384.jpg,4*(5-1)=16
train/41385.jpg,(0*3)+9=9
train/41386.jpg,1*(5*4)=20
train/41387.jpg,2-(7*4)=-26
train/41388.jpg,(5+6)*5=55
train/41389.jpg,(3+9)-5=7
train/41390.jpg,5*0*2=0
train/41391.jpg,(4+2)+6=12
train/41392.jpg,9-6*7=-33
train/41393.jpg,(7+3)*4=40
train/41394.jpg,0-0+7=7
train/41395.jpg,1*(7-3)=4
train/41396.jpg,8-(7+8)=-7
train/41397.jpg,1+(1+0)=2
train/41398.jpg,(3-3)*0=0
train/41399.jpg,1-(9-2)=-6
train/41400.jpg,0-(3+1)=-4
train/41401.jpg,9*3-1=26
train/41402.jpg,8*7*0=0
train/41403.jpg,4+(0+8)=12
train/41404.jpg,(9*3)+2=29
train/41405.jpg,(0-4)+2=-2
train/41406.jpg,1*(2+2)=4
train/41407.jpg,(1-0)+8=9
train/41408.jpg,5+(1-2)=4
train/41409.jpg,0*8+1=1
train/41410.jpg,1*5-2=3
train/41411.jpg,4+(4*9)=40
train/41412.jpg,(6+8)*1=14
train/41413.jpg,1-(3+1)=-3
train/41414.jpg,2+1-1=2
train/41415.jpg,2+1*8=10
train/41416.jpg,1+(8*5)=41
train/41417.jpg,4+6-2=8
train/41418.jpg,9*(5+2)=63
train/41419.jpg,5+(1-3)=3
train/41420.jpg,8*5+8=48
train/41421.jpg,6+8*5=46
train/41422.jpg,1*(0*8)=0
train/41423.jpg,(3*5)-7=8
train/41424.jpg,7+0*9=7
train/41425.jpg,6-8*2=-10
train/41426.jpg,8-4*0=8
train/41427.jpg,(9-2)*7=49
train/41428.jpg,6*9-6=48
train/41429.jpg,(2*7)+0=14
train/41430.jpg,7*(4+1)=35
train/41431.jpg,7+2+2=11
train/41432.jpg,(2-9)*5=-35
train/41433.jpg,8*(3*5)=120
train/41434.jpg,(1-8)+4=-3
train/41435.jpg,4*4+8=24
train/41436.jpg,0-(0-9)=9
train/41437.jpg,9*8+6=78
train/41438.jpg,(7+7)-3=11
train/41439.jpg,9+(3-8)=4
train/41440.jpg,0+5*6=30
train/41441.jpg,(2+2)-3=1
train/41442.jpg,(2+2)+6=10
train/41443.jpg,(4-2)-4=-2
train/41444.jpg,6+(0+1)=7
train/41445.jpg,4+(8*4)=36
train/41446.jpg,5*(5-6)=-5
train/41447.jpg,7+(7+3)=17
train/41448.jpg,1+(2-7)=-4
train/41449.jpg,6-(1*9)=-3
train/41450.jpg,8*(7*5)=280
train/41451.jpg,3*4*9=108
train/41452.jpg,9*5+3=48
train/41453.jpg,7*1*5=35
train/41454.jpg,8-(6*5)=-22
train/41455.jpg,7-4+7=10
train/41456.jpg,4-(0+1)=3
train/41457.jpg,1*6+9=15
train/41458.jpg,9*(0-2)=-18
train/41459.jpg,1-4*3=-11
train/41460.jpg,1+(8+0)=9
train/41461.jpg,8+6-7=7
train/41462.jpg,(8*9)-0=72
train/41463.jpg,0+4+6=10
train/41464.jpg,7+(2-9)=0
train/41465.jpg,1-(5*1)=-4
train/41466.jpg,(0*9)+0=0
train/41467.jpg,7-4+5=8
train/41468.jpg,6+(4*1)=10
train/41469.jpg,2+(2+2)=6
train/41470.jpg,3-(0-3)=6
train/41471.jpg,(6*7)+7=49
train/41472.jpg,(9*7)*3=189
train/41473.jpg,(9*1)+7=16
train/41474.jpg,(8*2)-0=16
train/41475.jpg,(6+5)*0=0
train/41476.jpg,(1-2)+5=4
train/41477.jpg,0+7-2=5
train/41478.jpg,4+0+7=11
train/41479.jpg,5+(8+9)=22
train/41480.jpg,2+(6-1)=7
train/41481.jpg,(5-1)+0=4
train/41482.jpg,5*5-5=20
train/41483.jpg,9+(5-2)=12
train/41484.jpg,2-0-2=0
train/41485.jpg,5-(1-2)=6
train/41486.jpg,5-6*1=-1
train/41487.jpg,0-(0*6)=0
train/41488.jpg,(6-2)-0=4
train/41489.jpg,4-9*8=-68
train/41490.jpg,6+4*3=18
train/41491.jpg,6+(1-0)=7
train/41492.jpg,7*7*0=0
train/41493.jpg,2-8+0=-6
train/41494.jpg,2+(8-2)=8
train/41495.jpg,2-0+6=8
train/41496.jpg,(6-6)*9=0
train/41497.jpg,5*0*0=0
train/41498.jpg,2*4*1=8
train/41499.jpg,(0-4)+1=-3
train/41500.jpg,7-5-7=-5
train/41501.jpg,0-(1-3)=2
train/41502.jpg,(4*9)-3=33
train/41503.jpg,(5*1)-5=0
train/41504.jpg,2-(1+8)=-7
train/41505.jpg,2*5+9=19
train/41506.jpg,(0*6)-9=-9
train/41507.jpg,8*0*9=0
train/41508.jpg,4-(4*9)=-32
train/41509.jpg,3+5+6=14
train/41510.jpg,6-(8+1)=-3
train/41511.jpg,9-6+2=5
train/41512.jpg,1+0-7=-6
train/41513.jpg,5-4+3=4
train/41514.jpg,2*(3-9)=-12
train/41515.jpg,3*9+8=35
train/41516.jpg,3*7+6=27
train/41517.jpg,(8*8)-7=57
train/41518.jpg,9-(8-6)=7
train/41519.jpg,(4+4)-8=0
train/41520.jpg,7+(8*6)=55
train/41521.jpg,(6+9)*1=15
train/41522.jpg,(6*8)-0=48
train/41523.jpg,0*(4-3)=0
train/41524.jpg,(7*2)+0=14
train/41525.jpg,(6+5)*4=44
train/41526.jpg,1*(7-9)=-2
train/41527.jpg,5+0*4=5
train/41528.jpg,0-5+1=-4
train/41529.jpg,5+(8*4)=37
train/41530.jpg,9-7-1=1
train/41531.jpg,2-(7+5)=-10
train/41532.jpg,(2*2)-3=1
train/41533.jpg,(9-5)-9=-5
train/41534.jpg,(4+7)-8=3
train/41535.jpg,3-3*6=-15
train/41536.jpg,7+4-9=2
train/41537.jpg,0+8*9=72
train/41538.jpg,6+(1+0)=7
train/41539.jpg,9+(2-4)=7
train/41540.jpg,(7*4)-9=19
train/41541.jpg,(0+9)+5=14
train/41542.jpg,9-(6+2)=1
train/41543.jpg,8-0*0=8
train/41544.jpg,4*8+7=39
train/41545.jpg,(2*3)*2=12
train/41546.jpg,1+7+0=8
train/41547.jpg,2-(5+1)=-4
train/41548.jpg,4-4-4=-4
train/41549.jpg,6-(5+8)=-7
train/41550.jpg,(9+0)+4=13
train/41551.jpg,6+5+3=14
train/41552.jpg,0+(1+5)=6
train/41553.jpg,5+(7+5)=17
train/41554.jpg,(3-1)+7=9
train/41555.jpg,(8*1)+8=16
train/41556.jpg,2+(6+0)=8
train/41557.jpg,(9*0)-1=-1
train/41558.jpg,0-(1-3)=2
train/41559.jpg,9-6+4=7
train/41560.jpg,6-(1-7)=12
train/41561.jpg,3-7*3=-18
train/41562.jpg,4+(2+9)=15
train/41563.jpg,(8*3)-6=18
train/41564.jpg,(3*1)*2=6
train/41565.jpg,9+0+6=15
train/41566.jpg,(5*2)+4=14
train/41567.jpg,0*(2*8)=0
train/41568.jpg,(7-1)+1=7
train/41569.jpg,8-0-8=0
train/41570.jpg,7-(2-0)=5
train/41571.jpg,(4-2)*5=10
train/41572.jpg,9+(6*5)=39
train/41573.jpg,(5-3)+9=11
train/41574.jpg,0+(8-1)=7
train/41575.jpg,1+(5-9)=-3
train/41576.jpg,2+(8*8)=66
train/41577.jpg,8+(3+8)=19
train/41578.jpg,2+4-7=-1
train/41579.jpg,6-0+9=15
train/41580.jpg,9-(5+8)=-4
train/41581.jpg,(4+9)-6=7
train/41582.jpg,(6-6)+9=9
train/41583.jpg,(8+7)+8=23
train/41584.jpg,2-(2*3)=-4
train/41585.jpg,1-(0+0)=1
train/41586.jpg,(1-3)-1=-3
train/41587.jpg,(4+1)+5=10
train/41588.jpg,(8-0)+8=16
train/41589.jpg,6*1*6=36
train/41590.jpg,9*4*8=288
train/41591.jpg,(9-2)-8=-1
train/41592.jpg,(1-3)-1=-3
train/41593.jpg,8*8+3=67
train/41594.jpg,2+7*5=37
train/41595.jpg,(2-9)*9=-63
train/41596.jpg,9-(6*6)=-27
train/41597.jpg,6*(7*9)=378
train/41598.jpg,7-(3-1)=5
train/41599.jpg,3*(7+5)=36
train/41600.jpg,0-(8+1)=-9
train/41601.jpg,7*(1*0)=0
train/41602.jpg,(7*5)-1=34
train/41603.jpg,9*7+5=68
train/41604.jpg,(3-6)-9=-12
train/41605.jpg,1*4+7=11
train/41606.jpg,8-(3*3)=-1
train/41607.jpg,0*(9*0)=0
train/41608.jpg,(4+5)-9=0
train/41609.jpg,0-(7+8)=-15
train/41610.jpg,3*(7*5)=105
train/41611.jpg,8-2-4=2
train/41612.jpg,5-3*6=-13
train/41613.jpg,(5*2)*7=70
train/41614.jpg,8*(2-3)=-8
train/41615.jpg,7+(9*1)=16
train/41616.jpg,0*7-3=-3
train/41617.jpg,1+2-4=-1
train/41618.jpg,7-(0+9)=-2
train/41619.jpg,(0+5)+1=6
train/41620.jpg,1-(1*5)=-4
train/41621.jpg,(1-3)+1=-1
train/41622.jpg,8*(3*5)=120
train/41623.jpg,0+5-9=-4
train/41624.jpg,7+3-8=2
train/41625.jpg,(3*4)*2=24
train/41626.jpg,9+8*4=41
train/41627.jpg,4+(6+2)=12
train/41628.jpg,(3*4)+1=13
train/41629.jpg,1-7*1=-6
train/41630.jpg,8*3+3=27
train/41631.jpg,8-1*7=1
train/41632.jpg,1+7-4=4
train/41633.jpg,3-(3-1)=1
train/41634.jpg,7*6*9=378
train/41635.jpg,(7*9)-8=55
train/41636.jpg,(7*2)*7=98
train/41637.jpg,(6-5)-3=-2
train/41638.jpg,(2+7)*9=81
train/41639.jpg,9-3+3=9
train/41640.jpg,9+6-3=12
train/41641.jpg,(8+2)-6=4
train/41642.jpg,8+(5+7)=20
train/41643.jpg,5+(1-1)=5
train/41644.jpg,3-3+2=2
train/41645.jpg,6+5*6=36
train/41646.jpg,2-6-6=-10
train/41647.jpg,9*(5-2)=27
train/41648.jpg,9+(0-4)=5
train/41649.jpg,(0*8)*2=0
train/41650.jpg,3-(2+6)=-5
train/41651.jpg,(0+2)-1=1
train/41652.jpg,4-3-4=-3
train/41653.jpg,2*(4-9)=-10
train/41654.jpg,6-(3-7)=10
train/41655.jpg,5-(6+7)=-8
train/41656.jpg,(9+8)*0=0
train/41657.jpg,7-(3-1)=5
train/41658.jpg,(7+9)*6=96
train/41659.jpg,(3-2)-9=-8
train/41660.jpg,4*(5-1)=16
train/41661.jpg,4*2+9=17
train/41662.jpg,(9+2)-0=11
train/41663.jpg,(4+4)-9=-1
train/41664.jpg,2+(8+6)=16
train/41665.jpg,(2*8)-9=7
train/41666.jpg,8*1*5=40
train/41667.jpg,8+9*2=26
train/41668.jpg,5-3*5=-10
train/41669.jpg,8-(8-7)=7
train/41670.jpg,2*5*8=80
train/41671.jpg,5-(6+5)=-6
train/41672.jpg,9*1-9=0
train/41673.jpg,6+2*1=8
train/41674.jpg,6+2*6=18
train/41675.jpg,8+4*6=32
train/41676.jpg,0+(6+9)=15
train/41677.jpg,(0*9)+3=3
train/41678.jpg,(9*5)-3=42
train/41679.jpg,4-9+7=2
train/41680.jpg,(2+7)*8=72
train/41681.jpg,(3-9)+0=-6
train/41682.jpg,7+4*4=23
train/41683.jpg,6-9*9=-75
train/41684.jpg,(3-1)*3=6
train/41685.jpg,(8*4)*1=32
train/41686.jpg,5+5*4=25
train/41687.jpg,(0*6)+5=5
train/41688.jpg,(3+4)+5=12
train/41689.jpg,(2+1)*6=18
train/41690.jpg,8+(9+0)=17
train/41691.jpg,(9-7)-5=-3
train/41692.jpg,4-9-0=-5
train/41693.jpg,(8+6)+5=19
train/41694.jpg,0+8-5=3
train/41695.jpg,(8-4)-2=2
train/41696.jpg,(3*0)+9=9
train/41697.jpg,(1+4)*6=30
train/41698.jpg,2+(7+7)=16
train/41699.jpg,0*(1*5)=0
train/41700.jpg,4+7+9=20
train/41701.jpg,(6+5)*7=77
train/41702.jpg,3*6-2=16
train/41703.jpg,(4+6)*1=10
train/41704.jpg,(6-7)*3=-3
train/41705.jpg,2-0-8=-6
train/41706.jpg,0-9*8=-72
train/41707.jpg,(2+2)+2=6
train/41708.jpg,0*(3+7)=0
train/41709.jpg,(6-9)*3=-9
train/41710.jpg,0+0+8=8
train/41711.jpg,4*4*4=64
train/41712.jpg,7-5*3=-8
train/41713.jpg,1*(9+0)=9
train/41714.jpg,(0-0)-2=-2
train/41715.jpg,8*(6+1)=56
train/41716.jpg,3*8*3=72
train/41717.jpg,6*3*7=126
train/41718.jpg,5+(6*3)=23
train/41719.jpg,9-8*4=-23
train/41720.jpg,3*2-4=2
train/41721.jpg,6-4+3=5
train/41722.jpg,(9-4)+4=9
train/41723.jpg,(7*7)-1=48
train/41724.jpg,5-(6-9)=8
train/41725.jpg,0+3-0=3
train/41726.jpg,7*9-0=63
train/41727.jpg,(4-3)+4=5
train/41728.jpg,(4+3)-1=6
train/41729.jpg,(4-9)*3=-15
train/41730.jpg,9-(5-0)=4
train/41731.jpg,(6-1)+6=11
train/41732.jpg,(3*4)-0=12
train/41733.jpg,(2+2)*8=32
train/41734.jpg,(5+3)-4=4
train/41735.jpg,(5-3)+3=5
train/41736.jpg,9+(0-5)=4
train/41737.jpg,5-5-2=-2
train/41738.jpg,(9*0)*0=0
train/41739.jpg,7+1*7=14
train/41740.jpg,(1+0)+8=9
train/41741.jpg,4+(5*5)=29
train/41742.jpg,7*(0+8)=56
train/41743.jpg,(7*7)-1=48
train/41744.jpg,9+4+2=15
train/41745.jpg,0-(2-3)=1
train/41746.jpg,1*5+3=8
train/41747.jpg,7+(4+7)=18
train/41748.jpg,3-(6+7)=-10
train/41749.jpg,4-4-3=-3
train/41750.jpg,(6+7)-1=12
train/41751.jpg,4+(0-8)=-4
train/41752.jpg,6*(4+1)=30
train/41753.jpg,7-8-5=-6
train/41754.jpg,7+7+5=19
train/41755.jpg,2+(0+2)=4
train/41756.jpg,(5*0)*7=0
train/41757.jpg,7-(6-9)=10
train/41758.jpg,8+4+1=13
train/41759.jpg,(5*4)+3=23
train/41760.jpg,7+4*8=39
train/41761.jpg,(6+2)+2=10
train/41762.jpg,(6*8)+1=49
train/41763.jpg,(3+4)-3=4
train/41764.jpg,5*8-8=32
train/41765.jpg,(6+6)*5=60
train/41766.jpg,5+4-8=1
train/41767.jpg,0-0+6=6
train/41768.jpg,8*(3-9)=-48
train/41769.jpg,9+8-4=13
train/41770.jpg,(8+1)-4=5
train/41771.jpg,6+(8+0)=14
train/41772.jpg,2+3-7=-2
train/41773.jpg,6+2*6=18
train/41774.jpg,9*(9*7)=567
train/41775.jpg,4-5-2=-3
train/41776.jpg,(0*8)+7=7
train/41777.jpg,5+9+6=20
train/41778.jpg,4-3*7=-17
train/41779.jpg,(6-8)+1=-1
train/41780.jpg,8+8+4=20
train/41781.jpg,(5+8)+2=15
train/41782.jpg,3+(4-0)=7
train/41783.jpg,6-2+0=4
train/41784.jpg,9+(1-0)=10
train/41785.jpg,9-(8+9)=-8
train/41786.jpg,(1*3)*6=18
train/41787.jpg,7*2+8=22
train/41788.jpg,4-9*2=-14
train/41789.jpg,6+(1*0)=6
train/41790.jpg,0*4-6=-6
train/41791.jpg,(0-0)-1=-1
train/41792.jpg,0+(8*7)=56
train/41793.jpg,1-1*7=-6
train/41794.jpg,0*(8*9)=0
train/41795.jpg,3+5-0=8
train/41796.jpg,6+(7*1)=13
train/41797.jpg,3+9-4=8
train/41798.jpg,8*8-3=61
train/41799.jpg,(7-2)*2=10
train/41800.jpg,(2+9)*8=88
train/41801.jpg,5+8-4=9
train/41802.jpg,5*8-0=40
train/41803.jpg,(3-7)*0=0
train/41804.jpg,9+9-8=10
train/41805.jpg,(0+6)*1=6
train/41806.jpg,2-1+6=7
train/41807.jpg,4-5*4=-16
train/41808.jpg,(0+5)-5=0
train/41809.jpg,4*5+1=21
train/41810.jpg,(5+4)*1=9
train/41811.jpg,0-2*3=-6
train/41812.jpg,(2*8)+5=21
train/41813.jpg,0+3-0=3
train/41814.jpg,(5-8)-6=-9
train/41815.jpg,0*5*0=0
train/41816.jpg,(7*0)-8=-8
train/41817.jpg,1-0*1=1
train/41818.jpg,(8+0)*3=24
train/41819.jpg,2+(1*8)=10
train/41820.jpg,(7+4)+0=11
train/41821.jpg,6+8*6=54
train/41822.jpg,7*4+8=36
train/41823.jpg,7-1*5=2
train/41824.jpg,7+0*1=7
train/41825.jpg,9*5*5=225
train/41826.jpg,1*6*7=42
train/41827.jpg,0*7-8=-8
train/41828.jpg,4*3+5=17
train/41829.jpg,4*6-6=18
train/41830.jpg,6*7*1=42
train/41831.jpg,3+(8*1)=11
train/41832.jpg,9*(8-6)=18
train/41833.jpg,(2+1)-6=-3
train/41834.jpg,(0+8)*1=8
train/41835.jpg,6+(3+3)=12
train/41836.jpg,7-(3*8)=-17
train/41837.jpg,2-(8*3)=-22
train/41838.jpg,8-2*8=-8
train/41839.jpg,(7-2)+6=11
train/41840.jpg,(2-2)+9=9
train/41841.jpg,6-0+3=9
train/41842.jpg,7*6*6=252
train/41843.jpg,3+0*0=3
train/41844.jpg,4+(5+1)=10
train/41845.jpg,5*(1+9)=50
train/41846.jpg,5-(3*4)=-7
train/41847.jpg,(9*3)+9=36
train/41848.jpg,8-9+2=1
train/41849.jpg,(9-0)*6=54
train/41850.jpg,1+(2-1)=2
train/41851.jpg,9+7*5=44
train/41852.jpg,8*7+9=65
train/41853.jpg,(8-2)+6=12
train/41854.jpg,(3-4)+5=4
train/41855.jpg,(7-3)-2=2
train/41856.jpg,9+(4*3)=21
train/41857.jpg,(5-1)-5=-1
train/41858.jpg,1-(4-0)=-3
train/41859.jpg,1-4-4=-7
train/41860.jpg,(3+3)-9=-3
train/41861.jpg,(4-1)*3=9
train/41862.jpg,4+7-5=6
train/41863.jpg,1+(7+7)=15
train/41864.jpg,6*5-7=23
train/41865.jpg,4+9-6=7
train/41866.jpg,(2-4)+1=-1
train/41867.jpg,9*1+0=9
train/41868.jpg,8+3+0=11
train/41869.jpg,(1-7)*0=0
train/41870.jpg,(5-4)*2=2
train/41871.jpg,6+(6*5)=36
train/41872.jpg,1+2*5=11
train/41873.jpg,1-1-4=-4
train/41874.jpg,5*(1+0)=5
train/41875.jpg,0*9*0=0
train/41876.jpg,1-(2*0)=1
train/41877.jpg,0-(8+0)=-8
train/41878.jpg,8+(2-2)=8
train/41879.jpg,(9-8)*8=8
train/41880.jpg,1-6+6=1
train/41881.jpg,9*(1-1)=0
train/41882.jpg,(8+1)*4=36
train/41883.jpg,(6+3)*3=27
train/41884.jpg,3-(7-3)=-1
train/41885.jpg,6*(5-5)=0
train/41886.jpg,4-(1+9)=-6
train/41887.jpg,5*4*4=80
train/41888.jpg,6-(7+1)=-2
train/41889.jpg,1+(8*1)=9
train/41890.jpg,6*(8+0)=48
train/41891.jpg,1*(7+4)=11
train/41892.jpg,8-3*3=-1
train/41893.jpg,(1*2)*6=12
train/41894.jpg,1*4-7=-3
train/41895.jpg,(9-2)*6=42
train/41896.jpg,2+(5*1)=7
train/41897.jpg,6-(4+4)=-2
train/41898.jpg,9+8+7=24
train/41899.jpg,(0+8)*0=0
train/41900.jpg,7*4+7=35
train/41901.jpg,5*(1+2)=15
train/41902.jpg,4*7-9=19
train/41903.jpg,0*4-8=-8
train/41904.jpg,2+(9+3)=14
train/41905.jpg,5-(8*4)=-27
train/41906.jpg,2*(6-0)=12
train/41907.jpg,(5-9)*8=-32
train/41908.jpg,1-(1*0)=1
train/41909.jpg,7-(3*4)=-5
train/41910.jpg,(3*4)+8=20
train/41911.jpg,(4*4)+6=22
train/41912.jpg,(1+1)*9=18
train/41913.jpg,5-(3*4)=-7
train/41914.jpg,3*8*4=96
train/41915.jpg,1-(8+0)=-7
train/41916.jpg,9-3-3=3
train/41917.jpg,3-7+9=5
train/41918.jpg,5+(8-8)=5
train/41919.jpg,7*1*9=63
train/41920.jpg,(9*0)-4=-4
train/41921.jpg,8+6+7=21
train/41922.jpg,(4-9)*7=-35
train/41923.jpg,9-(7*1)=2
train/41924.jpg,7*3-4=17
train/41925.jpg,(3*6)-3=15
train/41926.jpg,9-4-6=-1
train/41927.jpg,(6+7)*5=65
train/41928.jpg,2-(0*2)=2
train/41929.jpg,(4+4)*6=48
train/41930.jpg,2+1*9=11
train/41931.jpg,5*(3*3)=45
train/41932.jpg,4+(2+7)=13
train/41933.jpg,0*(6*2)=0
train/41934.jpg,2-0+8=10
train/41935.jpg,0*9*3=0
train/41936.jpg,0*1-4=-4
train/41937.jpg,(1-9)*9=-72
train/41938.jpg,(5-6)*8=-8
train/41939.jpg,3-7+7=3
train/41940.jpg,(1*3)+1=4
train/41941.jpg,3-3-7=-7
train/41942.jpg,1*5+2=7
train/41943.jpg,0-9-3=-12
train/41944.jpg,(6+1)*3=21
train/41945.jpg,7*(9*6)=378
train/41946.jpg,2*(8*0)=0
train/41947.jpg,8-0-9=-1
train/41948.jpg,8*5*1=40
train/41949.jpg,2-(5-1)=-2
train/41950.jpg,3+(1-0)=4
train/41951.jpg,(4+2)+9=15
train/41952.jpg,(4*7)-6=22
train/41953.jpg,9*0-9=-9
train/41954.jpg,5+(5-6)=4
train/41955.jpg,(9+5)+1=15
train/41956.jpg,2-4*9=-34
train/41957.jpg,9*1+7=16
train/41958.jpg,7*(9-5)=28
train/41959.jpg,4*(5+2)=28
train/41960.jpg,2+8+1=11
train/41961.jpg,(6+5)*0=0
train/41962.jpg,5*3*0=0
train/41963.jpg,2+1-0=3
train/41964.jpg,0+5*8=40
train/41965.jpg,9+(3-7)=5
train/41966.jpg,(2*3)+7=13
train/41967.jpg,0+(6*4)=24
train/41968.jpg,(9-2)+6=13
train/41969.jpg,7-5-5=-3
train/41970.jpg,(9-0)+5=14
train/41971.jpg,(8*6)*5=240
train/41972.jpg,(2-9)*4=-28
train/41973.jpg,3-3+4=4
train/41974.jpg,6-(4+6)=-4
train/41975.jpg,9*0-2=-2
train/41976.jpg,5-8-0=-3
train/41977.jpg,1-7-7=-13
train/41978.jpg,(1*3)*0=0
train/41979.jpg,(6-9)*8=-24
train/41980.jpg,3-9-7=-13
train/41981.jpg,3+(3+6)=12
train/41982.jpg,(8-5)+3=6
train/41983.jpg,(0*6)*6=0
train/41984.jpg,(6+1)-7=0
train/41985.jpg,(6-3)+4=7
train/41986.jpg,(8+4)*8=96
train/41987.jpg,4*9+5=41
train/41988.jpg,(0*9)*7=0
train/41989.jpg,6+9+1=16
train/41990.jpg,5*1*4=20
train/41991.jpg,(7+1)+8=16
train/41992.jpg,9-(6+9)=-6
train/41993.jpg,2*4-5=3
train/41994.jpg,9*(6*0)=0
train/41995.jpg,4-(2*8)=-12
train/41996.jpg,7*(8+1)=63
train/41997.jpg,(3*7)+2=23
train/41998.jpg,8*4-4=28
train/41999.jpg,(9+5)*5=70
train/42000.jpg,8+(3-7)=4
train/42001.jpg,6*(2*1)=12
train/42002.jpg,(0*1)*4=0
train/42003.jpg,1+(2+6)=9
train/42004.jpg,1*(7+9)=16
train/42005.jpg,0-8-8=-16
train/42006.jpg,4+2+1=7
train/42007.jpg,1*(4+6)=10
train/42008.jpg,(6*6)*9=324
train/42009.jpg,5+(7+4)=16
train/42010.jpg,4-(7+6)=-9
train/42011.jpg,(9-9)-7=-7
train/42012.jpg,(5-9)+9=5
train/42013.jpg,(8+1)-3=6
train/42014.jpg,(4*8)*0=0
train/42015.jpg,7+3*3=16
train/42016.jpg,3-6*9=-51
train/42017.jpg,4+(3*9)=31
train/42018.jpg,(2-9)*2=-14
train/42019.jpg,2-9-0=-7
train/42020.jpg,(8-8)*7=0
train/42021.jpg,1*(5+7)=12
train/42022.jpg,8*5*5=200
train/42023.jpg,1-6-5=-10
train/42024.jpg,8+(3*0)=8
train/42025.jpg,(6-0)-2=4
train/42026.jpg,0*(7-0)=0
train/42027.jpg,(7-4)+3=6
train/42028.jpg,(7+8)*2=30
train/42029.jpg,6-9+3=0
train/42030.jpg,8+3+1=12
train/42031.jpg,2*8+0=16
train/42032.jpg,2+7*7=51
train/42033.jpg,7+6-4=9
train/42034.jpg,(3-7)*4=-16
train/42035.jpg,(7*9)+5=68
train/42036.jpg,0*8+2=2
train/42037.jpg,(9+0)*1=9
train/42038.jpg,2-9-4=-11
train/42039.jpg,4-2-7=-5
train/42040.jpg,2+3-0=5
train/42041.jpg,4*0*1=0
train/42042.jpg,4+(7+2)=13
train/42043.jpg,7-(0-0)=7
train/42044.jpg,2-(9*9)=-79
train/42045.jpg,1*8+4=12
train/42046.jpg,3+(4-7)=0
train/42047.jpg,5+(2+4)=11
train/42048.jpg,6*6-3=33
train/42049.jpg,2*(0*5)=0
train/42050.jpg,0+(3-7)=-4
train/42051.jpg,(6-6)-8=-8
train/42052.jpg,5+(1+6)=12
train/42053.jpg,6*(1+3)=24
train/42054.jpg,7*(9+5)=98
train/42055.jpg,(8-3)-0=5
train/42056.jpg,1-(5-1)=-3
train/42057.jpg,1*(4+2)=6
train/42058.jpg,(7-4)+5=8
train/42059.jpg,0*6*2=0
train/42060.jpg,0-(5-8)=3
train/42061.jpg,3-2-2=-1
train/42062.jpg,(5-6)-8=-9
train/42063.jpg,(4*0)+0=0
train/42064.jpg,0+(0+0)=0
train/42065.jpg,(4*2)*2=16
train/42066.jpg,8*(9+0)=72
train/42067.jpg,8-6-7=-5
train/42068.jpg,(6-6)*0=0
train/42069.jpg,0+6-9=-3
train/42070.jpg,4-(9*0)=4
train/42071.jpg,(4*5)*5=100
train/42072.jpg,3*2*7=42
train/42073.jpg,2-(6*2)=-10
train/42074.jpg,(9+2)+9=20
train/42075.jpg,6-4+3=5
train/42076.jpg,(9-2)*7=49
train/42077.jpg,7-3*2=1
train/42078.jpg,(1*9)+8=17
train/42079.jpg,2+3*8=26
train/42080.jpg,6+(6-5)=7
train/42081.jpg,7*(4+7)=77
train/42082.jpg,(2*2)*5=20
train/42083.jpg,6-(5+9)=-8
train/42084.jpg,(6*8)+9=57
train/42085.jpg,3*(1-8)=-21
train/42086.jpg,3-(1-0)=2
train/42087.jpg,(9-0)*3=27
train/42088.jpg,8*0-6=-6
train/42089.jpg,0+3*7=21
train/42090.jpg,(6*0)-1=-1
train/42091.jpg,7-6*7=-35
train/42092.jpg,5-8+4=1
train/42093.jpg,4-(0*0)=4
train/42094.jpg,(2+0)-5=-3
train/42095.jpg,1*(1*8)=8
train/42096.jpg,9+3+6=18
train/42097.jpg,2-(7+0)=-5
train/42098.jpg,3*1-4=-1
train/42099.jpg,(2+4)+6=12
train/42100.jpg,4*(1*0)=0
train/42101.jpg,6*(9+4)=78
train/42102.jpg,1*0-8=-8
train/42103.jpg,0*5*9=0
train/42104.jpg,1-(0*3)=1
train/42105.jpg,6+4-3=7
train/42106.jpg,8+(0+8)=16
train/42107.jpg,(8+6)-4=10
train/42108.jpg,(4*7)+0=28
train/42109.jpg,(3*6)*1=18
train/42110.jpg,(9-9)*3=0
train/42111.jpg,3-2-5=-4
train/42112.jpg,1-(4+9)=-12
train/42113.jpg,(3-5)+5=3
train/42114.jpg,5+(9+4)=18
train/42115.jpg,1-(5-7)=3
train/42116.jpg,(8+3)*7=77
train/42117.jpg,2+0*9=2
train/42118.jpg,(1+5)*2=12
train/42119.jpg,(5+8)*8=104
train/42120.jpg,5+2+1=8
train/42121.jpg,(6-0)-1=5
train/42122.jpg,(5-2)*1=3
train/42123.jpg,(4+3)+2=9
train/42124.jpg,(9*5)*1=45
train/42125.jpg,0+(8-8)=0
train/42126.jpg,7*(0-3)=-21
train/42127.jpg,4*7-2=26
train/42128.jpg,(1-8)+5=-2
train/42129.jpg,(7+0)*0=0
train/42130.jpg,(7+4)-3=8
train/42131.jpg,2-(7-5)=0
train/42132.jpg,(0+3)*8=24
train/42133.jpg,0*1-6=-6
train/42134.jpg,2*(3+5)=16
train/42135.jpg,(3*2)*9=54
train/42136.jpg,6*(9+6)=90
train/42137.jpg,6-(2-6)=10
train/42138.jpg,6+3-2=7
train/42139.jpg,6*(4*2)=48
train/42140.jpg,(7*0)-0=0
train/42141.jpg,6+7*9=69
train/42142.jpg,4+(0+0)=4
train/42143.jpg,9+0+1=10
train/42144.jpg,(2+2)*8=32
train/42145.jpg,(6+0)*3=18
train/42146.jpg,(8+2)-5=5
train/42147.jpg,(5*5)*8=200
train/42148.jpg,9+(7*3)=30
train/42149.jpg,(0-1)*4=-4
train/42150.jpg,5-5-1=-1
train/42151.jpg,(2+6)+5=13
train/42152.jpg,(4*3)+4=16
train/42153.jpg,9-3*0=9
train/42154.jpg,5+(9*6)=59
train/42155.jpg,3+(5*4)=23
train/42156.jpg,(6-9)+0=-3
train/42157.jpg,(5-2)+1=4
train/42158.jpg,(3+7)-8=2
train/42159.jpg,6*1-7=-1
train/42160.jpg,4*(0+6)=24
train/42161.jpg,2*8-4=12
train/42162.jpg,5*(6-6)=0
train/42163.jpg,8+2-3=7
train/42164.jpg,1-(5-1)=-3
train/42165.jpg,1+(1*2)=3
train/42166.jpg,6-(6+7)=-7
train/42167.jpg,9+(2*4)=17
train/42168.jpg,6+(2-4)=4
train/42169.jpg,(7-8)-2=-3
train/42170.jpg,0+8+1=9
train/42171.jpg,3-(1*4)=-1
train/42172.jpg,5*9-0=45
train/42173.jpg,(9-0)+3=12
train/42174.jpg,(8*4)-2=30
train/42175.jpg,6-9*5=-39
train/42176.jpg,0*1*0=0
train/42177.jpg,(7*3)+3=24
train/42178.jpg,1*9*9=81
train/42179.jpg,0+(9-3)=6
train/42180.jpg,(9*0)*9=0
train/42181.jpg,9*4+0=36
train/42182.jpg,(8*4)-1=31
train/42183.jpg,0+1+2=3
train/42184.jpg,7+(1*0)=7
train/42185.jpg,0+(9-7)=2
train/42186.jpg,(0+7)-2=5
train/42187.jpg,2+(6+1)=9
train/42188.jpg,4+1*4=8
train/42189.jpg,1*5-1=4
train/42190.jpg,(8-9)-7=-8
train/42191.jpg,(4-4)*7=0
train/42192.jpg,(4*6)*4=96
train/42193.jpg,7-6+4=5
train/42194.jpg,(9*7)+3=66
train/42195.jpg,(2+6)*2=16
train/42196.jpg,8+(9-0)=17
train/42197.jpg,(5*9)*0=0
train/42198.jpg,(6-6)-8=-8
train/42199.jpg,3*(9*4)=108
train/42200.jpg,(8-9)*2=-2
train/42201.jpg,1-(6*8)=-47
train/42202.jpg,9+(2-6)=5
train/42203.jpg,7*0-2=-2
train/42204.jpg,9*(8-2)=54
train/42205.jpg,(8*6)-3=45
train/42206.jpg,(1*7)*9=63
train/42207.jpg,2*0*0=0
train/42208.jpg,(4*5)*2=40
train/42209.jpg,1-(7-8)=2
train/42210.jpg,1+(3+6)=10
train/42211.jpg,(7+5)*0=0
train/42212.jpg,1*7+7=14
train/42213.jpg,9-(5*4)=-11
train/42214.jpg,1+(2-1)=2
train/42215.jpg,1+(1+3)=5
train/42216.jpg,3+(8-2)=9
train/42217.jpg,1-8-9=-16
train/42218.jpg,5+4*7=33
train/42219.jpg,0+(3*9)=27
train/42220.jpg,6*5-3=27
train/42221.jpg,1+7*5=36
train/42222.jpg,9*(3+6)=81
train/42223.jpg,1-9+3=-5
train/42224.jpg,0-4-1=-5
train/42225.jpg,(5*7)+9=44
train/42226.jpg,(5-7)+9=7
train/42227.jpg,(3+1)-9=-5
train/42228.jpg,1*(1+6)=7
train/42229.jpg,9+(1-5)=5
train/42230.jpg,6-(8*9)=-66
train/42231.jpg,0*4*2=0
train/42232.jpg,8+(1-5)=4
train/42233.jpg,9+5-5=9
train/42234.jpg,(7+9)*3=48
train/42235.jpg,(2+8)-9=1
train/42236.jpg,7+(0*0)=7
train/42237.jpg,2*(4*7)=56
train/42238.jpg,0*8-1=-1
train/42239.jpg,9-(4-3)=8
train/42240.jpg,1+8+6=15
train/42241.jpg,(1-8)+4=-3
train/42242.jpg,5+2*3=11
train/42243.jpg,(3*6)+8=26
train/42244.jpg,4+(3+8)=15
train/42245.jpg,9-5+8=12
train/42246.jpg,4-0-3=1
train/42247.jpg,(2*1)+5=7
train/42248.jpg,5-(5+9)=-9
train/42249.jpg,8-(3*6)=-10
train/42250.jpg,(3-2)+7=8
train/42251.jpg,0*2-4=-4
train/42252.jpg,5+0-2=3
train/42253.jpg,5*(6+5)=55
train/42254.jpg,7-(8*8)=-57
train/42255.jpg,4-9*1=-5
train/42256.jpg,7*(8+1)=63
train/42257.jpg,9+(0*3)=9
train/42258.jpg,8+2*4=16
train/42259.jpg,(1-0)-0=1
train/42260.jpg,(0+2)*2=4
train/42261.jpg,2*(9*2)=36
train/42262.jpg,(5+7)-3=9
train/42263.jpg,(4-0)-5=-1
train/42264.jpg,1-(0-8)=9
train/42265.jpg,5+(0-1)=4
train/42266.jpg,5+4*0=5
train/42267.jpg,6*1+4=10
train/42268.jpg,(0+1)-9=-8
train/42269.jpg,7-0-9=-2
train/42270.jpg,5-(9*4)=-31
train/42271.jpg,(4+5)+6=15
train/42272.jpg,(5+3)-8=0
train/42273.jpg,(2*1)+3=5
train/42274.jpg,(7+0)*2=14
train/42275.jpg,7*(6+2)=56
train/42276.jpg,(9+8)*2=34
train/42277.jpg,6*(1*4)=24
train/42278.jpg,(5-1)-6=-2
train/42279.jpg,8+(0-9)=-1
train/42280.jpg,3-3-2=-2
train/42281.jpg,6+(4-1)=9
train/42282.jpg,(7-1)-8=-2
train/42283.jpg,4-7+2=-1
train/42284.jpg,(6+6)-2=10
train/42285.jpg,(4-1)-2=1
train/42286.jpg,4+6+4=14
train/42287.jpg,1*4*2=8
train/42288.jpg,4*(3-0)=12
train/42289.jpg,(7+1)-2=6
train/42290.jpg,1-(0+4)=-3
train/42291.jpg,0*5+9=9
train/42292.jpg,(3+6)*5=45
train/42293.jpg,6*(4-6)=-12
train/42294.jpg,(9+6)*2=30
train/42295.jpg,(5*7)*4=140
train/42296.jpg,4*1-4=0
train/42297.jpg,(3*9)*7=189
train/42298.jpg,8+(3*3)=17
train/42299.jpg,(0*1)-8=-8
train/42300.jpg,4+(0+2)=6
train/42301.jpg,(2*1)*9=18
train/42302.jpg,(7*3)+2=23
train/42303.jpg,5*8*7=280
train/42304.jpg,9+8*7=65
train/42305.jpg,(3+3)*5=30
train/42306.jpg,(5-3)+7=9
train/42307.jpg,6*5*6=180
train/42308.jpg,(8-4)*1=4
train/42309.jpg,7+(0-0)=7
train/42310.jpg,(4-1)*3=9
train/42311.jpg,(4+1)-6=-1
train/42312.jpg,6*(2*5)=60
train/42313.jpg,6*7+1=43
train/42314.jpg,(6-5)-9=-8
train/42315.jpg,(0-2)+6=4
train/42316.jpg,(1+5)*2=12
train/42317.jpg,3-5+3=1
train/42318.jpg,(1+2)-5=-2
train/42319.jpg,3-(5-5)=3
train/42320.jpg,4+(1-6)=-1
train/42321.jpg,2-6*3=-16
train/42322.jpg,1*1-0=1
train/42323.jpg,0+(5*0)=0
train/42324.jpg,(8*1)+7=15
train/42325.jpg,8+5*9=53
train/42326.jpg,(9*8)*4=288
train/42327.jpg,1-7*4=-27
train/42328.jpg,9+7*3=30
train/42329.jpg,(6-1)+6=11
train/42330.jpg,(1*5)+7=12
train/42331.jpg,(8*4)*0=0
train/42332.jpg,9+7-7=9
train/42333.jpg,1-4*9=-35
train/42334.jpg,(8+2)*9=90
train/42335.jpg,6-(7-1)=0
train/42336.jpg,3-(2-1)=2
train/42337.jpg,(0-3)-8=-11
train/42338.jpg,(9+8)-2=15
train/42339.jpg,(2*1)*5=10
train/42340.jpg,(5*3)+9=24
train/42341.jpg,1*1*5=5
train/42342.jpg,5+8*7=61
train/42343.jpg,0-(4*4)=-16
train/42344.jpg,6*(6*3)=108
train/42345.jpg,(8-7)+7=8
train/42346.jpg,7*4-9=19
train/42347.jpg,(3-8)-4=-9
train/42348.jpg,(2+2)+3=7
train/42349.jpg,0*(1+9)=0
train/42350.jpg,4-(2+1)=1
train/42351.jpg,5*5*9=225
train/42352.jpg,(8+5)*9=117
train/42353.jpg,5-5*3=-10
train/42354.jpg,2-(8-2)=-4
train/42355.jpg,(4+7)*3=33
train/42356.jpg,(5-3)*9=18
train/42357.jpg,5-8-2=-5
train/42358.jpg,(2-5)*2=-6
train/42359.jpg,3*4+1=13
train/42360.jpg,(1+1)-5=-3
train/42361.jpg,7-(3+9)=-5
train/42362.jpg,9*(3-3)=0
train/42363.jpg,6-8*2=-10
train/42364.jpg,6*(7-1)=36
train/42365.jpg,1-5-1=-5
train/42366.jpg,(9-3)-5=1
train/42367.jpg,(3*5)*0=0
train/42368.jpg,9+8+5=22
train/42369.jpg,0*(0+5)=0
train/42370.jpg,(9+5)*4=56
train/42371.jpg,5*3-8=7
train/42372.jpg,(5-2)-7=-4
train/42373.jpg,2+4-1=5
train/42374.jpg,8*6-8=40
train/42375.jpg,1-(9*9)=-80
train/42376.jpg,(4*5)*6=120
train/42377.jpg,3-8-5=-10
train/42378.jpg,1*0-1=-1
train/42379.jpg,1*(9*8)=72
train/42380.jpg,3*(4*5)=60
train/42381.jpg,1*3*2=6
train/42382.jpg,8*6+9=57
train/42383.jpg,1+(3-3)=1
train/42384.jpg,1*1-7=-6
train/42385.jpg,0+(7+2)=9
train/42386.jpg,8*(5-3)=16
train/42387.jpg,(4+8)+0=12
train/42388.jpg,6*5-0=30
train/42389.jpg,4*(8-5)=12
train/42390.jpg,1+4*6=25
train/42391.jpg,(6+4)+1=11
train/42392.jpg,8+4+9=21
train/42393.jpg,(6-7)-7=-8
train/42394.jpg,6*0-2=-2
train/42395.jpg,(5-4)*0=0
train/42396.jpg,9+(4*0)=9
train/42397.jpg,(5-3)-9=-7
train/42398.jpg,1*(9*1)=9
train/42399.jpg,9+6*6=45
train/42400.jpg,5*2+2=12
train/42401.jpg,9-(3+0)=6
train/42402.jpg,1-8-5=-12
train/42403.jpg,9+(3*8)=33
train/42404.jpg,9-6+7=10
train/42405.jpg,9*8+3=75
train/42406.jpg,(3+9)-5=7
train/42407.jpg,2+0+0=2
train/42408.jpg,(8-0)*1=8
train/42409.jpg,8*(4+4)=64
train/42410.jpg,(1*6)-6=0
train/42411.jpg,0*(1+3)=0
train/42412.jpg,(2+0)+0=2
train/42413.jpg,3*(0+7)=21
train/42414.jpg,(6+8)-0=14
train/42415.jpg,5+(7+0)=12
train/42416.jpg,1-0*9=1
train/42417.jpg,8+(7*7)=57
train/42418.jpg,5-(5*4)=-15
train/42419.jpg,(9*3)*9=243
train/42420.jpg,9-1-6=2
train/42421.jpg,(4+7)-2=9
train/42422.jpg,0-(1*4)=-4
train/42423.jpg,7*(8+8)=112
train/42424.jpg,(5-2)+8=11
train/42425.jpg,(4*1)-1=3
train/42426.jpg,(4-8)-1=-5
train/42427.jpg,4*(9*7)=252
train/42428.jpg,(6*1)-3=3
train/42429.jpg,5+(7+8)=20
train/42430.jpg,5*(3*8)=120
train/42431.jpg,5*(4*4)=80
train/42432.jpg,0-(9-5)=-4
train/42433.jpg,8+0-2=6
train/42434.jpg,0-7*9=-63
train/42435.jpg,1+(6+8)=15
train/42436.jpg,0-(3+1)=-4
train/42437.jpg,3*(5+1)=18
train/42438.jpg,1*(8*4)=32
train/42439.jpg,(1-8)*6=-42
train/42440.jpg,2-(0-4)=6
train/42441.jpg,0-(7-8)=1
train/42442.jpg,3-(7-0)=-4
train/42443.jpg,(1-5)*3=-12
train/42444.jpg,1-0+6=7
train/42445.jpg,2+0-0=2
train/42446.jpg,(9+5)*0=0
train/42447.jpg,7-6+2=3
train/42448.jpg,(1+5)*7=42
train/42449.jpg,0-(1*3)=-3
train/42450.jpg,5-5-3=-3
train/42451.jpg,1*0-1=-1
train/42452.jpg,(5*2)*1=10
train/42453.jpg,3-(8*2)=-13
train/42454.jpg,6-(1*4)=2
train/42455.jpg,6+(6+7)=19
train/42456.jpg,1-(5*5)=-24
train/42457.jpg,9*(8*3)=216
train/42458.jpg,9-3-7=-1
train/42459.jpg,(4-2)-9=-7
train/42460.jpg,(3+0)-7=-4
train/42461.jpg,6*4+1=25
train/42462.jpg,5+(3-8)=0
train/42463.jpg,(8+5)+2=15
train/42464.jpg,5-(9+6)=-10
train/42465.jpg,3-(4-8)=7
train/42466.jpg,2+0*0=2
train/42467.jpg,0-7*6=-42
train/42468.jpg,1+(1+2)=4
train/42469.jpg,(6-8)-4=-6
train/42470.jpg,3-(5*4)=-17
train/42471.jpg,7*3-8=13
train/42472.jpg,(4-8)-0=-4
train/42473.jpg,(0+2)*0=0
train/42474.jpg,1-(8+1)=-8
train/42475.jpg,5-(6*8)=-43
train/42476.jpg,4-0+4=8
train/42477.jpg,0*5*0=0
train/42478.jpg,3-(3*6)=-15
train/42479.jpg,5+(2-1)=6
train/42480.jpg,6+(0+0)=6
train/42481.jpg,9*(1*5)=45
train/42482.jpg,9+5-4=10
train/42483.jpg,8-(9*0)=8
train/42484.jpg,(4*7)*8=224
train/42485.jpg,7*(7*7)=343
train/42486.jpg,6-(9*9)=-75
train/42487.jpg,8-(5-1)=4
train/42488.jpg,7+8-0=15
train/42489.jpg,(4+6)-4=6
train/42490.jpg,4-9+4=-1
train/42491.jpg,(7+1)*3=24
train/42492.jpg,(6-3)*1=3
train/42493.jpg,(8-5)+4=7
train/42494.jpg,9*4*5=180
train/42495.jpg,1*3-1=2
train/42496.jpg,(0+0)+1=1
train/42497.jpg,0+(1*1)=1
train/42498.jpg,9-4-7=-2
train/42499.jpg,0-2*7=-14
train/42500.jpg,(0*1)+9=9
train/42501.jpg,(1-4)*4=-12
train/42502.jpg,5+(1+8)=14
train/42503.jpg,2*3+8=14
train/42504.jpg,(1+9)-8=2
train/42505.jpg,(6+8)+2=16
train/42506.jpg,(0-4)+1=-3
train/42507.jpg,(5*6)*5=150
train/42508.jpg,8*(8+2)=80
train/42509.jpg,7-1+6=12
train/42510.jpg,1+5*6=31
train/42511.jpg,(8*4)+2=34
train/42512.jpg,1-(9-2)=-6
train/42513.jpg,(7*5)*5=175
train/42514.jpg,3*(1-9)=-24
train/42515.jpg,9-(7*3)=-12
train/42516.jpg,0*(3-9)=0
train/42517.jpg,(1+5)*4=24
train/42518.jpg,9-4+2=7
train/42519.jpg,(6-1)*1=5
train/42520.jpg,(9-0)-8=1
train/42521.jpg,9-(4*6)=-15
train/42522.jpg,2+(0+0)=2
train/42523.jpg,(3*5)*1=15
train/42524.jpg,(0*1)+1=1
train/42525.jpg,5-(6*8)=-43
train/42526.jpg,(7+3)-9=1
train/42527.jpg,4-4-2=-2
train/42528.jpg,4*1*1=4
train/42529.jpg,7+9+6=22
train/42530.jpg,(9*1)+5=14
train/42531.jpg,(5-5)-0=0
train/42532.jpg,9-7-0=2
train/42533.jpg,3-(2-7)=8
train/42534.jpg,7*4*1=28
train/42535.jpg,1*1+6=7
train/42536.jpg,2+0-8=-6
train/42537.jpg,0-(2-1)=-1
train/42538.jpg,(4-7)-8=-11
train/42539.jpg,0-(6*9)=-54
train/42540.jpg,6+(1*2)=8
train/42541.jpg,9+(3+8)=20
train/42542.jpg,4+4*9=40
train/42543.jpg,3-(2*0)=3
train/42544.jpg,7+(6*4)=31
train/42545.jpg,4-3+0=1
train/42546.jpg,4+(5-1)=8
train/42547.jpg,1-7+2=-4
train/42548.jpg,5*9+9=54
train/42549.jpg,5-(2+0)=3
train/42550.jpg,(9-6)*7=21
train/42551.jpg,7-0+7=14
train/42552.jpg,0*(8*7)=0
train/42553.jpg,3-9-3=-9
train/42554.jpg,(6-4)+2=4
train/42555.jpg,(4-1)*1=3
train/42556.jpg,8+(3*7)=29
train/42557.jpg,8+(3-9)=2
train/42558.jpg,6*4*6=144
train/42559.jpg,(0+4)-0=4
train/42560.jpg,1+(0+4)=5
train/42561.jpg,9+9*9=90
train/42562.jpg,2*(3+5)=16
train/42563.jpg,6*(6+5)=66
train/42564.jpg,(2*0)*7=0
train/42565.jpg,(3*2)+3=9
train/42566.jpg,2+0-2=0
train/42567.jpg,5-(8-8)=5
train/42568.jpg,0*0+2=2
train/42569.jpg,(9-2)*1=7
train/42570.jpg,1-0+8=9
train/42571.jpg,(0*9)+3=3
train/42572.jpg,7*4-5=23
train/42573.jpg,(5+2)*6=42
train/42574.jpg,(3+0)*9=27
train/42575.jpg,(7+9)+8=24
train/42576.jpg,3-(3*7)=-18
train/42577.jpg,3-(1*0)=3
train/42578.jpg,6-(9-0)=-3
train/42579.jpg,2+(4-2)=4
train/42580.jpg,(4-3)+1=2
train/42581.jpg,1*(5-3)=2
train/42582.jpg,0*(0+4)=0
train/42583.jpg,(5+3)-3=5
train/42584.jpg,(0+6)*1=6
train/42585.jpg,4+2+0=6
train/42586.jpg,5+2+5=12
train/42587.jpg,2+(0-6)=-4
train/42588.jpg,7*7-7=42
train/42589.jpg,1-(2+3)=-4
train/42590.jpg,9*8+9=81
train/42591.jpg,7*(6*7)=294
train/42592.jpg,8-(2-6)=12
train/42593.jpg,6*(0+4)=24
train/42594.jpg,6+(7*5)=41
train/42595.jpg,1*(2-5)=-3
train/42596.jpg,0*1*8=0
train/42597.jpg,7*(5+1)=42
train/42598.jpg,6+(2-2)=6
train/42599.jpg,6*1-7=-1
train/42600.jpg,9-3+8=14
train/42601.jpg,1-(7*1)=-6
train/42602.jpg,(5-7)+1=-1
train/42603.jpg,0*(2+1)=0
train/42604.jpg,3+8+8=19
train/42605.jpg,(1*0)*0=0
train/42606.jpg,(8*7)-2=54
train/42607.jpg,(4-6)+1=-1
train/42608.jpg,8+6*3=26
train/42609.jpg,6+(1+7)=14
train/42610.jpg,9-7*0=9
train/42611.jpg,3*0+4=4
train/42612.jpg,8+(4*9)=44
train/42613.jpg,(0*5)*0=0
train/42614.jpg,9+(9*0)=9
train/42615.jpg,4+2-2=4
train/42616.jpg,4-(1-9)=12
train/42617.jpg,(6+3)*7=63
train/42618.jpg,(3*4)+0=12
train/42619.jpg,2-(7+9)=-14
train/42620.jpg,1*(0+6)=6
train/42621.jpg,0+(2+1)=3
train/42622.jpg,(7*3)-7=14
train/42623.jpg,(9*7)+2=65
train/42624.jpg,5+(1*6)=11
train/42625.jpg,9*9-0=81
train/42626.jpg,4*(2-5)=-12
train/42627.jpg,2-(6*0)=2
train/42628.jpg,3-9*1=-6
train/42629.jpg,8+0*0=8
train/42630.jpg,0-(5+8)=-13
train/42631.jpg,2*6*7=84
train/42632.jpg,(4-1)*8=24
train/42633.jpg,1*2*8=16
train/42634.jpg,2-5*6=-28
train/42635.jpg,0+8*3=24
train/42636.jpg,6-0*3=6
train/42637.jpg,(5-4)-4=-3
train/42638.jpg,9*(5-0)=45
train/42639.jpg,(3*0)+3=3
train/42640.jpg,8-(4+2)=2
train/42641.jpg,9+1+7=17
train/42642.jpg,4*(4-6)=-8
train/42643.jpg,(3+2)+4=9
train/42644.jpg,4+6-4=6
train/42645.jpg,6*(2-3)=-6
train/42646.jpg,4+(2+0)=6
train/42647.jpg,3+(7-9)=1
train/42648.jpg,7-(0+2)=5
train/42649.jpg,4+1+7=12
train/42650.jpg,(5*2)-2=8
train/42651.jpg,3*(7+2)=27
train/42652.jpg,1+(2+8)=11
train/42653.jpg,(1+8)*3=27
train/42654.jpg,(1*0)*4=0
train/42655.jpg,7+(2+7)=16
train/42656.jpg,(3*7)+5=26
train/42657.jpg,2-8+1=-5
train/42658.jpg,(0-5)-7=-12
train/42659.jpg,(4+4)*4=32
train/42660.jpg,(5*3)-8=7
train/42661.jpg,(6*6)+0=36
train/42662.jpg,9+0-1=8
train/42663.jpg,4*(9*6)=216
train/42664.jpg,8+6+8=22
train/42665.jpg,8+2+9=19
train/42666.jpg,(2-8)*5=-30
train/42667.jpg,3-8+1=-4
train/42668.jpg,5-3+1=3
train/42669.jpg,(3*8)-3=21
train/42670.jpg,2+3*3=11
train/42671.jpg,2+5+0=7
train/42672.jpg,9*(6-4)=18
train/42673.jpg,4+7-1=10
train/42674.jpg,7+(0+3)=10
train/42675.jpg,8*1+2=10
train/42676.jpg,8-1*5=3
train/42677.jpg,(4-9)-4=-9
train/42678.jpg,(3-9)+7=1
train/42679.jpg,(6-4)-4=-2
train/42680.jpg,8-1+7=14
train/42681.jpg,(6*4)-9=15
train/42682.jpg,3*7-1=20
train/42683.jpg,5-9-1=-5
train/42684.jpg,(6+7)*2=26
train/42685.jpg,5-(3+9)=-7
train/42686.jpg,(3+4)*8=56
train/42687.jpg,(0+0)+0=0
train/42688.jpg,(7+5)*7=84
train/42689.jpg,(5+7)+3=15
train/42690.jpg,7-4-7=-4
train/42691.jpg,8+(8*7)=64
train/42692.jpg,6-8*7=-50
train/42693.jpg,(9*9)+3=84
train/42694.jpg,(6*3)-8=10
train/42695.jpg,5-6+6=5
train/42696.jpg,5-8-3=-6
train/42697.jpg,4-3+9=10
train/42698.jpg,9-(1+9)=-1
train/42699.jpg,6*(8+2)=60
train/42700.jpg,2*3-2=4
train/42701.jpg,4-7+7=4
train/42702.jpg,(1-1)-9=-9
train/42703.jpg,(5+7)+1=13
train/42704.jpg,7-1+8=14
train/42705.jpg,(4-4)-1=-1
train/42706.jpg,2+(0-3)=-1
train/42707.jpg,(4+8)-1=11
train/42708.jpg,7*(7-7)=0
train/42709.jpg,(5+4)-8=1
train/42710.jpg,3+(1*5)=8
train/42711.jpg,4+8*1=12
train/42712.jpg,(1-8)-0=-7
train/42713.jpg,1+(3-9)=-5
train/42714.jpg,7*(6*0)=0
train/42715.jpg,7*2-7=7
train/42716.jpg,(7*3)-2=19
train/42717.jpg,(2*0)+0=0
train/42718.jpg,8*(4-2)=16
train/42719.jpg,9+(8*0)=9
train/42720.jpg,0-3-8=-11
train/42721.jpg,(1+8)-8=1
train/42722.jpg,7+1*0=7
train/42723.jpg,5*6+9=39
train/42724.jpg,7-0-8=-1
train/42725.jpg,5*(6*0)=0
train/42726.jpg,7+9+3=19
train/42727.jpg,(9+2)+7=18
train/42728.jpg,4*(8+0)=32
train/42729.jpg,(9+2)*6=66
train/42730.jpg,6-(5-9)=10
train/42731.jpg,(7-9)+5=3
train/42732.jpg,(0+4)+1=5
train/42733.jpg,(5*7)+3=38
train/42734.jpg,(8+0)-7=1
train/42735.jpg,2-6+4=0
train/42736.jpg,4-8+0=-4
train/42737.jpg,7+6*0=7
train/42738.jpg,(6-7)+5=4
train/42739.jpg,9-1*8=1
train/42740.jpg,(2-9)*3=-21
train/42741.jpg,(0-9)*3=-27
train/42742.jpg,(5*8)-1=39
train/42743.jpg,(0*5)*5=0
train/42744.jpg,0-(9-3)=-6
train/42745.jpg,3-(1*6)=-3
train/42746.jpg,5-(1-7)=11
train/42747.jpg,2*7+2=16
train/42748.jpg,1*(6*9)=54
train/42749.jpg,7-(9+9)=-11
train/42750.jpg,7*3+1=22
train/42751.jpg,3*(4-3)=3
train/42752.jpg,(1+0)-8=-7
train/42753.jpg,(4*9)-7=29
train/42754.jpg,8-(6*8)=-40
train/42755.jpg,5*5*2=50
train/42756.jpg,3-6-1=-4
train/42757.jpg,3+1-9=-5
train/42758.jpg,3+4+7=14
train/42759.jpg,8-(7+1)=0
train/42760.jpg,(6+6)+0=12
train/42761.jpg,(6+3)-7=2
train/42762.jpg,7*(7-1)=42
train/42763.jpg,(3-5)+0=-2
train/42764.jpg,(7+9)*2=32
train/42765.jpg,2*(8-8)=0
train/42766.jpg,(6-7)*6=-6
train/42767.jpg,(3*5)+0=15
train/42768.jpg,2*(3+6)=18
train/42769.jpg,(7+7)+4=18
train/42770.jpg,0-1+1=0
train/42771.jpg,4-6+6=4
train/42772.jpg,(8+5)-0=13
train/42773.jpg,3-(2-8)=9
train/42774.jpg,7+8+7=22
train/42775.jpg,9+6+4=19
train/42776.jpg,9-1-5=3
train/42777.jpg,(1*1)+9=10
train/42778.jpg,2-3-8=-9
train/42779.jpg,5-2*8=-11
train/42780.jpg,1*2+1=3
train/42781.jpg,2-0*5=2
train/42782.jpg,4+(5+1)=10
train/42783.jpg,1*2+5=7
train/42784.jpg,9+6*2=21
train/42785.jpg,5*(5*6)=150
train/42786.jpg,(2*7)+7=21
train/42787.jpg,(8+1)+4=13
train/42788.jpg,5-(2-2)=5
train/42789.jpg,4-1-5=-2
train/42790.jpg,(3*6)+3=21
train/42791.jpg,5-(3-4)=6
train/42792.jpg,4*(8+0)=32
train/42793.jpg,(5-8)-3=-6
train/42794.jpg,5-6*6=-31
train/42795.jpg,(0-2)*3=-6
train/42796.jpg,8*(7+8)=120
train/42797.jpg,(8+3)*2=22
train/42798.jpg,(1-5)*4=-16
train/42799.jpg,9+(9*7)=72
train/42800.jpg,6-3-9=-6
train/42801.jpg,7*5-0=35
train/42802.jpg,(4+3)*1=7
train/42803.jpg,3+0+5=8
train/42804.jpg,2*9-5=13
train/42805.jpg,(1-7)*3=-18
train/42806.jpg,2-1+6=7
train/42807.jpg,9+(2+3)=14
train/42808.jpg,1+7-9=-1
train/42809.jpg,6*7*4=168
train/42810.jpg,2+(9+0)=11
train/42811.jpg,9-9-2=-2
train/42812.jpg,1*8*7=56
train/42813.jpg,0-(9*7)=-63
train/42814.jpg,(7-8)+6=5
train/42815.jpg,9+(2*1)=11
train/42816.jpg,5*6+2=32
train/42817.jpg,(0+2)+6=8
train/42818.jpg,5*8+8=48
train/42819.jpg,(0*7)+6=6
train/42820.jpg,(1+0)+4=5
train/42821.jpg,(3+2)+8=13
train/42822.jpg,4+8*0=4
train/42823.jpg,2+(6*1)=8
train/42824.jpg,(8+2)*8=80
train/42825.jpg,(1-7)-1=-7
train/42826.jpg,2+(2*1)=4
train/42827.jpg,(6+1)+8=15
train/42828.jpg,9+(1-1)=9
train/42829.jpg,(2-7)*7=-35
train/42830.jpg,(8+8)+3=19
train/42831.jpg,(9-0)-3=6
train/42832.jpg,(4+4)+9=17
train/42833.jpg,9*1-4=5
train/42834.jpg,7-1*6=1
train/42835.jpg,(4-5)+3=2
train/42836.jpg,(4*1)+6=10
train/42837.jpg,3*4-1=11
train/42838.jpg,5+(7+0)=12
train/42839.jpg,(9+3)*0=0
train/42840.jpg,(9-5)*5=20
train/42841.jpg,7+1+8=16
train/42842.jpg,9-(1*8)=1
train/42843.jpg,9+3+0=12
train/42844.jpg,2-6*4=-22
train/42845.jpg,3-0*5=3
train/42846.jpg,7+7-9=5
train/42847.jpg,8*(3+3)=48
train/42848.jpg,6-7-2=-3
train/42849.jpg,8-6+8=10
train/42850.jpg,1-9+6=-2
train/42851.jpg,7+(7-1)=13
train/42852.jpg,2+(9+5)=16
train/42853.jpg,8-(0+4)=4
train/42854.jpg,4*8+4=36
train/42855.jpg,4+(8+9)=21
train/42856.jpg,7+(2*4)=15
train/42857.jpg,(0*1)*2=0
train/42858.jpg,8-5*7=-27
train/42859.jpg,6-(2+7)=-3
train/42860.jpg,1-4-6=-9
train/42861.jpg,5+4*5=25
train/42862.jpg,(9-5)-8=-4
train/42863.jpg,0+(9*3)=27
train/42864.jpg,(1-0)-9=-8
train/42865.jpg,(9*7)*7=441
train/42866.jpg,(8+6)-9=5
train/42867.jpg,7-(3-0)=4
train/42868.jpg,1-(7+6)=-12
train/42869.jpg,7*(6-6)=0
train/42870.jpg,3+(7-7)=3
train/42871.jpg,8+0-1=7
train/42872.jpg,3+2+7=12
train/42873.jpg,1+(8-1)=8
train/42874.jpg,1*8+0=8
train/42875.jpg,(0*9)-7=-7
train/42876.jpg,(6*6)-6=30
train/42877.jpg,5-(1-7)=11
train/42878.jpg,1*(5*4)=20
train/42879.jpg,(4-6)*4=-8
train/42880.jpg,6*(3+9)=72
train/42881.jpg,0-(1-9)=8
train/42882.jpg,1-3*3=-8
train/42883.jpg,6+(7*6)=48
train/42884.jpg,8+0+3=11
train/42885.jpg,0+0*3=0
train/42886.jpg,0*1+4=4
train/42887.jpg,8+1+5=14
train/42888.jpg,7+1-2=6
train/42889.jpg,(3+2)+1=6
train/42890.jpg,4+(4+3)=11
train/42891.jpg,(6+2)+1=9
train/42892.jpg,(4*1)*2=8
train/42893.jpg,1*0+1=1
train/42894.jpg,(8*4)-6=26
train/42895.jpg,0-(0-9)=9
train/42896.jpg,(2+0)+8=10
train/42897.jpg,(4+4)-7=1
train/42898.jpg,4*(0+3)=12
train/42899.jpg,(7+8)-7=8
train/42900.jpg,(1*9)+3=12
train/42901.jpg,0*(7*8)=0
train/42902.jpg,8+8+1=17
train/42903.jpg,9+(4*1)=13
train/42904.jpg,1-5-7=-11
train/42905.jpg,2*(2-2)=0
train/42906.jpg,6+(0-7)=-1
train/42907.jpg,8*7*4=224
train/42908.jpg,8-2+1=7
train/42909.jpg,8+6*1=14
train/42910.jpg,4+(8+4)=16
train/42911.jpg,5+(0-2)=3
train/42912.jpg,7+(7+9)=23
train/42913.jpg,7*0+8=8
train/42914.jpg,(1+7)*5=40
train/42915.jpg,0-9*8=-72
train/42916.jpg,7*(9*2)=126
train/42917.jpg,(6*5)-8=22
train/42918.jpg,1-4*5=-19
train/42919.jpg,9-1-3=5
train/42920.jpg,0-(4*7)=-28
train/42921.jpg,0+9*4=36
train/42922.jpg,3*9*2=54
train/42923.jpg,(9+7)+7=23
train/42924.jpg,7*7*6=294
train/42925.jpg,(4*1)-3=1
train/42926.jpg,(5+6)*8=88
train/42927.jpg,4*7*1=28
train/42928.jpg,(7-6)-6=-5
train/42929.jpg,9-(0+1)=8
train/42930.jpg,9*5-5=40
train/42931.jpg,(9+7)-8=8
train/42932.jpg,(3+2)*3=15
train/42933.jpg,9*(9*9)=729
train/42934.jpg,1-(3*7)=-20
train/42935.jpg,(9*7)*3=189
train/42936.jpg,0*2*4=0
train/42937.jpg,9+(2-6)=5
train/42938.jpg,(2+3)-9=-4
train/42939.jpg,7-(0+0)=7
train/42940.jpg,9+2+9=20
train/42941.jpg,4*(9+8)=68
train/42942.jpg,3*2+8=14
train/42943.jpg,(6*1)+4=10
train/42944.jpg,3*(8-8)=0
train/42945.jpg,5-(2-2)=5
train/42946.jpg,2+4+7=13
train/42947.jpg,8+3*0=8
train/42948.jpg,(6-3)*4=12
train/42949.jpg,7+3*2=13
train/42950.jpg,4-(8+3)=-7
train/42951.jpg,8+1*5=13
train/42952.jpg,4+0*6=4
train/42953.jpg,(8-8)*6=0
train/42954.jpg,4+8+6=18
train/42955.jpg,(0-4)-6=-10
train/42956.jpg,(3*9)-4=23
train/42957.jpg,(0-8)-3=-11
train/42958.jpg,5+(3-7)=1
train/42959.jpg,(7*2)-4=10
train/42960.jpg,1-(2-4)=3
train/42961.jpg,1+9*1=10
train/42962.jpg,0*3*7=0
train/42963.jpg,3-(9+2)=-8
train/42964.jpg,(7+8)+9=24
train/42965.jpg,8+(6*4)=32
train/42966.jpg,5*3+3=18
train/42967.jpg,7-5*4=-13
train/42968.jpg,4+(7*8)=60
train/42969.jpg,0*(4*6)=0
train/42970.jpg,(7*1)+7=14
train/42971.jpg,0+8+4=12
train/42972.jpg,9-0+4=13
train/42973.jpg,9+(0*2)=9
train/42974.jpg,0*(3-5)=0
train/42975.jpg,0*(7+0)=0
train/42976.jpg,8*(5-7)=-16
train/42977.jpg,0+(8+7)=15
train/42978.jpg,2-2-3=-3
train/42979.jpg,6+3-3=6
train/42980.jpg,6-5-1=0
train/42981.jpg,7-(9*1)=-2
train/42982.jpg,(4-1)-4=-1
train/42983.jpg,(0*5)-0=0
train/42984.jpg,0+(0*2)=0
train/42985.jpg,2-(3-1)=0
train/42986.jpg,(4-4)*3=0
train/42987.jpg,7+(8+7)=22
train/42988.jpg,3-(5-3)=1
train/42989.jpg,6+7+8=21
train/42990.jpg,9-(2-1)=8
train/42991.jpg,2*1*2=4
train/42992.jpg,1+6*0=1
train/42993.jpg,2*0-2=-2
train/42994.jpg,1*3+2=5
train/42995.jpg,(9-1)*2=16
train/42996.jpg,6*(3*3)=54
train/42997.jpg,0+(9-9)=0
train/42998.jpg,8*7-3=53
train/42999.jpg,1-3-3=-5
train/43000.jpg,2-1*0=2
train/43001.jpg,6+0-1=5
train/43002.jpg,7+9+1=17
train/43003.jpg,(3+1)*8=32
train/43004.jpg,0*(8-6)=0
train/43005.jpg,4-2-2=0
train/43006.jpg,6*3+7=25
train/43007.jpg,(0*0)+0=0
train/43008.jpg,5-8+4=1
train/43009.jpg,(9+1)*7=70
train/43010.jpg,(7*6)*5=210
train/43011.jpg,4-(0+8)=-4
train/43012.jpg,9-7+8=10
train/43013.jpg,(6-6)*1=0
train/43014.jpg,8+(7+0)=15
train/43015.jpg,8-(3-0)=5
train/43016.jpg,3+2-2=3
train/43017.jpg,6+(7+8)=21
train/43018.jpg,8-3+3=8
train/43019.jpg,4+1+4=9
train/43020.jpg,1-(2+2)=-3
train/43021.jpg,2*(7+4)=22
train/43022.jpg,6+(9-0)=15
train/43023.jpg,7-(8*3)=-17
train/43024.jpg,1+(5+2)=8
train/43025.jpg,2-(5-6)=3
train/43026.jpg,(2+6)-8=0
train/43027.jpg,5*0+2=2
train/43028.jpg,(6-5)+3=4
train/43029.jpg,(1+4)+6=11
train/43030.jpg,(4-3)*7=7
train/43031.jpg,3+(8-0)=11
train/43032.jpg,6-7*0=6
train/43033.jpg,(6*5)*5=150
train/43034.jpg,4-7*0=4
train/43035.jpg,2*(1-7)=-12
train/43036.jpg,5-(9*4)=-31
train/43037.jpg,1-8-6=-13
train/43038.jpg,2-(1+3)=-2
train/43039.jpg,(2-6)*3=-12
train/43040.jpg,5-(3*7)=-16
train/43041.jpg,4+(9*1)=13
train/43042.jpg,9+(6-9)=6
train/43043.jpg,4-(9*8)=-68
train/43044.jpg,(6*2)*0=0
train/43045.jpg,6+(8-1)=13
train/43046.jpg,(0*1)+0=0
train/43047.jpg,(6-6)+8=8
train/43048.jpg,(8-6)+3=5
train/43049.jpg,8*3+6=30
train/43050.jpg,(1*5)*7=35
train/43051.jpg,1-(1*8)=-7
train/43052.jpg,8+6+1=15
train/43053.jpg,(1*2)*8=16
train/43054.jpg,9-(8*5)=-31
train/43055.jpg,8*(4+6)=80
train/43056.jpg,0*(5*2)=0
train/43057.jpg,(8-2)*9=54
train/43058.jpg,3+7*5=38
train/43059.jpg,2+6+6=14
train/43060.jpg,0*(4+9)=0
train/43061.jpg,(3*4)*8=96
train/43062.jpg,6*2-2=10
train/43063.jpg,(9*9)-7=74
train/43064.jpg,8+(7*5)=43
train/43065.jpg,5+5+5=15
train/43066.jpg,6*(0+4)=24
train/43067.jpg,8+(6*1)=14
train/43068.jpg,1+(1-9)=-7
train/43069.jpg,(8+1)+5=14
train/43070.jpg,0+4+4=8
train/43071.jpg,4+9-5=8
train/43072.jpg,7*(6-1)=35
train/43073.jpg,1-5-3=-7
train/43074.jpg,(4*4)-1=15
train/43075.jpg,(3*9)-1=26
train/43076.jpg,7*1+1=8
train/43077.jpg,3+3*0=3
train/43078.jpg,(5+5)-9=1
train/43079.jpg,(0*0)*0=0
train/43080.jpg,8*(8-0)=64
train/43081.jpg,7*9-0=63
train/43082.jpg,0+(1-1)=0
train/43083.jpg,(9+1)-9=1
train/43084.jpg,(5*3)+4=19
train/43085.jpg,3-(0+8)=-5
train/43086.jpg,5*9*8=360
train/43087.jpg,5+1*8=13
train/43088.jpg,3+(0*3)=3
train/43089.jpg,(2+4)+3=9
train/43090.jpg,4+1+1=6
train/43091.jpg,6*(3-5)=-12
train/43092.jpg,5+(1*2)=7
train/43093.jpg,9*(8+7)=135
train/43094.jpg,1-(7-6)=0
train/43095.jpg,8*(1-1)=0
train/43096.jpg,(0-7)+8=1
train/43097.jpg,(7+2)*2=18
train/43098.jpg,(9-0)+2=11
train/43099.jpg,(3-4)-0=-1
train/43100.jpg,7*1-4=3
train/43101.jpg,5*4+5=25
train/43102.jpg,(3+1)+7=11
train/43103.jpg,0-(7+8)=-15
train/43104.jpg,3-(5-2)=0
train/43105.jpg,(7*5)*5=175
train/43106.jpg,(2+7)*8=72
train/43107.jpg,1-0*5=1
train/43108.jpg,(7*9)-4=59
train/43109.jpg,(6-1)*3=15
train/43110.jpg,5+(8+3)=16
train/43111.jpg,3-9*7=-60
train/43112.jpg,1*(7-6)=1
train/43113.jpg,8-8*2=-8
train/43114.jpg,(6-8)*9=-18
train/43115.jpg,(0+9)-4=5
train/43116.jpg,3*0*1=0
train/43117.jpg,3-6+8=5
train/43118.jpg,0-(5*6)=-30
train/43119.jpg,(2-9)+5=-2
train/43120.jpg,1+(1+8)=10
train/43121.jpg,1-(5+6)=-10
train/43122.jpg,8-8-2=-2
train/43123.jpg,(1*5)+1=6
train/43124.jpg,7+8-1=14
train/43125.jpg,0+(4*7)=28
train/43126.jpg,8+6*4=32
train/43127.jpg,7-(8-6)=5
train/43128.jpg,7+(2*6)=19
train/43129.jpg,(1+8)*5=45
train/43130.jpg,0-(6+2)=-8
train/43131.jpg,9*(6+7)=117
train/43132.jpg,0-(8+8)=-16
train/43133.jpg,(0+9)-5=4
train/43134.jpg,9*(0+0)=0
train/43135.jpg,(8*7)-4=52
train/43136.jpg,(8+1)*8=72
train/43137.jpg,4*3*9=108
train/43138.jpg,1+6*2=13
train/43139.jpg,(3+0)*9=27
train/43140.jpg,(8*9)+8=80
train/43141.jpg,3-(9+7)=-13
train/43142.jpg,4-(0*6)=4
train/43143.jpg,0-7+6=-1
train/43144.jpg,3-0*0=3
train/43145.jpg,(3-8)+1=-4
train/43146.jpg,9+(6-3)=12
train/43147.jpg,5-(0-3)=8
train/43148.jpg,0*1*7=0
train/43149.jpg,2-(4+6)=-8
train/43150.jpg,5*4-7=13
train/43151.jpg,(8-2)*5=30
train/43152.jpg,7*1-4=3
train/43153.jpg,1+1-5=-3
train/43154.jpg,0*(6*6)=0
train/43155.jpg,6*3-3=15
train/43156.jpg,1*6+2=8
train/43157.jpg,3-8-3=-8
train/43158.jpg,(7*7)-9=40
train/43159.jpg,(5*9)*3=135
train/43160.jpg,(7*0)-0=0
train/43161.jpg,3*4*5=60
train/43162.jpg,(8-5)*6=18
train/43163.jpg,3*1-0=3
train/43164.jpg,3*(6-5)=3
train/43165.jpg,(4-8)+2=-2
train/43166.jpg,2*(4+8)=24
train/43167.jpg,(7*8)*3=168
train/43168.jpg,(2-6)+2=-2
train/43169.jpg,(8-0)*7=56
train/43170.jpg,(1*2)*7=14
train/43171.jpg,0-3+7=4
train/43172.jpg,1*7-8=-1
train/43173.jpg,(3-3)*8=0
train/43174.jpg,6+0*7=6
train/43175.jpg,(6*3)*3=54
train/43176.jpg,(3-1)*7=14
train/43177.jpg,3-(1*8)=-5
train/43178.jpg,2-(2*1)=0
train/43179.jpg,(7*4)+9=37
train/43180.jpg,6*8*1=48
train/43181.jpg,7-(4-9)=12
train/43182.jpg,5+3-4=4
train/43183.jpg,5+(1+5)=11
train/43184.jpg,(6+7)-0=13
train/43185.jpg,3-(7+1)=-5
train/43186.jpg,(0-9)+8=-1
train/43187.jpg,(1-1)+4=4
train/43188.jpg,7+(9+8)=24
train/43189.jpg,4*5*0=0
train/43190.jpg,(3-8)*2=-10
train/43191.jpg,1*5*7=35
train/43192.jpg,6+(4+0)=10
train/43193.jpg,8+(0+1)=9
train/43194.jpg,6*(8-5)=18
train/43195.jpg,(2*5)*7=70
train/43196.jpg,(5*8)*3=120
train/43197.jpg,4-(4+0)=0
train/43198.jpg,2-1-7=-6
train/43199.jpg,5-(6-2)=1
train/43200.jpg,2+0*1=2
train/43201.jpg,4-(7+4)=-7
train/43202.jpg,8+(0*3)=8
train/43203.jpg,4-4+7=7
train/43204.jpg,2-9+9=2
train/43205.jpg,1*(4*4)=16
train/43206.jpg,6-1+7=12
train/43207.jpg,6*(6*2)=72
train/43208.jpg,(3*0)-1=-1
train/43209.jpg,1*2*5=10
train/43210.jpg,0+4-9=-5
train/43211.jpg,3-(8-0)=-5
train/43212.jpg,9+4+6=19
train/43213.jpg,1+0-8=-7
train/43214.jpg,5-(6+3)=-4
train/43215.jpg,8-(2-4)=10
train/43216.jpg,9+8-7=10
train/43217.jpg,6+3-5=4
train/43218.jpg,8-5*9=-37
train/43219.jpg,4+4*5=24
train/43220.jpg,(0-4)-7=-11
train/43221.jpg,(1*2)-8=-6
train/43222.jpg,6*2+1=13
train/43223.jpg,(1-6)-9=-14
train/43224.jpg,3-4*4=-13
train/43225.jpg,5*(1*5)=25
train/43226.jpg,8-(5*8)=-32
train/43227.jpg,5-(7+9)=-11
train/43228.jpg,(3*8)+4=28
train/43229.jpg,0+6+8=14
train/43230.jpg,3+(5+0)=8
train/43231.jpg,3*(4*6)=72
train/43232.jpg,3+1+7=11
train/43233.jpg,4*3*6=72
train/43234.jpg,2+(2*7)=16
train/43235.jpg,(0+9)+6=15
train/43236.jpg,2*(0+8)=16
train/43237.jpg,8-(7-5)=6
train/43238.jpg,8*(5-9)=-32
train/43239.jpg,(4*7)-5=23
train/43240.jpg,(2+6)-2=6
train/43241.jpg,1-2+4=3
train/43242.jpg,0-(8*0)=0
train/43243.jpg,4*1*1=4
train/43244.jpg,8-9+6=5
train/43245.jpg,1-7+8=2
train/43246.jpg,7+(8-1)=14
train/43247.jpg,3-(4*3)=-9
train/43248.jpg,2+(4+2)=8
train/43249.jpg,(6-6)-0=0
train/43250.jpg,(0*7)+3=3
train/43251.jpg,1+7+9=17
train/43252.jpg,1*6+9=15
train/43253.jpg,8*1-9=-1
train/43254.jpg,1+(9*9)=82
train/43255.jpg,4*(8*1)=32
train/43256.jpg,8*2+0=16
train/43257.jpg,1*(6-7)=-1
train/43258.jpg,0+(5+6)=11
train/43259.jpg,(7-1)+9=15
train/43260.jpg,0*0-3=-3
train/43261.jpg,0+6+6=12
train/43262.jpg,0+(6+2)=8
train/43263.jpg,(5+1)-1=5
train/43264.jpg,1*(8-6)=2
train/43265.jpg,(4*9)*3=108
train/43266.jpg,(6+5)+6=17
train/43267.jpg,(0+8)*8=64
train/43268.jpg,9*6*3=162
train/43269.jpg,7+0-8=-1
train/43270.jpg,(9*1)+3=12
train/43271.jpg,8-(0+8)=0
train/43272.jpg,8*(0*3)=0
train/43273.jpg,3*0+2=2
train/43274.jpg,6*(3+6)=54
train/43275.jpg,8-(3-2)=7
train/43276.jpg,1+(7*2)=15
train/43277.jpg,8*1+0=8
train/43278.jpg,4+(6+8)=18
train/43279.jpg,0+1-9=-8
train/43280.jpg,(4+5)-4=5
train/43281.jpg,6-(4+7)=-5
train/43282.jpg,8*6*1=48
train/43283.jpg,3-9-1=-7
train/43284.jpg,7+(0+9)=16
train/43285.jpg,(2+9)-8=3
train/43286.jpg,(3+6)-1=8
train/43287.jpg,2+3+2=7
train/43288.jpg,(9-5)*0=0
train/43289.jpg,9-(7-5)=7
train/43290.jpg,2-7+3=-2
train/43291.jpg,6-(5*2)=-4
train/43292.jpg,(6-2)-1=3
train/43293.jpg,4-0+9=13
train/43294.jpg,(7-0)+5=12
train/43295.jpg,9-(9*2)=-9
train/43296.jpg,(5+0)*3=15
train/43297.jpg,3+5+4=12
train/43298.jpg,(9*3)-2=25
train/43299.jpg,6*4-7=17
train/43300.jpg,7*(4+2)=42
train/43301.jpg,(1+3)+1=5
train/43302.jpg,4+7+7=18
train/43303.jpg,8+7-4=11
train/43304.jpg,(7+2)-7=2
train/43305.jpg,4*1-4=0
train/43306.jpg,(1-9)+7=-1
train/43307.jpg,6*9+0=54
train/43308.jpg,(9-5)+1=5
train/43309.jpg,0*8+5=5
train/43310.jpg,(4*1)*3=12
train/43311.jpg,9-0-8=1
train/43312.jpg,6-(0+1)=5
train/43313.jpg,(1+5)*0=0
train/43314.jpg,8*4+8=40
train/43315.jpg,9*(6*2)=108
train/43316.jpg,0*(2+1)=0
train/43317.jpg,3*5*5=75
train/43318.jpg,8+5+4=17
train/43319.jpg,(5+7)*5=60
train/43320.jpg,4*(8-6)=8
train/43321.jpg,9-(3*4)=-3
train/43322.jpg,7*(3*3)=63
train/43323.jpg,6*6+4=40
train/43324.jpg,2+1+2=5
train/43325.jpg,2-0-4=-2
train/43326.jpg,(8+2)*1=10
train/43327.jpg,(1*4)+0=4
train/43328.jpg,0-(5-6)=1
train/43329.jpg,(7*4)+7=35
train/43330.jpg,1*(1*9)=9
train/43331.jpg,(5+0)-8=-3
train/43332.jpg,5-6+0=-1
train/43333.jpg,0-2-7=-9
train/43334.jpg,9*2-0=18
train/43335.jpg,5*3*5=75
train/43336.jpg,3-9*7=-60
train/43337.jpg,4-(9-5)=0
train/43338.jpg,(9-9)+4=4
train/43339.jpg,(9+3)-0=12
train/43340.jpg,(0*9)*6=0
train/43341.jpg,2*(5+0)=10
train/43342.jpg,0-(5+6)=-11
train/43343.jpg,1*(4*2)=8
train/43344.jpg,8-(6-4)=6
train/43345.jpg,0*3-0=0
train/43346.jpg,8-(3+9)=-4
train/43347.jpg,4-9*6=-50
train/43348.jpg,4*2*7=56
train/43349.jpg,7+8+0=15
train/43350.jpg,4+5+5=14
train/43351.jpg,4+(6*8)=52
train/43352.jpg,1*8*9=72
train/43353.jpg,5-(5+5)=-5
train/43354.jpg,5-(7+0)=-2
train/43355.jpg,9+1*6=15
train/43356.jpg,9-(3-0)=6
train/43357.jpg,0*(7*1)=0
train/43358.jpg,6*(3+2)=30
train/43359.jpg,(2*9)*6=108
train/43360.jpg,8-1-5=2
train/43361.jpg,3*(7*1)=21
train/43362.jpg,(7*7)*9=441
train/43363.jpg,0+1-0=1
train/43364.jpg,2+(3-2)=3
train/43365.jpg,9*1+9=18
train/43366.jpg,(5-4)-4=-3
train/43367.jpg,7-(3+3)=1
train/43368.jpg,4*4*5=80
train/43369.jpg,(9-2)+4=11
train/43370.jpg,2*1*3=6
train/43371.jpg,8-4-7=-3
train/43372.jpg,(5*4)+8=28
train/43373.jpg,1-7-4=-10
train/43374.jpg,7*3+0=21
train/43375.jpg,(1-4)+1=-2
train/43376.jpg,(6*7)*2=84
train/43377.jpg,(3-0)*1=3
train/43378.jpg,1+(0*6)=1
train/43379.jpg,(1*0)*2=0
train/43380.jpg,8-5-2=1
train/43381.jpg,(4+1)-1=4
train/43382.jpg,4+2-2=4
train/43383.jpg,2+5-0=7
train/43384.jpg,2-7*1=-5
train/43385.jpg,2+0-7=-5
train/43386.jpg,6*(8-0)=48
train/43387.jpg,(3*2)*6=36
train/43388.jpg,(8+9)-1=16
train/43389.jpg,(1-5)*2=-8
train/43390.jpg,7-8*6=-41
train/43391.jpg,4+(9*4)=40
train/43392.jpg,5+(7-7)=5
train/43393.jpg,(4+8)+1=13
train/43394.jpg,5-(9*1)=-4
train/43395.jpg,6+(5-5)=6
train/43396.jpg,(5*6)+3=33
train/43397.jpg,0*2+3=3
train/43398.jpg,1-(5-4)=0
train/43399.jpg,4-1+9=12
train/43400.jpg,6*3+4=22
train/43401.jpg,(9+6)*2=30
train/43402.jpg,3*(5*3)=45
train/43403.jpg,1+0-2=-1
train/43404.jpg,(0-6)*9=-54
train/43405.jpg,(0-4)-8=-12
train/43406.jpg,8-(4+0)=4
train/43407.jpg,3+9+0=12
train/43408.jpg,9*(9*9)=729
train/43409.jpg,1-(1+4)=-4
train/43410.jpg,8+(9*6)=62
train/43411.jpg,9-4-8=-3
train/43412.jpg,0+5*4=20
train/43413.jpg,6*(2*3)=36
train/43414.jpg,9+(0*5)=9
train/43415.jpg,(1+2)*4=12
train/43416.jpg,7-(6*6)=-29
train/43417.jpg,(2-4)+8=6
train/43418.jpg,(3-5)-8=-10
train/43419.jpg,(5*5)*0=0
train/43420.jpg,8*7+6=62
train/43421.jpg,1+0+1=2
train/43422.jpg,3-7-9=-13
train/43423.jpg,2-(2*3)=-4
train/43424.jpg,0+6*0=0
train/43425.jpg,8+(5*9)=53
train/43426.jpg,(4-8)-8=-12
train/43427.jpg,(5*5)+8=33
train/43428.jpg,2-4-8=-10
train/43429.jpg,4*9*6=216
train/43430.jpg,3*(8+4)=36
train/43431.jpg,(4+8)*2=24
train/43432.jpg,1+2*1=3
train/43433.jpg,(2*6)+0=12
train/43434.jpg,(3+3)+0=6
train/43435.jpg,1*(4*5)=20
train/43436.jpg,2*7+1=15
train/43437.jpg,5-8*7=-51
train/43438.jpg,(6+5)-6=5
train/43439.jpg,0+1+2=3
train/43440.jpg,(7-2)*5=25
train/43441.jpg,(0*0)*2=0
train/43442.jpg,(7*4)*9=252
train/43443.jpg,8-2+3=9
train/43444.jpg,(0*7)*3=0
train/43445.jpg,4-(9+0)=-5
train/43446.jpg,(6-1)-0=5
train/43447.jpg,9*3-5=22
train/43448.jpg,(2+3)+4=9
train/43449.jpg,9+(0-9)=0
train/43450.jpg,(2-7)-6=-11
train/43451.jpg,4+(0+0)=4
train/43452.jpg,(9+0)+4=13
train/43453.jpg,8-2-2=4
train/43454.jpg,2+(2*4)=10
train/43455.jpg,7*(7*4)=196
train/43456.jpg,8-1-4=3
train/43457.jpg,(4*3)*8=96
train/43458.jpg,0-(4+9)=-13
train/43459.jpg,9*0*7=0
train/43460.jpg,2+(0+4)=6
train/43461.jpg,(6+4)-1=9
train/43462.jpg,7*(1+3)=28
train/43463.jpg,(8*4)*4=128
train/43464.jpg,(2+9)*6=66
train/43465.jpg,2*4*7=56
train/43466.jpg,(6-7)-3=-4
train/43467.jpg,1+4*7=29
train/43468.jpg,3-(4+1)=-2
train/43469.jpg,0-(6+5)=-11
train/43470.jpg,2*5+4=14
train/43471.jpg,5+7+7=19
train/43472.jpg,(2-3)*8=-8
train/43473.jpg,7-0*9=7
train/43474.jpg,0-6-5=-11
train/43475.jpg,(6-5)*6=6
train/43476.jpg,0*(2+5)=0
train/43477.jpg,(0+7)*7=49
train/43478.jpg,1*0*6=0
train/43479.jpg,8-(5*3)=-7
train/43480.jpg,(3-4)*8=-8
train/43481.jpg,6*2*7=84
train/43482.jpg,9+(3+2)=14
train/43483.jpg,0*3*4=0
train/43484.jpg,9*6*0=0
train/43485.jpg,(1-2)-4=-5
train/43486.jpg,1-8-2=-9
train/43487.jpg,4+(0-0)=4
train/43488.jpg,3-(9-7)=1
train/43489.jpg,(7+3)+5=15
train/43490.jpg,3+1+5=9
train/43491.jpg,7+8*1=15
train/43492.jpg,9-(2*7)=-5
train/43493.jpg,4*(9-4)=20
train/43494.jpg,6-5*2=-4
train/43495.jpg,0-0*8=0
train/43496.jpg,3+(1-7)=-3
train/43497.jpg,(8*7)+4=60
train/43498.jpg,(3+1)-5=-1
train/43499.jpg,(4*1)+5=9
train/43500.jpg,(6*2)*0=0
train/43501.jpg,5+5*8=45
train/43502.jpg,(4-3)+5=6
train/43503.jpg,6-2-9=-5
train/43504.jpg,(6+5)+3=14
train/43505.jpg,(3-7)*6=-24
train/43506.jpg,5-(9*6)=-49
train/43507.jpg,(4-2)*8=16
train/43508.jpg,1-(3+9)=-11
train/43509.jpg,2+(4*4)=18
train/43510.jpg,2-(0-8)=10
train/43511.jpg,0*(4+5)=0
train/43512.jpg,8*1-3=5
train/43513.jpg,8+(5*4)=28
train/43514.jpg,(6+1)-3=4
train/43515.jpg,(2*1)*3=6
train/43516.jpg,4-(0-9)=13
train/43517.jpg,(0*2)-2=-2
train/43518.jpg,(0*1)-1=-1
train/43519.jpg,6-3-5=-2
train/43520.jpg,(1+0)*9=9
train/43521.jpg,4-4+6=6
train/43522.jpg,0+(1-3)=-2
train/43523.jpg,5*(0*3)=0
train/43524.jpg,7*0*8=0
train/43525.jpg,(5+2)-2=5
train/43526.jpg,6-(7+6)=-7
train/43527.jpg,3*9+7=34
train/43528.jpg,(2*8)+6=22
train/43529.jpg,4-8*0=4
train/43530.jpg,5*(6*4)=120
train/43531.jpg,(9*1)+4=13
train/43532.jpg,5-(3-1)=3
train/43533.jpg,1*8-2=6
train/43534.jpg,5-(7*2)=-9
train/43535.jpg,(8*2)+5=21
train/43536.jpg,1+4+3=8
train/43537.jpg,(9-6)+1=4
train/43538.jpg,6-(2-9)=13
train/43539.jpg,7*(5+2)=49
train/43540.jpg,5*6+0=30
train/43541.jpg,7+(1*2)=9
train/43542.jpg,4-(3*6)=-14
train/43543.jpg,(7+8)+7=22
train/43544.jpg,3-(3-0)=0
train/43545.jpg,(7+4)-3=8
train/43546.jpg,4+1-1=4
train/43547.jpg,(2-1)-9=-8
train/43548.jpg,2-(8*6)=-46
train/43549.jpg,6-(0+9)=-3
train/43550.jpg,1+(1-3)=-1
train/43551.jpg,4+(5*0)=4
train/43552.jpg,2*(6*0)=0
train/43553.jpg,3*(4-7)=-9
train/43554.jpg,0-3+2=-1
train/43555.jpg,(4*4)-9=7
train/43556.jpg,1*5-1=4
train/43557.jpg,1+7+1=9
train/43558.jpg,6+3*5=21
train/43559.jpg,0*(6-6)=0
train/43560.jpg,1+2*2=5
train/43561.jpg,(2-3)+2=1
train/43562.jpg,(2+9)*3=33
train/43563.jpg,7*(7+0)=49
train/43564.jpg,9+(5*1)=14
train/43565.jpg,1*(3+0)=3
train/43566.jpg,(0-4)-2=-6
train/43567.jpg,7-9*8=-65
train/43568.jpg,(9-7)+9=11
train/43569.jpg,(7-4)-8=-5
train/43570.jpg,6-(9-0)=-3
train/43571.jpg,(5-1)*0=0
train/43572.jpg,(8*9)-4=68
train/43573.jpg,5*(0+5)=25
train/43574.jpg,(6-3)*0=0
train/43575.jpg,2-(3*6)=-16
train/43576.jpg,0*(3-3)=0
train/43577.jpg,(0-7)*7=-49
train/43578.jpg,5+(4+5)=14
train/43579.jpg,7*(5-1)=28
train/43580.jpg,(5*2)*1=10
train/43581.jpg,9+4+9=22
train/43582.jpg,1-9-2=-10
train/43583.jpg,6-4*2=-2
train/43584.jpg,(5*5)-5=20
train/43585.jpg,(5+3)*2=16
train/43586.jpg,0-8-8=-16
train/43587.jpg,(3*6)-6=12
train/43588.jpg,8+6+1=15
train/43589.jpg,7+(2+5)=14
train/43590.jpg,9*(5-5)=0
train/43591.jpg,6*(2*3)=36
train/43592.jpg,6+4*6=30
train/43593.jpg,1+2+8=11
train/43594.jpg,6+(7*5)=41
train/43595.jpg,4-(6+2)=-4
train/43596.jpg,(0*8)+5=5
train/43597.jpg,5-8-3=-6
train/43598.jpg,(4+6)+0=10
train/43599.jpg,5-8+3=0
train/43600.jpg,1+(3-3)=1
train/43601.jpg,6*(9-0)=54
train/43602.jpg,2+(5-0)=7
train/43603.jpg,4-(6*3)=-14
train/43604.jpg,2-(6-8)=4
train/43605.jpg,7+(1*1)=8
train/43606.jpg,5*2-7=3
train/43607.jpg,2*7-1=13
train/43608.jpg,9+9*8=81
train/43609.jpg,(2+9)*5=55
train/43610.jpg,(3-7)+1=-3
train/43611.jpg,9-6-1=2
train/43612.jpg,4-1*0=4
train/43613.jpg,(5+8)-2=11
train/43614.jpg,7+(5+1)=13
train/43615.jpg,8-2-9=-3
train/43616.jpg,(9*1)+8=17
train/43617.jpg,6+(6*2)=18
train/43618.jpg,2+(6+9)=17
train/43619.jpg,(7*3)*1=21
train/43620.jpg,2-(5-3)=0
train/43621.jpg,6*7+1=43
train/43622.jpg,9*(0*3)=0
train/43623.jpg,2*(6-2)=8
train/43624.jpg,5*4*0=0
train/43625.jpg,5*(7+7)=70
train/43626.jpg,1-6+0=-5
train/43627.jpg,7*3+2=23
train/43628.jpg,(6*8)*5=240
train/43629.jpg,0*(2+3)=0
train/43630.jpg,6+(4+2)=12
train/43631.jpg,1*(4-2)=2
train/43632.jpg,6*9+7=61
train/43633.jpg,6+(6-3)=9
train/43634.jpg,8-1*9=-1
train/43635.jpg,0*(8+2)=0
train/43636.jpg,8+(2-1)=9
train/43637.jpg,1+(5-8)=-2
train/43638.jpg,8*7*5=280
train/43639.jpg,9-3-6=0
train/43640.jpg,0+(0+0)=0
train/43641.jpg,1+4-5=0
train/43642.jpg,(1+6)-6=1
train/43643.jpg,6*(8+6)=84
train/43644.jpg,(6+6)-8=4
train/43645.jpg,6+(6-9)=3
train/43646.jpg,9-(6-0)=3
train/43647.jpg,7-9-0=-2
train/43648.jpg,(5*3)*3=45
train/43649.jpg,9+3*1=12
train/43650.jpg,7-(9*2)=-11
train/43651.jpg,8-3*4=-4
train/43652.jpg,3+5-4=4
train/43653.jpg,7+3+9=19
train/43654.jpg,0*8+2=2
train/43655.jpg,(0-6)+3=-3
train/43656.jpg,4-(6*0)=4
train/43657.jpg,3+(6*9)=57
train/43658.jpg,2+2*8=18
train/43659.jpg,7-(5-7)=9
train/43660.jpg,0-7*9=-63
train/43661.jpg,9+(0-9)=0
train/43662.jpg,(3+4)+3=10
train/43663.jpg,(9*6)*7=378
train/43664.jpg,5+3-5=3
train/43665.jpg,(7+9)*4=64
train/43666.jpg,0+(5*8)=40
train/43667.jpg,8+5+9=22
train/43668.jpg,8+2+6=16
train/43669.jpg,(3+2)+5=10
train/43670.jpg,2-5+0=-3
train/43671.jpg,5*(1*0)=0
train/43672.jpg,3-1-0=2
train/43673.jpg,1-(8*3)=-23
train/43674.jpg,(0+2)+0=2
train/43675.jpg,6+(6*0)=6
train/43676.jpg,4+(1-7)=-2
train/43677.jpg,(6*8)+3=51
train/43678.jpg,(8*6)-1=47
train/43679.jpg,3*9*4=108
train/43680.jpg,1+(9-5)=5
train/43681.jpg,(0-4)+0=-4
train/43682.jpg,6*7-0=42
train/43683.jpg,(8+5)+4=17
train/43684.jpg,8*3-8=16
train/43685.jpg,0*(4-4)=0
train/43686.jpg,8+(1-8)=1
train/43687.jpg,(3+0)+4=7
train/43688.jpg,2*(2+0)=4
train/43689.jpg,(4-0)-2=2
train/43690.jpg,6+4*9=42
train/43691.jpg,(3-1)*2=4
train/43692.jpg,(4*5)+4=24
train/43693.jpg,1+(2-3)=0
train/43694.jpg,4-(3*4)=-8
train/43695.jpg,(1+9)*4=40
train/43696.jpg,7+(7+3)=17
train/43697.jpg,(6+1)-4=3
train/43698.jpg,2*(0*8)=0
train/43699.jpg,7*(8+7)=105
train/43700.jpg,(4-2)+3=5
train/43701.jpg,(4-7)+5=2
train/43702.jpg,2-7*1=-5
train/43703.jpg,(9+4)+0=13
train/43704.jpg,7-(8+4)=-5
train/43705.jpg,0+4*0=0
train/43706.jpg,6*5-5=25
train/43707.jpg,(8*6)-7=41
train/43708.jpg,3+9+9=21
train/43709.jpg,0+9+4=13
train/43710.jpg,(4-4)*0=0
train/43711.jpg,(8+8)+0=16
train/43712.jpg,(2+9)-8=3
train/43713.jpg,(2+9)+2=13
train/43714.jpg,4-0+0=4
train/43715.jpg,7*(8-5)=21
train/43716.jpg,5-1-9=-5
train/43717.jpg,(9-1)+8=16
train/43718.jpg,8+6*3=26
train/43719.jpg,3-(7*3)=-18
train/43720.jpg,7+(2-7)=2
train/43721.jpg,(9*6)+8=62
train/43722.jpg,6-9*0=6
train/43723.jpg,5*3-1=14
train/43724.jpg,2*6-3=9
train/43725.jpg,7*6+7=49
train/43726.jpg,5+(9*9)=86
train/43727.jpg,(3-5)*6=-12
train/43728.jpg,(4*1)+6=10
train/43729.jpg,(4*0)+2=2
train/43730.jpg,(0+0)-3=-3
train/43731.jpg,(4+0)*7=28
train/43732.jpg,(6*1)+9=15
train/43733.jpg,(1+7)+6=14
train/43734.jpg,(5*2)-5=5
train/43735.jpg,(0+6)*3=18
train/43736.jpg,9+(4-2)=11
train/43737.jpg,6+3*8=30
train/43738.jpg,(9+2)-0=11
train/43739.jpg,(5*5)-5=20
train/43740.jpg,(7-6)*9=9
train/43741.jpg,(8+4)*4=48
train/43742.jpg,(5+0)+0=5
train/43743.jpg,7-7+0=0
train/43744.jpg,5+(4-5)=4
train/43745.jpg,8-8-9=-9
train/43746.jpg,(5+9)+7=21
train/43747.jpg,(7+1)*0=0
train/43748.jpg,3-5*5=-22
train/43749.jpg,3*(7*9)=189
train/43750.jpg,(4+5)*1=9
train/43751.jpg,(0*0)-8=-8
train/43752.jpg,(5+0)+9=14
train/43753.jpg,0-(3+5)=-8
train/43754.jpg,4*(0+9)=36
train/43755.jpg,6-1-6=-1
train/43756.jpg,(2*0)-5=-5
train/43757.jpg,0-(6+1)=-7
train/43758.jpg,4+5+3=12
train/43759.jpg,1+2*5=11
train/43760.jpg,0-(5*1)=-5
train/43761.jpg,(5*7)*7=245
train/43762.jpg,7*9*4=252
train/43763.jpg,(2*9)+9=27
train/43764.jpg,(3+9)-5=7
train/43765.jpg,5+(5-6)=4
train/43766.jpg,5-(5-4)=4
train/43767.jpg,1+0-3=-2
train/43768.jpg,4-(1+7)=-4
train/43769.jpg,4-5-7=-8
train/43770.jpg,(1-7)*7=-42
train/43771.jpg,7+7+8=22
train/43772.jpg,(8+0)*7=56
train/43773.jpg,1-5+2=-2
train/43774.jpg,(3-6)+3=0
train/43775.jpg,2-7+5=0
train/43776.jpg,(0+2)+3=5
train/43777.jpg,1*4*5=20
train/43778.jpg,6-7+4=3
train/43779.jpg,7*4+8=36
train/43780.jpg,(4+1)*0=0
train/43781.jpg,1+(6+6)=13
train/43782.jpg,0*(4+2)=0
train/43783.jpg,(7-3)*2=8
train/43784.jpg,(7-1)-3=3
train/43785.jpg,1-(6+6)=-11
train/43786.jpg,2-(2*3)=-4
train/43787.jpg,(3*9)+8=35
train/43788.jpg,(4*7)+9=37
train/43789.jpg,(2-9)*8=-56
train/43790.jpg,9+4-7=6
train/43791.jpg,1*(1*2)=2
train/43792.jpg,(3*4)-5=7
train/43793.jpg,0*(9-3)=0
train/43794.jpg,(4+2)*3=18
train/43795.jpg,2-9-1=-8
train/43796.jpg,3-3*7=-18
train/43797.jpg,2*9-9=9
train/43798.jpg,0+4-8=-4
train/43799.jpg,3*8+8=32
train/43800.jpg,(7*8)*6=336
train/43801.jpg,(4-0)-2=2
train/43802.jpg,6*4*1=24
train/43803.jpg,(2+7)+4=13
train/43804.jpg,6+1+9=16
train/43805.jpg,(4+6)-3=7
train/43806.jpg,0-(6-0)=-6
train/43807.jpg,(2*8)+1=17
train/43808.jpg,(0+7)-5=2
train/43809.jpg,(5+3)*2=16
train/43810.jpg,4*(0+3)=12
train/43811.jpg,6*(6-1)=30
train/43812.jpg,4*(9*4)=144
train/43813.jpg,3-(5-0)=-2
train/43814.jpg,(8-9)-1=-2
train/43815.jpg,1+7-2=6
train/43816.jpg,(5*1)+1=6
train/43817.jpg,1*(1*0)=0
train/43818.jpg,3+5+3=11
train/43819.jpg,(8+8)-5=11
train/43820.jpg,3-(3*4)=-9
train/43821.jpg,7+(1-0)=8
train/43822.jpg,7-3-0=4
train/43823.jpg,9-2+0=7
train/43824.jpg,9-2+8=15
train/43825.jpg,3+5+6=14
train/43826.jpg,5-(5+0)=0
train/43827.jpg,1+6-8=-1
train/43828.jpg,(3*6)+3=21
train/43829.jpg,5-1-0=4
train/43830.jpg,5*(3-6)=-15
train/43831.jpg,5-0-3=2
train/43832.jpg,(8+7)*1=15
train/43833.jpg,6+9*6=60
train/43834.jpg,8+(9-5)=12
train/43835.jpg,9*(0+2)=18
train/43836.jpg,(3*9)*1=27
train/43837.jpg,2*(7+0)=14
train/43838.jpg,(7-7)+4=4
train/43839.jpg,5-5-4=-4
train/43840.jpg,0+4-7=-3
train/43841.jpg,(1+1)-0=2
train/43842.jpg,6*(5+6)=66
train/43843.jpg,(9*4)*0=0
train/43844.jpg,0+(5-6)=-1
train/43845.jpg,0*5-3=-3
train/43846.jpg,(7*3)*1=21
train/43847.jpg,7*0-9=-9
train/43848.jpg,(7+0)*7=49
train/43849.jpg,4-0-9=-5
train/43850.jpg,1+8+8=17
train/43851.jpg,8+(2*1)=10
train/43852.jpg,(0-8)*5=-40
train/43853.jpg,4-(0-2)=6
train/43854.jpg,7+(3+3)=13
train/43855.jpg,7*(5-3)=14
train/43856.jpg,5*(7*6)=210
train/43857.jpg,5+8+0=13
train/43858.jpg,7*5-9=26
train/43859.jpg,(5-7)+2=0
train/43860.jpg,5-(9+1)=-5
train/43861.jpg,5+9*4=41
train/43862.jpg,9-1-2=6
train/43863.jpg,4*3*4=48
train/43864.jpg,5-9-1=-5
train/43865.jpg,1-8-0=-7
train/43866.jpg,9*3-4=23
train/43867.jpg,4-3*1=1
train/43868.jpg,(9-1)-5=3
train/43869.jpg,7*(1*0)=0
train/43870.jpg,(9-9)+3=3
train/43871.jpg,(4-2)-2=0
train/43872.jpg,1*9*1=9
train/43873.jpg,(9+3)+3=15
train/43874.jpg,0*(0*9)=0
train/43875.jpg,(0*0)-8=-8
train/43876.jpg,2+8+7=17
train/43877.jpg,(0*9)+3=3
train/43878.jpg,3+(3-2)=4
train/43879.jpg,5-(7+2)=-4
train/43880.jpg,4+(3*9)=31
train/43881.jpg,8*(7*6)=336
train/43882.jpg,7-(0-4)=11
train/43883.jpg,(5+8)*2=26
train/43884.jpg,(1+0)-0=1
train/43885.jpg,6*0*4=0
train/43886.jpg,(6*2)*9=108
train/43887.jpg,(3+6)+7=16
train/43888.jpg,(9-8)+7=8
train/43889.jpg,(3+1)-9=-5
train/43890.jpg,3-(6+2)=-5
train/43891.jpg,(2+6)-3=5
train/43892.jpg,6-(7-8)=7
train/43893.jpg,(1+9)+2=12
train/43894.jpg,6+(5*3)=21
train/43895.jpg,(1*3)+2=5
train/43896.jpg,3+1*7=10
train/43897.jpg,7+0+4=11
train/43898.jpg,3-2-1=0
train/43899.jpg,0*(9-0)=0
train/43900.jpg,6-6*3=-12
train/43901.jpg,2-6+3=-1
train/43902.jpg,8+0+6=14
train/43903.jpg,4*7*7=196
train/43904.jpg,1*(5*6)=30
train/43905.jpg,(4*5)-7=13
train/43906.jpg,(1-1)+1=1
train/43907.jpg,2+(3*4)=14
train/43908.jpg,(7-6)-4=-3
train/43909.jpg,0-6+8=2
train/43910.jpg,7*(5-8)=-21
train/43911.jpg,(8+0)-8=0
train/43912.jpg,9-(0-8)=17
train/43913.jpg,(6-0)-0=6
train/43914.jpg,(8*2)*0=0
train/43915.jpg,(0+1)*8=8
train/43916.jpg,8*(8+0)=64
train/43917.jpg,(4+8)*8=96
train/43918.jpg,0-2*1=-2
train/43919.jpg,1*(8+7)=15
train/43920.jpg,(1*0)-8=-8
train/43921.jpg,4*0+5=5
train/43922.jpg,2*7*1=14
train/43923.jpg,1-(2*0)=1
train/43924.jpg,7-2-7=-2
train/43925.jpg,7*6*8=336
train/43926.jpg,(6*7)+2=44
train/43927.jpg,(8-6)-2=0
train/43928.jpg,(4*9)-4=32
train/43929.jpg,(9+0)+4=13
train/43930.jpg,5*(1+4)=25
train/43931.jpg,(0*8)-7=-7
train/43932.jpg,(6*8)-6=42
train/43933.jpg,9+(5*7)=44
train/43934.jpg,(3+6)*8=72
train/43935.jpg,4-(5-2)=1
train/43936.jpg,6-8-9=-11
train/43937.jpg,7+5+0=12
train/43938.jpg,(5-2)*6=18
train/43939.jpg,(9+0)+4=13
train/43940.jpg,0-(4-1)=-3
train/43941.jpg,(6+9)*5=75
train/43942.jpg,(8-0)*6=48
train/43943.jpg,4*1*0=0
train/43944.jpg,7*(7+5)=84
train/43945.jpg,2-8-1=-7
train/43946.jpg,8+(6+1)=15
train/43947.jpg,9+(5-6)=8
train/43948.jpg,8*(9*0)=0
train/43949.jpg,(9-3)-7=-1
train/43950.jpg,8-(2-4)=10
train/43951.jpg,8*(1+7)=64
train/43952.jpg,5-5*9=-40
train/43953.jpg,8-9-0=-1
train/43954.jpg,(3-3)-8=-8
train/43955.jpg,7-(4-0)=3
train/43956.jpg,1-5*4=-19
train/43957.jpg,0+3+5=8
train/43958.jpg,1+(3-7)=-3
train/43959.jpg,7-0-9=-2
train/43960.jpg,1*8*7=56
train/43961.jpg,2+0*8=2
train/43962.jpg,2*(3+1)=8
train/43963.jpg,0-(9*2)=-18
train/43964.jpg,(8*7)+6=62
train/43965.jpg,0-2-0=-2
train/43966.jpg,1+4+5=10
train/43967.jpg,3*(8*2)=48
train/43968.jpg,8*(5*2)=80
train/43969.jpg,(9-5)-7=-3
train/43970.jpg,9*(2*8)=144
train/43971.jpg,(3*8)-6=18
train/43972.jpg,(3*7)*9=189
train/43973.jpg,3-(1*7)=-4
train/43974.jpg,8+(3-3)=8
train/43975.jpg,2*(4*2)=16
train/43976.jpg,(4*3)+6=18
train/43977.jpg,(5-6)*5=-5
train/43978.jpg,3*3-9=0
train/43979.jpg,7+(0*2)=7
train/43980.jpg,3+7*6=45
train/43981.jpg,2*(7+2)=18
train/43982.jpg,9*(0*8)=0
train/43983.jpg,2+(3*8)=26
train/43984.jpg,(1+0)-3=-2
train/43985.jpg,2+(6+4)=12
train/43986.jpg,(4-3)*3=3
train/43987.jpg,(2*6)*2=24
train/43988.jpg,(1*9)-5=4
train/43989.jpg,2-(8*0)=2
train/43990.jpg,9-1-4=4
train/43991.jpg,1-(0+1)=0
train/43992.jpg,7*(6+9)=105
train/43993.jpg,1-5*7=-34
train/43994.jpg,8-(6-9)=11
train/43995.jpg,5*(2*4)=40
train/43996.jpg,3-1-6=-4
train/43997.jpg,8+(1*7)=15
train/43998.jpg,3*(7+2)=27
train/43999.jpg,6+(7+3)=16
train/44000.jpg,(3+5)+0=8
train/44001.jpg,6+2*3=12
train/44002.jpg,5*(7+9)=80
train/44003.jpg,0+7*4=28
train/44004.jpg,7-8-3=-4
train/44005.jpg,(4-4)+5=5
train/44006.jpg,4+(1-6)=-1
train/44007.jpg,2+6-7=1
train/44008.jpg,(0+2)-1=1
train/44009.jpg,(3*0)*1=0
train/44010.jpg,7*(6*2)=84
train/44011.jpg,4+(7*5)=39
train/44012.jpg,3*6*1=18
train/44013.jpg,(8+6)+1=15
train/44014.jpg,8*3+6=30
train/44015.jpg,(7*9)*8=504
train/44016.jpg,(4+7)+6=17
train/44017.jpg,3-(6+7)=-10
train/44018.jpg,(0*3)+1=1
train/44019.jpg,8+7-9=6
train/44020.jpg,(5+2)-9=-2
train/44021.jpg,9-4-3=2
train/44022.jpg,8+(6-7)=7
train/44023.jpg,6-(5+6)=-5
train/44024.jpg,5-(2+2)=1
train/44025.jpg,3*7-5=16
train/44026.jpg,4+6+3=13
train/44027.jpg,0*(2+3)=0
train/44028.jpg,7*2-0=14
train/44029.jpg,(7-0)-9=-2
train/44030.jpg,7+(4+6)=17
train/44031.jpg,(5-2)+3=6
train/44032.jpg,(5-1)+7=11
train/44033.jpg,4-(1-2)=5
train/44034.jpg,(8*6)-4=44
train/44035.jpg,9-4*8=-23
train/44036.jpg,7+7-9=5
train/44037.jpg,(9+8)+9=26
train/44038.jpg,1*2*7=14
train/44039.jpg,4*1+9=13
train/44040.jpg,4-7+3=0
train/44041.jpg,6+5-2=9
train/44042.jpg,(0+6)*8=48
train/44043.jpg,5-(2-5)=8
train/44044.jpg,3*(3+0)=9
train/44045.jpg,(8-3)*6=30
train/44046.jpg,0*5*9=0
train/44047.jpg,2*0+2=2
train/44048.jpg,0-5*0=0
train/44049.jpg,5-1*1=4
train/44050.jpg,3-(1-0)=2
train/44051.jpg,9+0+3=12
train/44052.jpg,2-(1+5)=-4
train/44053.jpg,4+(0+5)=9
train/44054.jpg,(2-1)-8=-7
train/44055.jpg,(1*7)*2=14
train/44056.jpg,7-4*6=-17
train/44057.jpg,0+(5*3)=15
train/44058.jpg,(1-5)+5=1
train/44059.jpg,3+7-8=2
train/44060.jpg,(4-9)-7=-12
train/44061.jpg,(2*4)*6=48
train/44062.jpg,(4+9)*5=65
train/44063.jpg,5-6+8=7
train/44064.jpg,0-(8*9)=-72
train/44065.jpg,5*(4+4)=40
train/44066.jpg,8*0-2=-2
train/44067.jpg,(0-3)-0=-3
train/44068.jpg,9-1-8=0
train/44069.jpg,3*(8+8)=48
train/44070.jpg,5*(7+1)=40
train/44071.jpg,5+(7*0)=5
train/44072.jpg,(0*6)-1=-1
train/44073.jpg,(6+9)+9=24
train/44074.jpg,7*(1-5)=-28
train/44075.jpg,6+(8+8)=22
train/44076.jpg,8*4*9=288
train/44077.jpg,3+0*8=3
train/44078.jpg,6-5*5=-19
train/44079.jpg,(5+9)-9=5
train/44080.jpg,3-(0*6)=3
train/44081.jpg,(1*9)*4=36
train/44082.jpg,(0+7)*3=21
train/44083.jpg,2-1-9=-8
train/44084.jpg,0*4+4=4
train/44085.jpg,1+(2*6)=13
train/44086.jpg,6*8*2=96
train/44087.jpg,0*1+4=4
train/44088.jpg,4-(0*8)=4
train/44089.jpg,7-(7-8)=8
train/44090.jpg,(1+0)+7=8
train/44091.jpg,2-1+1=2
train/44092.jpg,8+9*0=8
train/44093.jpg,4*8+1=33
train/44094.jpg,3*7-7=14
train/44095.jpg,(7+3)*0=0
train/44096.jpg,4+0*7=4
train/44097.jpg,4+(8+2)=14
train/44098.jpg,(9*9)+9=90
train/44099.jpg,4+(8-4)=8
train/44100.jpg,5+5+8=18
train/44101.jpg,(1*8)*7=56
train/44102.jpg,(2+8)*9=90
train/44103.jpg,4*1+4=8
train/44104.jpg,2*8*7=112
train/44105.jpg,4+0-7=-3
train/44106.jpg,5-(1*8)=-3
train/44107.jpg,(7*8)+6=62
train/44108.jpg,4+(6-4)=6
train/44109.jpg,4*(2-3)=-4
train/44110.jpg,1+(7+3)=11
train/44111.jpg,5-(4*5)=-15
train/44112.jpg,(8+0)+2=10
train/44113.jpg,6+(5*9)=51
train/44114.jpg,(1*7)-5=2
train/44115.jpg,3*(3*0)=0
train/44116.jpg,(6-0)+3=9
train/44117.jpg,(5-5)+8=8
train/44118.jpg,(7+0)*2=14
train/44119.jpg,(1*1)*5=5
train/44120.jpg,0-(9+3)=-12
train/44121.jpg,6+(2*7)=20
train/44122.jpg,(2-2)*2=0
train/44123.jpg,6-(1*9)=-3
train/44124.jpg,4+(6-8)=2
train/44125.jpg,0-1*6=-6
train/44126.jpg,(5*2)-5=5
train/44127.jpg,9*(6*4)=216
train/44128.jpg,8*(1*4)=32
train/44129.jpg,0+(9*5)=45
train/44130.jpg,0*(4*3)=0
train/44131.jpg,2*(0*0)=0
train/44132.jpg,(1-4)-0=-3
train/44133.jpg,(1-1)-7=-7
train/44134.jpg,5*2+3=13
train/44135.jpg,8*(6+9)=120
train/44136.jpg,1*6-0=6
train/44137.jpg,3-(1+5)=-3
train/44138.jpg,6-(6*8)=-42
train/44139.jpg,8+(4+3)=15
train/44140.jpg,(2+6)+2=10
train/44141.jpg,9-8-3=-2
train/44142.jpg,2-(7*0)=2
train/44143.jpg,6-2*6=-6
train/44144.jpg,(3*3)*0=0
train/44145.jpg,2+(6*3)=20
train/44146.jpg,(5*9)*3=135
train/44147.jpg,7*(4-5)=-7
train/44148.jpg,6*1*4=24
train/44149.jpg,6+5-4=7
train/44150.jpg,(7+6)*3=39
train/44151.jpg,8+3+1=12
train/44152.jpg,1*(1*1)=1
train/44153.jpg,0*(8*7)=0
train/44154.jpg,(5*1)*9=45
train/44155.jpg,(7+4)*3=33
train/44156.jpg,1*(9+3)=12
train/44157.jpg,(8*3)+9=33
train/44158.jpg,0*3+1=1
train/44159.jpg,7-(7+1)=-1
train/44160.jpg,(6*3)+9=27
train/44161.jpg,4*(3+4)=28
train/44162.jpg,2+(4-0)=6
train/44163.jpg,0+(9-5)=4
train/44164.jpg,(8*6)+4=52
train/44165.jpg,(3+9)+3=15
train/44166.jpg,2+(9+9)=20
train/44167.jpg,0+8*6=48
train/44168.jpg,6*8-2=46
train/44169.jpg,8+3-7=4
train/44170.jpg,2+(2*5)=12
train/44171.jpg,0*3+7=7
train/44172.jpg,7-(1*7)=0
train/44173.jpg,(3-4)+2=1
train/44174.jpg,7*1+0=7
train/44175.jpg,(8-4)+3=7
train/44176.jpg,9*(3+0)=27
train/44177.jpg,2*(7+7)=28
train/44178.jpg,(7*0)*3=0
train/44179.jpg,8+1+4=13
train/44180.jpg,9-(8+6)=-5
train/44181.jpg,(5-2)*2=6
train/44182.jpg,1-(5*5)=-24
train/44183.jpg,4-4-8=-8
train/44184.jpg,(4-3)-0=1
train/44185.jpg,6+8*4=38
train/44186.jpg,1-8-4=-11
train/44187.jpg,9-7-9=-7
train/44188.jpg,0+(3*9)=27
train/44189.jpg,1*(9*6)=54
train/44190.jpg,8*(6+8)=112
train/44191.jpg,1*1*9=9
train/44192.jpg,0-(4*7)=-28
train/44193.jpg,(3*2)*7=42
train/44194.jpg,1*4-0=4
train/44195.jpg,8+(1-3)=6
train/44196.jpg,3+0-7=-4
train/44197.jpg,7+(4*3)=19
train/44198.jpg,7*6+1=43
train/44199.jpg,(8*7)*4=224
train/44200.jpg,(0*3)-5=-5
train/44201.jpg,(4+6)+0=10
train/44202.jpg,(6-2)+5=9
train/44203.jpg,(8-7)*3=3
train/44204.jpg,(7+1)+9=17
train/44205.jpg,(5*6)*8=240
train/44206.jpg,3+7-2=8
train/44207.jpg,1*9-0=9
train/44208.jpg,5*(5*2)=50
train/44209.jpg,5*(9+2)=55
train/44210.jpg,5*8*4=160
train/44211.jpg,8*(8+9)=136
train/44212.jpg,(1-1)*3=0
train/44213.jpg,2*(0-6)=-12
train/44214.jpg,6*4+8=32
train/44215.jpg,6*(0*5)=0
train/44216.jpg,4*(8-3)=20
train/44217.jpg,(5-0)+1=6
train/44218.jpg,(5*7)+4=39
train/44219.jpg,0*(9+4)=0
train/44220.jpg,(8+2)*8=80
train/44221.jpg,(6-7)+0=-1
train/44222.jpg,(2-0)*1=2
train/44223.jpg,3*(1-8)=-21
train/44224.jpg,5-(9+2)=-6
train/44225.jpg,9+8+4=21
train/44226.jpg,1+4+7=12
train/44227.jpg,(3-5)*3=-6
train/44228.jpg,6-(5-3)=4
train/44229.jpg,8+7*7=57
train/44230.jpg,4+1-9=-4
train/44231.jpg,1-(2*0)=1
train/44232.jpg,5*2+1=11
train/44233.jpg,(9+7)+9=25
train/44234.jpg,1*4+0=4
train/44235.jpg,(6-4)+1=3
train/44236.jpg,7-(6*0)=7
train/44237.jpg,(1+0)-1=0
train/44238.jpg,0-4-4=-8
train/44239.jpg,1*(6+6)=12
train/44240.jpg,(7+6)*8=104
train/44241.jpg,0*9+3=3
train/44242.jpg,6-1*4=2
train/44243.jpg,9*(4*0)=0
train/44244.jpg,(7*6)*5=210
train/44245.jpg,4-0+2=6
train/44246.jpg,(8*1)*7=56
train/44247.jpg,4+6-4=6
train/44248.jpg,(0*8)-2=-2
train/44249.jpg,6-(6*7)=-36
train/44250.jpg,8*7*3=168
train/44251.jpg,(9+6)-3=12
train/44252.jpg,1*2*5=10
train/44253.jpg,0+(2+0)=2
train/44254.jpg,(5*3)+6=21
train/44255.jpg,9-(7+6)=-4
train/44256.jpg,(0-9)*6=-54
train/44257.jpg,3+8-2=9
train/44258.jpg,(0+9)-7=2
train/44259.jpg,5*(3*3)=45
train/44260.jpg,8-(3-3)=8
train/44261.jpg,5-(7-0)=-2
train/44262.jpg,7-(5*5)=-18
train/44263.jpg,9+0+9=18
train/44264.jpg,8*6*4=192
train/44265.jpg,1+6-4=3
train/44266.jpg,7*1+4=11
train/44267.jpg,(6*8)-9=39
train/44268.jpg,(7+9)-2=14
train/44269.jpg,2*7-7=7
train/44270.jpg,(4+9)-1=12
train/44271.jpg,3-(1+7)=-5
train/44272.jpg,1+(5+4)=10
train/44273.jpg,1*(3*9)=27
train/44274.jpg,0*(4-1)=0
train/44275.jpg,8-7*3=-13
train/44276.jpg,(7+0)-4=3
train/44277.jpg,1*9*3=27
train/44278.jpg,6*(1-9)=-48
train/44279.jpg,3-(6*8)=-45
train/44280.jpg,(4-4)+3=3
train/44281.jpg,2*(2-2)=0
train/44282.jpg,8*9*7=504
train/44283.jpg,3+2*5=13
train/44284.jpg,(3+5)+1=9
train/44285.jpg,3+(4*7)=31
train/44286.jpg,(7*0)-2=-2
train/44287.jpg,4-(0+4)=0
train/44288.jpg,9*6-4=50
train/44289.jpg,4-(4-7)=7
train/44290.jpg,6-8-3=-5
train/44291.jpg,0*(9-6)=0
train/44292.jpg,(0+9)-2=7
train/44293.jpg,(6-2)+5=9
train/44294.jpg,7+(9-6)=10
train/44295.jpg,9-4*3=-3
train/44296.jpg,9*(0*3)=0
train/44297.jpg,9-8+6=7
train/44298.jpg,(0*8)+1=1
train/44299.jpg,6+(2+9)=17
train/44300.jpg,5-1+2=6
train/44301.jpg,1*(7-7)=0
train/44302.jpg,(7-3)*3=12
train/44303.jpg,(4*7)+8=36
train/44304.jpg,(9-7)+4=6
train/44305.jpg,5*3*3=45
train/44306.jpg,6*(6-2)=24
train/44307.jpg,3*2-7=-1
train/44308.jpg,7-6-0=1
train/44309.jpg,(5*9)*0=0
train/44310.jpg,(5+4)*5=45
train/44311.jpg,9*4-2=34
train/44312.jpg,0+(8-9)=-1
train/44313.jpg,(2*6)*3=36
train/44314.jpg,0-(1-6)=5
train/44315.jpg,6-(8-5)=3
train/44316.jpg,(6-5)-9=-8
train/44317.jpg,5*(2+4)=30
train/44318.jpg,4-1+3=6
train/44319.jpg,4*(5*7)=140
train/44320.jpg,(8-6)+5=7
train/44321.jpg,8+0*7=8
train/44322.jpg,2*(1*0)=0
train/44323.jpg,2-(5*3)=-13
train/44324.jpg,(4-3)*3=3
train/44325.jpg,4-(4*7)=-24
train/44326.jpg,7-(6-8)=9
train/44327.jpg,3*(0*1)=0
train/44328.jpg,9*8*4=288
train/44329.jpg,9-1*8=1
train/44330.jpg,(3*9)+8=35
train/44331.jpg,6*9-7=47
train/44332.jpg,(9-3)-3=3
train/44333.jpg,2+9+9=20
train/44334.jpg,0-(9+2)=-11
train/44335.jpg,(4-7)-5=-8
train/44336.jpg,(8+1)*4=36
train/44337.jpg,7-(9-6)=4
train/44338.jpg,(0-5)-9=-14
train/44339.jpg,2-(7*1)=-5
train/44340.jpg,0-(0-4)=4
train/44341.jpg,7*5*2=70
train/44342.jpg,(3*6)*7=126
train/44343.jpg,(7-8)+2=1
train/44344.jpg,(8+3)*9=99
train/44345.jpg,8+9+3=20
train/44346.jpg,(5*1)+3=8
train/44347.jpg,(9-2)*6=42
train/44348.jpg,6-9+7=4
train/44349.jpg,8*(5+8)=104
train/44350.jpg,2+(6-7)=1
train/44351.jpg,3+(0+3)=6
train/44352.jpg,0*(3+6)=0
train/44353.jpg,7+4+8=19
train/44354.jpg,(5-6)-4=-5
train/44355.jpg,(1+7)+5=13
train/44356.jpg,5+(7-6)=6
train/44357.jpg,9+3-9=3
train/44358.jpg,9+0-5=4
train/44359.jpg,4-9+7=2
train/44360.jpg,(9-4)-9=-4
train/44361.jpg,(1*1)-1=0
train/44362.jpg,9*0+0=0
train/44363.jpg,2+(6-4)=4
train/44364.jpg,(1-6)+1=-4
train/44365.jpg,3-(8*6)=-45
train/44366.jpg,8-6*4=-16
train/44367.jpg,(6*0)-0=0
train/44368.jpg,6-(2*0)=6
train/44369.jpg,(1*5)+8=13
train/44370.jpg,0+(8*5)=40
train/44371.jpg,(0+2)-6=-4
train/44372.jpg,6*7*9=378
train/44373.jpg,4+9*1=13
train/44374.jpg,(3*4)+8=20
train/44375.jpg,6-(2*2)=2
train/44376.jpg,(0*5)*3=0
train/44377.jpg,(8+5)-8=5
train/44378.jpg,0+(7*4)=28
train/44379.jpg,9-2-8=-1
train/44380.jpg,(8-2)+2=8
train/44381.jpg,4*4*3=48
train/44382.jpg,(3+6)*3=27
train/44383.jpg,3-7+3=-1
train/44384.jpg,(1*4)-7=-3
train/44385.jpg,2*1+8=10
train/44386.jpg,0+2*3=6
train/44387.jpg,4-5-7=-8
train/44388.jpg,1*5*6=30
train/44389.jpg,(4-6)*9=-18
train/44390.jpg,1*(3+4)=7
train/44391.jpg,(2+9)-4=7
train/44392.jpg,0+(5-7)=-2
train/44393.jpg,7-7*5=-28
train/44394.jpg,(0-1)+1=0
train/44395.jpg,9-3*6=-9
train/44396.jpg,4-9+5=0
train/44397.jpg,(7-3)*3=12
train/44398.jpg,3+3-4=2
train/44399.jpg,(9-1)+7=15
train/44400.jpg,(8*9)*6=432
train/44401.jpg,6*0+5=5
train/44402.jpg,5-(4*0)=5
train/44403.jpg,5+3*2=11
train/44404.jpg,2*2*7=28
train/44405.jpg,(1*3)+6=9
train/44406.jpg,8*(6-3)=24
train/44407.jpg,5*0*2=0
train/44408.jpg,(8+2)*6=60
train/44409.jpg,3*8*0=0
train/44410.jpg,5*8+1=41
train/44411.jpg,1*(5-5)=0
train/44412.jpg,8-(1-6)=13
train/44413.jpg,9+0-5=4
train/44414.jpg,0*(1*7)=0
train/44415.jpg,1-1-4=-4
train/44416.jpg,2+(4+6)=12
train/44417.jpg,4*5+2=22
train/44418.jpg,(4*8)-5=27
train/44419.jpg,8-2-2=4
train/44420.jpg,3+6*6=39
train/44421.jpg,(8*1)*0=0
train/44422.jpg,5*5*0=0
train/44423.jpg,(1-5)*0=0
train/44424.jpg,5*1+5=10
train/44425.jpg,1+(1+0)=2
train/44426.jpg,(5*9)-8=37
train/44427.jpg,9*(3+6)=81
train/44428.jpg,6-0+4=10
train/44429.jpg,(1*9)-4=5
train/44430.jpg,8-9*5=-37
train/44431.jpg,3*2*3=18
train/44432.jpg,(2+4)+5=11
train/44433.jpg,(4-2)+7=9
train/44434.jpg,(7+2)*4=36
train/44435.jpg,1*(6-4)=2
train/44436.jpg,9-5+2=6
train/44437.jpg,(6-5)-7=-6
train/44438.jpg,5+(4+9)=18
train/44439.jpg,(1-6)+3=-2
train/44440.jpg,0-(8*2)=-16
train/44441.jpg,4*(0-1)=-4
train/44442.jpg,9-(1-6)=14
train/44443.jpg,(9*1)-3=6
train/44444.jpg,9+(0-0)=9
train/44445.jpg,4+6+1=11
train/44446.jpg,6+(0+8)=14
train/44447.jpg,(3+2)+2=7
train/44448.jpg,5*(9*6)=270
train/44449.jpg,(1*3)-4=-1
train/44450.jpg,(0+0)-4=-4
train/44451.jpg,9+7-5=11
train/44452.jpg,(5*9)*2=90
train/44453.jpg,9+(2-9)=2
train/44454.jpg,(1-2)+0=-1
train/44455.jpg,3+2-3=2
train/44456.jpg,(0*1)+9=9
train/44457.jpg,(9-0)-6=3
train/44458.jpg,(0-6)+2=-4
train/44459.jpg,4-9+9=4
train/44460.jpg,(0-7)*3=-21
train/44461.jpg,4-(0+8)=-4
train/44462.jpg,(0+3)-2=1
train/44463.jpg,(8*8)*3=192
train/44464.jpg,8*(4*2)=64
train/44465.jpg,(8+3)-6=5
train/44466.jpg,2-(2+2)=-2
train/44467.jpg,(7*1)-8=-1
train/44468.jpg,9+4-5=8
train/44469.jpg,3-(5-6)=4
train/44470.jpg,(2*5)+5=15
train/44471.jpg,(1+5)-5=1
train/44472.jpg,9-(4*1)=5
train/44473.jpg,(3-3)-6=-6
train/44474.jpg,6+(7-6)=7
train/44475.jpg,6-(5+9)=-8
train/44476.jpg,(3+2)-0=5
train/44477.jpg,(2*1)*6=12
train/44478.jpg,8-5-7=-4
train/44479.jpg,8+(9+3)=20
train/44480.jpg,7-(3*5)=-8
train/44481.jpg,7-8-2=-3
train/44482.jpg,(5*1)+3=8
train/44483.jpg,2+(0+4)=6
train/44484.jpg,6*(8+4)=72
train/44485.jpg,(8+8)*1=16
train/44486.jpg,(8-0)*6=48
train/44487.jpg,6-(1*2)=4
train/44488.jpg,9-(2*7)=-5
train/44489.jpg,(5-2)-4=-1
train/44490.jpg,9+8-4=13
train/44491.jpg,1+(0*0)=1
train/44492.jpg,3-1+5=7
train/44493.jpg,9+9+8=26
train/44494.jpg,(2+3)-6=-1
train/44495.jpg,9-(5-2)=6
train/44496.jpg,5-(2*6)=-7
train/44497.jpg,(1*2)*5=10
train/44498.jpg,(6*8)+4=52
train/44499.jpg,(5*9)*6=270
train/44500.jpg,(4+7)-3=8
train/44501.jpg,2-(7+1)=-6
train/44502.jpg,5+(7+4)=16
train/44503.jpg,6*(7+3)=60
train/44504.jpg,(6*2)+0=12
train/44505.jpg,(8+1)-8=1
train/44506.jpg,2+5+5=12
train/44507.jpg,7*5+1=36
train/44508.jpg,9+6*3=27
train/44509.jpg,4+(1+1)=6
train/44510.jpg,7-(1-9)=15
train/44511.jpg,6-5*6=-24
train/44512.jpg,(4+5)-9=0
train/44513.jpg,5+(1-3)=3
train/44514.jpg,1-(2+5)=-6
train/44515.jpg,(5-7)+9=7
train/44516.jpg,4*(6+6)=48
train/44517.jpg,(3-9)+0=-6
train/44518.jpg,2+1+0=3
train/44519.jpg,(6-0)*5=30
train/44520.jpg,(4+8)-6=6
train/44521.jpg,(3*9)+9=36
train/44522.jpg,2-0+6=8
train/44523.jpg,7+(1*6)=13
train/44524.jpg,9-4-0=5
train/44525.jpg,8*9+0=72
train/44526.jpg,2-3+7=6
train/44527.jpg,1*9-9=0
train/44528.jpg,2-5-6=-9
train/44529.jpg,8-1-5=2
train/44530.jpg,(2-5)-4=-7
train/44531.jpg,(7-5)-3=-1
train/44532.jpg,5+8*1=13
train/44533.jpg,3+0-9=-6
train/44534.jpg,7*(1+5)=42
train/44535.jpg,(4+1)+9=14
train/44536.jpg,(5+7)+2=14
train/44537.jpg,(7+6)-2=11
train/44538.jpg,(9*0)-2=-2
train/44539.jpg,5*1*5=25
train/44540.jpg,(4*4)*4=64
train/44541.jpg,(7-0)*4=28
train/44542.jpg,(7*0)*9=0
train/44543.jpg,2+(6*7)=44
train/44544.jpg,7*7-8=41
train/44545.jpg,0+6-3=3
train/44546.jpg,9*(4+5)=81
train/44547.jpg,3*7-0=21
train/44548.jpg,2-7-8=-13
train/44549.jpg,(6*0)-9=-9
train/44550.jpg,6*7*8=336
train/44551.jpg,2-8+8=2
train/44552.jpg,5*(3+4)=35
train/44553.jpg,7*(0-2)=-14
train/44554.jpg,(5*5)+5=30
train/44555.jpg,7+3+1=11
train/44556.jpg,1-7+7=1
train/44557.jpg,(7+8)*7=105
train/44558.jpg,(0*1)+8=8
train/44559.jpg,4+(1-1)=4
train/44560.jpg,(4-9)*6=-30
train/44561.jpg,(3*7)-5=16
train/44562.jpg,7+(3-2)=8
train/44563.jpg,5+(2+1)=8
train/44564.jpg,7*(2*8)=112
train/44565.jpg,(0+8)-7=1
train/44566.jpg,(9-6)-0=3
train/44567.jpg,2+(7*4)=30
train/44568.jpg,(0*8)-6=-6
train/44569.jpg,(5*2)+4=14
train/44570.jpg,8+4*5=28
train/44571.jpg,3+(1*1)=4
train/44572.jpg,1*7+2=9
train/44573.jpg,7*(2-0)=14
train/44574.jpg,3-(3-8)=8
train/44575.jpg,(8*4)-1=31
train/44576.jpg,3*(1-0)=3
train/44577.jpg,1+0-4=-3
train/44578.jpg,5-(5-9)=9
train/44579.jpg,(2*7)*1=14
train/44580.jpg,3+(7+8)=18
train/44581.jpg,4+4+6=14
train/44582.jpg,4-7+2=-1
train/44583.jpg,3*(2*9)=54
train/44584.jpg,(1-4)+1=-2
train/44585.jpg,5*5*7=175
train/44586.jpg,3*(2*9)=54
train/44587.jpg,5-(9-4)=0
train/44588.jpg,8+(3+9)=20
train/44589.jpg,5+4*1=9
train/44590.jpg,1*(6+7)=13
train/44591.jpg,(0+7)+7=14
train/44592.jpg,3+2*7=17
train/44593.jpg,9*(1+8)=81
train/44594.jpg,3*(2*7)=42
train/44595.jpg,7-0+2=9
train/44596.jpg,(7*1)*5=35
train/44597.jpg,(9+4)*8=104
train/44598.jpg,(5+1)-2=4
train/44599.jpg,1+(5+7)=13
train/44600.jpg,(8-0)+8=16
train/44601.jpg,(5*2)+5=15
train/44602.jpg,0+(5-8)=-3
train/44603.jpg,2+(4-8)=-2
train/44604.jpg,2+(5+9)=16
train/44605.jpg,9+4+6=19
train/44606.jpg,9*(7+7)=126
train/44607.jpg,(5-4)*2=2
train/44608.jpg,(8-7)-0=1
train/44609.jpg,6-7*6=-36
train/44610.jpg,(5-2)*3=9
train/44611.jpg,2*6-8=4
train/44612.jpg,0*(0-2)=0
train/44613.jpg,6+(1-7)=0
train/44614.jpg,9*(9-6)=27
train/44615.jpg,7+(3*2)=13
train/44616.jpg,(8-9)-5=-6
train/44617.jpg,(7-2)-0=5
train/44618.jpg,6*9*6=324
train/44619.jpg,(1-7)*1=-6
train/44620.jpg,(6+0)-5=1
train/44621.jpg,4*6+1=25
train/44622.jpg,(7+4)+3=14
train/44623.jpg,(7+2)-8=1
train/44624.jpg,0+7+1=8
train/44625.jpg,3-6*0=3
train/44626.jpg,3*4-1=11
train/44627.jpg,1*1-1=0
train/44628.jpg,(7+1)-3=5
train/44629.jpg,3*7-2=19
train/44630.jpg,9-(6-7)=10
train/44631.jpg,1+5*9=46
train/44632.jpg,(5+0)*9=45
train/44633.jpg,5-(0+0)=5
train/44634.jpg,1*9*4=36
train/44635.jpg,(9-4)-4=1
train/44636.jpg,(1*6)+5=11
train/44637.jpg,6*(4*7)=168
train/44638.jpg,(0-7)+3=-4
train/44639.jpg,0+(2-0)=2
train/44640.jpg,(1+8)-1=8
train/44641.jpg,7-3-9=-5
train/44642.jpg,(4-3)-6=-5
train/44643.jpg,2+3+2=7
train/44644.jpg,(2+6)-9=-1
train/44645.jpg,3*1*4=12
train/44646.jpg,6*8-1=47
train/44647.jpg,5-5+0=0
train/44648.jpg,1+5*6=31
train/44649.jpg,(1+3)-4=0
train/44650.jpg,4*(6-5)=4
train/44651.jpg,7+0-2=5
train/44652.jpg,1-(5-1)=-3
train/44653.jpg,2+(2-6)=-2
train/44654.jpg,(0-0)+2=2
train/44655.jpg,9*(3-7)=-36
train/44656.jpg,1+2-2=1
train/44657.jpg,4*5*3=60
train/44658.jpg,5+6+5=16
train/44659.jpg,6*(5-5)=0
train/44660.jpg,7*(3-6)=-21
train/44661.jpg,7+5+1=13
train/44662.jpg,(8+6)-9=5
train/44663.jpg,2*9-5=13
train/44664.jpg,9*(2+7)=81
train/44665.jpg,(9*9)*1=81
train/44666.jpg,(8*2)-6=10
train/44667.jpg,7*0-3=-3
train/44668.jpg,(9*7)-3=60
train/44669.jpg,0*(7*3)=0
train/44670.jpg,8*6-6=42
train/44671.jpg,7*1*3=21
train/44672.jpg,(6-6)*6=0
train/44673.jpg,2-2*2=-2
train/44674.jpg,8+4-2=10
train/44675.jpg,2*3+5=11
train/44676.jpg,5+6-7=4
train/44677.jpg,(1*7)*5=35
train/44678.jpg,(2-3)+6=5
train/44679.jpg,9+9*6=63
train/44680.jpg,(3*4)+6=18
train/44681.jpg,4+8+4=16
train/44682.jpg,0+(5+0)=5
train/44683.jpg,6+3*2=12
train/44684.jpg,3+6*8=51
train/44685.jpg,3-0*3=3
train/44686.jpg,(0+8)+8=16
train/44687.jpg,8*9*9=648
train/44688.jpg,(7-9)+7=5
train/44689.jpg,8-(3+8)=-3
train/44690.jpg,8+(3+8)=19
train/44691.jpg,(2+9)*7=77
train/44692.jpg,1*9+4=13
train/44693.jpg,0+2-5=-3
train/44694.jpg,(5-9)-3=-7
train/44695.jpg,8*5*6=240
train/44696.jpg,4*(6*4)=96
train/44697.jpg,(1+8)*0=0
train/44698.jpg,2-(2-6)=6
train/44699.jpg,4*9-0=36
train/44700.jpg,5-(0-6)=11
train/44701.jpg,(9*5)-5=40
train/44702.jpg,5+5+5=15
train/44703.jpg,0*2*2=0
train/44704.jpg,7*6+5=47
train/44705.jpg,7*(4*7)=196
train/44706.jpg,5*(3*0)=0
train/44707.jpg,0*0+7=7
train/44708.jpg,(8-6)+5=7
train/44709.jpg,9*(5-1)=36
train/44710.jpg,8+9*0=8
train/44711.jpg,(8*8)+0=64
train/44712.jpg,9-8*8=-55
train/44713.jpg,3-(8+2)=-7
train/44714.jpg,3-(0+5)=-2
train/44715.jpg,(5-1)*4=16
train/44716.jpg,5-5+2=2
train/44717.jpg,2-(8*6)=-46
train/44718.jpg,5+(3-3)=5
train/44719.jpg,0+7*5=35
train/44720.jpg,3+(4+0)=7
train/44721.jpg,(6+7)-9=4
train/44722.jpg,7*6-7=35
train/44723.jpg,(9*7)-3=60
train/44724.jpg,0*0*4=0
train/44725.jpg,(8+1)-6=3
train/44726.jpg,5-1-3=1
train/44727.jpg,(6-3)*7=21
train/44728.jpg,5+(3-6)=2
train/44729.jpg,6+(9*8)=78
train/44730.jpg,5+8-2=11
train/44731.jpg,(1-3)-3=-5
train/44732.jpg,(5+0)+0=5
train/44733.jpg,2+9-3=8
train/44734.jpg,5-(5*4)=-15
train/44735.jpg,1-5*6=-29
train/44736.jpg,1*0+7=7
train/44737.jpg,(4-7)-9=-12
train/44738.jpg,(5*5)+6=31
train/44739.jpg,(8-7)*5=5
train/44740.jpg,0*(1-3)=0
train/44741.jpg,9-(9*9)=-72
train/44742.jpg,5+(8*9)=77
train/44743.jpg,(2+4)-0=6
train/44744.jpg,2*9+2=20
train/44745.jpg,7*8-8=48
train/44746.jpg,6*6-8=28
train/44747.jpg,8*2*9=144
train/44748.jpg,(9*0)*7=0
train/44749.jpg,8+8-6=10
train/44750.jpg,(4-4)*5=0
train/44751.jpg,8-(2+8)=-2
train/44752.jpg,(7-3)-3=1
train/44753.jpg,8-(6*4)=-16
train/44754.jpg,(9+1)+7=17
train/44755.jpg,9+(6+4)=19
train/44756.jpg,(8+4)-1=11
train/44757.jpg,0-0-2=-2
train/44758.jpg,5+(2+8)=15
train/44759.jpg,9+(3+5)=17
train/44760.jpg,9-(6+2)=1
train/44761.jpg,9-(7*1)=2
train/44762.jpg,8*6+3=51
train/44763.jpg,7+(8*1)=15
train/44764.jpg,(2*0)*5=0
train/44765.jpg,0+6+1=7
train/44766.jpg,4*3*6=72
train/44767.jpg,0+4+5=9
train/44768.jpg,9-(5*3)=-6
train/44769.jpg,1+(0*7)=1
train/44770.jpg,6+0-5=1
train/44771.jpg,9*(4+0)=36
train/44772.jpg,4*(1+1)=8
train/44773.jpg,5*(3+9)=60
train/44774.jpg,(9+3)-1=11
train/44775.jpg,8-4-8=-4
train/44776.jpg,9+(4+3)=16
train/44777.jpg,(6*5)+2=32
train/44778.jpg,(1+0)-8=-7
train/44779.jpg,6*2+1=13
train/44780.jpg,8-(2*6)=-4
train/44781.jpg,2*(0*6)=0
train/44782.jpg,(4-5)-3=-4
train/44783.jpg,8+(5*6)=38
train/44784.jpg,(1*4)-3=1
train/44785.jpg,4-(9-1)=-4
train/44786.jpg,6+(1*9)=15
train/44787.jpg,1-7+4=-2
train/44788.jpg,6+(5+8)=19
train/44789.jpg,(6+4)*0=0
train/44790.jpg,5-6-4=-5
train/44791.jpg,4-3-6=-5
train/44792.jpg,3*2-1=5
train/44793.jpg,8*6-5=43
train/44794.jpg,0-(5*6)=-30
train/44795.jpg,6*(2-2)=0
train/44796.jpg,(8+9)*3=51
train/44797.jpg,4+(2+1)=7
train/44798.jpg,6*4*8=192
train/44799.jpg,(3-8)*1=-5
train/44800.jpg,(7*6)+6=48
train/44801.jpg,5-(8-5)=2
train/44802.jpg,1*8+8=16
train/44803.jpg,(3-9)*2=-12
train/44804.jpg,2*(2-4)=-4
train/44805.jpg,(8-5)*6=18
train/44806.jpg,8-(7*8)=-48
train/44807.jpg,5+6*2=17
train/44808.jpg,6+(3*5)=21
train/44809.jpg,(0+0)*7=0
train/44810.jpg,(7*6)*4=168
train/44811.jpg,7*(9+9)=126
train/44812.jpg,(9+2)+4=15
train/44813.jpg,9-(4+0)=5
train/44814.jpg,7*5*3=105
train/44815.jpg,4*0-6=-6
train/44816.jpg,6*2+0=12
train/44817.jpg,0*(3-4)=0
train/44818.jpg,0-(2-5)=3
train/44819.jpg,3-(5+1)=-3
train/44820.jpg,4*(5+2)=28
train/44821.jpg,(8-5)-2=1
train/44822.jpg,7-(7+7)=-7
train/44823.jpg,4+(8-0)=12
train/44824.jpg,0+(3-9)=-6
train/44825.jpg,3*5*4=60
train/44826.jpg,6*4-1=23
train/44827.jpg,(4-3)*5=5
train/44828.jpg,2*(3-0)=6
train/44829.jpg,7-(1*4)=3
train/44830.jpg,0+(3+5)=8
train/44831.jpg,6*(1+4)=30
train/44832.jpg,(7-1)+9=15
train/44833.jpg,(9-9)-5=-5
train/44834.jpg,(3*4)-7=5
train/44835.jpg,4+(4-8)=0
train/44836.jpg,2*5-0=10
train/44837.jpg,1+0-2=-1
train/44838.jpg,(0-0)-4=-4
train/44839.jpg,7*(6+2)=56
train/44840.jpg,9*(0-2)=-18
train/44841.jpg,(7+4)+3=14
train/44842.jpg,7-6+2=3
train/44843.jpg,7*3+0=21
train/44844.jpg,(8+6)-5=9
train/44845.jpg,5*4*6=120
train/44846.jpg,3*(2+1)=9
train/44847.jpg,(9*2)-3=15
train/44848.jpg,(5+2)+9=16
train/44849.jpg,6*9-1=53
train/44850.jpg,(0-2)+3=1
train/44851.jpg,7*1*5=35
train/44852.jpg,2+(9+0)=11
train/44853.jpg,(6+4)+4=14
train/44854.jpg,(1-7)+2=-4
train/44855.jpg,4-2+4=6
train/44856.jpg,4*(2-6)=-16
train/44857.jpg,5+2-8=-1
train/44858.jpg,(5-4)-5=-4
train/44859.jpg,2-1-1=0
train/44860.jpg,5-(4+8)=-7
train/44861.jpg,(4*8)+6=38
train/44862.jpg,6*(4*4)=96
train/44863.jpg,4*8*6=192
train/44864.jpg,1-(2*1)=-1
train/44865.jpg,8*(9+8)=136
train/44866.jpg,1*(0+9)=9
train/44867.jpg,8-(3*6)=-10
train/44868.jpg,(6+3)+3=12
train/44869.jpg,1-7+8=2
train/44870.jpg,(1*6)*9=54
train/44871.jpg,0*9*5=0
train/44872.jpg,6*(2-5)=-18
train/44873.jpg,(3+7)*2=20
train/44874.jpg,(7*0)-2=-2
train/44875.jpg,(2+6)-6=2
train/44876.jpg,6*(6-1)=30
train/44877.jpg,1+6+3=10
train/44878.jpg,1-(0+8)=-7
train/44879.jpg,3+2+0=5
train/44880.jpg,(4+7)*4=44
train/44881.jpg,2+7*6=44
train/44882.jpg,8+(5*2)=18
train/44883.jpg,7+(5*2)=17
train/44884.jpg,5*(7*6)=210
train/44885.jpg,8+0-2=6
train/44886.jpg,(0+4)+1=5
train/44887.jpg,(1+3)+3=7
train/44888.jpg,(4*1)+3=7
train/44889.jpg,(0-3)+1=-2
train/44890.jpg,(4-3)+5=6
train/44891.jpg,5*9*8=360
train/44892.jpg,9+(0*7)=9
train/44893.jpg,7+(2-9)=0
train/44894.jpg,4+(0-5)=-1
train/44895.jpg,2-(0-0)=2
train/44896.jpg,(5-0)+5=10
train/44897.jpg,5-6-2=-3
train/44898.jpg,6-9*3=-21
train/44899.jpg,(1*7)-7=0
train/44900.jpg,3-(7-4)=0
train/44901.jpg,4+9+2=15
train/44902.jpg,(3+5)+2=10
train/44903.jpg,4*7-2=26
train/44904.jpg,6+7+6=19
train/44905.jpg,(9+9)+2=20
train/44906.jpg,2-2-1=-1
train/44907.jpg,6+(7+9)=22
train/44908.jpg,(3-0)+5=8
train/44909.jpg,0+(2-6)=-4
train/44910.jpg,(3+0)-3=0
train/44911.jpg,9*(3+2)=45
train/44912.jpg,5+4-2=7
train/44913.jpg,(5+9)*6=84
train/44914.jpg,(7-6)-2=-1
train/44915.jpg,1-9+2=-6
train/44916.jpg,3-(1*4)=-1
train/44917.jpg,7-(8+2)=-3
train/44918.jpg,(0+4)+1=5
train/44919.jpg,(0*7)-7=-7
train/44920.jpg,5-(1+3)=1
train/44921.jpg,6*(4*1)=24
train/44922.jpg,4-6*5=-26
train/44923.jpg,9-(6-4)=7
train/44924.jpg,5-(0*9)=5
train/44925.jpg,(0+1)-7=-6
train/44926.jpg,(6+1)+2=9
train/44927.jpg,7+(0+2)=9
train/44928.jpg,1*(1*1)=1
train/44929.jpg,2*4+8=16
train/44930.jpg,5-6-6=-7
train/44931.jpg,0-(1+9)=-10
train/44932.jpg,6-(3-2)=5
train/44933.jpg,(4+6)+5=15
train/44934.jpg,9*1+7=16
train/44935.jpg,9+(1-0)=10
train/44936.jpg,(4+9)-2=11
train/44937.jpg,4-(1-8)=11
train/44938.jpg,(0-2)-3=-5
train/44939.jpg,9+(9+4)=22
train/44940.jpg,2-(5+1)=-4
train/44941.jpg,(7-7)-5=-5
train/44942.jpg,(6*1)*9=54
train/44943.jpg,(2-0)-3=-1
train/44944.jpg,8-3+5=10
train/44945.jpg,8*7+2=58
train/44946.jpg,(0*2)+5=5
train/44947.jpg,9+7+6=22
train/44948.jpg,9-(0-3)=12
train/44949.jpg,8-2-2=4
train/44950.jpg,0+(2-1)=1
train/44951.jpg,(6+0)+8=14
train/44952.jpg,2*(0-3)=-6
train/44953.jpg,1*3-7=-4
train/44954.jpg,(4*8)-1=31
train/44955.jpg,2+(6*5)=32
train/44956.jpg,2+3*0=2
train/44957.jpg,(9*0)+1=1
train/44958.jpg,9-(4+9)=-4
train/44959.jpg,(1*4)*1=4
train/44960.jpg,0-(6-8)=2
train/44961.jpg,4-(1*4)=0
train/44962.jpg,3+3-3=3
train/44963.jpg,(8-0)*9=72
train/44964.jpg,(5-1)+7=11
train/44965.jpg,(8*0)-1=-1
train/44966.jpg,8*(8*3)=192
train/44967.jpg,4-2+7=9
train/44968.jpg,(7*6)-3=39
train/44969.jpg,7*3-5=16
train/44970.jpg,7*6*1=42
train/44971.jpg,2*3*7=42
train/44972.jpg,(4*1)*2=8
train/44973.jpg,5-8+0=-3
train/44974.jpg,(2*0)+4=4
train/44975.jpg,6-(3+9)=-6
train/44976.jpg,1*(2+5)=7
train/44977.jpg,(4+5)-9=0
train/44978.jpg,(6-4)-9=-7
train/44979.jpg,(8*1)+4=12
train/44980.jpg,9+(6+6)=21
train/44981.jpg,6*(2*2)=24
train/44982.jpg,(6-7)+3=2
train/44983.jpg,8-(7*1)=1
train/44984.jpg,1*6*8=48
train/44985.jpg,4*(7+4)=44
train/44986.jpg,(3*7)*3=63
train/44987.jpg,7-(2+5)=0
train/44988.jpg,(1*2)-3=-1
train/44989.jpg,9-9-5=-5
train/44990.jpg,8-0+1=9
train/44991.jpg,(2*5)+1=11
train/44992.jpg,(1+0)-3=-2
train/44993.jpg,8+5-0=13
train/44994.jpg,(5*2)*2=20
train/44995.jpg,3+4-8=-1
train/44996.jpg,5-(2-5)=8
train/44997.jpg,4+(1*4)=8
train/44998.jpg,(8*8)*6=384
train/44999.jpg,(4+9)*2=26
train/45000.jpg,2-5+0=-3
train/45001.jpg,(8*3)+1=25
train/45002.jpg,(0-6)-8=-14
train/45003.jpg,(0-3)-2=-5
train/45004.jpg,(7+8)+9=24
train/45005.jpg,0+4-1=3
train/45006.jpg,(5*5)-3=22
train/45007.jpg,9*5-7=38
train/45008.jpg,(5+4)*7=63
train/45009.jpg,4+(8+1)=13
train/45010.jpg,2-6+9=5
train/45011.jpg,(5-0)+6=11
train/45012.jpg,6-6+8=8
train/45013.jpg,3*(0+2)=6
train/45014.jpg,(2-7)-0=-5
train/45015.jpg,1-2*4=-7
train/45016.jpg,(7+5)+6=18
train/45017.jpg,3-(5+6)=-8
train/45018.jpg,9*(6-7)=-9
train/45019.jpg,1+8-6=3
train/45020.jpg,(2-3)*5=-5
train/45021.jpg,5+6*3=23
train/45022.jpg,(5-1)+5=9
train/45023.jpg,(8-1)*8=56
train/45024.jpg,0*(3+6)=0
train/45025.jpg,2+(0-9)=-7
train/45026.jpg,(9+4)-4=9
train/45027.jpg,(2-5)+5=2
train/45028.jpg,8-7+9=10
train/45029.jpg,(9-9)-1=-1
train/45030.jpg,3*(7-0)=21
train/45031.jpg,6-5-0=1
train/45032.jpg,(3-3)*2=0
train/45033.jpg,2+9+7=18
train/45034.jpg,2-8-0=-6
train/45035.jpg,(2*4)*5=40
train/45036.jpg,6+5*0=6
train/45037.jpg,2+1*4=6
train/45038.jpg,5+3+0=8
train/45039.jpg,5-5+8=8
train/45040.jpg,1+5-4=2
train/45041.jpg,(8+0)+1=9
train/45042.jpg,5+2-9=-2
train/45043.jpg,8*(3-6)=-24
train/45044.jpg,4+7-3=8
train/45045.jpg,(4+7)-7=4
train/45046.jpg,7*(9+9)=126
train/45047.jpg,2-(8+7)=-13
train/45048.jpg,9+2*7=23
train/45049.jpg,(9*6)*0=0
train/45050.jpg,4+(2*3)=10
train/45051.jpg,(9*7)+8=71
train/45052.jpg,6*5*0=0
train/45053.jpg,(4-1)*8=24
train/45054.jpg,(2+3)*1=5
train/45055.jpg,(8-1)-5=2
train/45056.jpg,4+(4-5)=3
train/45057.jpg,3*(0*1)=0
train/45058.jpg,9+(7*1)=16
train/45059.jpg,(9*4)-4=32
train/45060.jpg,6+(6-1)=11
train/45061.jpg,7-(8+9)=-10
train/45062.jpg,6-(9+2)=-5
train/45063.jpg,(4-9)*2=-10
train/45064.jpg,(3-0)+3=6
train/45065.jpg,2-2*5=-8
train/45066.jpg,2*(0+2)=4
train/45067.jpg,(7*7)+6=55
train/45068.jpg,(1+7)+2=10
train/45069.jpg,0+(7-5)=2
train/45070.jpg,4+9+8=21
train/45071.jpg,(2*5)*3=30
train/45072.jpg,(8*1)+2=10
train/45073.jpg,(5-6)-3=-4
train/45074.jpg,2*(0-1)=-2
train/45075.jpg,(3-6)+4=1
train/45076.jpg,(4+5)+1=10
train/45077.jpg,8*4-8=24
train/45078.jpg,6*8-8=40
train/45079.jpg,0-(5-5)=0
train/45080.jpg,4+(7-5)=6
train/45081.jpg,8*(1+7)=64
train/45082.jpg,8*(7+7)=112
train/45083.jpg,(4+7)+0=11
train/45084.jpg,1-6+9=4
train/45085.jpg,(3+1)-9=-5
train/45086.jpg,(2-7)*4=-20
train/45087.jpg,4+(1-3)=2
train/45088.jpg,8+(8+3)=19
train/45089.jpg,(9*2)-1=17
train/45090.jpg,1*(3*0)=0
train/45091.jpg,6+(5-8)=3
train/45092.jpg,0-9*6=-54
train/45093.jpg,2+(2+5)=9
train/45094.jpg,(0+1)+1=2
train/45095.jpg,(3-8)+4=-1
train/45096.jpg,(2-4)*8=-16
train/45097.jpg,2*1*8=16
train/45098.jpg,7-6*9=-47
train/45099.jpg,8*3*5=120
train/45100.jpg,0-6+6=0
train/45101.jpg,(4+8)*0=0
train/45102.jpg,(4+5)*0=0
train/45103.jpg,7-(0+1)=6
train/45104.jpg,8+(2+8)=18
train/45105.jpg,9*1+7=16
train/45106.jpg,(2-3)+4=3
train/45107.jpg,8+(1*0)=8
train/45108.jpg,(0-2)-2=-4
train/45109.jpg,3+(9+2)=14
train/45110.jpg,7*(3-5)=-14
train/45111.jpg,9+9-7=11
train/45112.jpg,9*(8+7)=135
train/45113.jpg,(3+8)*4=44
train/45114.jpg,(6-4)+3=5
train/45115.jpg,(2*6)-3=9
train/45116.jpg,2-(3-2)=1
train/45117.jpg,4+(0*3)=4
train/45118.jpg,0-9*0=0
train/45119.jpg,4+8+1=13
train/45120.jpg,5+(4*4)=21
train/45121.jpg,(1+2)+4=7
train/45122.jpg,7+9*1=16
train/45123.jpg,(0-1)+0=-1
train/45124.jpg,(4-1)-7=-4
train/45125.jpg,3-5+6=4
train/45126.jpg,0-(8*0)=0
train/45127.jpg,9+9+8=26
train/45128.jpg,7*8*9=504
train/45129.jpg,(7+5)+4=16
train/45130.jpg,5*(6+0)=30
train/45131.jpg,5*(8-7)=5
train/45132.jpg,4+(6+4)=14
train/45133.jpg,3*(8*9)=216
train/45134.jpg,4+(0*1)=4
train/45135.jpg,6+(0+7)=13
train/45136.jpg,(8-7)+5=6
train/45137.jpg,(8-0)+6=14
train/45138.jpg,9+(6+3)=18
train/45139.jpg,4-9+3=-2
train/45140.jpg,9-(9+3)=-3
train/45141.jpg,(3+3)*1=6
train/45142.jpg,(2*4)-5=3
train/45143.jpg,2*(1-0)=2
train/45144.jpg,8*(0+9)=72
train/45145.jpg,5-(5-9)=9
train/45146.jpg,6-(3+0)=3
train/45147.jpg,(7+7)+7=21
train/45148.jpg,5-2+7=10
train/45149.jpg,9+5*8=49
train/45150.jpg,4+5*1=9
train/45151.jpg,8*2*8=128
train/45152.jpg,2*0-3=-3
train/45153.jpg,4*0+4=4
train/45154.jpg,1+(2-0)=3
train/45155.jpg,5-6*5=-25
train/45156.jpg,(5-3)*9=18
train/45157.jpg,0+7+1=8
train/45158.jpg,(1-1)-2=-2
train/45159.jpg,(1+2)-6=-3
train/45160.jpg,0+4+5=9
train/45161.jpg,(0*2)-6=-6
train/45162.jpg,0*0+1=1
train/45163.jpg,4*(3*4)=48
train/45164.jpg,(6+9)*8=120
train/45165.jpg,4+8*2=20
train/45166.jpg,4-1-0=3
train/45167.jpg,(9+9)*6=108
train/45168.jpg,(4-2)-1=1
train/45169.jpg,7+(4-3)=8
train/45170.jpg,(5+6)-5=6
train/45171.jpg,0-(0-0)=0
train/45172.jpg,(7*8)+0=56
train/45173.jpg,7+(3*4)=19
train/45174.jpg,(1*8)+6=14
train/45175.jpg,3+9*3=30
train/45176.jpg,(3*8)+2=26
train/45177.jpg,7-9+0=-2
train/45178.jpg,3*0*0=0
train/45179.jpg,9+2*2=13
train/45180.jpg,0-(3+4)=-7
train/45181.jpg,(6+7)-9=4
train/45182.jpg,(8+6)*0=0
train/45183.jpg,7+3-4=6
train/45184.jpg,(1-3)*6=-12
train/45185.jpg,5-4-3=-2
train/45186.jpg,1+(6-5)=2
train/45187.jpg,(5+2)*3=21
train/45188.jpg,(4-8)+8=4
train/45189.jpg,3*(7-2)=15
train/45190.jpg,3+(1-3)=1
train/45191.jpg,(0-9)*1=-9
train/45192.jpg,3-5+7=5
train/45193.jpg,7*(1-9)=-56
train/45194.jpg,0+(6-0)=6
train/45195.jpg,(5+8)+4=17
train/45196.jpg,9*(8-1)=63
train/45197.jpg,7+(9-6)=10
train/45198.jpg,9-7-0=2
train/45199.jpg,(2+9)-3=8
train/45200.jpg,5+9*8=77
train/45201.jpg,(5-3)*2=4
train/45202.jpg,(5+2)+5=12
train/45203.jpg,3*(3-5)=-6
train/45204.jpg,3*(3-1)=6
train/45205.jpg,2-3-3=-4
train/45206.jpg,2-(3-4)=3
train/45207.jpg,9-(8*1)=1
train/45208.jpg,4-9-1=-6
train/45209.jpg,(5+7)-8=4
train/45210.jpg,(8+5)*3=39
train/45211.jpg,(2-2)*2=0
train/45212.jpg,9*(9+4)=117
train/45213.jpg,3-(0+2)=1
train/45214.jpg,(8*0)-5=-5
train/45215.jpg,(4*4)-1=15
train/45216.jpg,8*6+6=54
train/45217.jpg,(1*7)*6=42
train/45218.jpg,(0+5)-4=1
train/45219.jpg,(3*3)*3=27
train/45220.jpg,0*5-5=-5
train/45221.jpg,6-4*3=-6
train/45222.jpg,7*1*3=21
train/45223.jpg,9+(9*4)=45
train/45224.jpg,(6-3)*4=12
train/45225.jpg,(3-6)+5=2
train/45226.jpg,2*(3+4)=14
train/45227.jpg,3+(6-8)=1
train/45228.jpg,8+1*4=12
train/45229.jpg,(3*4)+9=21
train/45230.jpg,6-(2*7)=-8
train/45231.jpg,(5-4)*1=1
train/45232.jpg,(3+9)+7=19
train/45233.jpg,1-3*4=-11
train/45234.jpg,5+(5-3)=7
train/45235.jpg,(8+3)*1=11
train/45236.jpg,3-9-5=-11
train/45237.jpg,(1*6)-3=3
train/45238.jpg,1-(4+3)=-6
train/45239.jpg,(1*1)-8=-7
train/45240.jpg,(5*0)+5=5
train/45241.jpg,(6*5)+0=30
train/45242.jpg,8-1*0=8
train/45243.jpg,4+8-9=3
train/45244.jpg,5*(6*5)=150
train/45245.jpg,(6*9)+7=61
train/45246.jpg,(2*0)*8=0
train/45247.jpg,6+(0+3)=9
train/45248.jpg,2+(5-6)=1
train/45249.jpg,(5+9)+4=18
train/45250.jpg,5*1+6=11
train/45251.jpg,0*6-9=-9
train/45252.jpg,0+(0+6)=6
train/45253.jpg,5-(6-6)=5
train/45254.jpg,4*(3*3)=36
train/45255.jpg,5+(8*7)=61
train/45256.jpg,0-7*6=-42
train/45257.jpg,7-(1*8)=-1
train/45258.jpg,(2-8)-9=-15
train/45259.jpg,2+9-8=3
train/45260.jpg,9*8+4=76
train/45261.jpg,8*(1+8)=72
train/45262.jpg,0-6*1=-6
train/45263.jpg,(2-3)*0=0
train/45264.jpg,4-5+2=1
train/45265.jpg,(9-3)*3=18
train/45266.jpg,5+4*7=33
train/45267.jpg,(6-6)+0=0
train/45268.jpg,(5*9)*1=45
train/45269.jpg,(1+6)-1=6
train/45270.jpg,6*(5*1)=30
train/45271.jpg,7-6-3=-2
train/45272.jpg,(1*3)-3=0
train/45273.jpg,(5-2)-4=-1
train/45274.jpg,(1*4)*5=20
train/45275.jpg,2*(3-3)=0
train/45276.jpg,7*(8*6)=336
train/45277.jpg,(6*2)*8=96
train/45278.jpg,2*(9+4)=26
train/45279.jpg,2*(1-9)=-16
train/45280.jpg,7+0-6=1
train/45281.jpg,(3*0)-1=-1
train/45282.jpg,(0*5)+0=0
train/45283.jpg,(4+1)*3=15
train/45284.jpg,0*(2-1)=0
train/45285.jpg,5-8*2=-11
train/45286.jpg,4*(4+2)=24
train/45287.jpg,(2+6)*4=32
train/45288.jpg,(3*3)*2=18
train/45289.jpg,9*(3+5)=72
train/45290.jpg,(0-0)-5=-5
train/45291.jpg,5-(4*6)=-19
train/45292.jpg,(2+7)+3=12
train/45293.jpg,9-9*6=-45
train/45294.jpg,6-(0+5)=1
train/45295.jpg,(3*1)*7=21
train/45296.jpg,(3*1)*1=3
train/45297.jpg,0*9*9=0
train/45298.jpg,1*0-6=-6
train/45299.jpg,9*(0+0)=0
train/45300.jpg,4-(0+1)=3
train/45301.jpg,1+(1-8)=-6
train/45302.jpg,1+2*8=17
train/45303.jpg,1-(8-1)=-6
train/45304.jpg,(6+0)-7=-1
train/45305.jpg,7+5-5=7
train/45306.jpg,6-5*1=1
train/45307.jpg,0*(2-3)=0
train/45308.jpg,9*5-5=40
train/45309.jpg,9*(4-4)=0
train/45310.jpg,(6*5)-1=29
train/45311.jpg,4-(5+0)=-1
train/45312.jpg,0*(0+6)=0
train/45313.jpg,4-4+9=9
train/45314.jpg,4*(1-5)=-16
train/45315.jpg,(9+8)*8=136
train/45316.jpg,8+2-6=4
train/45317.jpg,(1+5)-2=4
train/45318.jpg,(5*4)-5=15
train/45319.jpg,0*4+9=9
train/45320.jpg,2+(5+1)=8
train/45321.jpg,2*9-4=14
train/45322.jpg,7*(5-0)=35
train/45323.jpg,5-(6-1)=0
train/45324.jpg,(9*8)-1=71
train/45325.jpg,3+(5*0)=3
train/45326.jpg,5+1*0=5
train/45327.jpg,7-1-6=0
train/45328.jpg,(1*6)+4=10
train/45329.jpg,(2*2)-6=-2
train/45330.jpg,9*(6*3)=162
train/45331.jpg,4+(8+1)=13
train/45332.jpg,(6+2)+4=12
train/45333.jpg,(0*6)+8=8
train/45334.jpg,(2+9)-1=10
train/45335.jpg,(5*6)-3=27
train/45336.jpg,7-(1+5)=1
train/45337.jpg,7-(8*3)=-17
train/45338.jpg,1*(8+0)=8
train/45339.jpg,6-2+1=5
train/45340.jpg,5*(0*7)=0
train/45341.jpg,4-3+9=10
train/45342.jpg,3*(6+8)=42
train/45343.jpg,4+(6*6)=40
train/45344.jpg,2-(3*3)=-7
train/45345.jpg,3*(4+5)=27
train/45346.jpg,1-(3*9)=-26
train/45347.jpg,(0*0)+2=2
train/45348.jpg,1+(4*0)=1
train/45349.jpg,(9*9)*6=486
train/45350.jpg,(9+5)*0=0
train/45351.jpg,3-(3-0)=0
train/45352.jpg,5-(3+2)=0
train/45353.jpg,(3-3)*0=0
train/45354.jpg,5*(1-8)=-35
train/45355.jpg,(9*4)-8=28
train/45356.jpg,4*(5+6)=44
train/45357.jpg,4-(3*6)=-14
train/45358.jpg,(5*2)*5=50
train/45359.jpg,(8+5)+1=14
train/45360.jpg,5+1-0=6
train/45361.jpg,6-(4*8)=-26
train/45362.jpg,6-4-8=-6
train/45363.jpg,(1*7)-7=0
train/45364.jpg,1+6+7=14
train/45365.jpg,(1-6)*5=-25
train/45366.jpg,2*(3*8)=48
train/45367.jpg,5-8*7=-51
train/45368.jpg,1+(9+4)=14
train/45369.jpg,9+(0*0)=9
train/45370.jpg,4-9*5=-41
train/45371.jpg,(1+2)+2=5
train/45372.jpg,(3*7)-0=21
train/45373.jpg,6-5-6=-5
train/45374.jpg,4+3+8=15
train/45375.jpg,(9-8)+1=2
train/45376.jpg,7+(2-5)=4
train/45377.jpg,2-0*3=2
train/45378.jpg,(3*3)*6=54
train/45379.jpg,(4-6)+8=6
train/45380.jpg,2+(2+5)=9
train/45381.jpg,8-(8+7)=-7
train/45382.jpg,(9+1)*9=90
train/45383.jpg,(5+7)-0=12
train/45384.jpg,(2-2)+3=3
train/45385.jpg,7*(9*9)=567
train/45386.jpg,2-4+0=-2
train/45387.jpg,5+(2-3)=4
train/45388.jpg,(7+5)*6=72
train/45389.jpg,4+(2+8)=14
train/45390.jpg,6*(3*9)=162
train/45391.jpg,7*(5+7)=84
train/45392.jpg,9+6+9=24
train/45393.jpg,(4*8)*3=96
train/45394.jpg,4*(7*3)=84
train/45395.jpg,9*1*8=72
train/45396.jpg,(7*4)*0=0
train/45397.jpg,(4+3)+2=9
train/45398.jpg,8+0-7=1
train/45399.jpg,(9+7)*5=80
train/45400.jpg,(3+5)*3=24
train/45401.jpg,3*(4*5)=60
train/45402.jpg,6+(3-8)=1
train/45403.jpg,1*6*7=42
train/45404.jpg,(3+0)-8=-5
train/45405.jpg,0+(2-7)=-5
train/45406.jpg,(7*2)-7=7
train/45407.jpg,9*5+5=50
train/45408.jpg,9+5+7=21
train/45409.jpg,0+(6-6)=0
train/45410.jpg,9-(0-9)=18
train/45411.jpg,1+4*9=37
train/45412.jpg,9*3-3=24
train/45413.jpg,(7-1)+8=14
train/45414.jpg,9*(9+1)=90
train/45415.jpg,7*(1+9)=70
train/45416.jpg,3+(6-8)=1
train/45417.jpg,9-9+7=7
train/45418.jpg,(0-6)*0=0
train/45419.jpg,4+(3*9)=31
train/45420.jpg,(8+3)-0=11
train/45421.jpg,(8*6)+4=52
train/45422.jpg,4*3*0=0
train/45423.jpg,(3-0)*5=15
train/45424.jpg,3+(8*5)=43
train/45425.jpg,1+(2*1)=3
train/45426.jpg,6-1+9=14
train/45427.jpg,(5+6)-6=5
train/45428.jpg,(2-1)+7=8
train/45429.jpg,7*6+8=50
train/45430.jpg,2*(1-8)=-14
train/45431.jpg,(5+6)*2=22
train/45432.jpg,3*(3-7)=-12
train/45433.jpg,4+4*0=4
train/45434.jpg,(3+6)-1=8
train/45435.jpg,(5+0)*9=45
train/45436.jpg,8-0*2=8
train/45437.jpg,6-(5+0)=1
train/45438.jpg,7+7*4=35
train/45439.jpg,7*(2-4)=-14
train/45440.jpg,6+(1*9)=15
train/45441.jpg,2*(7-6)=2
train/45442.jpg,2-(8-1)=-5
train/45443.jpg,2*5+5=15
train/45444.jpg,5*(1+6)=35
train/45445.jpg,(9+8)+4=21
train/45446.jpg,8*(2*4)=64
train/45447.jpg,(0-1)+3=2
train/45448.jpg,3*(0-3)=-9
train/45449.jpg,2*(9*8)=144
train/45450.jpg,9-(7*6)=-33
train/45451.jpg,2-8-2=-8
train/45452.jpg,(1-1)*4=0
train/45453.jpg,7-5-1=1
train/45454.jpg,9+0-8=1
train/45455.jpg,(9-5)-6=-2
train/45456.jpg,3+(6-7)=2
train/45457.jpg,6*(9-1)=48
train/45458.jpg,1*(0-7)=-7
train/45459.jpg,1*(3+4)=7
train/45460.jpg,9*(1-3)=-18
train/45461.jpg,9-0*6=9
train/45462.jpg,3-(7*7)=-46
train/45463.jpg,6+(2-5)=3
train/45464.jpg,(7-3)+9=13
train/45465.jpg,5-(5-4)=4
train/45466.jpg,8-(5-8)=11
train/45467.jpg,0+(1-6)=-5
train/45468.jpg,9*6-8=46
train/45469.jpg,5*7*1=35
train/45470.jpg,5+4-4=5
train/45471.jpg,2-0-3=-1
train/45472.jpg,4*7-7=21
train/45473.jpg,6+(8-9)=5
train/45474.jpg,(0*5)-7=-7
train/45475.jpg,(0+5)*9=45
train/45476.jpg,8+3*8=32
train/45477.jpg,3-7+0=-4
train/45478.jpg,4-(6+1)=-3
train/45479.jpg,2-(3*6)=-16
train/45480.jpg,(6-8)*9=-18
train/45481.jpg,(4+0)-8=-4
train/45482.jpg,2*0+0=0
train/45483.jpg,8-8*5=-32
train/45484.jpg,2*(3-5)=-4
train/45485.jpg,8+(2-5)=5
train/45486.jpg,2+(1*1)=3
train/45487.jpg,7*(1+2)=21
train/45488.jpg,2-8+7=1
train/45489.jpg,6-4*0=6
train/45490.jpg,4+3+5=12
train/45491.jpg,(3*4)*2=24
train/45492.jpg,9+6-5=10
train/45493.jpg,(5+2)-0=7
train/45494.jpg,5*5-2=23
train/45495.jpg,6-(6*2)=-6
train/45496.jpg,(5-9)-8=-12
train/45497.jpg,5-(8-5)=2
train/45498.jpg,0-(2*0)=0
train/45499.jpg,9*9*6=486
train/45500.jpg,(3+1)-5=-1
train/45501.jpg,(0-4)*9=-36
train/45502.jpg,5-0+0=5
train/45503.jpg,8-6*9=-46
train/45504.jpg,4+(3-0)=7
train/45505.jpg,2-0+3=5
train/45506.jpg,4-5*1=-1
train/45507.jpg,8-8-3=-3
train/45508.jpg,1-0*4=1
train/45509.jpg,5+4-9=0
train/45510.jpg,5+(9*4)=41
train/45511.jpg,(2+2)*2=8
train/45512.jpg,2*(8+7)=30
train/45513.jpg,9-3*6=-9
train/45514.jpg,3-(2*3)=-3
train/45515.jpg,3+1-5=-1
train/45516.jpg,0-8*8=-64
train/45517.jpg,0+(2+1)=3
train/45518.jpg,(1-6)*4=-20
train/45519.jpg,3+1-0=4
train/45520.jpg,(9-4)+6=11
train/45521.jpg,(1+1)+2=4
train/45522.jpg,(1-6)+1=-4
train/45523.jpg,(8*7)-3=53
train/45524.jpg,3+(5*5)=28
train/45525.jpg,3-(0*0)=3
train/45526.jpg,(9-6)+7=10
train/45527.jpg,(5*8)-0=40
train/45528.jpg,6-9-2=-5
train/45529.jpg,(9+3)*8=96
train/45530.jpg,(2*3)+1=7
train/45531.jpg,(0-1)*0=0
train/45532.jpg,8+7-5=10
train/45533.jpg,0*4*9=0
train/45534.jpg,4+1*3=7
train/45535.jpg,7-(5+6)=-4
train/45536.jpg,5-6*1=-1
train/45537.jpg,2+0+0=2
train/45538.jpg,(9+5)-3=11
train/45539.jpg,(4*3)+0=12
train/45540.jpg,(5+0)+6=11
train/45541.jpg,2*4*9=72
train/45542.jpg,(1+8)*9=81
train/45543.jpg,9-0*6=9
train/45544.jpg,9-(2*9)=-9
train/45545.jpg,3*4-0=12
train/45546.jpg,(5*1)*5=25
train/45547.jpg,(8+2)+7=17
train/45548.jpg,6+(9*1)=15
train/45549.jpg,9+6*6=45
train/45550.jpg,2*(6*0)=0
train/45551.jpg,4+(9*7)=67
train/45552.jpg,(7+8)*8=120
train/45553.jpg,(2-4)*9=-18
train/45554.jpg,1-(3*6)=-17
train/45555.jpg,3-(8*1)=-5
train/45556.jpg,3-(4*2)=-5
train/45557.jpg,8-(7*4)=-20
train/45558.jpg,4*(1-0)=4
train/45559.jpg,7-(6-1)=2
train/45560.jpg,0+4+5=9
train/45561.jpg,(7+1)+8=16
train/45562.jpg,(7+4)+9=20
train/45563.jpg,1*(8*4)=32
train/45564.jpg,5*0*6=0
train/45565.jpg,2-(7-2)=-3
train/45566.jpg,(8*0)*6=0
train/45567.jpg,(0*2)-2=-2
train/45568.jpg,8*8-5=59
train/45569.jpg,2*1+1=3
train/45570.jpg,8-3*3=-1
train/45571.jpg,5*0-2=-2
train/45572.jpg,8*(9+7)=128
train/45573.jpg,(6-1)+7=12
train/45574.jpg,3-(1-2)=4
train/45575.jpg,(5+0)*3=15
train/45576.jpg,1-2+7=6
train/45577.jpg,8*(5+5)=80
train/45578.jpg,3-(8+9)=-14
train/45579.jpg,6-(2-8)=12
train/45580.jpg,(3-5)-3=-5
train/45581.jpg,(5-8)*9=-27
train/45582.jpg,(2-0)+4=6
train/45583.jpg,0-6-8=-14
train/45584.jpg,3+(8*7)=59
train/45585.jpg,0+(0-5)=-5
train/45586.jpg,(8-9)*9=-9
train/45587.jpg,(0*1)-1=-1
train/45588.jpg,(0+8)-8=0
train/45589.jpg,9+4+3=16
train/45590.jpg,(6-6)+1=1
train/45591.jpg,7-5*7=-28
train/45592.jpg,(8-3)-0=5
train/45593.jpg,(4-0)+4=8
train/45594.jpg,(1+3)-3=1
train/45595.jpg,2*(2+4)=12
train/45596.jpg,(4+4)-3=5
train/45597.jpg,(4-9)-1=-6
train/45598.jpg,4-(5+7)=-8
train/45599.jpg,(9*0)*6=0
train/45600.jpg,5*4-6=14
train/45601.jpg,(3+1)*7=28
train/45602.jpg,1*(6*8)=48
train/45603.jpg,3-(6*2)=-9
train/45604.jpg,3+9-0=12
train/45605.jpg,6+2+5=13
train/45606.jpg,(7-7)+7=7
train/45607.jpg,1+4+4=9
train/45608.jpg,3-1-1=1
train/45609.jpg,6*(3*4)=72
train/45610.jpg,8+(5*4)=28
train/45611.jpg,6*4-9=15
train/45612.jpg,3-7*4=-25
train/45613.jpg,2*(2+9)=22
train/45614.jpg,2-(4-5)=3
train/45615.jpg,2-(6+7)=-11
train/45616.jpg,(9+6)-1=14
train/45617.jpg,2*6*5=60
train/45618.jpg,(3-3)+5=5
train/45619.jpg,6*(4+0)=24
train/45620.jpg,(1+8)*2=18
train/45621.jpg,3+2*4=11
train/45622.jpg,2*(5-9)=-8
train/45623.jpg,(2+2)*3=12
train/45624.jpg,0-7*6=-42
train/45625.jpg,7*(3+8)=77
train/45626.jpg,(2*2)+6=10
train/45627.jpg,1+(4*1)=5
train/45628.jpg,(7+8)-3=12
train/45629.jpg,(6+6)+5=17
train/45630.jpg,2-9+5=-2
train/45631.jpg,4+(8+5)=17
train/45632.jpg,(8-3)*1=5
train/45633.jpg,(4-9)-7=-12
train/45634.jpg,(1+8)+5=14
train/45635.jpg,6*7*4=168
train/45636.jpg,7+6*5=37
train/45637.jpg,8-(9-9)=8
train/45638.jpg,5*(9+6)=75
train/45639.jpg,(5*4)*2=40
train/45640.jpg,(8*9)+6=78
train/45641.jpg,4+(8+1)=13
train/45642.jpg,6+(2-3)=5
train/45643.jpg,9*7-2=61
train/45644.jpg,8+5-6=7
train/45645.jpg,7-6*8=-41
train/45646.jpg,4+7-4=7
train/45647.jpg,8-(0-7)=15
train/45648.jpg,(2+1)-8=-5
train/45649.jpg,(9+1)+8=18
train/45650.jpg,6-(1+7)=-2
train/45651.jpg,9+1*6=15
train/45652.jpg,5+5+1=11
train/45653.jpg,1+3+2=6
train/45654.jpg,(4*6)*7=168
train/45655.jpg,(2*2)-0=4
train/45656.jpg,3-(8+3)=-8
train/45657.jpg,1*6*1=6
train/45658.jpg,5-(7-1)=-1
train/45659.jpg,3*(0+2)=6
train/45660.jpg,(9-0)*2=18
train/45661.jpg,1*4-0=4
train/45662.jpg,1*3*4=12
train/45663.jpg,0*1-1=-1
train/45664.jpg,2+9*3=29
train/45665.jpg,6-0-6=0
train/45666.jpg,9-8-1=0
train/45667.jpg,7+4-0=11
train/45668.jpg,0*(6+0)=0
train/45669.jpg,8+4*2=16
train/45670.jpg,(2+2)*9=36
train/45671.jpg,4+(6-7)=3
train/45672.jpg,7*6+0=42
train/45673.jpg,7+(9-9)=7
train/45674.jpg,1+(7+9)=17
train/45675.jpg,7-(3+5)=-1
train/45676.jpg,6+7+8=21
train/45677.jpg,7*6-0=42
train/45678.jpg,7+6-7=6
train/45679.jpg,2*(0+6)=12
train/45680.jpg,(5+0)+0=5
train/45681.jpg,0-8*3=-24
train/45682.jpg,9*(6-3)=27
train/45683.jpg,6+0-4=2
train/45684.jpg,(0*8)-4=-4
train/45685.jpg,2*6-6=6
train/45686.jpg,3*4+0=12
train/45687.jpg,9+(6+5)=20
train/45688.jpg,1+2-7=-4
train/45689.jpg,(3+3)-6=0
train/45690.jpg,(1+6)+8=15
train/45691.jpg,6+(9+7)=22
train/45692.jpg,3-(0-6)=9
train/45693.jpg,3+(0*1)=3
train/45694.jpg,(6-7)*1=-1
train/45695.jpg,3*(0*7)=0
train/45696.jpg,7-7+8=8
train/45697.jpg,(2-9)*2=-14
train/45698.jpg,(8*3)*1=24
train/45699.jpg,3-(4+2)=-3
train/45700.jpg,6+4-3=7
train/45701.jpg,(6+8)*0=0
train/45702.jpg,(5+1)+0=6
train/45703.jpg,(0+2)+3=5
train/45704.jpg,(7*5)*7=245
train/45705.jpg,(4+6)+8=18
train/45706.jpg,(8-5)*9=27
train/45707.jpg,9-(5-1)=5
train/45708.jpg,(7-9)-6=-8
train/45709.jpg,4-3+4=5
train/45710.jpg,(0-9)+7=-2
train/45711.jpg,1-5-7=-11
train/45712.jpg,6-(9-4)=1
train/45713.jpg,(7-0)-9=-2
train/45714.jpg,4*0*6=0
train/45715.jpg,(6*6)*6=216
train/45716.jpg,(5-4)+6=7
train/45717.jpg,3*7+4=25
train/45718.jpg,(9*5)*0=0
train/45719.jpg,1*4-2=2
train/45720.jpg,(4-1)-0=3
train/45721.jpg,0*3*5=0
train/45722.jpg,(4*8)-4=28
train/45723.jpg,(3+9)-4=8
train/45724.jpg,7+9+8=24
train/45725.jpg,1*8-0=8
train/45726.jpg,5+(5-0)=10
train/45727.jpg,(1-0)*9=9
train/45728.jpg,1*(0-2)=-2
train/45729.jpg,9+(8-2)=15
train/45730.jpg,(0*4)-0=0
train/45731.jpg,6+1*1=7
train/45732.jpg,(4-1)-2=1
train/45733.jpg,6*1*7=42
train/45734.jpg,8-(5-8)=11
train/45735.jpg,4-(5-0)=-1
train/45736.jpg,(5-8)*0=0
train/45737.jpg,8*(4-1)=24
train/45738.jpg,(7*3)-2=19
train/45739.jpg,7+(8-4)=11
train/45740.jpg,9*3*8=216
train/45741.jpg,(8*1)-0=8
train/45742.jpg,1+3-5=-1
train/45743.jpg,(0+6)+8=14
train/45744.jpg,(1+1)+2=4
train/45745.jpg,(4-4)-7=-7
train/45746.jpg,7-(2-6)=11
train/45747.jpg,5+2+3=10
train/45748.jpg,9-(3-0)=6
train/45749.jpg,2-6*8=-46
train/45750.jpg,(6*0)+2=2
train/45751.jpg,5+7-4=8
train/45752.jpg,3*(8-0)=24
train/45753.jpg,0+4+0=4
train/45754.jpg,2-(7*2)=-12
train/45755.jpg,7+0*3=7
train/45756.jpg,0-0-8=-8
train/45757.jpg,(0+7)+8=15
train/45758.jpg,6*7+9=51
train/45759.jpg,0-(8-8)=0
train/45760.jpg,9*(8+4)=108
train/45761.jpg,(4*3)-3=9
train/45762.jpg,9+7-2=14
train/45763.jpg,6+5*4=26
train/45764.jpg,3-(7-4)=0
train/45765.jpg,5-(3-3)=5
train/45766.jpg,(2-8)-5=-11
train/45767.jpg,0*(2*9)=0
train/45768.jpg,9-(1-4)=12
train/45769.jpg,2-6-7=-11
train/45770.jpg,(7+2)-1=8
train/45771.jpg,4*(9+6)=60
train/45772.jpg,(9-9)*3=0
train/45773.jpg,8-(2*1)=6
train/45774.jpg,3+0-7=-4
train/45775.jpg,2+3*1=5
train/45776.jpg,2+(5*7)=37
train/45777.jpg,8+(7+0)=15
train/45778.jpg,(1-2)+1=0
train/45779.jpg,(9-6)+6=9
train/45780.jpg,0-0*1=0
train/45781.jpg,7+5*9=52
train/45782.jpg,(6+3)+3=12
train/45783.jpg,(7*8)*8=448
train/45784.jpg,6*3+7=25
train/45785.jpg,8+(0-8)=0
train/45786.jpg,3*(6-2)=12
train/45787.jpg,2*(7*9)=126
train/45788.jpg,7-9-9=-11
train/45789.jpg,3+6-6=3
train/45790.jpg,6-7*2=-8
train/45791.jpg,(9-2)*2=14
train/45792.jpg,(3+0)-1=2
train/45793.jpg,(3*7)*1=21
train/45794.jpg,(4+1)+0=5
train/45795.jpg,(0-2)-8=-10
train/45796.jpg,5*7*7=245
train/45797.jpg,2-(7+6)=-11
train/45798.jpg,4+(5-3)=6
train/45799.jpg,6+(6*8)=54
train/45800.jpg,7*(3*5)=105
train/45801.jpg,(0-2)-3=-5
train/45802.jpg,0*(8+7)=0
train/45803.jpg,4+(0*6)=4
train/45804.jpg,3-2*0=3
train/45805.jpg,1+(3+7)=11
train/45806.jpg,(6*7)-1=41
train/45807.jpg,5-3+0=2
train/45808.jpg,7*3-7=14
train/45809.jpg,3*(1-9)=-24
train/45810.jpg,6+0-5=1
train/45811.jpg,5-(4-9)=10
train/45812.jpg,(3-4)-6=-7
train/45813.jpg,8-0-5=3
train/45814.jpg,0*3-7=-7
train/45815.jpg,(2*9)+3=21
train/45816.jpg,0-(7+5)=-12
train/45817.jpg,8+2+0=10
train/45818.jpg,6-1+8=13
train/45819.jpg,4-7*4=-24
train/45820.jpg,(6+8)-6=8
train/45821.jpg,6-5-5=-4
train/45822.jpg,(6*9)*0=0
train/45823.jpg,4*(1+4)=20
train/45824.jpg,(1-5)*6=-24
train/45825.jpg,(0+8)-6=2
train/45826.jpg,(7-3)*2=8
train/45827.jpg,1+(7+8)=16
train/45828.jpg,(8*8)+3=67
train/45829.jpg,(2*1)+1=3
train/45830.jpg,6*(8+3)=66
train/45831.jpg,4*(4-0)=16
train/45832.jpg,5+(8*4)=37
train/45833.jpg,(9-6)-6=-3
train/45834.jpg,6+6+5=17
train/45835.jpg,8*8*0=0
train/45836.jpg,9-(8-0)=1
train/45837.jpg,0+4-2=2
train/45838.jpg,2*1+6=8
train/45839.jpg,(2+8)*0=0
train/45840.jpg,1+2+6=9
train/45841.jpg,5*2-4=6
train/45842.jpg,(9+1)*9=90
train/45843.jpg,8+4+9=21
train/45844.jpg,9-(8-4)=5
train/45845.jpg,9*(6+3)=81
train/45846.jpg,2*1*7=14
train/45847.jpg,(8-5)-9=-6
train/45848.jpg,4-4*0=4
train/45849.jpg,6*(6-6)=0
train/45850.jpg,7+9-8=8
train/45851.jpg,4+8*7=60
train/45852.jpg,6-(5+6)=-5
train/45853.jpg,6-8*4=-26
train/45854.jpg,4*0-6=-6
train/45855.jpg,(5-8)+6=3
train/45856.jpg,(2-9)*0=0
train/45857.jpg,(0-0)+5=5
train/45858.jpg,(1+6)-5=2
train/45859.jpg,0*(9*2)=0
train/45860.jpg,1+3+0=4
train/45861.jpg,0*0-2=-2
train/45862.jpg,3-5-8=-10
train/45863.jpg,1+(0*2)=1
train/45864.jpg,(7+1)*6=48
train/45865.jpg,3+(4*8)=35
train/45866.jpg,(2-0)+3=5
train/45867.jpg,2+6+8=16
train/45868.jpg,(0*1)+5=5
train/45869.jpg,9+6+9=24
train/45870.jpg,4-(7*2)=-10
train/45871.jpg,8-1*0=8
train/45872.jpg,3*(4*2)=24
train/45873.jpg,7+7*3=28
train/45874.jpg,0+2-8=-6
train/45875.jpg,(1*1)+2=3
train/45876.jpg,9+(0+1)=10
train/45877.jpg,9+1+9=19
train/45878.jpg,(3*9)-3=24
train/45879.jpg,(1-1)-6=-6
train/45880.jpg,7*(8*8)=448
train/45881.jpg,7-(5+3)=-1
train/45882.jpg,(7-6)+5=6
train/45883.jpg,3*0-1=-1
train/45884.jpg,0*5-2=-2
train/45885.jpg,(6+7)-4=9
train/45886.jpg,4+7*2=18
train/45887.jpg,(2-5)*9=-27
train/45888.jpg,3*3-0=9
train/45889.jpg,(8+9)+2=19
train/45890.jpg,0+(3*3)=9
train/45891.jpg,5-(0+7)=-2
train/45892.jpg,2-2+3=3
train/45893.jpg,(6*9)*4=216
train/45894.jpg,(7+6)*7=91
train/45895.jpg,(9*6)*2=108
train/45896.jpg,(4+2)-8=-2
train/45897.jpg,(4-9)+3=-2
train/45898.jpg,0-(2+3)=-5
train/45899.jpg,1*6*0=0
train/45900.jpg,1+(6*7)=43
train/45901.jpg,7+(8*5)=47
train/45902.jpg,(5-6)-8=-9
train/45903.jpg,7-3*3=-2
train/45904.jpg,(9*8)*7=504
train/45905.jpg,(0+5)+0=5
train/45906.jpg,(5-4)+0=1
train/45907.jpg,2*(1+9)=20
train/45908.jpg,(4+7)-9=2
train/45909.jpg,0+(3*7)=21
train/45910.jpg,9+5+2=16
train/45911.jpg,(8-2)+2=8
train/45912.jpg,(0+1)+9=10
train/45913.jpg,7+(4-7)=4
train/45914.jpg,3+8-3=8
train/45915.jpg,2*(2+4)=12
train/45916.jpg,0+2+1=3
train/45917.jpg,(9-9)-8=-8
train/45918.jpg,1-2+4=3
train/45919.jpg,9+(4-1)=12
train/45920.jpg,(9-6)+8=11
train/45921.jpg,1-(4-2)=-1
train/45922.jpg,1*(8*3)=24
train/45923.jpg,(3-2)*9=9
train/45924.jpg,3-(4*1)=-1
train/45925.jpg,(2+6)+8=16
train/45926.jpg,2-(2*3)=-4
train/45927.jpg,8*2-8=8
train/45928.jpg,7+(5+2)=14
train/45929.jpg,6+9*6=60
train/45930.jpg,4*(1*7)=28
train/45931.jpg,1-6*5=-29
train/45932.jpg,2+(2-3)=1
train/45933.jpg,0-(3*1)=-3
train/45934.jpg,(1+1)+4=6
train/45935.jpg,5*3+7=22
train/45936.jpg,3+2-6=-1
train/45937.jpg,7+2+7=16
train/45938.jpg,(3*3)*4=36
train/45939.jpg,(0+3)-7=-4
train/45940.jpg,7*2+7=21
train/45941.jpg,(4*3)-9=3
train/45942.jpg,(3*9)*4=108
train/45943.jpg,(5*1)-7=-2
train/45944.jpg,9+(9*2)=27
train/45945.jpg,(8+0)-3=5
train/45946.jpg,6-(3-9)=12
train/45947.jpg,0-(6*6)=-36
train/45948.jpg,8+8+5=21
train/45949.jpg,(1-2)*3=-3
train/45950.jpg,(9*6)*5=270
train/45951.jpg,6-(9+5)=-8
train/45952.jpg,8*(3+0)=24
train/45953.jpg,(9*6)*5=270
train/45954.jpg,0-8*5=-40
train/45955.jpg,8-7*5=-27
train/45956.jpg,3-(2*4)=-5
train/45957.jpg,0*(0+5)=0
train/45958.jpg,(7-8)*9=-9
train/45959.jpg,1+(1*9)=10
train/45960.jpg,1-(6*3)=-17
train/45961.jpg,(7*6)*2=84
train/45962.jpg,6*0*7=0
train/45963.jpg,9*5-6=39
train/45964.jpg,(6-8)*1=-2
train/45965.jpg,(9*4)*6=216
train/45966.jpg,5*4-3=17
train/45967.jpg,8*4+1=33
train/45968.jpg,6*(0*8)=0
train/45969.jpg,7*(5+8)=91
train/45970.jpg,4-2*1=2
train/45971.jpg,2-2*1=0
train/45972.jpg,1+(9+9)=19
train/45973.jpg,(3+3)*0=0
train/45974.jpg,(7-7)*8=0
train/45975.jpg,0-(8-9)=1
train/45976.jpg,2+2-1=3
train/45977.jpg,0+(7*4)=28
train/45978.jpg,(5-7)*0=0
train/45979.jpg,7*0+1=1
train/45980.jpg,9-(8*7)=-47
train/45981.jpg,0*(6-7)=0
train/45982.jpg,0*8-1=-1
train/45983.jpg,(1-6)-6=-11
train/45984.jpg,(2-2)-1=-1
train/45985.jpg,(8+9)-9=8
train/45986.jpg,(3+9)-0=12
train/45987.jpg,1-2+0=-1
train/45988.jpg,(9*3)*2=54
train/45989.jpg,0+(1-0)=1
train/45990.jpg,9-(5-8)=12
train/45991.jpg,(5+2)+2=9
train/45992.jpg,6-6+1=1
train/45993.jpg,2-(8-6)=0
train/45994.jpg,3*(4*8)=96
train/45995.jpg,5+(3*7)=26
train/45996.jpg,8*(5*6)=240
train/45997.jpg,(6*1)*9=54
train/45998.jpg,8-3*9=-19
train/45999.jpg,(3*7)+4=25
train/46000.jpg,(4-8)-0=-4
train/46001.jpg,(7-4)*0=0
train/46002.jpg,(5-4)*2=2
train/46003.jpg,5-(5*4)=-15
train/46004.jpg,9+4*2=17
train/46005.jpg,4+4+8=16
train/46006.jpg,0*(6-2)=0
train/46007.jpg,3*(6*7)=126
train/46008.jpg,1-3+7=5
train/46009.jpg,3*8-6=18
train/46010.jpg,6-9*5=-39
train/46011.jpg,(6+1)+4=11
train/46012.jpg,(2+1)-4=-1
train/46013.jpg,(1-5)*1=-4
train/46014.jpg,7-(8+8)=-9
train/46015.jpg,9+(3+1)=13
train/46016.jpg,(2*5)+4=14
train/46017.jpg,(3+4)+1=8
train/46018.jpg,(4+8)*3=36
train/46019.jpg,9+(5*8)=49
train/46020.jpg,(0-2)-9=-11
train/46021.jpg,9*(1*4)=36
train/46022.jpg,9+6-4=11
train/46023.jpg,0-2+5=3
train/46024.jpg,4*(3*9)=108
train/46025.jpg,8-(6*1)=2
train/46026.jpg,(2+0)*7=14
train/46027.jpg,8+3-5=6
train/46028.jpg,6*(7*6)=252
train/46029.jpg,3-8+4=-1
train/46030.jpg,9-6*0=9
train/46031.jpg,(3*1)+6=9
train/46032.jpg,(9*5)+6=51
train/46033.jpg,4+4+3=11
train/46034.jpg,6*2+2=14
train/46035.jpg,8-3*3=-1
train/46036.jpg,3*0-8=-8
train/46037.jpg,(3-0)+0=3
train/46038.jpg,1-5-0=-4
train/46039.jpg,1+0*2=1
train/46040.jpg,3*(8*3)=72
train/46041.jpg,5+(2+9)=16
train/46042.jpg,(8-0)*8=64
train/46043.jpg,8+1-1=8
train/46044.jpg,(0-9)-0=-9
train/46045.jpg,1+(4-6)=-1
train/46046.jpg,(1+3)-3=1
train/46047.jpg,8*(8*4)=256
train/46048.jpg,8*5+3=43
train/46049.jpg,6+3*1=9
train/46050.jpg,(0-0)-2=-2
train/46051.jpg,4-(8*1)=-4
train/46052.jpg,6*(3*5)=90
train/46053.jpg,(7-3)+8=12
train/46054.jpg,7+8*7=63
train/46055.jpg,5*(1-1)=0
train/46056.jpg,2+2*2=6
train/46057.jpg,2*(5-1)=8
train/46058.jpg,(8*7)*4=224
train/46059.jpg,8-1*1=7
train/46060.jpg,(5-4)+6=7
train/46061.jpg,(6-2)*8=32
train/46062.jpg,0-(2*2)=-4
train/46063.jpg,(7+1)+1=9
train/46064.jpg,(9-1)+1=9
train/46065.jpg,(6+0)+7=13
train/46066.jpg,(6-7)+3=2
train/46067.jpg,8-9+5=4
train/46068.jpg,(9+0)*4=36
train/46069.jpg,(8*6)*9=432
train/46070.jpg,2*0*2=0
train/46071.jpg,9+2*1=11
train/46072.jpg,5+7-1=11
train/46073.jpg,1+(2+9)=12
train/46074.jpg,(6*9)*6=324
train/46075.jpg,5-4+9=10
train/46076.jpg,2+5+4=11
train/46077.jpg,9+6+5=20
train/46078.jpg,4*(0*3)=0
train/46079.jpg,0*1+8=8
train/46080.jpg,0-(6*6)=-36
train/46081.jpg,(4+5)-6=3
train/46082.jpg,8+(1*6)=14
train/46083.jpg,7*(9+7)=112
train/46084.jpg,5+(8+6)=19
train/46085.jpg,3+(5*5)=28
train/46086.jpg,(4-9)+6=1
train/46087.jpg,(6*7)-5=37
train/46088.jpg,7+(3*8)=31
train/46089.jpg,9*9-5=76
train/46090.jpg,7+(5*1)=12
train/46091.jpg,5-0-6=-1
train/46092.jpg,(6+4)+1=11
train/46093.jpg,5*0*2=0
train/46094.jpg,8-2*8=-8
train/46095.jpg,8*(9+0)=72
train/46096.jpg,0+(6-6)=0
train/46097.jpg,(4+0)+4=8
train/46098.jpg,0+(1*1)=1
train/46099.jpg,3*(7*7)=147
train/46100.jpg,(9*0)*3=0
train/46101.jpg,(9-9)+6=6
train/46102.jpg,2+(2-1)=3
train/46103.jpg,3*3*5=45
train/46104.jpg,(9-9)-2=-2
train/46105.jpg,1-(9*4)=-35
train/46106.jpg,0+(9-6)=3
train/46107.jpg,7+(9-0)=16
train/46108.jpg,(0+6)+2=8
train/46109.jpg,1-6*3=-17
train/46110.jpg,1*(8*7)=56
train/46111.jpg,(4-2)+5=7
train/46112.jpg,0+(7-5)=2
train/46113.jpg,0+(6+3)=9
train/46114.jpg,9+4*1=13
train/46115.jpg,(4-7)-1=-4
train/46116.jpg,4+2*7=18
train/46117.jpg,(4-9)*2=-10
train/46118.jpg,7*3-5=16
train/46119.jpg,6-9*8=-66
train/46120.jpg,1-9+3=-5
train/46121.jpg,2+(9*1)=11
train/46122.jpg,0*4*7=0
train/46123.jpg,4+7-7=4
train/46124.jpg,9-5+5=9
train/46125.jpg,2+0+1=3
train/46126.jpg,1*0*0=0
train/46127.jpg,(0+1)-1=0
train/46128.jpg,7-7*8=-49
train/46129.jpg,4+7+1=12
train/46130.jpg,8+(0*3)=8
train/46131.jpg,0-2*6=-12
train/46132.jpg,8-(2-1)=7
train/46133.jpg,0*1*4=0
train/46134.jpg,4-5*7=-31
train/46135.jpg,9-0*5=9
train/46136.jpg,(3*3)+0=9
train/46137.jpg,5*4+1=21
train/46138.jpg,3+1-1=3
train/46139.jpg,(7+9)-2=14
train/46140.jpg,8*1-0=8
train/46141.jpg,8*(1+7)=64
train/46142.jpg,2*3-0=6
train/46143.jpg,5+(6+5)=16
train/46144.jpg,4-(5-8)=7
train/46145.jpg,(2*1)-2=0
train/46146.jpg,(3-7)-1=-5
train/46147.jpg,5*(4*7)=140
train/46148.jpg,5+7*3=26
train/46149.jpg,0+(8-5)=3
train/46150.jpg,(3-4)+2=1
train/46151.jpg,6*(3-7)=-24
train/46152.jpg,(5*5)*6=150
train/46153.jpg,0+1+4=5
train/46154.jpg,(1*3)+1=4
train/46155.jpg,(4-3)*4=4
train/46156.jpg,8*4-4=28
train/46157.jpg,(2*9)+2=20
train/46158.jpg,3*(9-3)=18
train/46159.jpg,(0-4)*6=-24
train/46160.jpg,(2*4)*6=48
train/46161.jpg,(4-5)-2=-3
train/46162.jpg,(4+5)*4=36
train/46163.jpg,3+(0*9)=3
train/46164.jpg,(0*2)+2=2
train/46165.jpg,6-9+8=5
train/46166.jpg,0+(7+5)=12
train/46167.jpg,3*1*1=3
train/46168.jpg,7*7+4=53
train/46169.jpg,(3+7)-2=8
train/46170.jpg,(0+8)-4=4
train/46171.jpg,1*0-6=-6
train/46172.jpg,(4-8)-1=-5
train/46173.jpg,3*(9-1)=24
train/46174.jpg,(9-5)-6=-2
train/46175.jpg,(4+4)+4=12
train/46176.jpg,3*8+0=24
train/46177.jpg,(8-3)+3=8
train/46178.jpg,(8*4)-5=27
train/46179.jpg,(0*7)+4=4
train/46180.jpg,0*4*7=0
train/46181.jpg,(6+5)-3=8
train/46182.jpg,1*(2*1)=2
train/46183.jpg,5-(6+9)=-10
train/46184.jpg,5-(3+7)=-5
train/46185.jpg,3+5+8=16
train/46186.jpg,7*(9-9)=0
train/46187.jpg,(8+5)*9=117
train/46188.jpg,(8*5)+5=45
train/46189.jpg,(2*2)+4=8
train/46190.jpg,3+(9*6)=57
train/46191.jpg,(8-2)*6=36
train/46192.jpg,5*6*1=30
train/46193.jpg,9-3+3=9
train/46194.jpg,0+0*5=0
train/46195.jpg,3+6+7=16
train/46196.jpg,5+7+7=19
train/46197.jpg,0-4-4=-8
train/46198.jpg,5-5+6=6
train/46199.jpg,9*8*0=0
train/46200.jpg,7-(2+1)=4
train/46201.jpg,(2+2)+9=13
train/46202.jpg,(2-3)+6=5
train/46203.jpg,3+7+1=11
train/46204.jpg,7*(7+9)=112
train/46205.jpg,(9-1)*4=32
train/46206.jpg,2+6-3=5
train/46207.jpg,(9*3)+6=33
train/46208.jpg,(9-5)*1=4
train/46209.jpg,3-(7-4)=0
train/46210.jpg,(4+7)+7=18
train/46211.jpg,3+5+4=12
train/46212.jpg,6-(7*6)=-36
train/46213.jpg,7-(3*0)=7
train/46214.jpg,5*(6+2)=40
train/46215.jpg,0*(3+8)=0
train/46216.jpg,1+(5*9)=46
train/46217.jpg,(7+4)*3=33
train/46218.jpg,7-0-2=5
train/46219.jpg,8+(1+8)=17
train/46220.jpg,8*(0-5)=-40
train/46221.jpg,7-(2*0)=7
train/46222.jpg,(8-2)+3=9
train/46223.jpg,1*2-6=-4
train/46224.jpg,0+8-3=5
train/46225.jpg,6*9-5=49
train/46226.jpg,3*1*0=0
train/46227.jpg,(0*1)+2=2
train/46228.jpg,(5+6)+9=20
train/46229.jpg,3+(7-2)=8
train/46230.jpg,(9-8)+1=2
train/46231.jpg,(0+5)-8=-3
train/46232.jpg,4+(9-8)=5
train/46233.jpg,1*(7-1)=6
train/46234.jpg,6+0-0=6
train/46235.jpg,0*(1*0)=0
train/46236.jpg,(8-1)+2=9
train/46237.jpg,6-(5+4)=-3
train/46238.jpg,9+0-6=3
train/46239.jpg,(4*5)*8=160
train/46240.jpg,2+8*0=2
train/46241.jpg,(2*6)+4=16
train/46242.jpg,2*(4*2)=16
train/46243.jpg,1+(0+3)=4
train/46244.jpg,(0*9)-2=-2
train/46245.jpg,(4+4)*6=48
train/46246.jpg,(3+4)+8=15
train/46247.jpg,(3-1)+2=4
train/46248.jpg,(3-3)-8=-8
train/46249.jpg,1*(4-7)=-3
train/46250.jpg,(5+4)*8=72
train/46251.jpg,(1+9)-5=5
train/46252.jpg,9-(5+1)=3
train/46253.jpg,6+8-9=5
train/46254.jpg,9+9+2=20
train/46255.jpg,7*(1+1)=14
train/46256.jpg,4-(5*0)=4
train/46257.jpg,5*(4+5)=45
train/46258.jpg,8*7-9=47
train/46259.jpg,(7*3)-7=14
train/46260.jpg,8+6+1=15
train/46261.jpg,9*(7+8)=135
train/46262.jpg,7-(3-7)=11
train/46263.jpg,(7+4)*7=77
train/46264.jpg,9*(6+8)=126
train/46265.jpg,(3*8)-6=18
train/46266.jpg,8*(1-0)=8
train/46267.jpg,4-8*1=-4
train/46268.jpg,(7-9)-0=-2
train/46269.jpg,5+6*4=29
train/46270.jpg,(1+3)*6=24
train/46271.jpg,3+(8+7)=18
train/46272.jpg,(7-2)*1=5
train/46273.jpg,(8+8)*3=48
train/46274.jpg,(2*3)*7=42
train/46275.jpg,(2+2)*8=32
train/46276.jpg,3+(3*2)=9
train/46277.jpg,9+(5-3)=11
train/46278.jpg,7+(8+4)=19
train/46279.jpg,6+(2-1)=7
train/46280.jpg,1*(3*1)=3
train/46281.jpg,3-(1+2)=0
train/46282.jpg,(9*9)*2=162
train/46283.jpg,(3+4)-7=0
train/46284.jpg,(4*9)+0=36
train/46285.jpg,(5-5)-4=-4
train/46286.jpg,(2*3)-9=-3
train/46287.jpg,2*3*0=0
train/46288.jpg,(8+0)+7=15
train/46289.jpg,(6+2)+2=10
train/46290.jpg,0-8-5=-13
train/46291.jpg,4+0-7=-3
train/46292.jpg,(5*8)-3=37
train/46293.jpg,0*(1*0)=0
train/46294.jpg,1*3*7=21
train/46295.jpg,8-9+7=6
train/46296.jpg,2*(6*7)=84
train/46297.jpg,7-4*0=7
train/46298.jpg,8*0+2=2
train/46299.jpg,2+(2+7)=11
train/46300.jpg,9-2+8=15
train/46301.jpg,(0+9)-0=9
train/46302.jpg,(3*5)-2=13
train/46303.jpg,(0+4)+2=6
train/46304.jpg,1+(6*6)=37
train/46305.jpg,8+4-9=3
train/46306.jpg,(4-2)-1=1
train/46307.jpg,(3-3)*9=0
train/46308.jpg,3*(2-4)=-6
train/46309.jpg,(2+2)*8=32
train/46310.jpg,(6-7)*8=-8
train/46311.jpg,4+7*5=39
train/46312.jpg,4+(0+6)=10
train/46313.jpg,8+0-5=3
train/46314.jpg,4*(7-5)=8
train/46315.jpg,(3-1)*5=10
train/46316.jpg,2-(2+7)=-7
train/46317.jpg,(2*0)-6=-6
train/46318.jpg,(3-7)+2=-2
train/46319.jpg,0+(3+1)=4
train/46320.jpg,4+(3-1)=6
train/46321.jpg,8+(1+9)=18
train/46322.jpg,4+6-2=8
train/46323.jpg,7-9-7=-9
train/46324.jpg,(7-5)*6=12
train/46325.jpg,(4*2)-3=5
train/46326.jpg,6*9-3=51
train/46327.jpg,(1-0)+4=5
train/46328.jpg,1-7*1=-6
train/46329.jpg,0*(8-3)=0
train/46330.jpg,2-3-4=-5
train/46331.jpg,0+(7-3)=4
train/46332.jpg,3-6*9=-51
train/46333.jpg,6*1*8=48
train/46334.jpg,5+(9*7)=68
train/46335.jpg,6*0+0=0
train/46336.jpg,9*7-4=59
train/46337.jpg,6+2+3=11
train/46338.jpg,(5-9)*1=-4
train/46339.jpg,(6-3)+3=6
train/46340.jpg,0-9+7=-2
train/46341.jpg,(6*6)-8=28
train/46342.jpg,(6+6)*6=72
train/46343.jpg,(9*4)*3=108
train/46344.jpg,0+8-5=3
train/46345.jpg,(7+3)-7=3
train/46346.jpg,(4*8)-7=25
train/46347.jpg,8*(8-2)=48
train/46348.jpg,(3+1)-6=-2
train/46349.jpg,(7*4)+1=29
train/46350.jpg,(3*2)+1=7
train/46351.jpg,(7+7)+5=19
train/46352.jpg,6*6*1=36
train/46353.jpg,(6*8)+9=57
train/46354.jpg,(5-6)*4=-4
train/46355.jpg,(8-1)-3=4
train/46356.jpg,(9-6)-9=-6
train/46357.jpg,3*7+6=27
train/46358.jpg,1*2*4=8
train/46359.jpg,5-(3*7)=-16
train/46360.jpg,(4*8)*1=32
train/46361.jpg,5+1-8=-2
train/46362.jpg,6*5+1=31
train/46363.jpg,(5*4)*3=60
train/46364.jpg,(5*2)+5=15
train/46365.jpg,(9*0)+5=5
train/46366.jpg,(9-6)-5=-2
train/46367.jpg,(8+9)-9=8
train/46368.jpg,(5-1)*4=16
train/46369.jpg,(1*3)+6=9
train/46370.jpg,(1*1)*1=1
train/46371.jpg,(7+6)-7=6
train/46372.jpg,9*1-0=9
train/46373.jpg,(5*1)-1=4
train/46374.jpg,1-(9-7)=-1
train/46375.jpg,(5*2)*4=40
train/46376.jpg,(0*8)-4=-4
train/46377.jpg,(8+3)-1=10
train/46378.jpg,(2*1)*7=14
train/46379.jpg,(9*4)-8=28
train/46380.jpg,(3-8)+6=1
train/46381.jpg,4+7-5=6
train/46382.jpg,3+5-1=7
train/46383.jpg,(7*1)+9=16
train/46384.jpg,(0+2)-6=-4
train/46385.jpg,(7-3)-4=0
train/46386.jpg,6-(7+6)=-7
train/46387.jpg,8-7+7=8
train/46388.jpg,9+(0+2)=11
train/46389.jpg,(1-7)+0=-6
train/46390.jpg,9*(3*1)=27
train/46391.jpg,2*(0*4)=0
train/46392.jpg,8+0*7=8
train/46393.jpg,4-0-5=-1
train/46394.jpg,(3-4)*9=-9
train/46395.jpg,7+(1*8)=15
train/46396.jpg,6*3+5=23
train/46397.jpg,8*(5*7)=280
train/46398.jpg,9+(9*6)=63
train/46399.jpg,2*(0+6)=12
train/46400.jpg,(6-0)*3=18
train/46401.jpg,5+6-5=6
train/46402.jpg,(7*9)-1=62
train/46403.jpg,7-3+3=7
train/46404.jpg,1+3+3=7
train/46405.jpg,(6-9)*3=-9
train/46406.jpg,5+5+4=14
train/46407.jpg,5*(6+2)=40
train/46408.jpg,(1+0)+3=4
train/46409.jpg,6-5+3=4
train/46410.jpg,6-3-2=1
train/46411.jpg,(5+1)-0=6
train/46412.jpg,8-(9+8)=-9
train/46413.jpg,0-4+6=2
train/46414.jpg,3-5-0=-2
train/46415.jpg,9-(1-1)=9
train/46416.jpg,3*(7-5)=6
train/46417.jpg,5+(3+0)=8
train/46418.jpg,(5*9)*3=135
train/46419.jpg,(6+3)+2=11
train/46420.jpg,(5+9)*3=42
train/46421.jpg,7+(9+3)=19
train/46422.jpg,(1-2)*3=-3
train/46423.jpg,9+(8-0)=17
train/46424.jpg,2+5*5=27
train/46425.jpg,(2-8)+7=1
train/46426.jpg,1+(3-0)=4
train/46427.jpg,8+(9*5)=53
train/46428.jpg,8+4*8=40
train/46429.jpg,(8+3)*6=66
train/46430.jpg,7+4+2=13
train/46431.jpg,3-2+6=7
train/46432.jpg,(1*9)*3=27
train/46433.jpg,(1*1)-3=-2
train/46434.jpg,(5*2)*4=40
train/46435.jpg,7+8*2=23
train/46436.jpg,(8-5)*1=3
train/46437.jpg,9-3+6=12
train/46438.jpg,8-(7+0)=1
train/46439.jpg,9-(9-2)=2
train/46440.jpg,3*(9-0)=27
train/46441.jpg,(6+6)*6=72
train/46442.jpg,0+0-1=-1
train/46443.jpg,9+(9+1)=19
train/46444.jpg,2+(2*6)=14
train/46445.jpg,1+(6+6)=13
train/46446.jpg,(4*0)*1=0
train/46447.jpg,(1+2)*4=12
train/46448.jpg,5-(5*1)=0
train/46449.jpg,(8*2)-5=11
train/46450.jpg,8+(2*7)=22
train/46451.jpg,5-(7*4)=-23
train/46452.jpg,2-3-1=-2
train/46453.jpg,(6-0)+0=6
train/46454.jpg,(1+0)*0=0
train/46455.jpg,6*8-2=46
train/46456.jpg,(3*4)*2=24
train/46457.jpg,(3+9)*4=48
train/46458.jpg,2*1-1=1
train/46459.jpg,(1-6)+5=0
train/46460.jpg,3+5-2=6
train/46461.jpg,2+(8+0)=10
train/46462.jpg,(0*7)*5=0
train/46463.jpg,9+(4+2)=15
train/46464.jpg,(3+0)+0=3
train/46465.jpg,9-1+2=10
train/46466.jpg,0+(3-6)=-3
train/46467.jpg,(7*5)-2=33
train/46468.jpg,(7*3)*3=63
train/46469.jpg,8*(6+3)=72
train/46470.jpg,(5-5)+1=1
train/46471.jpg,7+1*9=16
train/46472.jpg,(2+6)+1=9
train/46473.jpg,(3+9)-8=4
train/46474.jpg,0-(3-9)=6
train/46475.jpg,3-3-6=-6
train/46476.jpg,(9+7)*7=112
train/46477.jpg,2+7*6=44
train/46478.jpg,(4+1)+2=7
train/46479.jpg,(5-3)+8=10
train/46480.jpg,2+(5-9)=-2
train/46481.jpg,1*5*7=35
train/46482.jpg,(3-1)-6=-4
train/46483.jpg,2+5+5=12
train/46484.jpg,3*6-8=10
train/46485.jpg,(9*9)*5=405
train/46486.jpg,1+(9*1)=10
train/46487.jpg,2-(8*6)=-46
train/46488.jpg,0*(6-8)=0
train/46489.jpg,3*2*3=18
train/46490.jpg,2*7*7=98
train/46491.jpg,4+7*6=46
train/46492.jpg,8-(4-6)=10
train/46493.jpg,(4+8)+7=19
train/46494.jpg,7*(4*7)=196
train/46495.jpg,6+(3-4)=5
train/46496.jpg,1*(4-2)=2
train/46497.jpg,0-(8+5)=-13
train/46498.jpg,(3+6)+9=18
train/46499.jpg,(3-1)-4=-2
train/46500.jpg,1-(2+0)=-1
train/46501.jpg,9-(4+5)=0
train/46502.jpg,(2+7)+8=17
train/46503.jpg,0+2*6=12
train/46504.jpg,9*(1+3)=36
train/46505.jpg,8+2*3=14
train/46506.jpg,3*(6+1)=21
train/46507.jpg,1*(3-2)=1
train/46508.jpg,2+7*7=51
train/46509.jpg,1+(2*8)=17
train/46510.jpg,(9+1)*8=80
train/46511.jpg,0-(1-7)=6
train/46512.jpg,6-(1-8)=13
train/46513.jpg,5*7*3=105
train/46514.jpg,7*(1*0)=0
train/46515.jpg,4*2*8=64
train/46516.jpg,(0+5)*3=15
train/46517.jpg,8*(4+2)=48
train/46518.jpg,4*1*3=12
train/46519.jpg,(9+9)+2=20
train/46520.jpg,6+(3-4)=5
train/46521.jpg,5*0+4=4
train/46522.jpg,6+(0-3)=3
train/46523.jpg,(1*2)-0=2
train/46524.jpg,1*0+5=5
train/46525.jpg,0+7*5=35
train/46526.jpg,9*0+8=8
train/46527.jpg,(7+9)+0=16
train/46528.jpg,(9*2)+7=25
train/46529.jpg,(9+5)-8=6
train/46530.jpg,4*(9+0)=36
train/46531.jpg,7*4*0=0
train/46532.jpg,9+(8*0)=9
train/46533.jpg,(0-2)+7=5
train/46534.jpg,(5-4)+5=6
train/46535.jpg,(6*2)-8=4
train/46536.jpg,(7*2)+3=17
train/46537.jpg,1-4-8=-11
train/46538.jpg,8*1+7=15
train/46539.jpg,(9+4)-6=7
train/46540.jpg,3*(4-3)=3
train/46541.jpg,(5+7)+9=21
train/46542.jpg,1*3*9=27
train/46543.jpg,3+(1*9)=12
train/46544.jpg,2*(3*9)=54
train/46545.jpg,(8+8)-9=7
train/46546.jpg,(1-2)+9=8
train/46547.jpg,5-2+4=7
train/46548.jpg,8+9+1=18
train/46549.jpg,(7-9)+8=6
train/46550.jpg,6*(7+2)=54
train/46551.jpg,(5+7)+7=19
train/46552.jpg,6+(7*0)=6
train/46553.jpg,9-(7*7)=-40
train/46554.jpg,6+(3*5)=21
train/46555.jpg,(7+6)*6=78
train/46556.jpg,2*(4*4)=32
train/46557.jpg,6*6-2=34
train/46558.jpg,7-(4+3)=0
train/46559.jpg,4*6-5=19
train/46560.jpg,6-(3+7)=-4
train/46561.jpg,(2-7)*1=-5
train/46562.jpg,2*7*5=70
train/46563.jpg,1+4-6=-1
train/46564.jpg,0+(1*4)=4
train/46565.jpg,1*(7+1)=8
train/46566.jpg,(2-0)+8=10
train/46567.jpg,(1*5)+8=13
train/46568.jpg,7*(9*1)=63
train/46569.jpg,9-(3*1)=6
train/46570.jpg,4*1-3=1
train/46571.jpg,5+(8-5)=8
train/46572.jpg,7-0-1=6
train/46573.jpg,(1-9)+8=0
train/46574.jpg,3-(7-3)=-1
train/46575.jpg,(2*5)-7=3
train/46576.jpg,(2-6)*3=-12
train/46577.jpg,(7+0)+1=8
train/46578.jpg,(6-0)-2=4
train/46579.jpg,4*8-8=24
train/46580.jpg,(6*1)*9=54
train/46581.jpg,0+1-1=0
train/46582.jpg,5+(7-4)=8
train/46583.jpg,0-3+8=5
train/46584.jpg,(5-3)-8=-6
train/46585.jpg,3*(9-6)=9
train/46586.jpg,(6+4)*9=90
train/46587.jpg,3*(6-6)=0
train/46588.jpg,1+0-7=-6
train/46589.jpg,0+2*0=0
train/46590.jpg,4-2*1=2
train/46591.jpg,(9-5)+8=12
train/46592.jpg,(3+2)-2=3
train/46593.jpg,(8*9)*2=144
train/46594.jpg,0*(7+3)=0
train/46595.jpg,5*(1+1)=10
train/46596.jpg,6+7*8=62
train/46597.jpg,(3+0)-8=-5
train/46598.jpg,5-(2-3)=6
train/46599.jpg,2*4-7=1
train/46600.jpg,2+9*2=20
train/46601.jpg,1-3*0=1
train/46602.jpg,(8-1)+1=8
train/46603.jpg,7+(3-5)=5
train/46604.jpg,3-(6+7)=-10
train/46605.jpg,8*9+7=79
train/46606.jpg,(6+9)-0=15
train/46607.jpg,5-(6+7)=-8
train/46608.jpg,(7*4)*9=252
train/46609.jpg,(7-6)*1=1
train/46610.jpg,6*9*2=108
train/46611.jpg,6*3*5=90
train/46612.jpg,0-2*5=-10
train/46613.jpg,6-(7-6)=5
train/46614.jpg,9+5+1=15
train/46615.jpg,7+(6-8)=5
train/46616.jpg,7-(0*9)=7
train/46617.jpg,(9+4)*3=39
train/46618.jpg,4*(7*1)=28
train/46619.jpg,9-(2*3)=3
train/46620.jpg,3*(4*1)=12
train/46621.jpg,(3-5)*2=-4
train/46622.jpg,2*(3*7)=42
train/46623.jpg,8*4-2=30
train/46624.jpg,4-(0-5)=9
train/46625.jpg,9*(3-2)=9
train/46626.jpg,8-5*0=8
train/46627.jpg,(6+2)*9=72
train/46628.jpg,(4*8)-0=32
train/46629.jpg,6*7+6=48
train/46630.jpg,3*4*6=72
train/46631.jpg,4*(0+6)=24
train/46632.jpg,9+7+4=20
train/46633.jpg,(8*4)-0=32
train/46634.jpg,(0*7)*1=0
train/46635.jpg,8-9-0=-1
train/46636.jpg,9+3+1=13
train/46637.jpg,9+5+0=14
train/46638.jpg,9*(5+5)=90
train/46639.jpg,7+5*4=27
train/46640.jpg,(6-7)*0=0
train/46641.jpg,(3-6)+3=0
train/46642.jpg,(0-0)-2=-2
train/46643.jpg,1-3*1=-2
train/46644.jpg,(1-7)-6=-12
train/46645.jpg,4-3-7=-6
train/46646.jpg,0+0*7=0
train/46647.jpg,9-(3+5)=1
train/46648.jpg,0-(7+6)=-13
train/46649.jpg,5+4+9=18
train/46650.jpg,(7+5)+8=20
train/46651.jpg,2+(8*1)=10
train/46652.jpg,3+(1+4)=8
train/46653.jpg,9-6-5=-2
train/46654.jpg,8+(2+6)=16
train/46655.jpg,0*8-6=-6
train/46656.jpg,9+9+6=24
train/46657.jpg,3+3*0=3
train/46658.jpg,4-6-2=-4
train/46659.jpg,1-8+9=2
train/46660.jpg,4-4+5=5
train/46661.jpg,(5-7)*2=-4
train/46662.jpg,9-1+3=11
train/46663.jpg,5*(9-9)=0
train/46664.jpg,2-3*3=-7
train/46665.jpg,9-(3+4)=2
train/46666.jpg,(3+4)+4=11
train/46667.jpg,2-5*7=-33
train/46668.jpg,4-(8+3)=-7
train/46669.jpg,(4*8)-0=32
train/46670.jpg,2-(3*4)=-10
train/46671.jpg,4*5+8=28
train/46672.jpg,8+4-3=9
train/46673.jpg,2*3*5=30
train/46674.jpg,0+1-5=-4
train/46675.jpg,7+0-8=-1
train/46676.jpg,(3*1)*5=15
train/46677.jpg,5+2*5=15
train/46678.jpg,2+(7*3)=23
train/46679.jpg,9*(5-7)=-18
train/46680.jpg,5*4*6=120
train/46681.jpg,4-4*8=-28
train/46682.jpg,1*2*6=12
train/46683.jpg,8-4-5=-1
train/46684.jpg,2+(6-9)=-1
train/46685.jpg,(4-6)*2=-4
train/46686.jpg,8-(8+3)=-3
train/46687.jpg,9+6+0=15
train/46688.jpg,8-8*4=-24
train/46689.jpg,(1-9)*9=-72
train/46690.jpg,8+4*7=36
train/46691.jpg,3-(2-9)=10
train/46692.jpg,(2+7)+0=9
train/46693.jpg,7-(5-0)=2
train/46694.jpg,(2+5)-4=3
train/46695.jpg,1*(1*7)=7
train/46696.jpg,(1+6)*1=7
train/46697.jpg,(6-3)+3=6
train/46698.jpg,0*8+2=2
train/46699.jpg,6*3*3=54
train/46700.jpg,(3-8)+2=-3
train/46701.jpg,6-8*1=-2
train/46702.jpg,0*(3-8)=0
train/46703.jpg,(6+2)+6=14
train/46704.jpg,(1+3)+7=11
train/46705.jpg,(4+1)+8=13
train/46706.jpg,5*6+3=33
train/46707.jpg,(5*7)+1=36
train/46708.jpg,6+(5-7)=4
train/46709.jpg,(4*2)*9=72
train/46710.jpg,5+(7+2)=14
train/46711.jpg,1*(8+7)=15
train/46712.jpg,(5*3)*3=45
train/46713.jpg,7+3+4=14
train/46714.jpg,1*0-7=-7
train/46715.jpg,(1*3)*3=9
train/46716.jpg,(1+5)+2=8
train/46717.jpg,(3-2)-2=-1
train/46718.jpg,7-(6-3)=4
train/46719.jpg,1-5+6=2
train/46720.jpg,(3+5)+7=15
train/46721.jpg,2-(1*3)=-1
train/46722.jpg,5*(3*0)=0
train/46723.jpg,(8*6)*7=336
train/46724.jpg,(0*0)+6=6
train/46725.jpg,(2-0)-5=-3
train/46726.jpg,(8-9)-3=-4
train/46727.jpg,5*9-5=40
train/46728.jpg,2-(9-1)=-6
train/46729.jpg,7-(0+5)=2
train/46730.jpg,7+(7*0)=7
train/46731.jpg,(3*6)+8=26
train/46732.jpg,8*9*1=72
train/46733.jpg,7*7*6=294
train/46734.jpg,5-8-6=-9
train/46735.jpg,2*2+7=11
train/46736.jpg,1*3*2=6
train/46737.jpg,8-(3+9)=-4
train/46738.jpg,8-(3*8)=-16
train/46739.jpg,(5-4)*8=8
train/46740.jpg,7+(4+0)=11
train/46741.jpg,0-3+8=5
train/46742.jpg,(2+7)-6=3
train/46743.jpg,(0+3)*3=9
train/46744.jpg,8*1-8=0
train/46745.jpg,(4-5)-7=-8
train/46746.jpg,2*9+4=22
train/46747.jpg,5-6+8=7
train/46748.jpg,6-(8*5)=-34
train/46749.jpg,2-5*1=-3
train/46750.jpg,7-(9*5)=-38
train/46751.jpg,3-(9-7)=1
train/46752.jpg,2*3*4=24
train/46753.jpg,8-(9+4)=-5
train/46754.jpg,5+(9*5)=50
train/46755.jpg,1-(7*4)=-27
train/46756.jpg,8+(1-0)=9
train/46757.jpg,2+4+6=12
train/46758.jpg,1+3-7=-3
train/46759.jpg,9-(8+1)=0
train/46760.jpg,(2*6)-1=11
train/46761.jpg,0-(2+5)=-7
train/46762.jpg,2+4*7=30
train/46763.jpg,7-(7*9)=-56
train/46764.jpg,5-8+8=5
train/46765.jpg,(1+9)-8=2
train/46766.jpg,1+4*4=17
train/46767.jpg,2-8-7=-13
train/46768.jpg,(5*5)+3=28
train/46769.jpg,1-6+6=1
train/46770.jpg,2+(6*1)=8
train/46771.jpg,6+3-2=7
train/46772.jpg,6-(6+1)=-1
train/46773.jpg,5*(4*7)=140
train/46774.jpg,0+(1*2)=2
train/46775.jpg,0*3*2=0
train/46776.jpg,3*0+9=9
train/46777.jpg,2*(7*2)=28
train/46778.jpg,(2*4)*6=48
train/46779.jpg,(3*4)*2=24
train/46780.jpg,1-(4*4)=-15
train/46781.jpg,(9+6)-2=13
train/46782.jpg,(9*3)*3=81
train/46783.jpg,6+9+5=20
train/46784.jpg,0-(8-8)=0
train/46785.jpg,(9+9)+8=26
train/46786.jpg,(4*9)-2=34
train/46787.jpg,(1+2)-6=-3
train/46788.jpg,(0*1)*9=0
train/46789.jpg,7+1+1=9
train/46790.jpg,6*8*4=192
train/46791.jpg,(7+6)*9=117
train/46792.jpg,1+(4+7)=12
train/46793.jpg,7+(7+1)=15
train/46794.jpg,7*(3+5)=56
train/46795.jpg,2-8-3=-9
train/46796.jpg,4+7*2=18
train/46797.jpg,4+(5+7)=16
train/46798.jpg,3-1+7=9
train/46799.jpg,4-2+9=11
train/46800.jpg,(0-0)*8=0
train/46801.jpg,(0*7)+7=7
train/46802.jpg,3-(9*6)=-51
train/46803.jpg,2+(2+8)=12
train/46804.jpg,6-(6+9)=-9
train/46805.jpg,1*2*7=14
train/46806.jpg,7+6-9=4
train/46807.jpg,6+2+8=16
train/46808.jpg,6*1*3=18
train/46809.jpg,(0+4)*2=8
train/46810.jpg,7*1*3=21
train/46811.jpg,6-(8*1)=-2
train/46812.jpg,(6-7)*9=-9
train/46813.jpg,4+2-3=3
train/46814.jpg,7+5*3=22
train/46815.jpg,(3*9)+8=35
train/46816.jpg,(5+5)+0=10
train/46817.jpg,(7*3)-7=14
train/46818.jpg,(2+3)-5=0
train/46819.jpg,3-(9-6)=0
train/46820.jpg,1+(2-1)=2
train/46821.jpg,1*8*1=8
train/46822.jpg,(4+2)-1=5
train/46823.jpg,6+(8*8)=70
train/46824.jpg,9+(7-1)=15
train/46825.jpg,3-(6+2)=-5
train/46826.jpg,0*9+5=5
train/46827.jpg,3*4+6=18
train/46828.jpg,(6*3)*5=90
train/46829.jpg,(1+7)-4=4
train/46830.jpg,1+(2-1)=2
train/46831.jpg,3-(6-8)=5
train/46832.jpg,8-(9+2)=-3
train/46833.jpg,2+0+7=9
train/46834.jpg,7+8*3=31
train/46835.jpg,(3+5)*2=16
train/46836.jpg,(8-6)*5=10
train/46837.jpg,8*6-4=44
train/46838.jpg,(1-2)+4=3
train/46839.jpg,6-(7-7)=6
train/46840.jpg,4*(2*7)=56
train/46841.jpg,1*(5*1)=5
train/46842.jpg,(9-7)-7=-5
train/46843.jpg,3+(0-4)=-1
train/46844.jpg,8*(5*1)=40
train/46845.jpg,5+(4+1)=10
train/46846.jpg,(6-2)-7=-3
train/46847.jpg,(8-0)*9=72
train/46848.jpg,1+(5-3)=3
train/46849.jpg,4*(1-4)=-12
train/46850.jpg,(3*6)-2=16
train/46851.jpg,(3-1)+4=6
train/46852.jpg,3*6*1=18
train/46853.jpg,(9*7)*0=0
train/46854.jpg,4*(9-0)=36
train/46855.jpg,8+(5-6)=7
train/46856.jpg,(1*8)-0=8
train/46857.jpg,6*1-5=1
train/46858.jpg,(3-3)+6=6
train/46859.jpg,6+(5-2)=9
train/46860.jpg,3*3-3=6
train/46861.jpg,0*(3+5)=0
train/46862.jpg,(1-1)+4=4
train/46863.jpg,8+7-5=10
train/46864.jpg,6*7+1=43
train/46865.jpg,8-(2*9)=-10
train/46866.jpg,2-1+0=1
train/46867.jpg,5*(0*2)=0
train/46868.jpg,1+0-6=-5
train/46869.jpg,(8*0)*5=0
train/46870.jpg,2-(4*2)=-6
train/46871.jpg,7*1-5=2
train/46872.jpg,(4+2)*5=30
train/46873.jpg,8*2-1=15
train/46874.jpg,3*5*1=15
train/46875.jpg,1*(6-4)=2
train/46876.jpg,2+4+4=10
train/46877.jpg,(1*0)+9=9
train/46878.jpg,3-(1*5)=-2
train/46879.jpg,(1+5)*3=18
train/46880.jpg,(1*3)-3=0
train/46881.jpg,8*(3*6)=144
train/46882.jpg,6-7-1=-2
train/46883.jpg,(3-7)*3=-12
train/46884.jpg,6-(4+4)=-2
train/46885.jpg,6*(0-5)=-30
train/46886.jpg,6*9*6=324
train/46887.jpg,8*2*5=80
train/46888.jpg,3*(3+6)=27
train/46889.jpg,4*9-0=36
train/46890.jpg,(6*8)+0=48
train/46891.jpg,2+9-1=10
train/46892.jpg,9-(4-0)=5
train/46893.jpg,(6+2)-1=7
train/46894.jpg,(9*5)-5=40
train/46895.jpg,(2*8)-7=9
train/46896.jpg,7+9+5=21
train/46897.jpg,5-1*0=5
train/46898.jpg,6-7*2=-8
train/46899.jpg,(7+4)-3=8
train/46900.jpg,7*3*5=105
train/46901.jpg,4*(1*8)=32
train/46902.jpg,6+9-3=12
train/46903.jpg,(5+8)-9=4
train/46904.jpg,(1-2)*2=-2
train/46905.jpg,(0*9)+6=6
train/46906.jpg,6-0-8=-2
train/46907.jpg,2-(8*6)=-46
train/46908.jpg,8*(3+8)=88
train/46909.jpg,(7+6)*7=91
train/46910.jpg,4+8*3=28
train/46911.jpg,(7+7)+9=23
train/46912.jpg,7-5+8=10
train/46913.jpg,6+(9*4)=42
train/46914.jpg,5+3-0=8
train/46915.jpg,0+(1-4)=-3
train/46916.jpg,3+7*1=10
train/46917.jpg,4-9+0=-5
train/46918.jpg,(0+6)-9=-3
train/46919.jpg,2-(3*2)=-4
train/46920.jpg,0-(1*9)=-9
train/46921.jpg,(6*0)+5=5
train/46922.jpg,0+9+9=18
train/46923.jpg,(3-7)+8=4
train/46924.jpg,(3+6)+3=12
train/46925.jpg,3+2-3=2
train/46926.jpg,8-(0-6)=14
train/46927.jpg,6+(1*0)=6
train/46928.jpg,5*1-0=5
train/46929.jpg,2*(2*4)=16
train/46930.jpg,1*(9+0)=9
train/46931.jpg,0*(9-9)=0
train/46932.jpg,8+5+1=14
train/46933.jpg,5*(0+9)=45
train/46934.jpg,3+3-5=1
train/46935.jpg,4+(3-6)=1
train/46936.jpg,(2-4)-0=-2
train/46937.jpg,7*(2*3)=42
train/46938.jpg,6*0-7=-7
train/46939.jpg,(2+5)-7=0
train/46940.jpg,(0+0)+7=7
train/46941.jpg,(6-2)+7=11
train/46942.jpg,3-5*3=-12
train/46943.jpg,7-6+7=8
train/46944.jpg,0*(2*9)=0
train/46945.jpg,5+2-0=7
train/46946.jpg,(0*0)*7=0
train/46947.jpg,8-1+1=8
train/46948.jpg,(4-7)*5=-15
train/46949.jpg,8*9+6=78
train/46950.jpg,7-(5+6)=-4
train/46951.jpg,7*5-9=26
train/46952.jpg,5-1+3=7
train/46953.jpg,4+(8-7)=5
train/46954.jpg,4+(0-8)=-4
train/46955.jpg,6*2+6=18
train/46956.jpg,5*4*7=140
train/46957.jpg,0+(3*9)=27
train/46958.jpg,0*5-5=-5
train/46959.jpg,6*(5-6)=-6
train/46960.jpg,(8+2)-3=7
train/46961.jpg,6+(4+9)=19
train/46962.jpg,9*(2-9)=-63
train/46963.jpg,(6*7)-4=38
train/46964.jpg,(7-8)*5=-5
train/46965.jpg,3-6*7=-39
train/46966.jpg,0+0-8=-8
train/46967.jpg,2*3+0=6
train/46968.jpg,(1*7)+9=16
train/46969.jpg,5*7-3=32
train/46970.jpg,6+4*6=30
train/46971.jpg,0-2*5=-10
train/46972.jpg,4+4*3=16
train/46973.jpg,1-0-7=-6
train/46974.jpg,(7*1)+1=8
train/46975.jpg,9+(4*0)=9
train/46976.jpg,(2*5)-0=10
train/46977.jpg,(9-4)-9=-4
train/46978.jpg,6+(3-0)=9
train/46979.jpg,9-3*2=3
train/46980.jpg,9+9*2=27
train/46981.jpg,2-6*7=-40
train/46982.jpg,3+(7-7)=3
train/46983.jpg,6*(1-1)=0
train/46984.jpg,1-7-0=-6
train/46985.jpg,5-6*6=-31
train/46986.jpg,(7+6)+4=17
train/46987.jpg,8+2*1=10
train/46988.jpg,(8+1)*1=9
train/46989.jpg,(1*8)+0=8
train/46990.jpg,3*6*0=0
train/46991.jpg,7*6+1=43
train/46992.jpg,0-(3+8)=-11
train/46993.jpg,(2-8)*2=-12
train/46994.jpg,7*8-5=51
train/46995.jpg,6-(9+0)=-3
train/46996.jpg,1+1-4=-2
train/46997.jpg,(6+6)*8=96
train/46998.jpg,9*1-1=8
train/46999.jpg,(6*8)-8=40
train/47000.jpg,5*(3+0)=15
train/47001.jpg,(5*6)*8=240
train/47002.jpg,2*2+2=6
train/47003.jpg,(0-4)-3=-7
train/47004.jpg,3-(5-1)=-1
train/47005.jpg,(4-7)*3=-9
train/47006.jpg,(6*8)+7=55
train/47007.jpg,3+(8*6)=51
train/47008.jpg,(9+6)-4=11
train/47009.jpg,4-5-6=-7
train/47010.jpg,(9*9)*4=324
train/47011.jpg,(1*8)-2=6
train/47012.jpg,9*2+5=23
train/47013.jpg,(5-1)-9=-5
train/47014.jpg,4-2*4=-4
train/47015.jpg,(6+3)+1=10
train/47016.jpg,2*(1+4)=10
train/47017.jpg,3*(6-9)=-9
train/47018.jpg,6-8*9=-66
train/47019.jpg,(9*9)*2=162
train/47020.jpg,7-6*8=-41
train/47021.jpg,(6*4)*2=48
train/47022.jpg,(2-6)*6=-24
train/47023.jpg,(1*6)-8=-2
train/47024.jpg,(8+7)+6=21
train/47025.jpg,5+4+0=9
train/47026.jpg,4-1*0=4
train/47027.jpg,(2-2)*5=0
train/47028.jpg,7*(1*4)=28
train/47029.jpg,4+(3*0)=4
train/47030.jpg,0-(7+9)=-16
train/47031.jpg,(2*1)*3=6
train/47032.jpg,(6+3)+4=13
train/47033.jpg,(9*5)+4=49
train/47034.jpg,3+2-9=-4
train/47035.jpg,(2*9)*9=162
train/47036.jpg,8+(6-1)=13
train/47037.jpg,2-5-6=-9
train/47038.jpg,2-(6+8)=-12
train/47039.jpg,(0+9)*4=36
train/47040.jpg,3+(5*0)=3
train/47041.jpg,6+7-5=8
train/47042.jpg,3*(3*7)=63
train/47043.jpg,0+(8-7)=1
train/47044.jpg,(2*2)-6=-2
train/47045.jpg,3*2*5=30
train/47046.jpg,(1*3)+5=8
train/47047.jpg,(3+4)+5=12
train/47048.jpg,5-(1+7)=-3
train/47049.jpg,6-5-9=-8
train/47050.jpg,6*4+6=30
train/47051.jpg,4*2-7=1
train/47052.jpg,4*(9+8)=68
train/47053.jpg,5*1+6=11
train/47054.jpg,6*5+3=33
train/47055.jpg,(8+8)-6=10
train/47056.jpg,(5-8)*8=-24
train/47057.jpg,(2*9)+4=22
train/47058.jpg,7-(6+0)=1
train/47059.jpg,7-(8-9)=8
train/47060.jpg,(2*8)*6=96
train/47061.jpg,(5-4)+5=6
train/47062.jpg,8*7+3=59
train/47063.jpg,(0*0)+4=4
train/47064.jpg,(5-5)-7=-7
train/47065.jpg,4+(8+9)=21
train/47066.jpg,3*9+3=30
train/47067.jpg,(2-2)-4=-4
train/47068.jpg,2*(6-6)=0
train/47069.jpg,5*(2+0)=10
train/47070.jpg,2*(0*4)=0
train/47071.jpg,(8-6)+1=3
train/47072.jpg,(6+3)*4=36
train/47073.jpg,4*(2-7)=-20
train/47074.jpg,0-(4*9)=-36
train/47075.jpg,2*(2*1)=4
train/47076.jpg,3-9+4=-2
train/47077.jpg,(1*9)*1=9
train/47078.jpg,5-3*9=-22
train/47079.jpg,(2+9)*0=0
train/47080.jpg,2*(5*7)=70
train/47081.jpg,(1+1)*6=12
train/47082.jpg,2-(2+0)=0
train/47083.jpg,(2+1)-0=3
train/47084.jpg,(7-3)*7=28
train/47085.jpg,4*(1+6)=28
train/47086.jpg,4-5*6=-26
train/47087.jpg,8-(8*4)=-24
train/47088.jpg,(9*1)+6=15
train/47089.jpg,4+8-1=11
train/47090.jpg,8-9-1=-2
train/47091.jpg,(9+0)+3=12
train/47092.jpg,(7*4)+0=28
train/47093.jpg,2*(3*9)=54
train/47094.jpg,2-(2-8)=8
train/47095.jpg,2+(3+2)=7
train/47096.jpg,1-7+0=-6
train/47097.jpg,(7+0)-4=3
train/47098.jpg,(0*0)*8=0
train/47099.jpg,2+1*2=4
train/47100.jpg,(3+5)+6=14
train/47101.jpg,3+(9*6)=57
train/47102.jpg,0-5+8=3
train/47103.jpg,3-(0-6)=9
train/47104.jpg,2+5+6=13
train/47105.jpg,2+1-5=-2
train/47106.jpg,6*(6*6)=216
train/47107.jpg,(3*5)*3=45
train/47108.jpg,(7*9)-6=57
train/47109.jpg,7*(3+2)=35
train/47110.jpg,(0-4)+9=5
train/47111.jpg,6+(9+8)=23
train/47112.jpg,7+(8*6)=55
train/47113.jpg,4*8+2=34
train/47114.jpg,4+(9+0)=13
train/47115.jpg,(6-3)+4=7
train/47116.jpg,0+2*1=2
train/47117.jpg,0-4*4=-16
train/47118.jpg,4*(4-4)=0
train/47119.jpg,0-2-0=-2
train/47120.jpg,5-(8*1)=-3
train/47121.jpg,(4*5)-8=12
train/47122.jpg,4-0+3=7
train/47123.jpg,5-7*7=-44
train/47124.jpg,8*4*9=288
train/47125.jpg,2*(8*0)=0
train/47126.jpg,8-0*1=8
train/47127.jpg,3+(7+3)=13
train/47128.jpg,(0-4)*7=-28
train/47129.jpg,(2-0)+5=7
train/47130.jpg,1+7-4=4
train/47131.jpg,1+0-7=-6
train/47132.jpg,4*2-4=4
train/47133.jpg,(3-5)+1=-1
train/47134.jpg,(6+5)+1=12
train/47135.jpg,(7-0)+0=7
train/47136.jpg,3*2-3=3
train/47137.jpg,1*(0*4)=0
train/47138.jpg,8+(8+5)=21
train/47139.jpg,3-9-0=-6
train/47140.jpg,0*5*1=0
train/47141.jpg,(2+4)+9=15
train/47142.jpg,0*8-7=-7
train/47143.jpg,7-(6-1)=2
train/47144.jpg,(0+9)*1=9
train/47145.jpg,(3+4)*7=49
train/47146.jpg,9+(5+3)=17
train/47147.jpg,(2-0)-9=-7
train/47148.jpg,(7*5)-2=33
train/47149.jpg,1*4-5=-1
train/47150.jpg,4*4+4=20
train/47151.jpg,4*(8-8)=0
train/47152.jpg,9*(2+0)=18
train/47153.jpg,5*6-5=25
train/47154.jpg,8+(0*3)=8
train/47155.jpg,1*(9+9)=18
train/47156.jpg,(9+1)-6=4
train/47157.jpg,4-(4+8)=-8
train/47158.jpg,9*(6+3)=81
train/47159.jpg,(5-4)+1=2
train/47160.jpg,5+(0+0)=5
train/47161.jpg,2*(2-6)=-8
train/47162.jpg,9-0*2=9
train/47163.jpg,7-8*9=-65
train/47164.jpg,(5-8)*6=-18
train/47165.jpg,(5*9)-2=43
train/47166.jpg,(0*5)+9=9
train/47167.jpg,(3-4)-3=-4
train/47168.jpg,5*(0-7)=-35
train/47169.jpg,(8+2)-3=7
train/47170.jpg,4-4*8=-28
train/47171.jpg,2+1-4=-1
train/47172.jpg,(5+4)*7=63
train/47173.jpg,6*(5-5)=0
train/47174.jpg,7+(4-0)=11
train/47175.jpg,7+5-1=11
train/47176.jpg,(9+3)+2=14
train/47177.jpg,7+5+1=13
train/47178.jpg,5+7*2=19
train/47179.jpg,2*1-7=-5
train/47180.jpg,(9*9)+5=86
train/47181.jpg,(7+6)*5=65
train/47182.jpg,7+5-9=3
train/47183.jpg,(1*3)-0=3
train/47184.jpg,3+(5-3)=5
train/47185.jpg,9*(9+1)=90
train/47186.jpg,6*8*6=288
train/47187.jpg,(9-2)-5=2
train/47188.jpg,1*(8+7)=15
train/47189.jpg,(7*1)-9=-2
train/47190.jpg,0+(3+1)=4
train/47191.jpg,(6-0)+2=8
train/47192.jpg,4*6*1=24
train/47193.jpg,0*7*5=0
train/47194.jpg,(7-7)+1=1
train/47195.jpg,9*(6-3)=27
train/47196.jpg,8*0*5=0
train/47197.jpg,4+(1-3)=2
train/47198.jpg,(2+5)*9=63
train/47199.jpg,2+5*4=22
train/47200.jpg,(1+2)-6=-3
train/47201.jpg,3*(6-3)=9
train/47202.jpg,9+(7+8)=24
train/47203.jpg,(1-6)*5=-25
train/47204.jpg,6-8+3=1
train/47205.jpg,7-(6+7)=-6
train/47206.jpg,0+(3-1)=2
train/47207.jpg,2*1-8=-6
train/47208.jpg,3*(1*1)=3
train/47209.jpg,4*(3-8)=-20
train/47210.jpg,(8-0)-7=1
train/47211.jpg,1*9*3=27
train/47212.jpg,4+4+8=16
train/47213.jpg,(2-3)-9=-10
train/47214.jpg,6+5*0=6
train/47215.jpg,6-4*7=-22
train/47216.jpg,4-(5*5)=-21
train/47217.jpg,3-(0+1)=2
train/47218.jpg,9*0-4=-4
train/47219.jpg,8-(8-0)=0
train/47220.jpg,8+(2+9)=19
train/47221.jpg,8-(1*9)=-1
train/47222.jpg,2-5*6=-28
train/47223.jpg,6*(9-8)=6
train/47224.jpg,(9*7)+5=68
train/47225.jpg,5+(9-3)=11
train/47226.jpg,(6-3)-1=2
train/47227.jpg,7+(2*8)=23
train/47228.jpg,(3+6)-2=7
train/47229.jpg,7*7-7=42
train/47230.jpg,(0*1)*1=0
train/47231.jpg,2-3-3=-4
train/47232.jpg,(7+8)+9=24
train/47233.jpg,(9+7)+9=25
train/47234.jpg,(2+4)+8=14
train/47235.jpg,8*(5-4)=8
train/47236.jpg,3+7*2=17
train/47237.jpg,2-(6*3)=-16
train/47238.jpg,0*1*5=0
train/47239.jpg,5-6-9=-10
train/47240.jpg,2+9+3=14
train/47241.jpg,(7-0)-0=7
train/47242.jpg,2-5+6=3
train/47243.jpg,(3*2)*8=48
train/47244.jpg,8*(0-0)=0
train/47245.jpg,4*(9+6)=60
train/47246.jpg,(1*8)+6=14
train/47247.jpg,3-(3-3)=3
train/47248.jpg,(8-0)+5=13
train/47249.jpg,(8*4)-9=23
train/47250.jpg,(7*5)+8=43
train/47251.jpg,(6-1)*4=20
train/47252.jpg,(4-3)+7=8
train/47253.jpg,2*8*5=80
train/47254.jpg,9+(1+3)=13
train/47255.jpg,(5-0)+4=9
train/47256.jpg,0*3+3=3
train/47257.jpg,5*(0+2)=10
train/47258.jpg,1-6-8=-13
train/47259.jpg,5+8*5=45
train/47260.jpg,8-(4+4)=0
train/47261.jpg,(7-8)+0=-1
train/47262.jpg,3*6-8=10
train/47263.jpg,1-1*2=-1
train/47264.jpg,8+(7*1)=15
train/47265.jpg,(2-7)*5=-25
train/47266.jpg,4-(0*2)=4
train/47267.jpg,(2+4)+9=15
train/47268.jpg,(5+1)*2=12
train/47269.jpg,7-(8-2)=1
train/47270.jpg,(3*4)-2=10
train/47271.jpg,4-7+5=2
train/47272.jpg,8+7*7=57
train/47273.jpg,4-(1+2)=1
train/47274.jpg,(1-2)*2=-2
train/47275.jpg,(2-4)*2=-4
train/47276.jpg,(2+1)-7=-4
train/47277.jpg,5*6*9=270
train/47278.jpg,8*3-0=24
train/47279.jpg,8*6+1=49
train/47280.jpg,(9-4)+8=13
train/47281.jpg,(7+2)+0=9
train/47282.jpg,2-1*0=2
train/47283.jpg,4+(3-0)=7
train/47284.jpg,0-(8-4)=-4
train/47285.jpg,(1-4)*4=-12
train/47286.jpg,(9+7)-4=12
train/47287.jpg,0*9*8=0
train/47288.jpg,3+(5+4)=12
train/47289.jpg,8-3*0=8
train/47290.jpg,0+(6-3)=3
train/47291.jpg,6+(4*2)=14
train/47292.jpg,0*9*3=0
train/47293.jpg,(3+6)*2=18
train/47294.jpg,0+(3-2)=1
train/47295.jpg,5+(1+0)=6
train/47296.jpg,6+(2+7)=15
train/47297.jpg,3*6*9=162
train/47298.jpg,0+9+9=18
train/47299.jpg,0*(8*9)=0
train/47300.jpg,(4*0)*4=0
train/47301.jpg,(1*2)+8=10
train/47302.jpg,6+8+0=14
train/47303.jpg,5+1+5=11
train/47304.jpg,(6*4)*3=72
train/47305.jpg,5+(2-4)=3
train/47306.jpg,1-(9-1)=-7
train/47307.jpg,(3*2)*6=36
train/47308.jpg,(1+4)*3=15
train/47309.jpg,(9-2)+7=14
train/47310.jpg,2+4-8=-2
train/47311.jpg,7-(5-4)=6
train/47312.jpg,6-9-1=-4
train/47313.jpg,(9*5)+8=53
train/47314.jpg,(7-7)*9=0
train/47315.jpg,5+(7-6)=6
train/47316.jpg,1+(9-4)=6
train/47317.jpg,2*3-4=2
train/47318.jpg,9-(4*1)=5
train/47319.jpg,3-6*5=-27
train/47320.jpg,6+6*6=42
train/47321.jpg,(2-6)*7=-28
train/47322.jpg,2+(3*3)=11
train/47323.jpg,4-(9+1)=-6
train/47324.jpg,(8*5)+6=46
train/47325.jpg,6-0+9=15
train/47326.jpg,(4+7)-7=4
train/47327.jpg,1+(0*1)=1
train/47328.jpg,9-(2+3)=4
train/47329.jpg,3-3-4=-4
train/47330.jpg,9+9-1=17
train/47331.jpg,(0-4)-4=-8
train/47332.jpg,6+3-2=7
train/47333.jpg,5*2+7=17
train/47334.jpg,6+(1+4)=11
train/47335.jpg,1*(8-7)=1
train/47336.jpg,5*(8+4)=60
train/47337.jpg,5-0+0=5
train/47338.jpg,1*(2-6)=-4
train/47339.jpg,6+(6*8)=54
train/47340.jpg,6*6-9=27
train/47341.jpg,8+(4+3)=15
train/47342.jpg,7*(3-0)=21
train/47343.jpg,(5-1)-2=2
train/47344.jpg,(2*4)-5=3
train/47345.jpg,(4*0)*9=0
train/47346.jpg,1+(8+6)=15
train/47347.jpg,9+5-3=11
train/47348.jpg,7*(8-3)=35
train/47349.jpg,5-3*7=-16
train/47350.jpg,(5*3)-1=14
train/47351.jpg,8-(3+6)=-1
train/47352.jpg,0+(5-0)=5
train/47353.jpg,3-(9+4)=-10
train/47354.jpg,3*(4+3)=21
train/47355.jpg,6+(4*2)=14
train/47356.jpg,5*(4*4)=80
train/47357.jpg,7-(4+8)=-5
train/47358.jpg,0*(0+8)=0
train/47359.jpg,4+7*0=4
train/47360.jpg,6*(0*6)=0
train/47361.jpg,6-1+0=5
train/47362.jpg,7+9-3=13
train/47363.jpg,(9+1)+3=13
train/47364.jpg,0*(1+5)=0
train/47365.jpg,(3*7)+1=22
train/47366.jpg,8+0-1=7
train/47367.jpg,4+(5-5)=4
train/47368.jpg,(9+3)-7=5
train/47369.jpg,(1*6)*3=18
train/47370.jpg,3-1-2=0
train/47371.jpg,7+7+6=20
train/47372.jpg,8-(2*8)=-8
train/47373.jpg,(5-0)*2=10
train/47374.jpg,2+(6+0)=8
train/47375.jpg,5+9*0=5
train/47376.jpg,8-8*4=-24
train/47377.jpg,(3-0)+8=11
train/47378.jpg,(4-6)-7=-9
train/47379.jpg,(5-9)-3=-7
train/47380.jpg,(4+1)+0=5
train/47381.jpg,6-(4*5)=-14
train/47382.jpg,1*(3*6)=18
train/47383.jpg,(3+5)+0=8
train/47384.jpg,0+(1+4)=5
train/47385.jpg,0*(4-4)=0
train/47386.jpg,(3-8)-1=-6
train/47387.jpg,5-2-2=1
train/47388.jpg,3*7-3=18
train/47389.jpg,9-(1*6)=3
train/47390.jpg,(7*1)-4=3
train/47391.jpg,9-2-5=2
train/47392.jpg,1*(2-1)=1
train/47393.jpg,7+3-2=8
train/47394.jpg,(7-1)-1=5
train/47395.jpg,0-1+5=4
train/47396.jpg,1-0+8=9
train/47397.jpg,(2*4)+0=8
train/47398.jpg,(3+4)-9=-2
train/47399.jpg,9-6*3=-9
train/47400.jpg,0-5-2=-7
train/47401.jpg,7-(6*6)=-29
train/47402.jpg,9*(8+2)=90
train/47403.jpg,(9*8)*8=576
train/47404.jpg,6*(2*5)=60
train/47405.jpg,(0*8)+7=7
train/47406.jpg,6+(2+3)=11
train/47407.jpg,(4-8)+2=-2
train/47408.jpg,8*6-3=45
train/47409.jpg,2*5+5=15
train/47410.jpg,2*(3*8)=48
train/47411.jpg,(1+4)+9=14
train/47412.jpg,8+(1+8)=17
train/47413.jpg,(6-4)*0=0
train/47414.jpg,(7*6)*6=252
train/47415.jpg,(6-6)+6=6
train/47416.jpg,7+1+9=17
train/47417.jpg,8+(6+7)=21
train/47418.jpg,(5-1)+6=10
train/47419.jpg,(1*5)*4=20
train/47420.jpg,(1*2)*4=8
train/47421.jpg,8+(9*8)=80
train/47422.jpg,(9+2)+4=15
train/47423.jpg,2+9-1=10
train/47424.jpg,5*7-1=34
train/47425.jpg,(8-9)*9=-9
train/47426.jpg,(4+0)+6=10
train/47427.jpg,(1*1)-1=0
train/47428.jpg,1+4+4=9
train/47429.jpg,(4+8)*9=108
train/47430.jpg,8+3+0=11
train/47431.jpg,6*3+0=18
train/47432.jpg,1-(6-1)=-4
train/47433.jpg,9-0+1=10
train/47434.jpg,(4-4)-7=-7
train/47435.jpg,5*4*8=160
train/47436.jpg,2-(6-2)=-2
train/47437.jpg,4+4*0=4
train/47438.jpg,6-(1*3)=3
train/47439.jpg,0-2+7=5
train/47440.jpg,3*5+3=18
train/47441.jpg,3-5-7=-9
train/47442.jpg,2*(9-7)=4
train/47443.jpg,4+(2*4)=12
train/47444.jpg,(2-4)+7=5
train/47445.jpg,2+6-1=7
train/47446.jpg,8*0-0=0
train/47447.jpg,6*(3+7)=60
train/47448.jpg,7+6*4=31
train/47449.jpg,3+7*7=52
train/47450.jpg,(3-8)*7=-35
train/47451.jpg,(9-3)*8=48
train/47452.jpg,(3+6)+0=9
train/47453.jpg,4*1*8=32
train/47454.jpg,4+(7+9)=20
train/47455.jpg,(2*1)*1=2
train/47456.jpg,(6+1)*7=49
train/47457.jpg,1+2*2=5
train/47458.jpg,6+(3+6)=15
train/47459.jpg,6+6*5=36
train/47460.jpg,(6-6)+6=6
train/47461.jpg,4-(5*9)=-41
train/47462.jpg,8-5+1=4
train/47463.jpg,8-0*8=8
train/47464.jpg,1-(6+7)=-12
train/47465.jpg,8+(3+9)=20
train/47466.jpg,1-(8-5)=-2
train/47467.jpg,2+6+1=9
train/47468.jpg,6+8-7=7
train/47469.jpg,(3+2)+0=5
train/47470.jpg,1-1*5=-4
train/47471.jpg,3*(8*3)=72
train/47472.jpg,(0-1)-7=-8
train/47473.jpg,6-3+3=6
train/47474.jpg,(3-9)*6=-36
train/47475.jpg,(9-8)+9=10
train/47476.jpg,7+(0+0)=7
train/47477.jpg,1*(6-5)=1
train/47478.jpg,2+(0*1)=2
train/47479.jpg,3-(1+3)=-1
train/47480.jpg,0*0-5=-5
train/47481.jpg,0+(1*1)=1
train/47482.jpg,(4-9)+1=-4
train/47483.jpg,9-6+7=10
train/47484.jpg,(3+4)*0=0
train/47485.jpg,(3+9)-7=5
train/47486.jpg,0+(7+2)=9
train/47487.jpg,(9*7)*8=504
train/47488.jpg,0-(1*1)=-1
train/47489.jpg,3+(9-7)=5
train/47490.jpg,3*4*1=12
train/47491.jpg,(0+7)+1=8
train/47492.jpg,(7+0)+9=16
train/47493.jpg,6*6+1=37
train/47494.jpg,7*5-4=31
train/47495.jpg,6*(9+7)=96
train/47496.jpg,3+(6+3)=12
train/47497.jpg,6+(1*0)=6
train/47498.jpg,5-4*1=1
train/47499.jpg,9*(7+0)=63
train/47500.jpg,1+(6-8)=-1
train/47501.jpg,9-(0-1)=10
train/47502.jpg,9+9*9=90
train/47503.jpg,0*4+0=0
train/47504.jpg,9-4*8=-23
train/47505.jpg,4+0-8=-4
train/47506.jpg,(2*0)*2=0
train/47507.jpg,2+(0+6)=8
train/47508.jpg,(1*5)-9=-4
train/47509.jpg,2*(2*9)=36
train/47510.jpg,4+(8-8)=4
train/47511.jpg,(8+3)*7=77
train/47512.jpg,(1+1)-2=0
train/47513.jpg,6*6*2=72
train/47514.jpg,4*(3*8)=96
train/47515.jpg,5+(4*7)=33
train/47516.jpg,(2-4)+2=0
train/47517.jpg,9+9+7=25
train/47518.jpg,0-6+9=3
train/47519.jpg,2*(2-5)=-6
train/47520.jpg,8-(0*1)=8
train/47521.jpg,5*(7*9)=315
train/47522.jpg,(9-7)-6=-4
train/47523.jpg,1+(1*8)=9
train/47524.jpg,(3-8)+1=-4
train/47525.jpg,6+4-5=5
train/47526.jpg,3-(0+7)=-4
train/47527.jpg,(7*6)*8=336
train/47528.jpg,(5-6)-9=-10
train/47529.jpg,8*4+1=33
train/47530.jpg,5*7*3=105
train/47531.jpg,5-(1-7)=11
train/47532.jpg,7+(3*3)=16
train/47533.jpg,3*4-8=4
train/47534.jpg,(0+1)*6=6
train/47535.jpg,6-(3*9)=-21
train/47536.jpg,6-(9*7)=-57
train/47537.jpg,(1-9)+8=0
train/47538.jpg,0*9-4=-4
train/47539.jpg,(3+1)+3=7
train/47540.jpg,6+2-0=8
train/47541.jpg,3+(3+1)=7
train/47542.jpg,(1-9)+1=-7
train/47543.jpg,1-(8+3)=-10
train/47544.jpg,(0+4)-1=3
train/47545.jpg,6-8-7=-9
train/47546.jpg,(8*8)+9=73
train/47547.jpg,9*(4*7)=252
train/47548.jpg,3-5+1=-1
train/47549.jpg,5+(1*1)=6
train/47550.jpg,1*8*7=56
train/47551.jpg,8-8+2=2
train/47552.jpg,0*4+2=2
train/47553.jpg,0*(1*2)=0
train/47554.jpg,(7*6)*2=84
train/47555.jpg,(2+8)+6=16
train/47556.jpg,9-(7*8)=-47
train/47557.jpg,8-(3+8)=-3
train/47558.jpg,7+0+3=10
train/47559.jpg,(5*3)-5=10
train/47560.jpg,3-3+9=9
train/47561.jpg,4+0+1=5
train/47562.jpg,6-(6-4)=4
train/47563.jpg,6*3+9=27
train/47564.jpg,1-1+9=9
train/47565.jpg,9*(5-1)=36
train/47566.jpg,(2+5)*7=49
train/47567.jpg,(6-4)+9=11
train/47568.jpg,(1+1)-5=-3
train/47569.jpg,1*(8*6)=48
train/47570.jpg,7*4-7=21
train/47571.jpg,1-2*8=-15
train/47572.jpg,1+(0+3)=4
train/47573.jpg,9*(4+1)=45
train/47574.jpg,(0-3)+0=-3
train/47575.jpg,8+4*0=8
train/47576.jpg,2*(2+6)=16
train/47577.jpg,(3-1)+5=7
train/47578.jpg,6*3+9=27
train/47579.jpg,8*(7-9)=-16
train/47580.jpg,(3-7)-2=-6
train/47581.jpg,7+(0*6)=7
train/47582.jpg,8+4+9=21
train/47583.jpg,0+(7-8)=-1
train/47584.jpg,0+(8-5)=3
train/47585.jpg,(6*1)-1=5
train/47586.jpg,7-(9-0)=-2
train/47587.jpg,(3+2)*0=0
train/47588.jpg,8+0*8=8
train/47589.jpg,5*(5-8)=-15
train/47590.jpg,7+(2+9)=18
train/47591.jpg,1+9+5=15
train/47592.jpg,9-6+3=6
train/47593.jpg,8*(1+1)=16
train/47594.jpg,2*3-6=0
train/47595.jpg,(1*0)-0=0
train/47596.jpg,(2-3)+4=3
train/47597.jpg,4-(1+4)=-1
train/47598.jpg,5-2+6=9
train/47599.jpg,(7+3)-2=8
train/47600.jpg,5-8*9=-67
train/47601.jpg,0-7+6=-1
train/47602.jpg,9-4-3=2
train/47603.jpg,(9*4)+5=41
train/47604.jpg,3*7*7=147
train/47605.jpg,4-(5*5)=-21
train/47606.jpg,(9+3)+8=20
train/47607.jpg,3-9-8=-14
train/47608.jpg,3*9*4=108
train/47609.jpg,9*6*6=324
train/47610.jpg,8-4+8=12
train/47611.jpg,1+6-6=1
train/47612.jpg,2*(9+2)=22
train/47613.jpg,4*7*7=196
train/47614.jpg,(9*4)*6=216
train/47615.jpg,(1*9)+4=13
train/47616.jpg,2+(8+1)=11
train/47617.jpg,9+(1+2)=12
train/47618.jpg,(6-5)*5=5
train/47619.jpg,2*(4*7)=56
train/47620.jpg,(1*6)*7=42
train/47621.jpg,2+8-3=7
train/47622.jpg,7*(1*9)=63
train/47623.jpg,(7+3)+6=16
train/47624.jpg,5-(5*0)=5
train/47625.jpg,(1-8)*4=-28
train/47626.jpg,7-(9+1)=-3
train/47627.jpg,9+2-3=8
train/47628.jpg,2-(3*0)=2
train/47629.jpg,4*(3+9)=48
train/47630.jpg,7-9*0=7
train/47631.jpg,9*(4+5)=81
train/47632.jpg,(5*6)*4=120
train/47633.jpg,(8*1)*0=0
train/47634.jpg,6*(6*4)=144
train/47635.jpg,9-(7+1)=1
train/47636.jpg,8-2*5=-2
train/47637.jpg,3+(3*3)=12
train/47638.jpg,7*9-4=59
train/47639.jpg,4*5-5=15
train/47640.jpg,(0-0)*9=0
train/47641.jpg,9*(0-1)=-9
train/47642.jpg,4+(0-7)=-3
train/47643.jpg,(4*4)*3=48
train/47644.jpg,8+(6-9)=5
train/47645.jpg,1*8-0=8
train/47646.jpg,(8+3)+0=11
train/47647.jpg,3+8-6=5
train/47648.jpg,2+0-7=-5
train/47649.jpg,(8+5)-1=12
train/47650.jpg,8*(5+2)=56
train/47651.jpg,(1+3)+5=9
train/47652.jpg,(9*8)*3=216
train/47653.jpg,3+(5+6)=14
train/47654.jpg,(5*4)-8=12
train/47655.jpg,7*3+2=23
train/47656.jpg,9+2-0=11
train/47657.jpg,6*(8*7)=336
train/47658.jpg,0*(7-1)=0
train/47659.jpg,3+(8*2)=19
train/47660.jpg,1*0+3=3
train/47661.jpg,1+8-4=5
train/47662.jpg,3-2+8=9
train/47663.jpg,7-6*2=-5
train/47664.jpg,0-9+4=-5
train/47665.jpg,(8*3)-6=18
train/47666.jpg,(1+0)*0=0
train/47667.jpg,5+8+9=22
train/47668.jpg,(3*8)+2=26
train/47669.jpg,3*5-0=15
train/47670.jpg,6+(0*5)=6
train/47671.jpg,0-(3-0)=-3
train/47672.jpg,1-(1*6)=-5
train/47673.jpg,2-2*3=-4
train/47674.jpg,6-7*3=-15
train/47675.jpg,(6+0)+0=6
train/47676.jpg,5-7+4=2
train/47677.jpg,8*(9-8)=8
train/47678.jpg,1+8*1=9
train/47679.jpg,8+4+4=16
train/47680.jpg,(1*9)-5=4
train/47681.jpg,9-7+7=9
train/47682.jpg,(5*0)*0=0
train/47683.jpg,(8+9)-9=8
train/47684.jpg,(2+3)*8=40
train/47685.jpg,(5+0)+6=11
train/47686.jpg,5-6+7=6
train/47687.jpg,0-8*3=-24
train/47688.jpg,6-(3+3)=0
train/47689.jpg,5-(8*2)=-11
train/47690.jpg,(0+5)+1=6
train/47691.jpg,(7+8)*9=135
train/47692.jpg,(4-6)*9=-18
train/47693.jpg,5+5-3=7
train/47694.jpg,0*9*8=0
train/47695.jpg,6-9+9=6
train/47696.jpg,9*(1*8)=72
train/47697.jpg,3*(7+8)=45
train/47698.jpg,1-8*8=-63
train/47699.jpg,0+3*0=0
train/47700.jpg,3*(5-9)=-12
train/47701.jpg,6-3*5=-9
train/47702.jpg,0*2-7=-7
train/47703.jpg,8+1+2=11
train/47704.jpg,(8+4)*8=96
train/47705.jpg,(8*6)*4=192
train/47706.jpg,(7+6)*5=65
train/47707.jpg,(0*3)*9=0
train/47708.jpg,4+9+5=18
train/47709.jpg,(5*7)-8=27
train/47710.jpg,4*(7-2)=20
train/47711.jpg,8*7*9=504
train/47712.jpg,9*0+5=5
train/47713.jpg,(7-0)+7=14
train/47714.jpg,(5*7)+6=41
train/47715.jpg,0-5-4=-9
train/47716.jpg,(5*6)+1=31
train/47717.jpg,3+6+6=15
train/47718.jpg,(9-0)*6=54
train/47719.jpg,6+6+3=15
train/47720.jpg,6*(4+8)=72
train/47721.jpg,(4-9)+3=-2
train/47722.jpg,(0-4)+6=2
train/47723.jpg,2*6-6=6
train/47724.jpg,(3*7)*4=84
train/47725.jpg,8+0*3=8
train/47726.jpg,(1*0)*6=0
train/47727.jpg,(0-9)*7=-63
train/47728.jpg,8-(0*9)=8
train/47729.jpg,1-9+8=0
train/47730.jpg,6*(5-9)=-24
train/47731.jpg,6+(5-0)=11
train/47732.jpg,1+6+4=11
train/47733.jpg,(2*4)-3=5
train/47734.jpg,(9-7)*7=14
train/47735.jpg,8*(7*7)=392
train/47736.jpg,2+(6*9)=56
train/47737.jpg,(4*1)*4=16
train/47738.jpg,8-6+6=8
train/47739.jpg,5-0+0=5
train/47740.jpg,4-(1-4)=7
train/47741.jpg,(5+3)-5=3
train/47742.jpg,0*(0-1)=0
train/47743.jpg,8+(1-3)=6
train/47744.jpg,7-7-6=-6
train/47745.jpg,(5*3)-1=14
train/47746.jpg,(1*5)*3=15
train/47747.jpg,7+(6*7)=49
train/47748.jpg,(5+4)+5=14
train/47749.jpg,8+(7-7)=8
train/47750.jpg,4-(7+3)=-6
train/47751.jpg,5+0+2=7
train/47752.jpg,(0*9)+4=4
train/47753.jpg,0+7+2=9
train/47754.jpg,8*(1-4)=-24
train/47755.jpg,9+(7*9)=72
train/47756.jpg,6+(2+2)=10
train/47757.jpg,2-5-2=-5
train/47758.jpg,4+(5+6)=15
train/47759.jpg,1*(3*4)=12
train/47760.jpg,5-9+8=4
train/47761.jpg,(5*9)*2=90
train/47762.jpg,1*3*1=3
train/47763.jpg,5-(8-6)=3
train/47764.jpg,3*0-7=-7
train/47765.jpg,2-(1*7)=-5
train/47766.jpg,2*1*6=12
train/47767.jpg,7+(8-0)=15
train/47768.jpg,(8*0)-2=-2
train/47769.jpg,9+2-5=6
train/47770.jpg,1-7*5=-34
train/47771.jpg,(8-8)*9=0
train/47772.jpg,6+(6-4)=8
train/47773.jpg,0-1*1=-1
train/47774.jpg,(8*3)+4=28
train/47775.jpg,1-(7*8)=-55
train/47776.jpg,(6-8)*0=0
train/47777.jpg,7+7-6=8
train/47778.jpg,(1-7)*0=0
train/47779.jpg,4*(7*7)=196
train/47780.jpg,6*(8-1)=42
train/47781.jpg,(8+0)-8=0
train/47782.jpg,(7*9)*2=126
train/47783.jpg,3*6-6=12
train/47784.jpg,9+0+2=11
train/47785.jpg,8+(6*9)=62
train/47786.jpg,6+7+8=21
train/47787.jpg,8+0+3=11
train/47788.jpg,9*6+7=61
train/47789.jpg,5+6+1=12
train/47790.jpg,(9*8)*1=72
train/47791.jpg,6-(4-0)=2
train/47792.jpg,7-(8*3)=-17
train/47793.jpg,7*3+9=30
train/47794.jpg,3*(8+0)=24
train/47795.jpg,1+4+0=5
train/47796.jpg,6-6+4=4
train/47797.jpg,2*(9*8)=144
train/47798.jpg,4*5*5=100
train/47799.jpg,8-2+5=11
train/47800.jpg,7+(7+0)=14
train/47801.jpg,8+6+3=17
train/47802.jpg,(5+4)+1=10
train/47803.jpg,6+(4-7)=3
train/47804.jpg,(6*0)*2=0
train/47805.jpg,4*(4-2)=8
train/47806.jpg,(1*2)*6=12
train/47807.jpg,(9-0)-5=4
train/47808.jpg,(9+2)*7=77
train/47809.jpg,9-(4-2)=7
train/47810.jpg,(9-0)*1=9
train/47811.jpg,(7+3)*9=90
train/47812.jpg,0+0+9=9
train/47813.jpg,9-(4-1)=6
train/47814.jpg,(7*0)-3=-3
train/47815.jpg,(4*0)-1=-1
train/47816.jpg,(2*2)*6=24
train/47817.jpg,4+(4-6)=2
train/47818.jpg,(1-0)+4=5
train/47819.jpg,6*0-1=-1
train/47820.jpg,(1*2)*8=16
train/47821.jpg,(5-3)*8=16
train/47822.jpg,0*(6*8)=0
train/47823.jpg,1*(8+8)=16
train/47824.jpg,(6*4)-6=18
train/47825.jpg,0-(5-4)=-1
train/47826.jpg,0-3-2=-5
train/47827.jpg,(0*0)-1=-1
train/47828.jpg,7-0*7=7
train/47829.jpg,1*(1-8)=-7
train/47830.jpg,7-(8-8)=7
train/47831.jpg,(7*0)+2=2
train/47832.jpg,(9+6)*6=90
train/47833.jpg,4-5-5=-6
train/47834.jpg,(6*7)+6=48
train/47835.jpg,(3-3)*3=0
train/47836.jpg,4-2*3=-2
train/47837.jpg,5-(9-2)=-2
train/47838.jpg,1*(3+3)=6
train/47839.jpg,6+8+9=23
train/47840.jpg,6+(9-1)=14
train/47841.jpg,(6*7)-9=33
train/47842.jpg,0+7*1=7
train/47843.jpg,(6+5)-3=8
train/47844.jpg,0*5*6=0
train/47845.jpg,0+(3*8)=24
train/47846.jpg,9*(0+3)=27
train/47847.jpg,(3+2)-9=-4
train/47848.jpg,(9-7)+2=4
train/47849.jpg,(7*6)*9=378
train/47850.jpg,(7*9)+5=68
train/47851.jpg,(1+1)-9=-7
train/47852.jpg,5+(5+5)=15
train/47853.jpg,2-(9+9)=-16
train/47854.jpg,(2*5)-2=8
train/47855.jpg,4+(3+7)=14
train/47856.jpg,(5+2)-8=-1
train/47857.jpg,(7-3)*2=8
train/47858.jpg,6*(5-8)=-18
train/47859.jpg,5*(0*2)=0
train/47860.jpg,(4*8)+7=39
train/47861.jpg,(7+5)*9=108
train/47862.jpg,(0+1)+0=1
train/47863.jpg,6+9-3=12
train/47864.jpg,9-7-4=-2
train/47865.jpg,7-0+4=11
train/47866.jpg,8+(2+7)=17
train/47867.jpg,2+7-3=6
train/47868.jpg,(4*7)-9=19
train/47869.jpg,0-(7*4)=-28
train/47870.jpg,0-2+2=0
train/47871.jpg,3*(4*1)=12
train/47872.jpg,5*(9-3)=30
train/47873.jpg,(1*6)+5=11
train/47874.jpg,(3*3)+0=9
train/47875.jpg,9*(1+5)=54
train/47876.jpg,(0-0)+3=3
train/47877.jpg,(0-4)*5=-20
train/47878.jpg,9-5+5=9
train/47879.jpg,2*1+2=4
train/47880.jpg,(9+8)-3=14
train/47881.jpg,4+(5-6)=3
train/47882.jpg,(5*5)+4=29
train/47883.jpg,7*5-0=35
train/47884.jpg,(0-9)+1=-8
train/47885.jpg,8-1*8=0
train/47886.jpg,(9-7)-0=2
train/47887.jpg,5-8*3=-19
train/47888.jpg,1*9+0=9
train/47889.jpg,8*(9-8)=8
train/47890.jpg,4*(0*4)=0
train/47891.jpg,3+3*5=18
train/47892.jpg,7-(3+3)=1
train/47893.jpg,5+(4-1)=8
train/47894.jpg,(3-9)+5=-1
train/47895.jpg,6+7+8=21
train/47896.jpg,(5+9)*5=70
train/47897.jpg,2-(2*6)=-10
train/47898.jpg,2*(3+2)=10
train/47899.jpg,9+5-8=6
train/47900.jpg,1*(6-6)=0
train/47901.jpg,(4+2)-1=5
train/47902.jpg,(0-0)+1=1
train/47903.jpg,1+1*7=8
train/47904.jpg,7-5*7=-28
train/47905.jpg,(3+1)*5=20
train/47906.jpg,1+4-5=0
train/47907.jpg,(0-9)*1=-9
train/47908.jpg,(1+5)*1=6
train/47909.jpg,5*7-3=32
train/47910.jpg,4+(8*7)=60
train/47911.jpg,5*5*8=200
train/47912.jpg,5-6*3=-13
train/47913.jpg,9+(4-5)=8
train/47914.jpg,5*(1*7)=35
train/47915.jpg,8-3-9=-4
train/47916.jpg,3-7*6=-39
train/47917.jpg,4*3-3=9
train/47918.jpg,4*(3*1)=12
train/47919.jpg,(1-9)*9=-72
train/47920.jpg,(0-9)*3=-27
train/47921.jpg,(1-5)*0=0
train/47922.jpg,8+(9-6)=11
train/47923.jpg,(7+1)*0=0
train/47924.jpg,0+(6*2)=12
train/47925.jpg,(7*0)+4=4
train/47926.jpg,5*(3*6)=90
train/47927.jpg,3-(1+5)=-3
train/47928.jpg,(8-9)-6=-7
train/47929.jpg,3+4-6=1
train/47930.jpg,2*(8-8)=0
train/47931.jpg,5-(6+2)=-3
train/47932.jpg,2-(1+1)=0
train/47933.jpg,(1+2)-4=-1
train/47934.jpg,9-2-5=2
train/47935.jpg,(1-3)*6=-12
train/47936.jpg,8*3+2=26
train/47937.jpg,0*(8+2)=0
train/47938.jpg,(7+9)+6=22
train/47939.jpg,3-(2+7)=-6
train/47940.jpg,6-4+2=4
train/47941.jpg,4*6*4=96
train/47942.jpg,(2*4)+4=12
train/47943.jpg,2*5-1=9
train/47944.jpg,8+(0-6)=2
train/47945.jpg,7*7*9=441
train/47946.jpg,(1*0)*1=0
train/47947.jpg,0+6-5=1
train/47948.jpg,(1*9)-9=0
train/47949.jpg,0-(3-1)=-2
train/47950.jpg,9+9*3=36
train/47951.jpg,4*(9-0)=36
train/47952.jpg,6*(8-0)=48
train/47953.jpg,(1-4)*1=-3
train/47954.jpg,(5*0)+1=1
train/47955.jpg,8-(2-5)=11
train/47956.jpg,(9*6)-0=54
train/47957.jpg,4-8-2=-6
train/47958.jpg,(4*5)-0=20
train/47959.jpg,7*8*9=504
train/47960.jpg,5-(5-7)=7
train/47961.jpg,5+(5+1)=11
train/47962.jpg,2*3+8=14
train/47963.jpg,(3-8)+4=-1
train/47964.jpg,(9+8)*2=34
train/47965.jpg,7*2+0=14
train/47966.jpg,2*1*2=4
train/47967.jpg,9*4-4=32
train/47968.jpg,9-3+7=13
train/47969.jpg,8-0*7=8
train/47970.jpg,(8+5)*6=78
train/47971.jpg,6+(7+7)=20
train/47972.jpg,(5+6)-2=9
train/47973.jpg,9-(9-0)=0
train/47974.jpg,9*(7-8)=-9
train/47975.jpg,(3-8)+9=4
train/47976.jpg,2+5*7=37
train/47977.jpg,(6-9)-3=-6
train/47978.jpg,5-8*2=-11
train/47979.jpg,(3+6)*5=45
train/47980.jpg,6*(4+3)=42
train/47981.jpg,2+(9+1)=12
train/47982.jpg,(6-6)+5=5
train/47983.jpg,8*(2*0)=0
train/47984.jpg,2+5*3=17
train/47985.jpg,(5*0)-9=-9
train/47986.jpg,2-(6-1)=-3
train/47987.jpg,8+3-8=3
train/47988.jpg,0+(2+9)=11
train/47989.jpg,4*(6*6)=144
train/47990.jpg,9-9+9=9
train/47991.jpg,(3-1)-6=-4
train/47992.jpg,(3*1)*1=3
train/47993.jpg,8+2+7=17
train/47994.jpg,4-(9*6)=-50
train/47995.jpg,(9*6)-5=49
train/47996.jpg,7-3*4=-5
train/47997.jpg,7-(5-6)=8
train/47998.jpg,(4+7)*7=77
train/47999.jpg,6-(8*4)=-26
train/48000.jpg,1-(8+3)=-10
train/48001.jpg,1-(7-1)=-5
train/48002.jpg,3-(9+3)=-9
train/48003.jpg,5-3-5=-3
train/48004.jpg,5*(0+0)=0
train/48005.jpg,5+1+8=14
train/48006.jpg,8*8*0=0
train/48007.jpg,5+(2+0)=7
train/48008.jpg,(6-6)+4=4
train/48009.jpg,8*0-7=-7
train/48010.jpg,5-9-4=-8
train/48011.jpg,(2-8)+8=2
train/48012.jpg,7-0-3=4
train/48013.jpg,2-6*8=-46
train/48014.jpg,(2*0)-2=-2
train/48015.jpg,4+2-4=2
train/48016.jpg,(3-7)+1=-3
train/48017.jpg,9+(2-7)=4
train/48018.jpg,(1+6)-8=-1
train/48019.jpg,0-1+3=2
train/48020.jpg,9-(9*3)=-18
train/48021.jpg,3+(8+1)=12
train/48022.jpg,2+0+2=4
train/48023.jpg,(2-3)+2=1
train/48024.jpg,7*8-0=56
train/48025.jpg,(4*5)*1=20
train/48026.jpg,7+(1*7)=14
train/48027.jpg,5*(4+6)=50
train/48028.jpg,(7-7)-1=-1
train/48029.jpg,2-(7*9)=-61
train/48030.jpg,8+(1*9)=17
train/48031.jpg,2*8-4=12
train/48032.jpg,2-(9-4)=-3
train/48033.jpg,6+1*2=8
train/48034.jpg,7*(2+2)=28
train/48035.jpg,8-8-6=-6
train/48036.jpg,(8-4)-0=4
train/48037.jpg,(8-5)*2=6
train/48038.jpg,5-(8+1)=-4
train/48039.jpg,1-0*5=1
train/48040.jpg,(2+0)*5=10
train/48041.jpg,(7+7)*6=84
train/48042.jpg,(3*9)-3=24
train/48043.jpg,8*(7-1)=48
train/48044.jpg,0-(2+3)=-5
train/48045.jpg,(4-0)-6=-2
train/48046.jpg,(6*0)*6=0
train/48047.jpg,9-8-2=-1
train/48048.jpg,(4*6)-3=21
train/48049.jpg,5-7-5=-7
train/48050.jpg,6+7*1=13
train/48051.jpg,5*0+8=8
train/48052.jpg,9*8+5=77
train/48053.jpg,1-3*8=-23
train/48054.jpg,(4+6)*4=40
train/48055.jpg,1*(5-9)=-4
train/48056.jpg,(5+6)*9=99
train/48057.jpg,(0-3)-7=-10
train/48058.jpg,4-(7+4)=-7
train/48059.jpg,1+(3*8)=25
train/48060.jpg,9+(4+3)=16
train/48061.jpg,8*2+1=17
train/48062.jpg,(0*1)-3=-3
train/48063.jpg,4*(4-2)=8
train/48064.jpg,(1*7)*8=56
train/48065.jpg,(8+7)-5=10
train/48066.jpg,(1-5)+9=5
train/48067.jpg,1*9+3=12
train/48068.jpg,9*(5+7)=108
train/48069.jpg,(9-6)*1=3
train/48070.jpg,2-1-1=0
train/48071.jpg,7+2-6=3
train/48072.jpg,(7*1)+1=8
train/48073.jpg,(8*8)-6=58
train/48074.jpg,3-5+4=2
train/48075.jpg,2+(2-6)=-2
train/48076.jpg,7-8+3=2
train/48077.jpg,0+0+2=2
train/48078.jpg,(8*9)+1=73
train/48079.jpg,0-(9+6)=-15
train/48080.jpg,(6-7)+6=5
train/48081.jpg,(2*3)-0=6
train/48082.jpg,2*(8+2)=20
train/48083.jpg,5-9-4=-8
train/48084.jpg,1+4*3=13
train/48085.jpg,(9*1)*5=45
train/48086.jpg,1*9-5=4
train/48087.jpg,(2+5)*1=7
train/48088.jpg,4*(8*2)=64
train/48089.jpg,(6-0)-5=1
train/48090.jpg,6+(5+8)=19
train/48091.jpg,6*0-8=-8
train/48092.jpg,0+(1*8)=8
train/48093.jpg,1*9*3=27
train/48094.jpg,(1+0)+9=10
train/48095.jpg,6*(7*6)=252
train/48096.jpg,5-8*1=-3
train/48097.jpg,6*(4*3)=72
train/48098.jpg,6+(1+4)=11
train/48099.jpg,(4*0)*3=0
train/48100.jpg,0-6*9=-54
train/48101.jpg,1+(4+4)=9
train/48102.jpg,4*6+5=29
train/48103.jpg,(2+0)+1=3
train/48104.jpg,0*6-7=-7
train/48105.jpg,5*4-8=12
train/48106.jpg,6+(2-9)=-1
train/48107.jpg,6-2-1=3
train/48108.jpg,0*(6+7)=0
train/48109.jpg,(6+9)*9=135
train/48110.jpg,(2*3)-7=-1
train/48111.jpg,3+(9*2)=21
train/48112.jpg,5*7*6=210
train/48113.jpg,(7+1)-6=2
train/48114.jpg,4*0-5=-5
train/48115.jpg,3+(5-2)=6
train/48116.jpg,8*0-3=-3
train/48117.jpg,(6*3)-1=17
train/48118.jpg,8*(5-9)=-32
train/48119.jpg,(3-8)*8=-40
train/48120.jpg,(7-2)*5=25
train/48121.jpg,8*1+2=10
train/48122.jpg,1+0-0=1
train/48123.jpg,(2+5)-6=1
train/48124.jpg,2-0*2=2
train/48125.jpg,3*7-1=20
train/48126.jpg,3+6*2=15
train/48127.jpg,2-3+7=6
train/48128.jpg,4*(8-7)=4
train/48129.jpg,(7+6)*2=26
train/48130.jpg,5*5+5=30
train/48131.jpg,0*(8+0)=0
train/48132.jpg,(7*2)-1=13
train/48133.jpg,4-(5*3)=-11
train/48134.jpg,7-6+8=9
train/48135.jpg,7-6-7=-6
train/48136.jpg,8+5-6=7
train/48137.jpg,9*(6*3)=162
train/48138.jpg,2*0-2=-2
train/48139.jpg,8+1-0=9
train/48140.jpg,7*1+5=12
train/48141.jpg,7*4+6=34
train/48142.jpg,(5-7)*3=-6
train/48143.jpg,5-(9-5)=1
train/48144.jpg,6-2+8=12
train/48145.jpg,(8+0)-0=8
train/48146.jpg,1*(2-7)=-5
train/48147.jpg,4-(9+2)=-7
train/48148.jpg,0+8+0=8
train/48149.jpg,4*1+4=8
train/48150.jpg,4*4-0=16
train/48151.jpg,3+4*8=35
train/48152.jpg,3+8+1=12
train/48153.jpg,7+(3-6)=4
train/48154.jpg,4*(6-6)=0
train/48155.jpg,(3+5)-9=-1
train/48156.jpg,3+(1+3)=7
train/48157.jpg,(0+9)-3=6
train/48158.jpg,8+(2*4)=16
train/48159.jpg,(3-3)-3=-3
train/48160.jpg,0-4-8=-12
train/48161.jpg,2-9+7=0
train/48162.jpg,1-(2-6)=5
train/48163.jpg,(8+8)+2=18
train/48164.jpg,(9*8)-4=68
train/48165.jpg,(7+5)*2=24
train/48166.jpg,2+(1*4)=6
train/48167.jpg,(3+7)+0=10
train/48168.jpg,0-(7-0)=-7
train/48169.jpg,1+8+8=17
train/48170.jpg,6+9+5=20
train/48171.jpg,(7-7)-5=-5
train/48172.jpg,0+1-3=-2
train/48173.jpg,7-(4*2)=-1
train/48174.jpg,(3*3)*8=72
train/48175.jpg,(8-2)*4=24
train/48176.jpg,(2*7)-7=7
train/48177.jpg,8*3+5=29
train/48178.jpg,0*(2*7)=0
train/48179.jpg,4-4+9=9
train/48180.jpg,2*0*0=0
train/48181.jpg,(0-2)*3=-6
train/48182.jpg,3+1-3=1
train/48183.jpg,(1*5)*5=25
train/48184.jpg,9*(0-7)=-63
train/48185.jpg,(9+7)+7=23
train/48186.jpg,1+5-8=-2
train/48187.jpg,2*(0*5)=0
train/48188.jpg,8-4-6=-2
train/48189.jpg,4-0*6=4
train/48190.jpg,2-(9+8)=-15
train/48191.jpg,(5-8)+1=-2
train/48192.jpg,8*(2-8)=-48
train/48193.jpg,8+(9-8)=9
train/48194.jpg,2*(7*5)=70
train/48195.jpg,(6*0)*6=0
train/48196.jpg,5+(8+7)=20
train/48197.jpg,6+(4*6)=30
train/48198.jpg,0-(0-1)=1
train/48199.jpg,(8-3)*4=20
train/48200.jpg,7*(9+2)=77
train/48201.jpg,7+9+4=20
train/48202.jpg,8*7-6=50
train/48203.jpg,2+3+9=14
train/48204.jpg,9+(4*5)=29
train/48205.jpg,(5+4)-5=4
train/48206.jpg,8-3+9=14
train/48207.jpg,9+7*6=51
train/48208.jpg,5-(8-4)=1
train/48209.jpg,(3*5)+7=22
train/48210.jpg,(2*0)*8=0
train/48211.jpg,7+(0+4)=11
train/48212.jpg,(8+5)+0=13
train/48213.jpg,5*(4-6)=-10
train/48214.jpg,5+(4*3)=17
train/48215.jpg,1*(2-3)=-1
train/48216.jpg,5-8*8=-59
train/48217.jpg,3*9-5=22
train/48218.jpg,0-(7-6)=-1
train/48219.jpg,(4+6)+6=16
train/48220.jpg,9-0-4=5
train/48221.jpg,2-(4-9)=7
train/48222.jpg,7-0-8=-1
train/48223.jpg,0-(9-2)=-7
train/48224.jpg,(5*9)+7=52
train/48225.jpg,(8-9)*2=-2
train/48226.jpg,1+8-1=8
train/48227.jpg,(7+5)*3=36
train/48228.jpg,(3-6)+0=-3
train/48229.jpg,3-6+0=-3
train/48230.jpg,3*(7+2)=27
train/48231.jpg,1-1-6=-6
train/48232.jpg,(6-3)-7=-4
train/48233.jpg,(0+0)-1=-1
train/48234.jpg,9+(9+5)=23
train/48235.jpg,7+(4*2)=15
train/48236.jpg,(6*0)*9=0
train/48237.jpg,(0+6)-6=0
train/48238.jpg,3-6-4=-7
train/48239.jpg,3-(5*3)=-12
train/48240.jpg,(0*3)+0=0
train/48241.jpg,(0*0)-9=-9
train/48242.jpg,9*4+1=37
train/48243.jpg,9*6*7=378
train/48244.jpg,(6+8)-9=5
train/48245.jpg,9+(1*7)=16
train/48246.jpg,1-(6-5)=0
train/48247.jpg,(1-2)-1=-2
train/48248.jpg,3*4*9=108
train/48249.jpg,1+(7*5)=36
train/48250.jpg,(9+9)-4=14
train/48251.jpg,7-(2*5)=-3
train/48252.jpg,0*8+7=7
train/48253.jpg,9+1*3=12
train/48254.jpg,9+5-3=11
train/48255.jpg,3+0+5=8
train/48256.jpg,(9+4)*7=91
train/48257.jpg,4-5-2=-3
train/48258.jpg,3*(4-0)=12
train/48259.jpg,0-(6-6)=0
train/48260.jpg,(1*1)-8=-7
train/48261.jpg,3-(7*0)=3
train/48262.jpg,3+9+1=13
train/48263.jpg,7*1*4=28
train/48264.jpg,(2+5)-4=3
train/48265.jpg,(1*2)*5=10
train/48266.jpg,7-8+1=0
train/48267.jpg,5+9+2=16
train/48268.jpg,6*(4+0)=24
train/48269.jpg,6*(6+7)=78
train/48270.jpg,4-3*7=-17
train/48271.jpg,4+(2+1)=7
train/48272.jpg,2-(0+1)=1
train/48273.jpg,(1-3)+1=-1
train/48274.jpg,6-(3-7)=10
train/48275.jpg,8-(9*4)=-28
train/48276.jpg,(2+4)-5=1
train/48277.jpg,(7*3)-9=12
train/48278.jpg,5+(3-4)=4
train/48279.jpg,6*4*8=192
train/48280.jpg,6-9-1=-4
train/48281.jpg,0+2-8=-6
train/48282.jpg,(2*6)*2=24
train/48283.jpg,6-(6-3)=3
train/48284.jpg,3+6*1=9
train/48285.jpg,(3*5)+7=22
train/48286.jpg,(6+5)-8=3
train/48287.jpg,(9*5)-0=45
train/48288.jpg,7*(0-3)=-21
train/48289.jpg,(4+0)-6=-2
train/48290.jpg,(7*2)+9=23
train/48291.jpg,(5-8)*1=-3
train/48292.jpg,(2*3)-2=4
train/48293.jpg,(6*5)-7=23
train/48294.jpg,2-(4+3)=-5
train/48295.jpg,9+(2-0)=11
train/48296.jpg,0+0+9=9
train/48297.jpg,1-4*2=-7
train/48298.jpg,0-(6*3)=-18
train/48299.jpg,7*2-4=10
train/48300.jpg,5+(7*3)=26
train/48301.jpg,4*(1*7)=28
train/48302.jpg,2*0-9=-9
train/48303.jpg,8-6*4=-16
train/48304.jpg,4+8+7=19
train/48305.jpg,3-(0-6)=9
train/48306.jpg,8*(2*9)=144
train/48307.jpg,5*6+6=36
train/48308.jpg,1+9-3=7
train/48309.jpg,5+(6+1)=12
train/48310.jpg,2*(6*2)=24
train/48311.jpg,(8-4)*9=36
train/48312.jpg,(7+6)-9=4
train/48313.jpg,7*2*9=126
train/48314.jpg,2+(5+6)=13
train/48315.jpg,4+(2-5)=1
train/48316.jpg,5*7+2=37
train/48317.jpg,(3*5)-3=12
train/48318.jpg,2*3+1=7
train/48319.jpg,7-6*2=-5
train/48320.jpg,2*(6-7)=-2
train/48321.jpg,(1+5)*3=18
train/48322.jpg,6-6*7=-36
train/48323.jpg,9-9-8=-8
train/48324.jpg,9+8-7=10
train/48325.jpg,(6-6)*1=0
train/48326.jpg,8+5-2=11
train/48327.jpg,(4*6)*0=0
train/48328.jpg,(5*6)-1=29
train/48329.jpg,(1+9)*6=60
train/48330.jpg,(8*6)+0=48
train/48331.jpg,8+(2+4)=14
train/48332.jpg,3+1*3=6
train/48333.jpg,1+(3-6)=-2
train/48334.jpg,1*(9-6)=3
train/48335.jpg,0+3*3=9
train/48336.jpg,(6*0)*8=0
train/48337.jpg,7+(0+8)=15
train/48338.jpg,9+(8*7)=65
train/48339.jpg,(5+3)*9=72
train/48340.jpg,(3-3)*9=0
train/48341.jpg,8-(0*2)=8
train/48342.jpg,9+(7-7)=9
train/48343.jpg,6*(7*3)=126
train/48344.jpg,(4+9)-7=6
train/48345.jpg,2*8-1=15
train/48346.jpg,4*(7-1)=24
train/48347.jpg,(4+8)+9=21
train/48348.jpg,1*7+3=10
train/48349.jpg,9-8-4=-3
train/48350.jpg,9-4-9=-4
train/48351.jpg,1-(1*7)=-6
train/48352.jpg,(8+9)*4=68
train/48353.jpg,7-(8-3)=2
train/48354.jpg,(6*3)-7=11
train/48355.jpg,6*8*8=384
train/48356.jpg,(5*8)*4=160
train/48357.jpg,8*(2-7)=-40
train/48358.jpg,7-(3*1)=4
train/48359.jpg,0-9+8=-1
train/48360.jpg,8-(0*4)=8
train/48361.jpg,(3-8)-5=-10
train/48362.jpg,(8*2)-0=16
train/48363.jpg,2*0+8=8
train/48364.jpg,1-(8+8)=-15
train/48365.jpg,8+(2*7)=22
train/48366.jpg,4+(5+0)=9
train/48367.jpg,0*(5+5)=0
train/48368.jpg,(7+0)*5=35
train/48369.jpg,5-4+9=10
train/48370.jpg,4+9-1=12
train/48371.jpg,(9-4)-5=0
train/48372.jpg,8+5-2=11
train/48373.jpg,2*(4-6)=-4
train/48374.jpg,0+(8*9)=72
train/48375.jpg,(4-6)*4=-8
train/48376.jpg,(6-5)*0=0
train/48377.jpg,8*2+6=22
train/48378.jpg,6+1-4=3
train/48379.jpg,(2*3)-2=4
train/48380.jpg,8-3+0=5
train/48381.jpg,8*2-4=12
train/48382.jpg,4+3*0=4
train/48383.jpg,9*4+4=40
train/48384.jpg,(6+4)*9=90
train/48385.jpg,(8*4)+4=36
train/48386.jpg,0*(7-1)=0
train/48387.jpg,9-3+7=13
train/48388.jpg,(9*6)-5=49
train/48389.jpg,4+(0-5)=-1
train/48390.jpg,4+(3+4)=11
train/48391.jpg,(5*3)+4=19
train/48392.jpg,6*2*0=0
train/48393.jpg,9*0*4=0
train/48394.jpg,6-5-9=-8
train/48395.jpg,(8*9)+9=81
train/48396.jpg,0*3-1=-1
train/48397.jpg,(4-1)+5=8
train/48398.jpg,9+(7+0)=16
train/48399.jpg,6*4-4=20
train/48400.jpg,(5-5)*9=0
train/48401.jpg,(2*2)-0=4
train/48402.jpg,(5-7)-5=-7
train/48403.jpg,3-(7+5)=-9
train/48404.jpg,5-(5+1)=-1
train/48405.jpg,(7-0)*9=63
train/48406.jpg,0*7*4=0
train/48407.jpg,3*(8-4)=12
train/48408.jpg,7-1*5=2
train/48409.jpg,(5+8)-1=12
train/48410.jpg,(8+8)+4=20
train/48411.jpg,1*3-4=-1
train/48412.jpg,(7+1)-4=4
train/48413.jpg,(6+4)+2=12
train/48414.jpg,(3+9)+0=12
train/48415.jpg,(4-5)*0=0
train/48416.jpg,9-0+3=12
train/48417.jpg,(1*9)*6=54
train/48418.jpg,(0*2)*0=0
train/48419.jpg,(8-0)-9=-1
train/48420.jpg,5-5-3=-3
train/48421.jpg,6*(2+7)=54
train/48422.jpg,7+8*9=79
train/48423.jpg,8-6+4=6
train/48424.jpg,4*6*6=144
train/48425.jpg,4+9*4=40
train/48426.jpg,1+6*2=13
train/48427.jpg,0*9*2=0
train/48428.jpg,1-(2+8)=-9
train/48429.jpg,(3+0)*4=12
train/48430.jpg,0-(4*1)=-4
train/48431.jpg,2+9-4=7
train/48432.jpg,(9*0)-3=-3
train/48433.jpg,(1+6)*4=28
train/48434.jpg,0+(8*7)=56
train/48435.jpg,4+5-6=3
train/48436.jpg,(8+5)*9=117
train/48437.jpg,9-1*4=5
train/48438.jpg,(7-0)-9=-2
train/48439.jpg,1-9*7=-62
train/48440.jpg,(3-3)*9=0
train/48441.jpg,5*7+7=42
train/48442.jpg,0-(6*9)=-54
train/48443.jpg,0-7-0=-7
train/48444.jpg,2-(1-1)=2
train/48445.jpg,5-(1*2)=3
train/48446.jpg,(9+7)*1=16
train/48447.jpg,2*(6-7)=-2
train/48448.jpg,(4+8)+1=13
train/48449.jpg,4*(0-9)=-36
train/48450.jpg,5+(9-7)=7
train/48451.jpg,(3*8)-5=19
train/48452.jpg,9*1*0=0
train/48453.jpg,7-0+9=16
train/48454.jpg,9+(5+9)=23
train/48455.jpg,0-(8*9)=-72
train/48456.jpg,(5+4)+8=17
train/48457.jpg,6*(5+5)=60
train/48458.jpg,1*(2+2)=4
train/48459.jpg,7-0*5=7
train/48460.jpg,4*9*9=324
train/48461.jpg,3+(6-3)=6
train/48462.jpg,6*7*1=42
train/48463.jpg,(9-0)+0=9
train/48464.jpg,1+(6*1)=7
train/48465.jpg,2-(9-9)=2
train/48466.jpg,4-0*2=4
train/48467.jpg,(6*5)-4=26
train/48468.jpg,(9+3)-2=10
train/48469.jpg,(4+2)*3=18
train/48470.jpg,7+7-9=5
train/48471.jpg,1*9-2=7
train/48472.jpg,4+(5-6)=3
train/48473.jpg,(5*2)-0=10
train/48474.jpg,6-1+0=5
train/48475.jpg,0*(1-2)=0
train/48476.jpg,6-9-6=-9
train/48477.jpg,(8+1)-8=1
train/48478.jpg,5-(2-6)=9
train/48479.jpg,(4*6)-4=20
train/48480.jpg,4*(1+4)=20
train/48481.jpg,2+(5-3)=4
train/48482.jpg,1-3*0=1
train/48483.jpg,4+7+4=15
train/48484.jpg,(6*5)*0=0
train/48485.jpg,(2+5)*8=56
train/48486.jpg,5-(1-5)=9
train/48487.jpg,0+2+4=6
train/48488.jpg,(2-7)*2=-10
train/48489.jpg,(1*6)*6=36
train/48490.jpg,2*(4+3)=14
train/48491.jpg,4+(1+2)=7
train/48492.jpg,2*3-1=5
train/48493.jpg,2*(5-8)=-6
train/48494.jpg,1+5+4=10
train/48495.jpg,6*4-6=18
train/48496.jpg,3-2*7=-11
train/48497.jpg,4-(9-3)=-2
train/48498.jpg,(8-4)-1=3
train/48499.jpg,7*5*4=140
train/48500.jpg,7-3*4=-5
train/48501.jpg,6+0+9=15
train/48502.jpg,(5*7)-8=27
train/48503.jpg,5-6*9=-49
train/48504.jpg,5*1+1=6
train/48505.jpg,1+9-6=4
train/48506.jpg,5-7-8=-10
train/48507.jpg,9*(5*3)=135
train/48508.jpg,4*(9-6)=12
train/48509.jpg,(6-9)-5=-8
train/48510.jpg,(7*1)*9=63
train/48511.jpg,4*5+8=28
train/48512.jpg,2-5-4=-7
train/48513.jpg,(1*7)-3=4
train/48514.jpg,1*1*2=2
train/48515.jpg,(0*3)-7=-7
train/48516.jpg,(7-6)*2=2
train/48517.jpg,8*1-7=1
train/48518.jpg,0+1-0=1
train/48519.jpg,4-6*5=-26
train/48520.jpg,(7-6)*9=9
train/48521.jpg,3-(2+3)=-2
train/48522.jpg,(1*9)+6=15
train/48523.jpg,6+1*1=7
train/48524.jpg,(1*3)-9=-6
train/48525.jpg,6+(2*5)=16
train/48526.jpg,(2+8)+4=14
train/48527.jpg,9+(4+6)=19
train/48528.jpg,7+5+1=13
train/48529.jpg,2*(3+4)=14
train/48530.jpg,(2+0)*8=16
train/48531.jpg,4+9+2=15
train/48532.jpg,(5+8)-1=12
train/48533.jpg,(2-6)*6=-24
train/48534.jpg,(2+2)*6=24
train/48535.jpg,7*5-4=31
train/48536.jpg,5+(9+8)=22
train/48537.jpg,4-0-8=-4
train/48538.jpg,4*(4*3)=48
train/48539.jpg,(9-2)*3=21
train/48540.jpg,(7*3)*0=0
train/48541.jpg,2-2+1=1
train/48542.jpg,(7*1)-8=-1
train/48543.jpg,3*0+4=4
train/48544.jpg,3*(8+4)=36
train/48545.jpg,6-6*6=-30
train/48546.jpg,(9-7)+5=7
train/48547.jpg,7-6-4=-3
train/48548.jpg,8-(8-1)=1
train/48549.jpg,2-4*3=-10
train/48550.jpg,(5*2)-7=3
train/48551.jpg,7-(0+4)=3
train/48552.jpg,(7-0)-6=1
train/48553.jpg,4-5+9=8
train/48554.jpg,7-(4-1)=4
train/48555.jpg,(2-2)*6=0
train/48556.jpg,(2*4)*8=64
train/48557.jpg,7+(3+6)=16
train/48558.jpg,8-8+0=0
train/48559.jpg,2*(8-7)=2
train/48560.jpg,9+(1*5)=14
train/48561.jpg,3*(4-0)=12
train/48562.jpg,0-8+9=1
train/48563.jpg,0+(7*4)=28
train/48564.jpg,(3*5)-1=14
train/48565.jpg,(7-1)*4=24
train/48566.jpg,5-(1-2)=6
train/48567.jpg,7+(1*6)=13
train/48568.jpg,(1*9)-6=3
train/48569.jpg,7-7*8=-49
train/48570.jpg,5-7*9=-58
train/48571.jpg,3+9-4=8
train/48572.jpg,8*2*2=32
train/48573.jpg,9*(0*6)=0
train/48574.jpg,7*(0*4)=0
train/48575.jpg,9-5+3=7
train/48576.jpg,(7*7)*2=98
train/48577.jpg,9+8+2=19
train/48578.jpg,7-(4+3)=0
train/48579.jpg,(7*6)-5=37
train/48580.jpg,4-(2*0)=4
train/48581.jpg,4-2*5=-6
train/48582.jpg,(5*9)+6=51
train/48583.jpg,(8*9)+8=80
train/48584.jpg,(9*8)*8=576
train/48585.jpg,0+8-1=7
train/48586.jpg,(1+5)+6=12
train/48587.jpg,(2-2)*7=0
train/48588.jpg,4+(3*5)=19
train/48589.jpg,(9+8)+9=26
train/48590.jpg,7+6*2=19
train/48591.jpg,(8+8)-5=11
train/48592.jpg,7+1-8=0
train/48593.jpg,4*(2+0)=8
train/48594.jpg,(0-9)+3=-6
train/48595.jpg,8*(2+9)=88
train/48596.jpg,1+5-9=-3
train/48597.jpg,2+5-0=7
train/48598.jpg,4+8+4=16
train/48599.jpg,(5+6)+7=18
train/48600.jpg,(5-3)+7=9
train/48601.jpg,3-4*6=-21
train/48602.jpg,8+(4+8)=20
train/48603.jpg,(6-9)-5=-8
train/48604.jpg,(9*7)*1=63
train/48605.jpg,2+4*7=30
train/48606.jpg,7*3+5=26
train/48607.jpg,4*7*6=168
train/48608.jpg,9-9*1=0
train/48609.jpg,8-(0+1)=7
train/48610.jpg,9+3*5=24
train/48611.jpg,(7-5)*7=14
train/48612.jpg,3*8*0=0
train/48613.jpg,(2*3)*7=42
train/48614.jpg,3+(6+6)=15
train/48615.jpg,(2+2)*6=24
train/48616.jpg,2*(7*5)=70
train/48617.jpg,2*(4*3)=24
train/48618.jpg,(2*4)-4=4
train/48619.jpg,(5*4)*7=140
train/48620.jpg,3-(3-7)=7
train/48621.jpg,4+1+8=13
train/48622.jpg,(6*1)*7=42
train/48623.jpg,(4*8)-9=23
train/48624.jpg,1*(1-7)=-6
train/48625.jpg,(2*8)-3=13
train/48626.jpg,9*(2*8)=144
train/48627.jpg,8+(4-0)=12
train/48628.jpg,8+3+2=13
train/48629.jpg,5+2-6=1
train/48630.jpg,9-(5+9)=-5
train/48631.jpg,(6-3)-9=-6
train/48632.jpg,3-(5-1)=-1
train/48633.jpg,3*(3+2)=15
train/48634.jpg,9-4-8=-3
train/48635.jpg,2+0-3=-1
train/48636.jpg,9-(0-0)=9
train/48637.jpg,(1-0)-3=-2
train/48638.jpg,5-(9-6)=2
train/48639.jpg,9*(8+2)=90
train/48640.jpg,(6+8)*4=56
train/48641.jpg,2*(8*2)=32
train/48642.jpg,8*0*7=0
train/48643.jpg,2*7-2=12
train/48644.jpg,0-(4+4)=-8
train/48645.jpg,(9+5)-1=13
train/48646.jpg,(1+5)-0=6
train/48647.jpg,3*(6+9)=45
train/48648.jpg,(1+7)-9=-1
train/48649.jpg,(0*0)+0=0
train/48650.jpg,2-(1-2)=3
train/48651.jpg,4-3-5=-4
train/48652.jpg,6-7*8=-50
train/48653.jpg,4+6-6=4
train/48654.jpg,4-(2+8)=-6
train/48655.jpg,5-(4-6)=7
train/48656.jpg,3-6*8=-45
train/48657.jpg,6-(3-9)=12
train/48658.jpg,1+3*7=22
train/48659.jpg,4*(0-8)=-32
train/48660.jpg,3-4-9=-10
train/48661.jpg,(7+6)+8=21
train/48662.jpg,1*(3-0)=3
train/48663.jpg,(8*3)-4=20
train/48664.jpg,1-(0+9)=-8
train/48665.jpg,9*7*1=63
train/48666.jpg,2*7-2=12
train/48667.jpg,4+(1-4)=1
train/48668.jpg,7*7-4=45
train/48669.jpg,(9*3)*9=243
train/48670.jpg,7+(9+3)=19
train/48671.jpg,(2*1)*9=18
train/48672.jpg,1*(4*7)=28
train/48673.jpg,(7*5)*3=105
train/48674.jpg,3-(4+8)=-9
train/48675.jpg,(3-5)-6=-8
train/48676.jpg,8+9+1=18
train/48677.jpg,7+(5*8)=47
train/48678.jpg,(6-9)-3=-6
train/48679.jpg,6*2+9=21
train/48680.jpg,8+(5*2)=18
train/48681.jpg,(1-6)+9=4
train/48682.jpg,(8+6)-6=8
train/48683.jpg,4*(5*6)=120
train/48684.jpg,(9+2)*3=33
train/48685.jpg,6-7-2=-3
train/48686.jpg,3-(5*3)=-12
train/48687.jpg,1*(9+4)=13
train/48688.jpg,7-(2-9)=14
train/48689.jpg,7+(7+0)=14
train/48690.jpg,(0*7)+2=2
train/48691.jpg,1+(9*3)=28
train/48692.jpg,(3*9)*8=216
train/48693.jpg,(9+3)+4=16
train/48694.jpg,(7*2)*3=42
train/48695.jpg,1-5-3=-7
train/48696.jpg,(7+9)*3=48
train/48697.jpg,1-0*4=1
train/48698.jpg,8-(2+0)=6
train/48699.jpg,(3+1)*9=36
train/48700.jpg,(2*4)*7=56
train/48701.jpg,1*5+3=8
train/48702.jpg,(4-1)-7=-4
train/48703.jpg,1*0*3=0
train/48704.jpg,(1+6)+3=10
train/48705.jpg,6*0-2=-2
train/48706.jpg,5*9+2=47
train/48707.jpg,(9+0)*9=81
train/48708.jpg,(0*5)*1=0
train/48709.jpg,6-(9-8)=5
train/48710.jpg,9+(1*4)=13
train/48711.jpg,2+(2+4)=8
train/48712.jpg,3-(0*2)=3
train/48713.jpg,5-4-2=-1
train/48714.jpg,(9-6)+8=11
train/48715.jpg,8*4-8=24
train/48716.jpg,5-6-5=-6
train/48717.jpg,0+(2-1)=1
train/48718.jpg,6-4+1=3
train/48719.jpg,5-3-8=-6
train/48720.jpg,3*(0+4)=12
train/48721.jpg,1-(2-8)=7
train/48722.jpg,4+(7+7)=18
train/48723.jpg,(3-2)*0=0
train/48724.jpg,(1+4)+1=6
train/48725.jpg,6-(1-5)=10
train/48726.jpg,4*(5+1)=24
train/48727.jpg,1+4-7=-2
train/48728.jpg,(7*5)*3=105
train/48729.jpg,3*2-2=4
train/48730.jpg,9*(8-2)=54
train/48731.jpg,(9*3)-2=25
train/48732.jpg,(1*6)+9=15
train/48733.jpg,6*2+9=21
train/48734.jpg,(4*4)+7=23
train/48735.jpg,1+1*1=2
train/48736.jpg,7-(4-8)=11
train/48737.jpg,0-9-8=-17
train/48738.jpg,7*2*8=112
train/48739.jpg,1+5-4=2
train/48740.jpg,(7*8)+6=62
train/48741.jpg,8*(4+0)=32
train/48742.jpg,7-0+3=10
train/48743.jpg,9+7-5=11
train/48744.jpg,8+(7*9)=71
train/48745.jpg,0-4+8=4
train/48746.jpg,3+(2-7)=-2
train/48747.jpg,(5+8)+6=19
train/48748.jpg,7*(6*4)=168
train/48749.jpg,(8-3)+9=14
train/48750.jpg,7-(9+0)=-2
train/48751.jpg,(7*3)-1=20
train/48752.jpg,0*(2-1)=0
train/48753.jpg,(8+5)-9=4
train/48754.jpg,8-(4-1)=5
train/48755.jpg,3-4+9=8
train/48756.jpg,8+(2*0)=8
train/48757.jpg,4*(1-6)=-20
train/48758.jpg,1-(6-1)=-4
train/48759.jpg,0*1-8=-8
train/48760.jpg,2*(4-5)=-2
train/48761.jpg,2+(9-5)=6
train/48762.jpg,8+3*6=26
train/48763.jpg,(8*6)*1=48
train/48764.jpg,(2-2)*0=0
train/48765.jpg,7-(8-1)=0
train/48766.jpg,4*5*9=180
train/48767.jpg,(3*6)*2=36
train/48768.jpg,0-(2*1)=-2
train/48769.jpg,5*(0-7)=-35
train/48770.jpg,(7*8)-8=48
train/48771.jpg,7-(3-2)=6
train/48772.jpg,1*5*5=25
train/48773.jpg,5*6-1=29
train/48774.jpg,0*(3+5)=0
train/48775.jpg,8-(1+0)=7
train/48776.jpg,5*(0+2)=10
train/48777.jpg,(5*4)*7=140
train/48778.jpg,(8-3)-4=1
train/48779.jpg,(2+5)-9=-2
train/48780.jpg,6+(9+6)=21
train/48781.jpg,9-(0-3)=12
train/48782.jpg,8+(4-5)=7
train/48783.jpg,9-(4-7)=12
train/48784.jpg,2*1-6=-4
train/48785.jpg,(5+6)*2=22
train/48786.jpg,(7-1)*8=48
train/48787.jpg,(7-5)+7=9
train/48788.jpg,(1+6)+2=9
train/48789.jpg,(0+4)+1=5
train/48790.jpg,(8+6)*7=98
train/48791.jpg,(3-6)-8=-11
train/48792.jpg,0-(3*2)=-6
train/48793.jpg,9*(3*1)=27
train/48794.jpg,(6-4)*1=2
train/48795.jpg,3+(4*8)=35
train/48796.jpg,7*2-7=7
train/48797.jpg,(4-0)*0=0
train/48798.jpg,7*(4*3)=84
train/48799.jpg,8+0*0=8
train/48800.jpg,6-2*3=0
train/48801.jpg,1-(1-6)=6
train/48802.jpg,2+6+9=17
train/48803.jpg,(2-9)+7=0
train/48804.jpg,9-(5-2)=6
train/48805.jpg,9*1*7=63
train/48806.jpg,8+4-0=12
train/48807.jpg,6+5-7=4
train/48808.jpg,(0*6)-7=-7
train/48809.jpg,2+6+8=16
train/48810.jpg,2+9+2=13
train/48811.jpg,(7+6)-5=8
train/48812.jpg,9+(4*7)=37
train/48813.jpg,4+1-5=0
train/48814.jpg,(8-9)-9=-10
train/48815.jpg,1+0*5=1
train/48816.jpg,7-(5*9)=-38
train/48817.jpg,(3-1)+4=6
train/48818.jpg,1+(7-2)=6
train/48819.jpg,8-5-9=-6
train/48820.jpg,4*2-2=6
train/48821.jpg,0-6+1=-5
train/48822.jpg,5+(4*7)=33
train/48823.jpg,9+(9*4)=45
train/48824.jpg,(6*1)*3=18
train/48825.jpg,9-(5-5)=9
train/48826.jpg,(2-9)+7=0
train/48827.jpg,1+1*3=4
train/48828.jpg,9-3*0=9
train/48829.jpg,2+3-1=4
train/48830.jpg,9+(5+5)=19
train/48831.jpg,7*(5-6)=-7
train/48832.jpg,(7+6)-3=10
train/48833.jpg,0+5-0=5
train/48834.jpg,9*4-3=33
train/48835.jpg,(1-1)-9=-9
train/48836.jpg,6*4-6=18
train/48837.jpg,6+7-0=13
train/48838.jpg,(0-9)-9=-18
train/48839.jpg,(6+1)+2=9
train/48840.jpg,6*8-5=43
train/48841.jpg,0+4-5=-1
train/48842.jpg,(2*8)-2=14
train/48843.jpg,2*1+7=9
train/48844.jpg,(6*1)-3=3
train/48845.jpg,8+1+8=17
train/48846.jpg,4-(9*8)=-68
train/48847.jpg,9*(8*6)=432
train/48848.jpg,0+9*2=18
train/48849.jpg,2+1*6=8
train/48850.jpg,9-(0*5)=9
train/48851.jpg,(7+9)-1=15
train/48852.jpg,5-4-9=-8
train/48853.jpg,(6*8)-2=46
train/48854.jpg,8+3-1=10
train/48855.jpg,9*(3-6)=-27
train/48856.jpg,7*5*3=105
train/48857.jpg,4-1-6=-3
train/48858.jpg,2-(3*2)=-4
train/48859.jpg,(0+3)*5=15
train/48860.jpg,1-0*2=1
train/48861.jpg,(4+5)+4=13
train/48862.jpg,7-(1+6)=0
train/48863.jpg,(1*0)*9=0
train/48864.jpg,5-(9+3)=-7
train/48865.jpg,(9-4)*8=40
train/48866.jpg,(1+7)+8=16
train/48867.jpg,7+9-9=7
train/48868.jpg,0*0+3=3
train/48869.jpg,(8+9)*5=85
train/48870.jpg,(9+4)*6=78
train/48871.jpg,8*(8*8)=512
train/48872.jpg,(0+9)*1=9
train/48873.jpg,7-(7*4)=-21
train/48874.jpg,9-8+4=5
train/48875.jpg,8*9-1=71
train/48876.jpg,(0*1)*3=0
train/48877.jpg,(2-9)*0=0
train/48878.jpg,0*9*1=0
train/48879.jpg,0+2+0=2
train/48880.jpg,(3+5)-1=7
train/48881.jpg,0*8+1=1
train/48882.jpg,(9*2)*5=90
train/48883.jpg,1-8+1=-6
train/48884.jpg,8+(7*5)=43
train/48885.jpg,6*1+2=8
train/48886.jpg,(3-5)-5=-7
train/48887.jpg,(9-4)-1=4
train/48888.jpg,4+(8*4)=36
train/48889.jpg,(2*5)+4=14
train/48890.jpg,4-3-4=-3
train/48891.jpg,3-5-6=-8
train/48892.jpg,9*(6+3)=81
train/48893.jpg,7+4-5=6
train/48894.jpg,0+3*5=15
train/48895.jpg,(5*3)+9=24
train/48896.jpg,4*7-1=27
train/48897.jpg,(4-4)*6=0
train/48898.jpg,0-0-0=0
train/48899.jpg,(2+6)-7=1
train/48900.jpg,9+(3+7)=19
train/48901.jpg,(2*0)*2=0
train/48902.jpg,5*7-5=30
train/48903.jpg,4-0*0=4
train/48904.jpg,5+(1+0)=6
train/48905.jpg,(7-8)+9=8
train/48906.jpg,2+(6+6)=14
train/48907.jpg,1*(5*2)=10
train/48908.jpg,8+5-1=12
train/48909.jpg,(6*8)+9=57
train/48910.jpg,5*1+4=9
train/48911.jpg,9*5+6=51
train/48912.jpg,4+(6*8)=52
train/48913.jpg,(0-3)-3=-6
train/48914.jpg,5+9+1=15
train/48915.jpg,3+(9-1)=11
train/48916.jpg,2*(3*3)=18
train/48917.jpg,6*(7*8)=336
train/48918.jpg,(0*5)+2=2
train/48919.jpg,(7-2)+4=9
train/48920.jpg,7+4*2=15
train/48921.jpg,(1-0)-4=-3
train/48922.jpg,(2*9)*8=144
train/48923.jpg,7+6-3=10
train/48924.jpg,7*(8*7)=392
train/48925.jpg,4-9-5=-10
train/48926.jpg,0+(5+5)=10
train/48927.jpg,9+(7*4)=37
train/48928.jpg,2+9-2=9
train/48929.jpg,1-(2-0)=-1
train/48930.jpg,3*(5+8)=39
train/48931.jpg,2*4-3=5
train/48932.jpg,5+(8+8)=21
train/48933.jpg,0+(5+1)=6
train/48934.jpg,5*(7*9)=315
train/48935.jpg,(4+1)*3=15
train/48936.jpg,(6+4)*9=90
train/48937.jpg,6*5*3=90
train/48938.jpg,(4-8)+4=0
train/48939.jpg,6*4-6=18
train/48940.jpg,4*8*0=0
train/48941.jpg,3*(2-3)=-3
train/48942.jpg,(0+9)*0=0
train/48943.jpg,7+(1-6)=2
train/48944.jpg,0+9-7=2
train/48945.jpg,5*6*5=150
train/48946.jpg,(7-7)+3=3
train/48947.jpg,7+9*1=16
train/48948.jpg,4+(7+9)=20
train/48949.jpg,(8+2)+4=14
train/48950.jpg,1+(1*1)=2
train/48951.jpg,0*1+0=0
train/48952.jpg,9*(1-3)=-18
train/48953.jpg,5+(4+8)=17
train/48954.jpg,2-8-4=-10
train/48955.jpg,7-(8*0)=7
train/48956.jpg,5+(9*1)=14
train/48957.jpg,7*3*8=168
train/48958.jpg,(9*5)-4=41
train/48959.jpg,8*(2-8)=-48
train/48960.jpg,8*9+2=74
train/48961.jpg,4+5+2=11
train/48962.jpg,3*5*9=135
train/48963.jpg,5-(2+8)=-5
train/48964.jpg,6*4*9=216
train/48965.jpg,9+5-6=8
train/48966.jpg,6*(3+7)=60
train/48967.jpg,6-(8+1)=-3
train/48968.jpg,9+6+4=19
train/48969.jpg,8*(8-2)=48
train/48970.jpg,7+3*0=7
train/48971.jpg,0*2+4=4
train/48972.jpg,(2-2)*8=0
train/48973.jpg,6-9*9=-75
train/48974.jpg,5*6-7=23
train/48975.jpg,9-3-4=2
train/48976.jpg,4*(7*1)=28
train/48977.jpg,(7+0)+1=8
train/48978.jpg,0*(1+9)=0
train/48979.jpg,5-(3-3)=5
train/48980.jpg,0+(9-7)=2
train/48981.jpg,4+(8*9)=76
train/48982.jpg,(3*1)-9=-6
train/48983.jpg,(9-3)*6=36
train/48984.jpg,(5+2)-8=-1
train/48985.jpg,2+(3-3)=2
train/48986.jpg,(6-6)-8=-8
train/48987.jpg,5+3-6=2
train/48988.jpg,1-(9-8)=0
train/48989.jpg,(2*6)-7=5
train/48990.jpg,(8-9)-5=-6
train/48991.jpg,(5+4)*5=45
train/48992.jpg,1+(8+5)=14
train/48993.jpg,2-4*0=2
train/48994.jpg,4-0+8=12
train/48995.jpg,5-2-1=2
train/48996.jpg,9-(5+5)=-1
train/48997.jpg,(9*6)*4=216
train/48998.jpg,9-5*8=-31
train/48999.jpg,7+5+3=15
train/49000.jpg,(2-2)+7=7
train/49001.jpg,6*(3-7)=-24
train/49002.jpg,5-(3*7)=-16
train/49003.jpg,(8*4)-9=23
train/49004.jpg,0*9-2=-2
train/49005.jpg,0+5-7=-2
train/49006.jpg,3+6-6=3
train/49007.jpg,8*(3+3)=48
train/49008.jpg,5-(7+9)=-11
train/49009.jpg,8+2+7=17
train/49010.jpg,(3+4)+2=9
train/49011.jpg,9*(1+7)=72
train/49012.jpg,(1-5)*5=-20
train/49013.jpg,7-2*7=-7
train/49014.jpg,(8+0)-6=2
train/49015.jpg,0-6+0=-6
train/49016.jpg,5-(8+6)=-9
train/49017.jpg,(9-1)*4=32
train/49018.jpg,8-(4+3)=1
train/49019.jpg,(9+3)*5=60
train/49020.jpg,(1*8)*3=24
train/49021.jpg,2*8+9=25
train/49022.jpg,4*2*9=72
train/49023.jpg,(0+5)+1=6
train/49024.jpg,1*2*6=12
train/49025.jpg,2-(5-4)=1
train/49026.jpg,(0+1)+9=10
train/49027.jpg,2*(5*0)=0
train/49028.jpg,2-(8*5)=-38
train/49029.jpg,(9*2)-6=12
train/49030.jpg,0*9*1=0
train/49031.jpg,3+(8-2)=9
train/49032.jpg,9+(5*4)=29
train/49033.jpg,1*0+4=4
train/49034.jpg,3+8-2=9
train/49035.jpg,(6-7)*4=-4
train/49036.jpg,(9-1)*8=64
train/49037.jpg,6*(8+3)=66
train/49038.jpg,(8-5)+4=7
train/49039.jpg,9+(2-3)=8
train/49040.jpg,4*9-8=28
train/49041.jpg,5-(9-8)=4
train/49042.jpg,7*1-1=6
train/49043.jpg,9+(2+2)=13
train/49044.jpg,(3-6)-7=-10
train/49045.jpg,1*(7-3)=4
train/49046.jpg,2+3+3=8
train/49047.jpg,7*(3-6)=-21
train/49048.jpg,0-9-7=-16
train/49049.jpg,(2+0)+9=11
train/49050.jpg,7*7*1=49
train/49051.jpg,(9+2)+7=18
train/49052.jpg,8+5*7=43
train/49053.jpg,2*4*6=48
train/49054.jpg,9*(6*6)=324
train/49055.jpg,9-(8*3)=-15
train/49056.jpg,9+4-0=13
train/49057.jpg,4-(1-1)=4
train/49058.jpg,0-(7*0)=0
train/49059.jpg,(8+1)*6=54
train/49060.jpg,0*(9*4)=0
train/49061.jpg,9-(2-4)=11
train/49062.jpg,9*(9*4)=324
train/49063.jpg,8+(1-2)=7
train/49064.jpg,6-(4*6)=-18
train/49065.jpg,(5*5)*9=225
train/49066.jpg,6-6-9=-9
train/49067.jpg,(9+9)-6=12
train/49068.jpg,(0-0)*5=0
train/49069.jpg,7+8-6=9
train/49070.jpg,0+5+7=12
train/49071.jpg,(8*5)-3=37
train/49072.jpg,3-(1+6)=-4
train/49073.jpg,2-6-7=-11
train/49074.jpg,7*8+7=63
train/49075.jpg,2+(5+9)=16
train/49076.jpg,(8+7)+9=24
train/49077.jpg,2*2+9=13
train/49078.jpg,4+0-8=-4
train/49079.jpg,4-(1+1)=2
train/49080.jpg,5*1-0=5
train/49081.jpg,6+(8*5)=46
train/49082.jpg,1*3+7=10
train/49083.jpg,6+9+7=22
train/49084.jpg,8*5*8=320
train/49085.jpg,(5+7)-9=3
train/49086.jpg,(7*8)+7=63
train/49087.jpg,9+(1*2)=11
train/49088.jpg,(4+9)*6=78
train/49089.jpg,4-(5*1)=-1
train/49090.jpg,4*(6-2)=16
train/49091.jpg,(9+4)-3=10
train/49092.jpg,8+6*6=44
train/49093.jpg,1-9-6=-14
train/49094.jpg,6*6-2=34
train/49095.jpg,9-4-4=1
train/49096.jpg,4-4+9=9
train/49097.jpg,8*(1*4)=32
train/49098.jpg,8-(0*9)=8
train/49099.jpg,3-(9+5)=-11
train/49100.jpg,0*(9-4)=0
train/49101.jpg,4+1*1=5
train/49102.jpg,4*9+1=37
train/49103.jpg,(4-7)*4=-12
train/49104.jpg,(8-9)*2=-2
train/49105.jpg,3*(5*2)=30
train/49106.jpg,3*(7+1)=24
train/49107.jpg,4*(7-3)=16
train/49108.jpg,(0+0)-2=-2
train/49109.jpg,(8*4)*9=288
train/49110.jpg,7*(2-9)=-49
train/49111.jpg,3-(2*2)=-1
train/49112.jpg,1+(6*2)=13
train/49113.jpg,2*6+4=16
train/49114.jpg,7+8*7=63
train/49115.jpg,2*(2+5)=14
train/49116.jpg,1-6-2=-7
train/49117.jpg,5-(5+7)=-7
train/49118.jpg,3*(2+6)=24
train/49119.jpg,2-(6-6)=2
train/49120.jpg,9+(4+1)=14
train/49121.jpg,0*1+9=9
train/49122.jpg,4+9+6=19
train/49123.jpg,(2*5)*8=80
train/49124.jpg,(4+7)*2=22
train/49125.jpg,1+3*4=13
train/49126.jpg,(0*7)+8=8
train/49127.jpg,2*(0-5)=-10
train/49128.jpg,9+(6*2)=21
train/49129.jpg,(0+7)+9=16
train/49130.jpg,(4+8)+9=21
train/49131.jpg,0*(2+8)=0
train/49132.jpg,5*(6-9)=-15
train/49133.jpg,8-(0-8)=16
train/49134.jpg,(4+6)*6=60
train/49135.jpg,6-7-6=-7
train/49136.jpg,7*(0*9)=0
train/49137.jpg,7+2*2=11
train/49138.jpg,(5*5)*0=0
train/49139.jpg,8-0+1=9
train/49140.jpg,(9*6)-0=54
train/49141.jpg,(5-6)-2=-3
train/49142.jpg,9+(6*8)=57
train/49143.jpg,(1*4)*7=28
train/49144.jpg,6+6+0=12
train/49145.jpg,(4+7)*2=22
train/49146.jpg,(4+0)+0=4
train/49147.jpg,2-(7*8)=-54
train/49148.jpg,7-8-2=-3
train/49149.jpg,5-8+7=4
train/49150.jpg,8+(8-3)=13
train/49151.jpg,(5+5)-8=2
train/49152.jpg,1+4+2=7
train/49153.jpg,(9-2)*9=63
train/49154.jpg,1+1-5=-3
train/49155.jpg,0*(8+9)=0
train/49156.jpg,1*(8*5)=40
train/49157.jpg,3*2-9=-3
train/49158.jpg,5*(5+3)=40
train/49159.jpg,3+5*3=18
train/49160.jpg,0-(0*2)=0
train/49161.jpg,1*(6+2)=8
train/49162.jpg,(1*8)+6=14
train/49163.jpg,8-3*0=8
train/49164.jpg,(7+3)*6=60
train/49165.jpg,(1*5)*3=15
train/49166.jpg,0*(3*8)=0
train/49167.jpg,(5*7)-0=35
train/49168.jpg,(9-7)*9=18
train/49169.jpg,(1+7)+5=13
train/49170.jpg,8-(7+3)=-2
train/49171.jpg,3-0+5=8
train/49172.jpg,5+5+1=11
train/49173.jpg,9-1+4=12
train/49174.jpg,4+(0+3)=7
train/49175.jpg,0*2-4=-4
train/49176.jpg,(8-1)+9=16
train/49177.jpg,1*(3*9)=27
train/49178.jpg,(0+2)*7=14
train/49179.jpg,3-4*4=-13
train/49180.jpg,2+2+0=4
train/49181.jpg,(1*3)*3=9
train/49182.jpg,(2*1)*5=10
train/49183.jpg,(6+0)+1=7
train/49184.jpg,(1+9)*3=30
train/49185.jpg,0-(2+7)=-9
train/49186.jpg,(8-2)+8=14
train/49187.jpg,(6*6)-3=33
train/49188.jpg,(5+6)*8=88
train/49189.jpg,(3-3)*1=0
train/49190.jpg,0+(4*5)=20
train/49191.jpg,9*(6*3)=162
train/49192.jpg,(0+5)*0=0
train/49193.jpg,5+(1+5)=11
train/49194.jpg,2-1-4=-3
train/49195.jpg,6*1+1=7
train/49196.jpg,3+0*3=3
train/49197.jpg,6-1-7=-2
train/49198.jpg,8-(5-5)=8
train/49199.jpg,(9*4)*2=72
train/49200.jpg,0*(3-3)=0
train/49201.jpg,6-5*8=-34
train/49202.jpg,(4+9)*2=26
train/49203.jpg,(2+2)+7=11
train/49204.jpg,6-0-8=-2
train/49205.jpg,0-(1*1)=-1
train/49206.jpg,8-7*1=1
train/49207.jpg,(8-6)-5=-3
train/49208.jpg,3*(1+2)=9
train/49209.jpg,0*2-2=-2
train/49210.jpg,7-0-6=1
train/49211.jpg,(7+6)+1=14
train/49212.jpg,(2+2)*4=16
train/49213.jpg,(1*3)*3=9
train/49214.jpg,(0+6)+0=6
train/49215.jpg,9+0-9=0
train/49216.jpg,6+2*9=24
train/49217.jpg,(9*5)-2=43
train/49218.jpg,6+(4-6)=4
train/49219.jpg,(0+3)-3=0
train/49220.jpg,(1+1)-3=-1
train/49221.jpg,1+4*1=5
train/49222.jpg,3*(8+0)=24
train/49223.jpg,8*(4-1)=24
train/49224.jpg,4*(5+5)=40
train/49225.jpg,7-(1*3)=4
train/49226.jpg,5-(5-5)=5
train/49227.jpg,(0*4)*8=0
train/49228.jpg,8*7-2=54
train/49229.jpg,(1-3)+0=-2
train/49230.jpg,2+3*0=2
train/49231.jpg,(3+7)+1=11
train/49232.jpg,(1+1)-5=-3
train/49233.jpg,6+6*1=12
train/49234.jpg,0-(6*5)=-30
train/49235.jpg,(1+6)*7=49
train/49236.jpg,3-(6*1)=-3
train/49237.jpg,(7*5)+0=35
train/49238.jpg,2*(3-3)=0
train/49239.jpg,1+(6-4)=3
train/49240.jpg,(5+5)*0=0
train/49241.jpg,1*(9*1)=9
train/49242.jpg,9*(0-7)=-63
train/49243.jpg,5*8+0=40
train/49244.jpg,(2*0)*9=0
train/49245.jpg,8-(0*3)=8
train/49246.jpg,(7*3)-5=16
train/49247.jpg,(0*6)*0=0
train/49248.jpg,4+8-8=4
train/49249.jpg,(4*3)*1=12
train/49250.jpg,(2+1)*3=9
train/49251.jpg,4+(7*0)=4
train/49252.jpg,0+3-4=-1
train/49253.jpg,8-(9+6)=-7
train/49254.jpg,0*4*7=0
train/49255.jpg,(7*2)*7=98
train/49256.jpg,1*7+9=16
train/49257.jpg,5-(6+6)=-7
train/49258.jpg,1*(1-5)=-4
train/49259.jpg,(6+4)*2=20
train/49260.jpg,5-(2-6)=9
train/49261.jpg,(8-6)*1=2
train/49262.jpg,6-5+7=8
train/49263.jpg,8*(3+4)=56
train/49264.jpg,2-0-1=1
train/49265.jpg,2*9*2=36
train/49266.jpg,(7*0)*0=0
train/49267.jpg,0*6+0=0
train/49268.jpg,(2*6)+2=14
train/49269.jpg,7*(8*9)=504
train/49270.jpg,(3+3)*1=6
train/49271.jpg,8-(0+1)=7
train/49272.jpg,6+(7-2)=11
train/49273.jpg,(3*9)*7=189
train/49274.jpg,(5+2)+0=7
train/49275.jpg,8+0+5=13
train/49276.jpg,(3-6)*8=-24
train/49277.jpg,2-8+0=-6
train/49278.jpg,2*(8+6)=28
train/49279.jpg,(7-7)-7=-7
train/49280.jpg,(9*7)+7=70
train/49281.jpg,(4-2)*8=16
train/49282.jpg,4-(4+8)=-8
train/49283.jpg,5-(7+1)=-3
train/49284.jpg,(3-5)-6=-8
train/49285.jpg,(7-7)-6=-6
train/49286.jpg,1+(5*2)=11
train/49287.jpg,5+(8*0)=5
train/49288.jpg,4*9-7=29
train/49289.jpg,1*(6-3)=3
train/49290.jpg,(8-2)+0=6
train/49291.jpg,(1+8)*2=18
train/49292.jpg,4*2*9=72
train/49293.jpg,4-(1-4)=7
train/49294.jpg,3-(5*8)=-37
train/49295.jpg,0*(0+2)=0
train/49296.jpg,(8*7)+4=60
train/49297.jpg,2-(3*8)=-22
train/49298.jpg,3+(3-1)=5
train/49299.jpg,2+1-3=0
train/49300.jpg,3-8*8=-61
train/49301.jpg,1-7*9=-62
train/49302.jpg,1-8*2=-15
train/49303.jpg,(4-0)-3=1
train/49304.jpg,(2+7)+5=14
train/49305.jpg,(0*5)+7=7
train/49306.jpg,(2*5)*5=50
train/49307.jpg,7-(9*3)=-20
train/49308.jpg,7*6*4=168
train/49309.jpg,6-(2-8)=12
train/49310.jpg,7*4*8=224
train/49311.jpg,0-(9-6)=-3
train/49312.jpg,7+7*5=42
train/49313.jpg,(9-2)*8=56
train/49314.jpg,3-7*6=-39
train/49315.jpg,(6*3)+1=19
train/49316.jpg,(5-7)+8=6
train/49317.jpg,0+7*4=28
train/49318.jpg,(1*5)+4=9
train/49319.jpg,(1-2)+7=6
train/49320.jpg,0+(8*6)=48
train/49321.jpg,2+1*8=10
train/49322.jpg,0+7*5=35
train/49323.jpg,3+(1+5)=9
train/49324.jpg,(8-4)*7=28
train/49325.jpg,2*(6+7)=26
train/49326.jpg,0*7*2=0
train/49327.jpg,(5+4)-8=1
train/49328.jpg,6-(7-9)=8
train/49329.jpg,0-(0+1)=-1
train/49330.jpg,9-4*9=-27
train/49331.jpg,6*5+1=31
train/49332.jpg,(7*4)+7=35
train/49333.jpg,(8+5)+9=22
train/49334.jpg,(4*6)*2=48
train/49335.jpg,5+(7*7)=54
train/49336.jpg,9+(5*0)=9
train/49337.jpg,4*5-0=20
train/49338.jpg,2+4-4=2
train/49339.jpg,(9+3)*0=0
train/49340.jpg,6*(2*5)=60
train/49341.jpg,7*7-1=48
train/49342.jpg,2-(9*1)=-7
train/49343.jpg,7+5-7=5
train/49344.jpg,8-0-2=6
train/49345.jpg,2*1*7=14
train/49346.jpg,1-(2+6)=-7
train/49347.jpg,7*(2-7)=-35
train/49348.jpg,6-4+2=4
train/49349.jpg,(1+7)*9=72
train/49350.jpg,(0+7)*9=63
train/49351.jpg,(2-6)*7=-28
train/49352.jpg,(4*3)+8=20
train/49353.jpg,6*2+7=19
train/49354.jpg,8+7-3=12
train/49355.jpg,(5-9)-4=-8
train/49356.jpg,4*(8*5)=160
train/49357.jpg,(5-2)+7=10
train/49358.jpg,(7*3)+7=28
train/49359.jpg,(4*5)*7=140
train/49360.jpg,(5+0)+0=5
train/49361.jpg,1-(9+2)=-10
train/49362.jpg,8+(5-9)=4
train/49363.jpg,4-(2+2)=0
train/49364.jpg,(7-9)+2=0
train/49365.jpg,(1+5)-1=5
train/49366.jpg,7+(8+2)=17
train/49367.jpg,7*2+3=17
train/49368.jpg,(1-8)+8=1
train/49369.jpg,7+(2-5)=4
train/49370.jpg,1*2*9=18
train/49371.jpg,1+2+9=12
train/49372.jpg,(7*6)-0=42
train/49373.jpg,1-9+5=-3
train/49374.jpg,(6*0)+1=1
train/49375.jpg,3-0-5=-2
train/49376.jpg,(4+8)+7=19
train/49377.jpg,0-(8*6)=-48
train/49378.jpg,5*(7*8)=280
train/49379.jpg,(5+5)+6=16
train/49380.jpg,9-4*5=-11
train/49381.jpg,1+(5+6)=12
train/49382.jpg,8-6-6=-4
train/49383.jpg,(0*3)-9=-9
train/49384.jpg,4*4-9=7
train/49385.jpg,(0+6)-2=4
train/49386.jpg,0+(1*6)=6
train/49387.jpg,(2-8)+3=-3
train/49388.jpg,(6-9)*6=-18
train/49389.jpg,(7+1)+9=17
train/49390.jpg,5+(2-5)=2
train/49391.jpg,(9-1)*1=8
train/49392.jpg,1-1-2=-2
train/49393.jpg,5-0+7=12
train/49394.jpg,7*8*2=112
train/49395.jpg,7*(3-1)=14
train/49396.jpg,5-(7+7)=-9
train/49397.jpg,3+(3+8)=14
train/49398.jpg,(7+8)-0=15
train/49399.jpg,(1-1)*3=0
train/49400.jpg,(2*1)*8=16
train/49401.jpg,9+5-0=14
train/49402.jpg,2-(2+4)=-4
train/49403.jpg,9+(7*4)=37
train/49404.jpg,(3*8)-1=23
train/49405.jpg,2*0+7=7
train/49406.jpg,(3-7)*3=-12
train/49407.jpg,6-2+6=10
train/49408.jpg,(4-2)*6=12
train/49409.jpg,(5*1)+6=11
train/49410.jpg,9-2-4=3
train/49411.jpg,(8+7)*4=60
train/49412.jpg,8-(3-9)=14
train/49413.jpg,6+6-2=10
train/49414.jpg,4+(7-7)=4
train/49415.jpg,7*(5-2)=21
train/49416.jpg,0+6*0=0
train/49417.jpg,4+3-1=6
train/49418.jpg,7+7-3=11
train/49419.jpg,7-7-0=0
train/49420.jpg,(4*3)*5=60
train/49421.jpg,8+(5*5)=33
train/49422.jpg,(7+8)+8=23
train/49423.jpg,8*(1*6)=48
train/49424.jpg,(8+0)*9=72
train/49425.jpg,6-(4-6)=8
train/49426.jpg,4+(7-8)=3
train/49427.jpg,2*3-1=5
train/49428.jpg,7-3*8=-17
train/49429.jpg,3-(7+1)=-5
train/49430.jpg,9-1-0=8
train/49431.jpg,5-(2+6)=-3
train/49432.jpg,(4-1)-5=-2
train/49433.jpg,6-(8*5)=-34
train/49434.jpg,6*4-3=21
train/49435.jpg,0-7+9=2
train/49436.jpg,5-(9*3)=-22
train/49437.jpg,7*(9*7)=441
train/49438.jpg,6+(3+3)=12
train/49439.jpg,0+0-2=-2
train/49440.jpg,(6-1)-1=4
train/49441.jpg,4*0+5=5
train/49442.jpg,(0+5)*7=35
train/49443.jpg,(2+4)+3=9
train/49444.jpg,3-(7*3)=-18
train/49445.jpg,7+2-2=7
train/49446.jpg,8+6*7=50
train/49447.jpg,(8-0)+1=9
train/49448.jpg,(6-9)-7=-10
train/49449.jpg,3*(5-4)=3
train/49450.jpg,2-8+8=2
train/49451.jpg,(6-2)-0=4
train/49452.jpg,2+0+0=2
train/49453.jpg,6*5*5=150
train/49454.jpg,9*(3+3)=54
train/49455.jpg,4+(9-6)=7
train/49456.jpg,7*(8+3)=77
train/49457.jpg,(5*2)-6=4
train/49458.jpg,9-1-8=0
train/49459.jpg,5*(6-2)=20
train/49460.jpg,(2*8)+4=20
train/49461.jpg,8*5+5=45
train/49462.jpg,9-3+6=12
train/49463.jpg,0*1*4=0
train/49464.jpg,3+(4-8)=-1
train/49465.jpg,(5-7)*0=0
train/49466.jpg,(5+5)+9=19
train/49467.jpg,6+(6*5)=36
train/49468.jpg,8*3+0=24
train/49469.jpg,(3+9)+6=18
train/49470.jpg,1+(4+6)=11
train/49471.jpg,1+7*9=64
train/49472.jpg,1+(5-5)=1
train/49473.jpg,3-6*8=-45
train/49474.jpg,6-0-6=0
train/49475.jpg,(2+0)*7=14
train/49476.jpg,3+7*2=17
train/49477.jpg,5-4*6=-19
train/49478.jpg,1+2+0=3
train/49479.jpg,3+(5*7)=38
train/49480.jpg,(4+1)+3=8
train/49481.jpg,7*(6*6)=252
train/49482.jpg,(8*0)+1=1
train/49483.jpg,9+6-7=8
train/49484.jpg,9*8+7=79
train/49485.jpg,6*6-5=31
train/49486.jpg,7-(8*5)=-33
train/49487.jpg,(5+5)-8=2
train/49488.jpg,7+(1+6)=14
train/49489.jpg,(7*5)*9=315
train/49490.jpg,(8+0)+4=12
train/49491.jpg,1-4*9=-35
train/49492.jpg,(0+4)*3=12
train/49493.jpg,(3*4)-8=4
train/49494.jpg,3*(7-9)=-6
train/49495.jpg,(8-5)*6=18
train/49496.jpg,6-(7*6)=-36
train/49497.jpg,7-5*2=-3
train/49498.jpg,0*2*4=0
train/49499.jpg,4-1*9=-5
train/49500.jpg,(3+9)+0=12
train/49501.jpg,0*8+7=7
train/49502.jpg,6+7*2=20
train/49503.jpg,2*3+8=14
train/49504.jpg,1*(1*3)=3
train/49505.jpg,1-9*5=-44
train/49506.jpg,(9-7)+5=7
train/49507.jpg,5-(9-6)=2
train/49508.jpg,9+8*5=49
train/49509.jpg,3+(8+9)=20
train/49510.jpg,8*(1+1)=16
train/49511.jpg,(2+1)*5=15
train/49512.jpg,(9*8)-8=64
train/49513.jpg,(2+1)*5=15
train/49514.jpg,(1+8)*9=81
train/49515.jpg,(2*6)-7=5
train/49516.jpg,(3+3)-6=0
train/49517.jpg,6*2+1=13
train/49518.jpg,3-6-1=-4
train/49519.jpg,(1*5)*5=25
train/49520.jpg,6-(4+9)=-7
train/49521.jpg,9-3+8=14
train/49522.jpg,0-6+6=0
train/49523.jpg,(5-5)+8=8
train/49524.jpg,(8+6)-5=9
train/49525.jpg,4*(6-4)=8
train/49526.jpg,(2+1)*2=6
train/49527.jpg,0*(4*2)=0
train/49528.jpg,4-(2-1)=3
train/49529.jpg,(7+0)*6=42
train/49530.jpg,0-(9+0)=-9
train/49531.jpg,7*6+5=47
train/49532.jpg,3*(3+1)=12
train/49533.jpg,3-(7+8)=-12
train/49534.jpg,6*0-7=-7
train/49535.jpg,0+(3-3)=0
train/49536.jpg,(4+2)+3=9
train/49537.jpg,(8+2)-1=9
train/49538.jpg,9*0+8=8
train/49539.jpg,(6+5)+7=18
train/49540.jpg,0+(0+3)=3
train/49541.jpg,(9*7)+2=65
train/49542.jpg,2+6-3=5
train/49543.jpg,4*(4+9)=52
train/49544.jpg,6*(3*5)=90
train/49545.jpg,(8*9)-3=69
train/49546.jpg,4+(9-6)=7
train/49547.jpg,4-6-3=-5
train/49548.jpg,(8+6)+4=18
train/49549.jpg,3*(5+8)=39
train/49550.jpg,(5+3)*3=24
train/49551.jpg,9+(0-1)=8
train/49552.jpg,6-(9+0)=-3
train/49553.jpg,6-(8+8)=-10
train/49554.jpg,3-(8*3)=-21
train/49555.jpg,8+9+9=26
train/49556.jpg,1*9+4=13
train/49557.jpg,5-(6*2)=-7
train/49558.jpg,(8+2)*4=40
train/49559.jpg,4*(5+4)=36
train/49560.jpg,5*6*7=210
train/49561.jpg,4*4+2=18
train/49562.jpg,(8+1)*6=54
train/49563.jpg,6+7+5=18
train/49564.jpg,9-6+7=10
train/49565.jpg,1+(3+4)=8
train/49566.jpg,4-(9+0)=-5
train/49567.jpg,2*9+1=19
train/49568.jpg,(5+7)-3=9
train/49569.jpg,5-(4*1)=1
train/49570.jpg,9-(4+2)=3
train/49571.jpg,(3+7)+7=17
train/49572.jpg,0+7-7=0
train/49573.jpg,9-4-2=3
train/49574.jpg,6+4*9=42
train/49575.jpg,1+(8*9)=73
train/49576.jpg,8-(4+1)=3
train/49577.jpg,5+(0+6)=11
train/49578.jpg,(5+4)-7=2
train/49579.jpg,7-3+0=4
train/49580.jpg,(7-6)*8=8
train/49581.jpg,9*8*8=576
train/49582.jpg,1-4+2=-1
train/49583.jpg,7+0-2=5
train/49584.jpg,6*5-7=23
train/49585.jpg,5+3+4=12
train/49586.jpg,5-2*7=-9
train/49587.jpg,1-(0+9)=-8
train/49588.jpg,0*2*8=0
train/49589.jpg,4-(2-8)=10
train/49590.jpg,2*(3*4)=24
train/49591.jpg,2+6-5=3
train/49592.jpg,0*2+7=7
train/49593.jpg,8+(2+6)=16
train/49594.jpg,3-7-8=-12
train/49595.jpg,7+(4*3)=19
train/49596.jpg,4*6-6=18
train/49597.jpg,6-(1+0)=5
train/49598.jpg,9*7*9=567
train/49599.jpg,5+(1*5)=10
train/49600.jpg,0+(5*6)=30
train/49601.jpg,(7-8)-3=-4
train/49602.jpg,(3*8)+6=30
train/49603.jpg,(1+2)+0=3
train/49604.jpg,(9-6)+4=7
train/49605.jpg,(1+5)*0=0
train/49606.jpg,9*(6+7)=117
train/49607.jpg,4+4-5=3
train/49608.jpg,3+(2*1)=5
train/49609.jpg,6-(6-0)=0
train/49610.jpg,(8-5)*6=18
train/49611.jpg,(9-0)*7=63
train/49612.jpg,6*(9*1)=54
train/49613.jpg,8-1*8=0
train/49614.jpg,(0*4)*4=0
train/49615.jpg,7+(5+3)=15
train/49616.jpg,0*(4+4)=0
train/49617.jpg,8-(7+7)=-6
train/49618.jpg,4-3-0=1
train/49619.jpg,8-(1-4)=11
train/49620.jpg,5*7-4=31
train/49621.jpg,7+9+0=16
train/49622.jpg,2+(5+5)=12
train/49623.jpg,(2+3)-2=3
train/49624.jpg,4*(6*3)=72
train/49625.jpg,9+(2+3)=14
train/49626.jpg,4-0+4=8
train/49627.jpg,5*3+4=19
train/49628.jpg,8*(5+7)=96
train/49629.jpg,(8+2)+4=14
train/49630.jpg,(8*6)-3=45
train/49631.jpg,4-(1-7)=10
train/49632.jpg,6*(2*9)=108
train/49633.jpg,3+(1*2)=5
train/49634.jpg,(9*0)+4=4
train/49635.jpg,(5*2)*1=10
train/49636.jpg,(9+0)-2=7
train/49637.jpg,(3+1)*4=16
train/49638.jpg,(3*4)+1=13
train/49639.jpg,2+(0+9)=11
train/49640.jpg,1+4*0=1
train/49641.jpg,(6*9)*7=378
train/49642.jpg,7+1*8=15
train/49643.jpg,(5*9)-2=43
train/49644.jpg,7+8+6=21
train/49645.jpg,2+1*5=7
train/49646.jpg,5+(3+3)=11
train/49647.jpg,7*(6+9)=105
train/49648.jpg,(4-5)-2=-3
train/49649.jpg,(6-2)+4=8
train/49650.jpg,(8+5)+4=17
train/49651.jpg,9+(6*4)=33
train/49652.jpg,4*0+0=0
train/49653.jpg,0+(2-5)=-3
train/49654.jpg,(0*5)*2=0
train/49655.jpg,(3+0)+4=7
train/49656.jpg,(9+4)-6=7
train/49657.jpg,(6+7)*8=104
train/49658.jpg,5*8+4=44
train/49659.jpg,3*5-3=12
train/49660.jpg,3+2-7=-2
train/49661.jpg,2-(4+6)=-8
train/49662.jpg,(6+6)+8=20
train/49663.jpg,5-(5+0)=0
train/49664.jpg,3+(7+5)=15
train/49665.jpg,3+(9-1)=11
train/49666.jpg,(3+7)*8=80
train/49667.jpg,9*(6*9)=486
train/49668.jpg,3-(9-1)=-5
train/49669.jpg,(8+1)+5=14
train/49670.jpg,4-6+0=-2
train/49671.jpg,7-8-8=-9
train/49672.jpg,(0-7)*9=-63
train/49673.jpg,5+(9-7)=7
train/49674.jpg,2-(3+6)=-7
train/49675.jpg,7-6+8=9
train/49676.jpg,1+(1-6)=-4
train/49677.jpg,(8+0)*6=48
train/49678.jpg,5*(7+9)=80
train/49679.jpg,(9-8)*8=8
train/49680.jpg,(3+3)+2=8
train/49681.jpg,1+3+6=10
train/49682.jpg,(0-9)+8=-1
train/49683.jpg,(9+1)-4=6
train/49684.jpg,3+7+7=17
train/49685.jpg,1*1+0=1
train/49686.jpg,(6+4)*8=80
train/49687.jpg,2*(1+9)=20
train/49688.jpg,7-(9*4)=-29
train/49689.jpg,3*4*1=12
train/49690.jpg,2+(2+8)=12
train/49691.jpg,7+1*9=16
train/49692.jpg,(4*8)+9=41
train/49693.jpg,(8*6)*8=384
train/49694.jpg,3*(1+9)=30
train/49695.jpg,1+1+0=2
train/49696.jpg,3+0+7=10
train/49697.jpg,(9-6)-9=-6
train/49698.jpg,(9+8)*7=119
train/49699.jpg,2*0*0=0
train/49700.jpg,7-3*7=-14
train/49701.jpg,0*4-6=-6
train/49702.jpg,3-3*2=-3
train/49703.jpg,6-(1*7)=-1
train/49704.jpg,1-2+8=7
train/49705.jpg,(8*7)+4=60
train/49706.jpg,2*(2-1)=2
train/49707.jpg,1-0*4=1
train/49708.jpg,3+(0-2)=1
train/49709.jpg,(2*2)*1=4
train/49710.jpg,4*(7*8)=224
train/49711.jpg,8+(9-7)=10
train/49712.jpg,0+(8*3)=24
train/49713.jpg,8*2*3=48
train/49714.jpg,3-(6-5)=2
train/49715.jpg,4*(0*8)=0
train/49716.jpg,7-(2-7)=12
train/49717.jpg,(7*2)-8=6
train/49718.jpg,3-(1-9)=11
train/49719.jpg,(1*9)-1=8
train/49720.jpg,7*(8+0)=56
train/49721.jpg,(7-5)+0=2
train/49722.jpg,0+9-0=9
train/49723.jpg,2-(2-9)=9
train/49724.jpg,(2-9)-2=-9
train/49725.jpg,(6+6)-5=7
train/49726.jpg,9-3+9=15
train/49727.jpg,(7+3)-3=7
train/49728.jpg,(8-4)+0=4
train/49729.jpg,(9*8)-3=69
train/49730.jpg,4-(0+0)=4
train/49731.jpg,1+(6-8)=-1
train/49732.jpg,(7*0)-4=-4
train/49733.jpg,(9-6)+5=8
train/49734.jpg,7*0*4=0
train/49735.jpg,4-8+9=5
train/49736.jpg,(7+0)-9=-2
train/49737.jpg,(7*9)+4=67
train/49738.jpg,4-6*2=-8
train/49739.jpg,8+(8+4)=20
train/49740.jpg,(4+0)*8=32
train/49741.jpg,(1+7)-3=5
train/49742.jpg,0*(7+3)=0
train/49743.jpg,3+8-8=3
train/49744.jpg,5-4-5=-4
train/49745.jpg,4*(0*3)=0
train/49746.jpg,7-8*5=-33
train/49747.jpg,(0-7)+8=1
train/49748.jpg,4-(1*9)=-5
train/49749.jpg,2-2+3=3
train/49750.jpg,(4+6)+4=14
train/49751.jpg,7-6+4=5
train/49752.jpg,8-(9+1)=-2
train/49753.jpg,(0*4)*0=0
train/49754.jpg,9-(6-7)=10
train/49755.jpg,(1*4)+6=10
train/49756.jpg,0+(1*8)=8
train/49757.jpg,(6-7)-5=-6
train/49758.jpg,7+8*8=71
train/49759.jpg,0*(6*0)=0
train/49760.jpg,2+4*7=30
train/49761.jpg,5-(2*3)=-1
train/49762.jpg,6-3*8=-18
train/49763.jpg,(8*9)+3=75
train/49764.jpg,9*0-0=0
train/49765.jpg,3-(8*3)=-21
train/49766.jpg,(7+9)-0=16
train/49767.jpg,(4*6)-7=17
train/49768.jpg,(4+7)+1=12
train/49769.jpg,3-(3+2)=-2
train/49770.jpg,(0*6)+6=6
train/49771.jpg,(4*3)*9=108
train/49772.jpg,9+8+4=21
train/49773.jpg,9-(9*1)=0
train/49774.jpg,0-2*6=-12
train/49775.jpg,1+6*7=43
train/49776.jpg,4-(9-7)=2
train/49777.jpg,9*9*8=648
train/49778.jpg,4-5+3=2
train/49779.jpg,(5+7)*4=48
train/49780.jpg,(7-4)*4=12
train/49781.jpg,6*(2+3)=30
train/49782.jpg,9+(5-0)=14
train/49783.jpg,(8-2)*6=36
train/49784.jpg,3-(9*4)=-33
train/49785.jpg,9-(7+0)=2
train/49786.jpg,(1*3)*9=27
train/49787.jpg,(9*0)*0=0
train/49788.jpg,8-9*6=-46
train/49789.jpg,3*(3*8)=72
train/49790.jpg,8+4*2=16
train/49791.jpg,(1+0)*5=5
train/49792.jpg,(1*5)+9=14
train/49793.jpg,(4+7)*1=11
train/49794.jpg,6+(5*7)=41
train/49795.jpg,5*(3+8)=55
train/49796.jpg,3*6+6=24
train/49797.jpg,6*5-2=28
train/49798.jpg,(3-5)+1=-1
train/49799.jpg,5-(2+5)=-2
train/49800.jpg,2+4+8=14
train/49801.jpg,(6*0)-9=-9
train/49802.jpg,9+(4-8)=5
train/49803.jpg,(1*2)-1=1
train/49804.jpg,8+8*7=64
train/49805.jpg,7+(2-4)=5
train/49806.jpg,(9*6)-4=50
train/49807.jpg,(3+2)-9=-4
train/49808.jpg,(5*9)+4=49
train/49809.jpg,(3*6)*0=0
train/49810.jpg,7*8*0=0
train/49811.jpg,4-(3-9)=10
train/49812.jpg,5-(5-9)=9
train/49813.jpg,(6-3)+4=7
train/49814.jpg,5-(5+7)=-7
train/49815.jpg,1*9+7=16
train/49816.jpg,(8-2)*7=42
train/49817.jpg,9*(4-7)=-27
train/49818.jpg,(8-0)-6=2
train/49819.jpg,2*(7*3)=42
train/49820.jpg,4+9-5=8
train/49821.jpg,7+(6*2)=19
train/49822.jpg,6-(8*1)=-2
train/49823.jpg,(9+5)+7=21
train/49824.jpg,6+1+8=15
train/49825.jpg,(2+4)+2=8
train/49826.jpg,(0*8)*9=0
train/49827.jpg,3-0+9=12
train/49828.jpg,(6*1)-2=4
train/49829.jpg,3+(0*1)=3
train/49830.jpg,(8*9)-8=64
train/49831.jpg,9*5+9=54
train/49832.jpg,(1-3)-2=-4
train/49833.jpg,0-4+4=0
train/49834.jpg,(9-7)-6=-4
train/49835.jpg,9-9-7=-7
train/49836.jpg,(5-6)+0=-1
train/49837.jpg,5*4*4=80
train/49838.jpg,0-(4-6)=2
train/49839.jpg,9*(7+4)=99
train/49840.jpg,3-6+4=1
train/49841.jpg,(4-5)-5=-6
train/49842.jpg,2*(7-1)=12
train/49843.jpg,7+0*7=7
train/49844.jpg,4*(1*8)=32
train/49845.jpg,(3*5)-2=13
train/49846.jpg,5-0*6=5
train/49847.jpg,(7+8)+7=22
train/49848.jpg,3*(3+6)=27
train/49849.jpg,2-8*4=-30
train/49850.jpg,(3+9)*5=60
train/49851.jpg,3+(2*3)=9
train/49852.jpg,5-6*0=5
train/49853.jpg,4*(2-2)=0
train/49854.jpg,2-(8+6)=-12
train/49855.jpg,(6+0)-3=3
train/49856.jpg,8*(0+9)=72
train/49857.jpg,(8+8)*8=128
train/49858.jpg,7-(0+5)=2
train/49859.jpg,9*4+2=38
train/49860.jpg,0+(6-4)=2
train/49861.jpg,(5+2)+3=10
train/49862.jpg,(3+7)+9=19
train/49863.jpg,5-9*1=-4
train/49864.jpg,5+(3-5)=3
train/49865.jpg,(4+1)*2=10
train/49866.jpg,0-(0+3)=-3
train/49867.jpg,(1+4)*9=45
train/49868.jpg,0-3*1=-3
train/49869.jpg,(4+2)+0=6
train/49870.jpg,(7-8)+2=1
train/49871.jpg,3-(4+5)=-6
train/49872.jpg,(8+4)+6=18
train/49873.jpg,(8*7)+5=61
train/49874.jpg,(2+5)+5=12
train/49875.jpg,1*5+8=13
train/49876.jpg,2*(6*7)=84
train/49877.jpg,5-2-9=-6
train/49878.jpg,9*5-6=39
train/49879.jpg,3+1+3=7
train/49880.jpg,2*(6-0)=12
train/49881.jpg,7-(0*6)=7
train/49882.jpg,(0+1)*9=9
train/49883.jpg,(0*8)+2=2
train/49884.jpg,(1-3)*3=-6
train/49885.jpg,7-6*7=-35
train/49886.jpg,9+8-9=8
train/49887.jpg,4+(0+1)=5
train/49888.jpg,5-(0-0)=5
train/49889.jpg,(2*7)*0=0
train/49890.jpg,3*2-1=5
train/49891.jpg,3-3-2=-2
train/49892.jpg,9+0*0=9
train/49893.jpg,(8+8)+4=20
train/49894.jpg,3-(7-5)=1
train/49895.jpg,3-(3*2)=-3
train/49896.jpg,(4*3)-7=5
train/49897.jpg,5*(0+9)=45
train/49898.jpg,(1+5)*1=6
train/49899.jpg,(5*4)-5=15
train/49900.jpg,(1*6)+4=10
train/49901.jpg,3*1*3=9
train/49902.jpg,9*(6-9)=-27
train/49903.jpg,4*(2-8)=-24
train/49904.jpg,(5*6)+8=38
train/49905.jpg,3-(6+7)=-10
train/49906.jpg,0+3+4=7
train/49907.jpg,(4-0)-1=3
train/49908.jpg,7-(6*7)=-35
train/49909.jpg,1+7*2=15
train/49910.jpg,9+5*2=19
train/49911.jpg,(5*9)-4=41
train/49912.jpg,(9+9)+1=19
train/49913.jpg,1*(1-7)=-6
train/49914.jpg,4*(2+4)=24
train/49915.jpg,7-(3+4)=0
train/49916.jpg,7*7-1=48
train/49917.jpg,9+(9+3)=21
train/49918.jpg,0+(3*4)=12
train/49919.jpg,(9-5)*0=0
train/49920.jpg,5*(0+3)=15
train/49921.jpg,(0*4)-9=-9
train/49922.jpg,(0*4)*9=0
train/49923.jpg,(7*2)*0=0
train/49924.jpg,1*4-0=4
train/49925.jpg,5-4*7=-23
train/49926.jpg,3*2-2=4
train/49927.jpg,(0*0)+3=3
train/49928.jpg,6-3+0=3
train/49929.jpg,(2-2)*1=0
train/49930.jpg,(0-0)*9=0
train/49931.jpg,5+1+9=15
train/49932.jpg,5*2-0=10
train/49933.jpg,3-5*2=-7
train/49934.jpg,6+2-1=7
train/49935.jpg,5-7-5=-7
train/49936.jpg,(3+3)+0=6
train/49937.jpg,8*7+0=56
train/49938.jpg,6-2-1=3
train/49939.jpg,5*(4-3)=5
train/49940.jpg,2*(2-6)=-8
train/49941.jpg,(5+6)-8=3
train/49942.jpg,6+(4*4)=22
train/49943.jpg,(1+4)*8=40
train/49944.jpg,2-(8-6)=0
train/49945.jpg,(9-7)*0=0
train/49946.jpg,6+(6*7)=48
train/49947.jpg,6-(1-3)=8
train/49948.jpg,1-(6*4)=-23
train/49949.jpg,(8-4)+5=9
train/49950.jpg,(0-6)+6=0
train/49951.jpg,(1+6)-6=1
train/49952.jpg,(4*2)+0=8
train/49953.jpg,6-3-0=3
train/49954.jpg,2*(4*1)=8
train/49955.jpg,(1+1)*7=14
train/49956.jpg,0*6+8=8
train/49957.jpg,(2+4)+0=6
train/49958.jpg,5-(1+1)=3
train/49959.jpg,8-(0-9)=17
train/49960.jpg,0-(4*9)=-36
train/49961.jpg,(9*4)-8=28
train/49962.jpg,8+(0*2)=8
train/49963.jpg,9-(6+2)=1
train/49964.jpg,(2-7)*4=-20
train/49965.jpg,6+(8*6)=54
train/49966.jpg,9*4*3=108
train/49967.jpg,(6-9)+9=6
train/49968.jpg,3+2+5=10
train/49969.jpg,(1*6)*9=54
train/49970.jpg,2+1-5=-2
train/49971.jpg,(7-4)+9=12
train/49972.jpg,9+3+5=17
train/49973.jpg,4*(1*8)=32
train/49974.jpg,4+2*0=4
train/49975.jpg,(6-7)*9=-9
train/49976.jpg,3+(1+9)=13
train/49977.jpg,(1*6)+3=9
train/49978.jpg,(8-3)-2=3
train/49979.jpg,(5+3)*9=72
train/49980.jpg,7+(0*8)=7
train/49981.jpg,2*(5-0)=10
train/49982.jpg,(1*3)-8=-5
train/49983.jpg,(2*2)+6=10
train/49984.jpg,1*(7-6)=1
train/49985.jpg,9+(0*6)=9
train/49986.jpg,(8+6)+5=19
train/49987.jpg,4-(8*5)=-36
train/49988.jpg,(6-5)-7=-6
train/49989.jpg,0+5+7=12
train/49990.jpg,9-0+5=14
train/49991.jpg,4+(1-0)=5
train/49992.jpg,(3-4)*8=-8
train/49993.jpg,1*(7+0)=7
train/49994.jpg,7+(7*2)=21
train/49995.jpg,0*(0-6)=0
train/49996.jpg,6+4*9=42
train/49997.jpg,(8-7)+9=10
train/49998.jpg,(3-5)*6=-12
train/49999.jpg,4-3*1=1
train/50000.jpg,(1-8)*1=-7
train/50001.jpg,6-(6-2)=2
train/50002.jpg,(1*2)+9=11
train/50003.jpg,(5-2)-2=1
train/50004.jpg,2-(1+0)=1
train/50005.jpg,9-1*5=4
train/50006.jpg,7+1*3=10
train/50007.jpg,0+2+1=3
train/50008.jpg,5*(5-7)=-10
train/50009.jpg,(9+0)+6=15
train/50010.jpg,6*(1+6)=42
train/50011.jpg,3*6-3=15
train/50012.jpg,4+7-5=6
train/50013.jpg,0*9-2=-2
train/50014.jpg,6*(6-3)=18
train/50015.jpg,(8+1)-7=2
train/50016.jpg,(4+7)-8=3
train/50017.jpg,(2*5)+9=19
train/50018.jpg,(1*2)+3=5
train/50019.jpg,(8*1)*2=16
train/50020.jpg,4-4-5=-5
train/50021.jpg,(2-3)*5=-5
train/50022.jpg,5-5+3=3
train/50023.jpg,9+(7-3)=13
train/50024.jpg,5+(9+8)=22
train/50025.jpg,5*(3-8)=-25
train/50026.jpg,8*0+0=0
train/50027.jpg,7-7-6=-6
train/50028.jpg,3-5+3=1
train/50029.jpg,(9*4)*0=0
train/50030.jpg,9*(2-0)=18
train/50031.jpg,0*(9-4)=0
train/50032.jpg,7*(8+9)=119
train/50033.jpg,(7+5)-8=4
train/50034.jpg,4-1+3=6
train/50035.jpg,(7*9)*5=315
train/50036.jpg,7+(5-8)=4
train/50037.jpg,(6-4)-9=-7
train/50038.jpg,(2+3)-7=-2
train/50039.jpg,1*(6-9)=-3
train/50040.jpg,4-(6-7)=5
train/50041.jpg,4+5+3=12
train/50042.jpg,0-4-5=-9
train/50043.jpg,9-(1-4)=12
train/50044.jpg,4+(2+8)=14
train/50045.jpg,8+(2+6)=16
train/50046.jpg,(0*4)*9=0
train/50047.jpg,9*3+0=27
train/50048.jpg,(6*1)+2=8
train/50049.jpg,0*(0+3)=0
train/50050.jpg,(9*1)+5=14
train/50051.jpg,0*8-8=-8
train/50052.jpg,(8-7)*4=4
train/50053.jpg,7*(3+2)=35
train/50054.jpg,3*8+2=26
train/50055.jpg,1*(3-6)=-3
train/50056.jpg,(7-8)*6=-6
train/50057.jpg,(1+5)+6=12
train/50058.jpg,2-3+7=6
train/50059.jpg,(7+6)-7=6
train/50060.jpg,6-2-7=-3
train/50061.jpg,(7-5)*4=8
train/50062.jpg,0+(1*5)=5
train/50063.jpg,2+(6+9)=17
train/50064.jpg,3+(6*1)=9
train/50065.jpg,9-(2-0)=7
train/50066.jpg,7+(0+2)=9
train/50067.jpg,9-6*6=-27
train/50068.jpg,2+2-2=2
train/50069.jpg,7+(5*8)=47
train/50070.jpg,8-(3+5)=0
train/50071.jpg,(0+0)-3=-3
train/50072.jpg,6-8-3=-5
train/50073.jpg,(9*2)*7=126
train/50074.jpg,4-2-7=-5
train/50075.jpg,(7*8)+4=60
train/50076.jpg,4+(1+0)=5
train/50077.jpg,(6+9)-0=15
train/50078.jpg,(6+0)+6=12
train/50079.jpg,2-0+2=4
train/50080.jpg,(8-4)-4=0
train/50081.jpg,6+3+8=17
train/50082.jpg,(0-3)*6=-18
train/50083.jpg,0+(6-3)=3
train/50084.jpg,7-(6+5)=-4
train/50085.jpg,5*(6-6)=0
train/50086.jpg,6-(7-2)=1
train/50087.jpg,(0+7)-1=6
train/50088.jpg,(5*0)+2=2
train/50089.jpg,(8*6)*8=384
train/50090.jpg,0-7-8=-15
train/50091.jpg,6*(6+4)=60
train/50092.jpg,(9-7)*7=14
train/50093.jpg,1+(0*9)=1
train/50094.jpg,2-(9+6)=-13
train/50095.jpg,5-6+0=-1
train/50096.jpg,4*0-5=-5
train/50097.jpg,0+5-7=-2
train/50098.jpg,8-9*1=-1
train/50099.jpg,8+6-8=6
train/50100.jpg,1+(0-7)=-6
train/50101.jpg,(1-9)+5=-3
train/50102.jpg,1+8*9=73
train/50103.jpg,7-(2+5)=0
train/50104.jpg,8-2-8=-2
train/50105.jpg,8+(2-2)=8
train/50106.jpg,(7*9)*7=441
train/50107.jpg,4*(1-8)=-28
train/50108.jpg,(7+5)-6=6
train/50109.jpg,9-(3*4)=-3
train/50110.jpg,2*4+1=9
train/50111.jpg,5*5-7=18
train/50112.jpg,(6+6)-9=3
train/50113.jpg,(2+3)+1=6
train/50114.jpg,5*4-5=15
train/50115.jpg,0-(6*1)=-6
train/50116.jpg,(7*4)*0=0
train/50117.jpg,(1-2)+9=8
train/50118.jpg,3+9+7=19
train/50119.jpg,7-4*7=-21
train/50120.jpg,(0+5)+4=9
train/50121.jpg,9+2+9=20
train/50122.jpg,4+9*4=40
train/50123.jpg,4+7*9=67
train/50124.jpg,8+(5+0)=13
train/50125.jpg,4*(2+3)=20
train/50126.jpg,6+(0-1)=5
train/50127.jpg,7+6-1=12
train/50128.jpg,0*3+6=6
train/50129.jpg,1+(8+1)=10
train/50130.jpg,6-9+0=-3
train/50131.jpg,7+1-5=3
train/50132.jpg,0+7+2=9
train/50133.jpg,6+(5-8)=3
train/50134.jpg,1*6*0=0
train/50135.jpg,2-(0*0)=2
train/50136.jpg,8*0*8=0
train/50137.jpg,6+(8+4)=18
train/50138.jpg,5-(9+7)=-11
train/50139.jpg,5*6*7=210
train/50140.jpg,4+(0*0)=4
train/50141.jpg,4*5*7=140
train/50142.jpg,0+7*1=7
train/50143.jpg,3*3*2=18
train/50144.jpg,1-2-0=-1
train/50145.jpg,0-(0+7)=-7
train/50146.jpg,(0*9)-3=-3
train/50147.jpg,(0+2)+5=7
train/50148.jpg,0-0*2=0
train/50149.jpg,2*(7-0)=14
train/50150.jpg,7-1*1=6
train/50151.jpg,(2*9)-7=11
train/50152.jpg,9-7-4=-2
train/50153.jpg,(0-0)+3=3
train/50154.jpg,9*6*6=324
train/50155.jpg,(0+2)*6=12
train/50156.jpg,0*6-4=-4
train/50157.jpg,(6*5)+8=38
train/50158.jpg,4*9-3=33
train/50159.jpg,(5+6)*4=44
train/50160.jpg,(9+2)*0=0
train/50161.jpg,6*0+6=6
train/50162.jpg,9-(9*6)=-45
train/50163.jpg,4*4*1=16
train/50164.jpg,7*0-0=0
train/50165.jpg,(4+3)+5=12
train/50166.jpg,6*(0+2)=12
train/50167.jpg,5-(2*0)=5
train/50168.jpg,(7-0)*6=42
train/50169.jpg,0*5-1=-1
train/50170.jpg,1+(6-4)=3
train/50171.jpg,9*(7-5)=18
train/50172.jpg,2-(5*2)=-8
train/50173.jpg,6*4+3=27
train/50174.jpg,5+(1-3)=3
train/50175.jpg,3-(6-8)=5
train/50176.jpg,0-(0+9)=-9
train/50177.jpg,4-(0*7)=4
train/50178.jpg,(0-5)+3=-2
train/50179.jpg,3-(2-8)=9
train/50180.jpg,(8*3)+7=31
train/50181.jpg,5+(7+5)=17
train/50182.jpg,9+(0-4)=5
train/50183.jpg,6-(6+1)=-1
train/50184.jpg,0*(7+3)=0
train/50185.jpg,(4+2)*8=48
train/50186.jpg,8*(0-4)=-32
train/50187.jpg,2-8-0=-6
train/50188.jpg,0*(3-5)=0
train/50189.jpg,3*1+3=6
train/50190.jpg,5*5-4=21
train/50191.jpg,5-4-5=-4
train/50192.jpg,(1+4)-4=1
train/50193.jpg,2*6-5=7
train/50194.jpg,(6*0)*6=0
train/50195.jpg,3+(7+0)=10
train/50196.jpg,4+2-4=2
train/50197.jpg,7+(4*3)=19
train/50198.jpg,6-3*0=6
train/50199.jpg,9*1*1=9
train/50200.jpg,2-0-4=-2
train/50201.jpg,1+5+7=13
train/50202.jpg,8-(6*7)=-34
train/50203.jpg,3-(8*1)=-5
train/50204.jpg,(1+0)-4=-3
train/50205.jpg,5*(7-2)=25
train/50206.jpg,6-(0-7)=13
train/50207.jpg,9*(7*8)=504
train/50208.jpg,(7-8)*7=-7
train/50209.jpg,1-0-4=-3
train/50210.jpg,9+(1-1)=9
train/50211.jpg,(3-1)-6=-4
train/50212.jpg,8-1+1=8
train/50213.jpg,5*6-2=28
train/50214.jpg,3-(8+5)=-10
train/50215.jpg,(7+7)*4=56
train/50216.jpg,3*(9*0)=0
train/50217.jpg,5-(1*8)=-3
train/50218.jpg,5*(1-3)=-10
train/50219.jpg,9-(7*2)=-5
train/50220.jpg,5-(8-7)=4
train/50221.jpg,4+1-4=1
train/50222.jpg,(8+4)-1=11
train/50223.jpg,2*(9-1)=16
train/50224.jpg,(8+1)-8=1
train/50225.jpg,9*4+0=36
train/50226.jpg,(1-0)*9=9
train/50227.jpg,(0*1)-8=-8
train/50228.jpg,2+(8*1)=10
train/50229.jpg,(7+3)-2=8
train/50230.jpg,8-(2+1)=5
train/50231.jpg,(8+8)+9=25
train/50232.jpg,1-(4+9)=-12
train/50233.jpg,1*6*8=48
train/50234.jpg,2+(2-7)=-3
train/50235.jpg,1-7*9=-62
train/50236.jpg,(1*4)*5=20
train/50237.jpg,7+1-6=2
train/50238.jpg,4*7+9=37
train/50239.jpg,4-9+8=3
train/50240.jpg,(3+1)*0=0
train/50241.jpg,1+9-4=6
train/50242.jpg,9+6-3=12
train/50243.jpg,(5*6)-5=25
train/50244.jpg,0+(5-4)=1
train/50245.jpg,(8-6)*8=16
train/50246.jpg,6*0-5=-5
train/50247.jpg,6*(0+7)=42
train/50248.jpg,(8+1)+8=17
train/50249.jpg,6-(0-9)=15
train/50250.jpg,(6*6)-6=30
train/50251.jpg,7-(5*2)=-3
train/50252.jpg,(7+3)+5=15
train/50253.jpg,(0-0)*1=0
train/50254.jpg,3*7*7=147
train/50255.jpg,1-5+9=5
train/50256.jpg,7+(0*8)=7
train/50257.jpg,6+5*1=11
train/50258.jpg,7*7-6=43
train/50259.jpg,5+(7*3)=26
train/50260.jpg,(9+6)+0=15
train/50261.jpg,(8*2)*6=96
train/50262.jpg,3-(2+8)=-7
train/50263.jpg,2*8-4=12
train/50264.jpg,(9*3)*3=81
train/50265.jpg,8+1+8=17
train/50266.jpg,6+5+4=15
train/50267.jpg,7+1+0=8
train/50268.jpg,(8+0)-6=2
train/50269.jpg,0*(3-2)=0
train/50270.jpg,3*(9+0)=27
train/50271.jpg,8*(1+8)=72
train/50272.jpg,8-6-2=0
train/50273.jpg,1+(4+3)=8
train/50274.jpg,(0+1)-5=-4
train/50275.jpg,7*(7+8)=105
train/50276.jpg,4+(8-0)=12
train/50277.jpg,3*(8*6)=144
train/50278.jpg,3*(9*9)=243
train/50279.jpg,0+6*3=18
train/50280.jpg,4+(1*0)=4
train/50281.jpg,1-2-8=-9
train/50282.jpg,4-(6*5)=-26
train/50283.jpg,(6-2)-3=1
train/50284.jpg,8*(8+1)=72
train/50285.jpg,1*(0-1)=-1
train/50286.jpg,(1+1)*9=18
train/50287.jpg,8-(1-2)=9
train/50288.jpg,6+(3-8)=1
train/50289.jpg,(9*4)*7=252
train/50290.jpg,2*2-9=-5
train/50291.jpg,4-9*3=-23
train/50292.jpg,(7-7)*4=0
train/50293.jpg,4+(4-7)=1
train/50294.jpg,7+(1*8)=15
train/50295.jpg,(2-0)-2=0
train/50296.jpg,5-(5+2)=-2
train/50297.jpg,5+(3-1)=7
train/50298.jpg,2+(0+3)=5
train/50299.jpg,(8*1)-4=4
train/50300.jpg,4*6-2=22
train/50301.jpg,4-(1+1)=2
train/50302.jpg,4*(0*0)=0
train/50303.jpg,(1*5)*7=35
train/50304.jpg,(0-6)*0=0
train/50305.jpg,9-(3+1)=5
train/50306.jpg,0-(8-1)=-7
train/50307.jpg,7+9*6=61
train/50308.jpg,(2+3)*9=45
train/50309.jpg,8+2-9=1
train/50310.jpg,7+1+7=15
train/50311.jpg,5-(8-5)=2
train/50312.jpg,(7+6)-8=5
train/50313.jpg,(0*7)-5=-5
train/50314.jpg,2-(6+6)=-10
train/50315.jpg,5-(7-9)=7
train/50316.jpg,(5+3)-8=0
train/50317.jpg,(5-4)+2=3
train/50318.jpg,9*(6+1)=63
train/50319.jpg,(8-3)*1=5
train/50320.jpg,3+(3+9)=15
train/50321.jpg,3*3+1=10
train/50322.jpg,(2+1)*6=18
train/50323.jpg,4-3+8=9
train/50324.jpg,5+(9+4)=18
train/50325.jpg,(9+1)*2=20
train/50326.jpg,5-0*6=5
train/50327.jpg,0-7*5=-35
train/50328.jpg,0+(5+4)=9
train/50329.jpg,9+(4-3)=10
train/50330.jpg,5-0+4=9
train/50331.jpg,(2-2)*7=0
train/50332.jpg,0*4*8=0
train/50333.jpg,(2*8)+4=20
train/50334.jpg,(7+2)-3=6
train/50335.jpg,(1-0)-0=1
train/50336.jpg,1-(6+5)=-10
train/50337.jpg,5-6-8=-9
train/50338.jpg,(5+4)+5=14
train/50339.jpg,(3+2)-8=-3
train/50340.jpg,(5+2)*1=7
train/50341.jpg,5-(3-2)=4
train/50342.jpg,7-3-1=3
train/50343.jpg,3-(6-5)=2
train/50344.jpg,(3*8)*1=24
train/50345.jpg,0-(8-1)=-7
train/50346.jpg,8-0+9=17
train/50347.jpg,(7+9)-8=8
train/50348.jpg,4*(3+2)=20
train/50349.jpg,6+(7*9)=69
train/50350.jpg,(2+8)+4=14
train/50351.jpg,0+5+5=10
train/50352.jpg,(6-6)*6=0
train/50353.jpg,1*(2-3)=-1
train/50354.jpg,8*(2-5)=-24
train/50355.jpg,(3*7)*7=147
train/50356.jpg,5+(1*6)=11
train/50357.jpg,(0*7)+8=8
train/50358.jpg,5+7-8=4
train/50359.jpg,4*(2+4)=24
train/50360.jpg,9+5*6=39
train/50361.jpg,9+6-5=10
train/50362.jpg,4-5-6=-7
train/50363.jpg,(6-3)+7=10
train/50364.jpg,7-2-4=1
train/50365.jpg,5*7+2=37
train/50366.jpg,6-5+1=2
train/50367.jpg,6*(6*5)=180
train/50368.jpg,(9-9)*6=0
train/50369.jpg,1-(4+6)=-9
train/50370.jpg,1-6*2=-11
train/50371.jpg,6*2-0=12
train/50372.jpg,3-(1*5)=-2
train/50373.jpg,6-(4*8)=-26
train/50374.jpg,5+(0-2)=3
train/50375.jpg,(6+1)-9=-2
train/50376.jpg,(7*1)*1=7
train/50377.jpg,9+7-9=7
train/50378.jpg,(9+0)+0=9
train/50379.jpg,0*8*6=0
train/50380.jpg,0+1-7=-6
train/50381.jpg,7-9-0=-2
train/50382.jpg,6-0*5=6
train/50383.jpg,(3+2)*8=40
train/50384.jpg,2-6+8=4
train/50385.jpg,(4-1)-8=-5
train/50386.jpg,3+8-0=11
train/50387.jpg,8+(2+8)=18
train/50388.jpg,8+6+4=18
train/50389.jpg,7-3*6=-11
train/50390.jpg,3+(5*2)=13
train/50391.jpg,0*5*4=0
train/50392.jpg,1+1-5=-3
train/50393.jpg,(4+7)+0=11
train/50394.jpg,2*0+0=0
train/50395.jpg,2-0+7=9
train/50396.jpg,(2-1)-6=-5
train/50397.jpg,9-(3*5)=-6
train/50398.jpg,(0-2)-4=-6
train/50399.jpg,1-(2*3)=-5
train/50400.jpg,(9*0)-5=-5
train/50401.jpg,1*(6+8)=14
train/50402.jpg,3-(3*8)=-21
train/50403.jpg,(8+5)-9=4
train/50404.jpg,(8+0)-4=4
train/50405.jpg,5-0+9=14
train/50406.jpg,2*9*1=18
train/50407.jpg,8*4*7=224
train/50408.jpg,(7-0)+3=10
train/50409.jpg,7+(3-5)=5
train/50410.jpg,2-4*8=-30
train/50411.jpg,2*(3*5)=30
train/50412.jpg,(3*9)+4=31
train/50413.jpg,9*3*6=162
train/50414.jpg,8*3-6=18
train/50415.jpg,6*(3+5)=48
train/50416.jpg,4*(7*6)=168
train/50417.jpg,3*2*6=36
train/50418.jpg,0-2*1=-2
train/50419.jpg,0-6*1=-6
train/50420.jpg,(1-7)+6=0
train/50421.jpg,(1+6)+0=7
train/50422.jpg,8-4*7=-20
train/50423.jpg,(7+2)*6=54
train/50424.jpg,4+3*5=19
train/50425.jpg,5+7*0=5
train/50426.jpg,4*(9*2)=72
train/50427.jpg,5+(2-0)=7
train/50428.jpg,8-7+7=8
train/50429.jpg,8*(9*7)=504
train/50430.jpg,8+(4+6)=18
train/50431.jpg,(2-4)+6=4
train/50432.jpg,4+5*5=29
train/50433.jpg,(9-6)-8=-5
train/50434.jpg,(2-9)+5=-2
train/50435.jpg,8-(3+1)=4
train/50436.jpg,5-8*3=-19
train/50437.jpg,9+3-7=5
train/50438.jpg,4+(7-0)=11
train/50439.jpg,2+(2*2)=6
train/50440.jpg,(7*6)*8=336
train/50441.jpg,(6*2)-8=4
train/50442.jpg,9*5-0=45
train/50443.jpg,2-8*3=-22
train/50444.jpg,8-(2+1)=5
train/50445.jpg,(3-9)+4=-2
train/50446.jpg,6+(7+6)=19
train/50447.jpg,4+1*4=8
train/50448.jpg,(3*1)-7=-4
train/50449.jpg,(9*8)*8=576
train/50450.jpg,4*(1+1)=8
train/50451.jpg,(4*5)-7=13
train/50452.jpg,(1-5)*1=-4
train/50453.jpg,4-(2-7)=9
train/50454.jpg,(7+6)+1=14
train/50455.jpg,9*6-4=50
train/50456.jpg,(7+1)*4=32
train/50457.jpg,7+(9+7)=23
train/50458.jpg,2*0*1=0
train/50459.jpg,2-(9*1)=-7
train/50460.jpg,(4*0)+8=8
train/50461.jpg,4+(2*9)=22
train/50462.jpg,4*7*6=168
train/50463.jpg,7-7+8=8
train/50464.jpg,5-2*1=3
train/50465.jpg,9+(7*2)=23
train/50466.jpg,2*1*3=6
train/50467.jpg,2-3+5=4
train/50468.jpg,5-0*8=5
train/50469.jpg,(7*7)+7=56
train/50470.jpg,5*7-6=29
train/50471.jpg,5+(3+9)=17
train/50472.jpg,(0+3)*4=12
train/50473.jpg,(1*9)-7=2
train/50474.jpg,(6-4)+8=10
train/50475.jpg,9-9*4=-27
train/50476.jpg,7+6-0=13
train/50477.jpg,4*2-4=4
train/50478.jpg,9+(5+4)=18
train/50479.jpg,5+8*1=13
train/50480.jpg,(2+5)+1=8
train/50481.jpg,(0-5)+6=1
train/50482.jpg,4*6-5=19
train/50483.jpg,4-(3-4)=5
train/50484.jpg,1*6+9=15
train/50485.jpg,3*(0-6)=-18
train/50486.jpg,(2*7)*6=84
train/50487.jpg,9+(2*5)=19
train/50488.jpg,(3-5)-4=-6
train/50489.jpg,(5-7)-3=-5
train/50490.jpg,5*1-2=3
train/50491.jpg,(7-4)-9=-6
train/50492.jpg,2+3-7=-2
train/50493.jpg,3-9*1=-6
train/50494.jpg,(5-0)*1=5
train/50495.jpg,5-(3-4)=6
train/50496.jpg,9+(9*3)=36
train/50497.jpg,(2-1)+5=6
train/50498.jpg,9-3-3=3
train/50499.jpg,3*(2+1)=9
train/50500.jpg,8+7*7=57
train/50501.jpg,0+(7*8)=56
train/50502.jpg,3*3+8=17
train/50503.jpg,7+3-1=9
train/50504.jpg,6*6*3=108
train/50505.jpg,5+0-6=-1
train/50506.jpg,9*(0-3)=-27
train/50507.jpg,(0*5)-8=-8
train/50508.jpg,7+(7*3)=28
train/50509.jpg,(1*1)-5=-4
train/50510.jpg,1-(3*6)=-17
train/50511.jpg,8*0*1=0
train/50512.jpg,7-(6+5)=-4
train/50513.jpg,7+(1-2)=6
train/50514.jpg,0+7*1=7
train/50515.jpg,(4*9)-2=34
train/50516.jpg,(1-5)-1=-5
train/50517.jpg,9-6+7=10
train/50518.jpg,(4+6)*6=60
train/50519.jpg,3-(6*7)=-39
train/50520.jpg,2-(2-9)=9
train/50521.jpg,8*(8+2)=80
train/50522.jpg,(2-3)*1=-1
train/50523.jpg,(2+9)+0=11
train/50524.jpg,6-0*4=6
train/50525.jpg,7*5*0=0
train/50526.jpg,(6-9)*4=-12
train/50527.jpg,1+4*9=37
train/50528.jpg,(7+2)-3=6
train/50529.jpg,0*5*4=0
train/50530.jpg,8*(4-3)=8
train/50531.jpg,5+(4*6)=29
train/50532.jpg,4*(8-2)=24
train/50533.jpg,7-(6+0)=1
train/50534.jpg,7*6+6=48
train/50535.jpg,(5*3)*7=105
train/50536.jpg,0-4*3=-12
train/50537.jpg,8+4+3=15
train/50538.jpg,1+0*1=1
train/50539.jpg,(3+4)*0=0
train/50540.jpg,1*(2+5)=7
train/50541.jpg,(9*9)-5=76
train/50542.jpg,(0*5)-0=0
train/50543.jpg,7+(2-9)=0
train/50544.jpg,1-(4*2)=-7
train/50545.jpg,(7*8)*5=280
train/50546.jpg,8+(4-6)=6
train/50547.jpg,8-5+8=11
train/50548.jpg,8+2+3=13
train/50549.jpg,0-(1-4)=3
train/50550.jpg,3-2+6=7
train/50551.jpg,9*0-3=-3
train/50552.jpg,0+(5+1)=6
train/50553.jpg,(2-2)-3=-3
train/50554.jpg,(9*8)-7=65
train/50555.jpg,1*(3*6)=18
train/50556.jpg,(6-3)-9=-6
train/50557.jpg,(3+8)+6=17
train/50558.jpg,3*(1+6)=21
train/50559.jpg,3+(3+3)=9
train/50560.jpg,9*1*8=72
train/50561.jpg,6+(5+1)=12
train/50562.jpg,(7-0)*8=56
train/50563.jpg,3+9-2=10
train/50564.jpg,5+(6*2)=17
train/50565.jpg,2-4+9=7
train/50566.jpg,(3-9)+2=-4
train/50567.jpg,(4+4)+2=10
train/50568.jpg,5+(8*2)=21
train/50569.jpg,1+(5*1)=6
train/50570.jpg,5*6-1=29
train/50571.jpg,(8-7)+1=2
train/50572.jpg,1*4+3=7
train/50573.jpg,(4-0)-3=1
train/50574.jpg,3-1-0=2
train/50575.jpg,1-(6-9)=4
train/50576.jpg,(9-4)-9=-4
train/50577.jpg,(4+3)-7=0
train/50578.jpg,(6-3)*6=18
train/50579.jpg,(3*4)*9=108
train/50580.jpg,4-(3+6)=-5
train/50581.jpg,6+(9+8)=23
train/50582.jpg,5*8+7=47
train/50583.jpg,(8*5)*2=80
train/50584.jpg,(3*8)*7=168
train/50585.jpg,6+(7-7)=6
train/50586.jpg,9-1+1=9
train/50587.jpg,(2*1)+8=10
train/50588.jpg,6*(0*0)=0
train/50589.jpg,0+2-2=0
train/50590.jpg,8*(6-0)=48
train/50591.jpg,1*(8*2)=16
train/50592.jpg,4+6*9=58
train/50593.jpg,6*6+8=44
train/50594.jpg,5-(8-1)=-2
train/50595.jpg,(1-5)+4=0
train/50596.jpg,9*(0*3)=0
train/50597.jpg,2+7*0=2
train/50598.jpg,(3*6)+3=21
train/50599.jpg,9*(1*1)=9
train/50600.jpg,(5-9)+3=-1
train/50601.jpg,(7-6)*6=6
train/50602.jpg,5*9-0=45
train/50603.jpg,(5+6)+1=12
train/50604.jpg,6-(4+3)=-1
train/50605.jpg,(2+0)+8=10
train/50606.jpg,(0-7)+1=-6
train/50607.jpg,0-5*2=-10
train/50608.jpg,1-9-2=-10
train/50609.jpg,3+(8*1)=11
train/50610.jpg,2+6-6=2
train/50611.jpg,7*(4-3)=7
train/50612.jpg,8-(9-6)=5
train/50613.jpg,(0*5)*6=0
train/50614.jpg,(6+1)+2=9
train/50615.jpg,(7+5)+5=17
train/50616.jpg,4*(5+8)=52
train/50617.jpg,5+(3*1)=8
train/50618.jpg,(0-0)*1=0
train/50619.jpg,(6-3)-9=-6
train/50620.jpg,1*(8+8)=16
train/50621.jpg,8+(3*0)=8
train/50622.jpg,5*(1+7)=40
train/50623.jpg,7-8+5=4
train/50624.jpg,4+0-5=-1
train/50625.jpg,(0+2)-6=-4
train/50626.jpg,4-(1*9)=-5
train/50627.jpg,6+(2+4)=12
train/50628.jpg,(3*7)*0=0
train/50629.jpg,9+9*7=72
train/50630.jpg,1+0+8=9
train/50631.jpg,(2+6)+7=15
train/50632.jpg,9*(6+8)=126
train/50633.jpg,(7*6)+7=49
train/50634.jpg,(7+4)*7=77
train/50635.jpg,(1*9)*7=63
train/50636.jpg,(1+9)*6=60
train/50637.jpg,(5-9)+2=-2
train/50638.jpg,3-4+9=8
train/50639.jpg,9-5-4=0
train/50640.jpg,9-0+0=9
train/50641.jpg,6+(0-6)=0
train/50642.jpg,(0-6)+8=2
train/50643.jpg,3*(3*5)=45
train/50644.jpg,7-3*2=1
train/50645.jpg,6*(7*4)=168
train/50646.jpg,(8*3)+8=32
train/50647.jpg,1-(1*4)=-3
train/50648.jpg,1*7+9=16
train/50649.jpg,2-(1*6)=-4
train/50650.jpg,4+2-2=4
train/50651.jpg,2-(1+8)=-7
train/50652.jpg,2+3-0=5
train/50653.jpg,6+2*8=22
train/50654.jpg,(4+7)+3=14
train/50655.jpg,(4+8)+3=15
train/50656.jpg,(0+7)+3=10
train/50657.jpg,(5-7)+2=0
train/50658.jpg,3+1*6=9
train/50659.jpg,2-5*6=-28
train/50660.jpg,7-(0+6)=1
train/50661.jpg,(9*0)*9=0
train/50662.jpg,2*6-5=7
train/50663.jpg,0-9*7=-63
train/50664.jpg,5*9+6=51
train/50665.jpg,2-3*3=-7
train/50666.jpg,5+2-0=7
train/50667.jpg,3+0*0=3
train/50668.jpg,9*4*8=288
train/50669.jpg,(6+1)+3=10
train/50670.jpg,(0-3)-1=-4
train/50671.jpg,8-(6*7)=-34
train/50672.jpg,6-(9*2)=-12
train/50673.jpg,(4+3)-2=5
train/50674.jpg,7-4*6=-17
train/50675.jpg,(2*4)*5=40
train/50676.jpg,(7*2)*3=42
train/50677.jpg,1+9-0=10
train/50678.jpg,3+(2-8)=-3
train/50679.jpg,9+4+5=18
train/50680.jpg,(9-4)*9=45
train/50681.jpg,5+8-2=11
train/50682.jpg,4+(1+7)=12
train/50683.jpg,2+4+2=8
train/50684.jpg,0-8-5=-13
train/50685.jpg,(0*9)+8=8
train/50686.jpg,3*1*7=21
train/50687.jpg,4+2-1=5
train/50688.jpg,0*(7*7)=0
train/50689.jpg,2*3+2=8
train/50690.jpg,(5-0)*7=35
train/50691.jpg,5*(7+3)=50
train/50692.jpg,0-0+9=9
train/50693.jpg,(2+1)*2=6
train/50694.jpg,2+(5*8)=42
train/50695.jpg,1*4-8=-4
train/50696.jpg,(7*3)+8=29
train/50697.jpg,4-(0-3)=7
train/50698.jpg,3*4+9=21
train/50699.jpg,3*5-7=8
train/50700.jpg,5+2-2=5
train/50701.jpg,(1*4)*9=36
train/50702.jpg,(5+8)+7=20
train/50703.jpg,(0*5)*9=0
train/50704.jpg,7-(8+6)=-7
train/50705.jpg,3*7+2=23
train/50706.jpg,7-9+6=4
train/50707.jpg,9+(0+2)=11
train/50708.jpg,4-(9-6)=1
train/50709.jpg,3-2+0=1
train/50710.jpg,(9-4)*4=20
train/50711.jpg,(8+1)-7=2
train/50712.jpg,(8+2)*5=50
train/50713.jpg,0*4+4=4
train/50714.jpg,4+4+5=13
train/50715.jpg,(3-8)+9=4
train/50716.jpg,6*(1*5)=30
train/50717.jpg,(7*2)-0=14
train/50718.jpg,(5-8)+3=0
train/50719.jpg,5+(5+6)=16
train/50720.jpg,(2-5)+3=0
train/50721.jpg,(8+0)-9=-1
train/50722.jpg,5+(2+7)=14
train/50723.jpg,(9-5)-9=-5
train/50724.jpg,6+7+2=15
train/50725.jpg,(3+3)*8=48
train/50726.jpg,(4-7)-2=-5
train/50727.jpg,2*(4-6)=-4
train/50728.jpg,8+0*2=8
train/50729.jpg,2*(0-7)=-14
train/50730.jpg,(2*0)-2=-2
train/50731.jpg,4+9-3=10
train/50732.jpg,(2-0)+9=11
train/50733.jpg,(3-1)*3=6
train/50734.jpg,4*1-0=4
train/50735.jpg,(2+9)-1=10
train/50736.jpg,8*(6-0)=48
train/50737.jpg,3+(7-0)=10
train/50738.jpg,6+2-7=1
train/50739.jpg,7+(6-4)=9
train/50740.jpg,5-1+3=7
train/50741.jpg,3*(7+0)=21
train/50742.jpg,3*0+9=9
train/50743.jpg,3+3-5=1
train/50744.jpg,6*(6*0)=0
train/50745.jpg,(9*3)+8=35
train/50746.jpg,6+5-2=9
train/50747.jpg,(0*2)*7=0
train/50748.jpg,8-3+4=9
train/50749.jpg,(7+6)*5=65
train/50750.jpg,8+1+3=12
train/50751.jpg,7-(5-5)=7
train/50752.jpg,4*(0-1)=-4
train/50753.jpg,(5-7)*7=-14
train/50754.jpg,8*1*8=64
train/50755.jpg,6-9-6=-9
train/50756.jpg,6-7*8=-50
train/50757.jpg,9*(7+5)=108
train/50758.jpg,(7-1)*6=36
train/50759.jpg,5+(1*0)=5
train/50760.jpg,3*4+6=18
train/50761.jpg,1+0*5=1
train/50762.jpg,5*0-2=-2
train/50763.jpg,1*(4+5)=9
train/50764.jpg,(9*9)-3=78
train/50765.jpg,9*(4*1)=36
train/50766.jpg,(0-2)+4=2
train/50767.jpg,(2-8)+9=3
train/50768.jpg,(4+1)*0=0
train/50769.jpg,5-6-0=-1
train/50770.jpg,(8+1)+2=11
train/50771.jpg,0+(7-8)=-1
train/50772.jpg,9-9-1=-1
train/50773.jpg,(8+3)-9=2
train/50774.jpg,(8-0)+0=8
train/50775.jpg,3*4*8=96
train/50776.jpg,(0-7)*0=0
train/50777.jpg,6+(9+1)=16
train/50778.jpg,(8+7)*4=60
train/50779.jpg,4*(6-6)=0
train/50780.jpg,7-(1*5)=2
train/50781.jpg,(3-0)*7=21
train/50782.jpg,(3-6)*4=-12
train/50783.jpg,(6+6)-0=12
train/50784.jpg,5-0-4=1
train/50785.jpg,(4*7)+7=35
train/50786.jpg,(0+7)*9=63
train/50787.jpg,0+(9*8)=72
train/50788.jpg,3-8+7=2
train/50789.jpg,4*(4-3)=4
train/50790.jpg,(1*1)+2=3
train/50791.jpg,1-7+0=-6
train/50792.jpg,2+(1-7)=-4
train/50793.jpg,(5-3)+3=5
train/50794.jpg,(9+1)-1=9
train/50795.jpg,0-2+3=1
train/50796.jpg,5+6*8=53
train/50797.jpg,8+(3+5)=16
train/50798.jpg,3-6+0=-3
train/50799.jpg,3*9+2=29
train/50800.jpg,(0-3)*4=-12
train/50801.jpg,3-6+5=2
train/50802.jpg,2-1+0=1
train/50803.jpg,3+(9*2)=21
train/50804.jpg,6+(1*0)=6
train/50805.jpg,(6*4)*4=96
train/50806.jpg,(1*3)*0=0
train/50807.jpg,0+2*9=18
train/50808.jpg,0+1+5=6
train/50809.jpg,5*(2-0)=10
train/50810.jpg,1-9+4=-4
train/50811.jpg,(5+7)+6=18
train/50812.jpg,3+(7+7)=17
train/50813.jpg,6-0+5=11
train/50814.jpg,8-(9*5)=-37
train/50815.jpg,(2+1)*6=18
train/50816.jpg,2+(0*0)=2
train/50817.jpg,0*(1+2)=0
train/50818.jpg,9-5-7=-3
train/50819.jpg,(6+0)*0=0
train/50820.jpg,3*(2*8)=48
train/50821.jpg,(2*3)*8=48
train/50822.jpg,(8+8)+9=25
train/50823.jpg,7*(6-9)=-21
train/50824.jpg,9-(1+8)=0
train/50825.jpg,4-(8+9)=-13
train/50826.jpg,7-2*6=-5
train/50827.jpg,(7+7)+4=18
train/50828.jpg,9+7+4=20
train/50829.jpg,1-9+0=-8
train/50830.jpg,(2*6)*6=72
train/50831.jpg,(9-1)+7=15
train/50832.jpg,4-(8*8)=-60
train/50833.jpg,2*(1*1)=2
train/50834.jpg,8*3-8=16
train/50835.jpg,(8-3)*3=15
train/50836.jpg,9+0+9=18
train/50837.jpg,3-(5*5)=-22
train/50838.jpg,5+(2+3)=10
train/50839.jpg,(8-5)+1=4
train/50840.jpg,(3+0)*7=21
train/50841.jpg,2*6-1=11
train/50842.jpg,4*6+8=32
train/50843.jpg,5+9+8=22
train/50844.jpg,(0-9)+0=-9
train/50845.jpg,6+(9*0)=6
train/50846.jpg,(6*5)*9=270
train/50847.jpg,6+5-0=11
train/50848.jpg,2+7+3=12
train/50849.jpg,(7+1)-4=4
train/50850.jpg,9-8+0=1
train/50851.jpg,(7+0)+3=10
train/50852.jpg,3+0-8=-5
train/50853.jpg,(6*0)+6=6
train/50854.jpg,(7-7)+5=5
train/50855.jpg,2+(7*9)=65
train/50856.jpg,2-8+2=-4
train/50857.jpg,(4+2)*3=18
train/50858.jpg,8-(5*8)=-32
train/50859.jpg,0+(8+0)=8
train/50860.jpg,7+(9+8)=24
train/50861.jpg,(5+7)-8=4
train/50862.jpg,(9-1)+0=8
train/50863.jpg,6+6*9=60
train/50864.jpg,6*5*7=210
train/50865.jpg,3-5+5=3
train/50866.jpg,5+(9+2)=16
train/50867.jpg,0-3+3=0
train/50868.jpg,(8*3)+2=26
train/50869.jpg,(8*4)-7=25
train/50870.jpg,(9*1)+2=11
train/50871.jpg,2-0-8=-6
train/50872.jpg,8+(1-7)=2
train/50873.jpg,(1*6)-9=-3
train/50874.jpg,(6+4)-0=10
train/50875.jpg,9+6+8=23
train/50876.jpg,3*0+2=2
train/50877.jpg,0*9-7=-7
train/50878.jpg,7-(1+6)=0
train/50879.jpg,2+2-2=2
train/50880.jpg,6+(6+0)=12
train/50881.jpg,8+2+2=12
train/50882.jpg,8+2*8=24
train/50883.jpg,2*6-1=11
train/50884.jpg,4*(3+1)=16
train/50885.jpg,(6+1)-3=4
train/50886.jpg,5*(2*3)=30
train/50887.jpg,5-(1+4)=0
train/50888.jpg,3-3*1=0
train/50889.jpg,4*(1-7)=-24
train/50890.jpg,9+(5-4)=10
train/50891.jpg,6*(5+6)=66
train/50892.jpg,0*5+8=8
train/50893.jpg,8*(4-0)=32
train/50894.jpg,3-(9-9)=3
train/50895.jpg,2*(9+9)=36
train/50896.jpg,(0-0)-9=-9
train/50897.jpg,4+1*6=10
train/50898.jpg,2-(0-1)=3
train/50899.jpg,5-3*4=-7
train/50900.jpg,8-4*4=-8
train/50901.jpg,(2*8)+9=25
train/50902.jpg,4-9-8=-13
train/50903.jpg,2+6+9=17
train/50904.jpg,2-(0+9)=-7
train/50905.jpg,(2*1)*7=14
train/50906.jpg,8-0*0=8
train/50907.jpg,6+3-9=0
train/50908.jpg,(3*4)-5=7
train/50909.jpg,9-(8+3)=-2
train/50910.jpg,2+(5+8)=15
train/50911.jpg,(5+9)-9=5
train/50912.jpg,3*(8-8)=0
train/50913.jpg,(2-2)-3=-3
train/50914.jpg,1+5-7=-1
train/50915.jpg,4*6-8=16
train/50916.jpg,(7*6)-0=42
train/50917.jpg,8*(8-4)=32
train/50918.jpg,(3*1)-2=1
train/50919.jpg,(7+2)*4=36
train/50920.jpg,7+9-8=8
train/50921.jpg,1-(6*7)=-41
train/50922.jpg,5*(9-0)=45
train/50923.jpg,(1*9)+4=13
train/50924.jpg,(5*0)-4=-4
train/50925.jpg,(3*6)-4=14
train/50926.jpg,0-(9*7)=-63
train/50927.jpg,0-(4*8)=-32
train/50928.jpg,5*1*1=5
train/50929.jpg,3*(4+6)=30
train/50930.jpg,8*(7-3)=32
train/50931.jpg,7*4*9=252
train/50932.jpg,(1+0)+0=1
train/50933.jpg,(4+4)-4=4
train/50934.jpg,9+6+1=16
train/50935.jpg,(9*0)+8=8
train/50936.jpg,(1*1)+2=3
train/50937.jpg,(8*2)-9=7
train/50938.jpg,3*(6-9)=-9
train/50939.jpg,1*(9+2)=11
train/50940.jpg,3-8-9=-14
train/50941.jpg,(6*8)*6=288
train/50942.jpg,3-(7-4)=0
train/50943.jpg,(2-5)*0=0
train/50944.jpg,1+5-6=0
train/50945.jpg,6*4*1=24
train/50946.jpg,(9*1)-1=8
train/50947.jpg,8*4+7=39
train/50948.jpg,(3-6)*8=-24
train/50949.jpg,2+6*8=50
train/50950.jpg,(6-4)+9=11
train/50951.jpg,2+(9+4)=15
train/50952.jpg,1+(1*9)=10
train/50953.jpg,7*3*4=84
train/50954.jpg,8+(1+7)=16
train/50955.jpg,5*(0-4)=-20
train/50956.jpg,6+(0-9)=-3
train/50957.jpg,0*2+1=1
train/50958.jpg,(0+2)+2=4
train/50959.jpg,(5-9)*7=-28
train/50960.jpg,3+(5*1)=8
train/50961.jpg,4*2+9=17
train/50962.jpg,0+(6+7)=13
train/50963.jpg,4+(9*5)=49
train/50964.jpg,(0-0)*1=0
train/50965.jpg,2-(6+8)=-12
train/50966.jpg,(8*8)-7=57
train/50967.jpg,5*9+3=48
train/50968.jpg,7*(5*1)=35
train/50969.jpg,(6-5)-6=-5
train/50970.jpg,7*7-7=42
train/50971.jpg,5*(3+3)=30
train/50972.jpg,3+(3-8)=-2
train/50973.jpg,9-(3*9)=-18
train/50974.jpg,(1*4)*2=8
train/50975.jpg,4-6*8=-44
train/50976.jpg,(5+9)*2=28
train/50977.jpg,(3*2)-1=5
train/50978.jpg,(4+3)*6=42
train/50979.jpg,6*5-6=24
train/50980.jpg,3-(4+7)=-8
train/50981.jpg,(6+1)+0=7
train/50982.jpg,(0+0)*4=0
train/50983.jpg,9*(9+9)=162
train/50984.jpg,4*(0*5)=0
train/50985.jpg,(3-2)*6=6
train/50986.jpg,(0+4)-5=-1
train/50987.jpg,3+8+3=14
train/50988.jpg,(4*0)+1=1
train/50989.jpg,6+(6+9)=21
train/50990.jpg,5*(6+6)=60
train/50991.jpg,0+(8*6)=48
train/50992.jpg,(3+2)-2=3
train/50993.jpg,4+1-7=-2
train/50994.jpg,0*(7+4)=0
train/50995.jpg,1*(5-0)=5
train/50996.jpg,9*(9*7)=567
train/50997.jpg,6+7*1=13
train/50998.jpg,(5*8)-7=33
train/50999.jpg,(0+3)-1=2
train/51000.jpg,(9*5)-9=36
train/51001.jpg,7*3*4=84
train/51002.jpg,2+3-7=-2
train/51003.jpg,1*(9*5)=45
train/51004.jpg,(0-9)+1=-8
train/51005.jpg,(1-4)+9=6
train/51006.jpg,6*(4-4)=0
train/51007.jpg,5*(7-7)=0
train/51008.jpg,(7+3)-4=6
train/51009.jpg,9-6+6=9
train/51010.jpg,4-(5*2)=-6
train/51011.jpg,6-7*3=-15
train/51012.jpg,7+4*4=23
train/51013.jpg,7*7+9=58
train/51014.jpg,(0-2)-9=-11
train/51015.jpg,6*4+5=29
train/51016.jpg,4-(3*6)=-14
train/51017.jpg,(0*8)+0=0
train/51018.jpg,0-(6-0)=-6
train/51019.jpg,4-(1-4)=7
train/51020.jpg,2*2-4=0
train/51021.jpg,3-(4-7)=6
train/51022.jpg,6+3-6=3
train/51023.jpg,(5*8)+2=42
train/51024.jpg,(9*4)+7=43
train/51025.jpg,(8+4)*0=0
train/51026.jpg,(1+8)+3=12
train/51027.jpg,5-(2*4)=-3
train/51028.jpg,(4-6)-1=-3
train/51029.jpg,(3-2)+5=6
train/51030.jpg,4-0-1=3
train/51031.jpg,7*2-3=11
train/51032.jpg,8+(7+8)=23
train/51033.jpg,8*(4-5)=-8
train/51034.jpg,(5*3)+4=19
train/51035.jpg,0-(6*6)=-36
train/51036.jpg,7-7+2=2
train/51037.jpg,1-(2+6)=-7
train/51038.jpg,4*(0-3)=-12
train/51039.jpg,7+(3-7)=3
train/51040.jpg,(4+5)*4=36
train/51041.jpg,(0-4)-7=-11
train/51042.jpg,2*4*2=16
train/51043.jpg,0-8-1=-9
train/51044.jpg,3+8-6=5
train/51045.jpg,(0*6)*7=0
train/51046.jpg,(5+9)-2=12
train/51047.jpg,9-0*8=9
train/51048.jpg,7-6-9=-8
train/51049.jpg,(4*3)-3=9
train/51050.jpg,2*4*5=40
train/51051.jpg,(4-8)*9=-36
train/51052.jpg,9-(9+3)=-3
train/51053.jpg,(8+4)*4=48
train/51054.jpg,3*(9+6)=45
train/51055.jpg,0*4+2=2
train/51056.jpg,6-6+3=3
train/51057.jpg,(8-5)*2=6
train/51058.jpg,(4+2)*8=48
train/51059.jpg,4*6+8=32
train/51060.jpg,(2+4)-6=0
train/51061.jpg,9-5+3=7
train/51062.jpg,2-(9+1)=-8
train/51063.jpg,0-(8*6)=-48
train/51064.jpg,4+(0*6)=4
train/51065.jpg,3+(6-9)=0
train/51066.jpg,4+8-1=11
train/51067.jpg,6+(9-0)=15
train/51068.jpg,4-5*3=-11
train/51069.jpg,7*(0-8)=-56
train/51070.jpg,6-5-2=-1
train/51071.jpg,(2+8)*2=20
train/51072.jpg,4-1+3=6
train/51073.jpg,9+5+1=15
train/51074.jpg,(0-3)+2=-1
train/51075.jpg,(8*5)*8=320
train/51076.jpg,7-6*8=-41
train/51077.jpg,(2-4)+3=1
train/51078.jpg,5-2-4=-1
train/51079.jpg,6*(1+3)=24
train/51080.jpg,8-(5+6)=-3
train/51081.jpg,(5-9)+0=-4
train/51082.jpg,2-(8*9)=-70
train/51083.jpg,0*(7+1)=0
train/51084.jpg,(7*7)*9=441
train/51085.jpg,5+(3+9)=17
train/51086.jpg,(9*2)+8=26
train/51087.jpg,6+(8-5)=9
train/51088.jpg,(0+0)-4=-4
train/51089.jpg,(8+9)+8=25
train/51090.jpg,0+3-0=3
train/51091.jpg,6+8+4=18
train/51092.jpg,6*(6+0)=36
train/51093.jpg,(1-9)*7=-56
train/51094.jpg,5*5*5=125
train/51095.jpg,(8*6)-9=39
train/51096.jpg,6-3-6=-3
train/51097.jpg,0+7-3=4
train/51098.jpg,5+7*9=68
train/51099.jpg,9+(2-7)=4
train/51100.jpg,1*2*3=6
train/51101.jpg,6+(3*7)=27
train/51102.jpg,2-(0*0)=2
train/51103.jpg,2+5-7=0
train/51104.jpg,9*(0-2)=-18
train/51105.jpg,(8*0)-5=-5
train/51106.jpg,8*(7-3)=32
train/51107.jpg,0+4*5=20
train/51108.jpg,7-(3*6)=-11
train/51109.jpg,(8-3)+6=11
train/51110.jpg,5-6*8=-43
train/51111.jpg,(2*7)*2=28
train/51112.jpg,5-6*8=-43
train/51113.jpg,2-(6+2)=-6
train/51114.jpg,6*4+3=27
train/51115.jpg,(6-7)-2=-3
train/51116.jpg,9+7-8=8
train/51117.jpg,5*6+4=34
train/51118.jpg,(0-1)+7=6
train/51119.jpg,(6-9)+3=0
train/51120.jpg,6+3+1=10
train/51121.jpg,5+(8*2)=21
train/51122.jpg,5-(6+8)=-9
train/51123.jpg,1*5-3=2
train/51124.jpg,(0*9)-3=-3
train/51125.jpg,4*(1+8)=36
train/51126.jpg,8-(2-2)=8
train/51127.jpg,8*(6+3)=72
train/51128.jpg,0*(9+1)=0
train/51129.jpg,2+8-6=4
train/51130.jpg,1+9*1=10
train/51131.jpg,5*(5-4)=5
train/51132.jpg,3*2+2=8
train/51133.jpg,4-3-1=0
train/51134.jpg,8*5*6=240
train/51135.jpg,(6*6)*5=180
train/51136.jpg,(9+8)+2=19
train/51137.jpg,6+0*0=6
train/51138.jpg,4+5-9=0
train/51139.jpg,(8*4)*4=128
train/51140.jpg,(2+5)*2=14
train/51141.jpg,5-(0+8)=-3
train/51142.jpg,(3-5)+4=2
train/51143.jpg,9+0-8=1
train/51144.jpg,2*(7+5)=24
train/51145.jpg,(7-4)+1=4
train/51146.jpg,(3-5)+4=2
train/51147.jpg,6-(8-6)=4
train/51148.jpg,3*7-1=20
train/51149.jpg,(3*2)*0=0
train/51150.jpg,1+0*2=1
train/51151.jpg,(0+8)+7=15
train/51152.jpg,8+7*5=43
train/51153.jpg,5+(2+7)=14
train/51154.jpg,(8+3)*6=66
train/51155.jpg,0*7+9=9
train/51156.jpg,(4-9)+0=-5
train/51157.jpg,2-(7+8)=-13
train/51158.jpg,2-3*6=-16
train/51159.jpg,3-(3-8)=8
train/51160.jpg,1*3-5=-2
train/51161.jpg,(8+8)*3=48
train/51162.jpg,8*(5+2)=56
train/51163.jpg,6-8+5=3
train/51164.jpg,(6-9)*4=-12
train/51165.jpg,(8*6)-3=45
train/51166.jpg,1+3*4=13
train/51167.jpg,1+(2-3)=0
train/51168.jpg,2*(0+9)=18
train/51169.jpg,7-0+7=14
train/51170.jpg,0*(6+4)=0
train/51171.jpg,8-(5*7)=-27
train/51172.jpg,2*(0-5)=-10
train/51173.jpg,6+5+5=16
train/51174.jpg,5*3+0=15
train/51175.jpg,4-(4-2)=2
train/51176.jpg,1*(2*2)=4
train/51177.jpg,9+7-2=14
train/51178.jpg,(6+8)+3=17
train/51179.jpg,(6-5)*4=4
train/51180.jpg,(5-4)+6=7
train/51181.jpg,6-(4*4)=-10
train/51182.jpg,(9+9)*9=162
train/51183.jpg,1+7+4=12
train/51184.jpg,(8+9)+4=21
train/51185.jpg,3+5-0=8
train/51186.jpg,(8-3)-0=5
train/51187.jpg,(7-7)+3=3
train/51188.jpg,(6*5)*2=60
train/51189.jpg,1-(3*2)=-5
train/51190.jpg,8*8+4=68
train/51191.jpg,(1-3)+1=-1
train/51192.jpg,1+2*7=15
train/51193.jpg,6-5*2=-4
train/51194.jpg,4+5+7=16
train/51195.jpg,7*(2-5)=-21
train/51196.jpg,7-4*9=-29
train/51197.jpg,6*(7*2)=84
train/51198.jpg,6-(6+5)=-5
train/51199.jpg,6+2-5=3
train/51200.jpg,0-4-9=-13
train/51201.jpg,(4+6)-7=3
train/51202.jpg,2*0-7=-7
train/51203.jpg,(0-3)*4=-12
train/51204.jpg,3*(7-5)=6
train/51205.jpg,(8-5)*2=6
train/51206.jpg,8+(0-0)=8
train/51207.jpg,2+8+8=18
train/51208.jpg,8+2-8=2
train/51209.jpg,1-(7-7)=1
train/51210.jpg,1+(7+4)=12
train/51211.jpg,4+(6-4)=6
train/51212.jpg,7-(7+1)=-1
train/51213.jpg,1-(1-5)=5
train/51214.jpg,0*0*2=0
train/51215.jpg,(3+9)+7=19
train/51216.jpg,(1-9)*9=-72
train/51217.jpg,(2+2)*8=32
train/51218.jpg,(8-0)*5=40
train/51219.jpg,(0*3)-3=-3
train/51220.jpg,(1-6)+9=4
train/51221.jpg,1-(0+6)=-5
train/51222.jpg,4*2-1=7
train/51223.jpg,0-(3+4)=-7
train/51224.jpg,(2*6)*0=0
train/51225.jpg,3+(5*5)=28
train/51226.jpg,1-7-1=-7
train/51227.jpg,0*(0*0)=0
train/51228.jpg,2+1+4=7
train/51229.jpg,(7+2)-5=4
train/51230.jpg,(9+4)+1=14
train/51231.jpg,1*(9+2)=11
train/51232.jpg,(0+9)*2=18
train/51233.jpg,8*7-9=47
train/51234.jpg,(0*3)-0=0
train/51235.jpg,6+(9*0)=6
train/51236.jpg,(4+0)-1=3
train/51237.jpg,7*4-7=21
train/51238.jpg,2+4+1=7
train/51239.jpg,(6+8)*5=70
train/51240.jpg,7+(6+1)=14
train/51241.jpg,(2*8)-8=8
train/51242.jpg,7-6+6=7
train/51243.jpg,(0+1)+0=1
train/51244.jpg,1+(9-7)=3
train/51245.jpg,6+(8+3)=17
train/51246.jpg,(8*3)-2=22
train/51247.jpg,3*(5*5)=75
train/51248.jpg,4-(5*9)=-41
train/51249.jpg,(7-3)*6=24
train/51250.jpg,8+(3*8)=32
train/51251.jpg,2-(1-3)=4
train/51252.jpg,(7+4)+5=16
train/51253.jpg,(4*9)-4=32
train/51254.jpg,4+(8+5)=17
train/51255.jpg,8-2*7=-6
train/51256.jpg,6-(6-7)=7
train/51257.jpg,2*3+9=15
train/51258.jpg,7+(6-3)=10
train/51259.jpg,6*7*7=294
train/51260.jpg,(0-8)-9=-17
train/51261.jpg,8-(7*3)=-13
train/51262.jpg,5+2-3=4
train/51263.jpg,(0*0)-7=-7
train/51264.jpg,8*0-0=0
train/51265.jpg,0-2-8=-10
train/51266.jpg,(3*3)-7=2
train/51267.jpg,5+4-9=0
train/51268.jpg,(1*8)-6=2
train/51269.jpg,5+(1+6)=12
train/51270.jpg,(7-6)-7=-6
train/51271.jpg,(7*0)+9=9
train/51272.jpg,1+1*9=10
train/51273.jpg,1*(2+3)=5
train/51274.jpg,(4+0)+6=10
train/51275.jpg,(8*2)*6=96
train/51276.jpg,9-5-5=-1
train/51277.jpg,7*0-3=-3
train/51278.jpg,0*(1-0)=0
train/51279.jpg,2+1+2=5
train/51280.jpg,8*9*5=360
train/51281.jpg,2+(4-9)=-3
train/51282.jpg,(1-9)+0=-8
train/51283.jpg,8-(6-9)=11
train/51284.jpg,6-4+4=6
train/51285.jpg,6-(1*2)=4
train/51286.jpg,1+(2*1)=3
train/51287.jpg,1-(2*8)=-15
train/51288.jpg,(2-6)-1=-5
train/51289.jpg,8*5-5=35
train/51290.jpg,9+(2-5)=6
train/51291.jpg,4+(1-7)=-2
train/51292.jpg,9*5+3=48
train/51293.jpg,(2*3)*1=6
train/51294.jpg,8-(9*9)=-73
train/51295.jpg,(2*7)+0=14
train/51296.jpg,(2-8)-6=-12
train/51297.jpg,3+(7*7)=52
train/51298.jpg,1+(6+5)=12
train/51299.jpg,4*5+1=21
train/51300.jpg,(6-9)*9=-27
train/51301.jpg,2*7+0=14
train/51302.jpg,(5-3)*1=2
train/51303.jpg,6-0+5=11
train/51304.jpg,(9-2)+6=13
train/51305.jpg,1*3-3=0
train/51306.jpg,8*9*0=0
train/51307.jpg,1-(2-4)=3
train/51308.jpg,1+(3-3)=1
train/51309.jpg,0-(1-8)=7
train/51310.jpg,2*(4*3)=24
train/51311.jpg,(8+4)+6=18
train/51312.jpg,7*0-2=-2
train/51313.jpg,2*4+6=14
train/51314.jpg,3-(5+4)=-6
train/51315.jpg,2-6+3=-1
train/51316.jpg,(4*6)-7=17
train/51317.jpg,0*(1+3)=0
train/51318.jpg,2+(1*5)=7
train/51319.jpg,(5*4)+8=28
train/51320.jpg,7+2*3=13
train/51321.jpg,6*(2-3)=-6
train/51322.jpg,3+(4*8)=35
train/51323.jpg,(4-3)-1=0
train/51324.jpg,8+7-5=10
train/51325.jpg,7*(2*0)=0
train/51326.jpg,5*6*1=30
train/51327.jpg,(5*9)-7=38
train/51328.jpg,2-7+7=2
train/51329.jpg,6*(1*0)=0
train/51330.jpg,(7-1)-2=4
train/51331.jpg,8-(2-9)=15
train/51332.jpg,0-(8-2)=-6
train/51333.jpg,8+(7*0)=8
train/51334.jpg,4*(4-1)=12
train/51335.jpg,(7*5)+9=44
train/51336.jpg,5*(2+1)=15
train/51337.jpg,5-(9*2)=-13
train/51338.jpg,5-(9*8)=-67
train/51339.jpg,2*6+7=19
train/51340.jpg,0*(5*2)=0
train/51341.jpg,9-(2+0)=7
train/51342.jpg,(7+7)+9=23
train/51343.jpg,8+0-5=3
train/51344.jpg,1-(9-7)=-1
train/51345.jpg,4*(1+2)=12
train/51346.jpg,(3*2)+8=14
train/51347.jpg,1+(4-0)=5
train/51348.jpg,9*5-4=41
train/51349.jpg,(2-9)-2=-9
train/51350.jpg,9-(4-7)=12
train/51351.jpg,4+7-7=4
train/51352.jpg,2+(6*4)=26
train/51353.jpg,0-(1+8)=-9
train/51354.jpg,5*(7+9)=80
train/51355.jpg,(0*2)+4=4
train/51356.jpg,(1-8)*0=0
train/51357.jpg,6*(9+7)=96
train/51358.jpg,1+6-4=3
train/51359.jpg,8+(8-5)=11
train/51360.jpg,1*0+2=2
train/51361.jpg,9*2-8=10
train/51362.jpg,1*(4-9)=-5
train/51363.jpg,(0-7)*1=-7
train/51364.jpg,(0-7)+7=0
train/51365.jpg,3-3-2=-2
train/51366.jpg,(4-0)+2=6
train/51367.jpg,5-7+5=3
train/51368.jpg,2-2-5=-5
train/51369.jpg,1+(0-8)=-7
train/51370.jpg,(9-0)*7=63
train/51371.jpg,3*(8*5)=120
train/51372.jpg,0*7-0=0
train/51373.jpg,(6+2)+3=11
train/51374.jpg,2+(5-6)=1
train/51375.jpg,3-(4+9)=-10
train/51376.jpg,7*0+1=1
train/51377.jpg,1*(6-2)=4
train/51378.jpg,(8-3)*3=15
train/51379.jpg,9-7+6=8
train/51380.jpg,8-5*0=8
train/51381.jpg,6*(8*3)=144
train/51382.jpg,8-7*3=-13
train/51383.jpg,5+4*7=33
train/51384.jpg,(0-3)+0=-3
train/51385.jpg,(1*2)-8=-6
train/51386.jpg,2*1*5=10
train/51387.jpg,9*(5+7)=108
train/51388.jpg,8+4*4=24
train/51389.jpg,(5*5)*0=0
train/51390.jpg,5-(1-2)=6
train/51391.jpg,(1*2)*2=4
train/51392.jpg,(5+9)-8=6
train/51393.jpg,7+0+5=12
train/51394.jpg,(8-9)-4=-5
train/51395.jpg,(9+0)*7=63
train/51396.jpg,5+0*5=5
train/51397.jpg,3+4+2=9
train/51398.jpg,9+(4+8)=21
train/51399.jpg,7*(1-9)=-56
train/51400.jpg,9*(1-8)=-63
train/51401.jpg,(3-2)*6=6
train/51402.jpg,7+(4*4)=23
train/51403.jpg,(6-5)+6=7
train/51404.jpg,1+(6+6)=13
train/51405.jpg,2-(3+2)=-3
train/51406.jpg,7*9*4=252
train/51407.jpg,(2-3)+1=0
train/51408.jpg,(0-3)*8=-24
train/51409.jpg,7-(3+6)=-2
train/51410.jpg,(9-9)*5=0
train/51411.jpg,0+(3+1)=4
train/51412.jpg,(3-2)+0=1
train/51413.jpg,7-(8*2)=-9
train/51414.jpg,(0+7)+0=7
train/51415.jpg,4+(6*9)=58
train/51416.jpg,8-3-3=2
train/51417.jpg,2*4+8=16
train/51418.jpg,8*2-8=8
train/51419.jpg,3+5-4=4
train/51420.jpg,7+2+9=18
train/51421.jpg,(0-4)+7=3
train/51422.jpg,7+0*8=7
train/51423.jpg,1*4-7=-3
train/51424.jpg,(6*0)*4=0
train/51425.jpg,3*(6*1)=18
train/51426.jpg,5+(0-3)=2
train/51427.jpg,(2+2)+8=12
train/51428.jpg,6+(4*8)=38
train/51429.jpg,1*(3*5)=15
train/51430.jpg,8+3-5=6
train/51431.jpg,(6+7)*6=78
train/51432.jpg,1*7+9=16
train/51433.jpg,6*(1*7)=42
train/51434.jpg,2*(7+4)=22
train/51435.jpg,4*8+8=40
train/51436.jpg,5*(5-7)=-10
train/51437.jpg,9-0*7=9
train/51438.jpg,(6*3)+5=23
train/51439.jpg,0+(7*6)=42
train/51440.jpg,7+7+5=19
train/51441.jpg,3+4-4=3
train/51442.jpg,1*3-2=1
train/51443.jpg,(1-0)-7=-6
train/51444.jpg,5+4+5=14
train/51445.jpg,(0*4)+3=3
train/51446.jpg,5+9*8=77
train/51447.jpg,9-(0-2)=11
train/51448.jpg,(5+4)+7=16
train/51449.jpg,9+(3*4)=21
train/51450.jpg,3+(5*7)=38
train/51451.jpg,0*(0-8)=0
train/51452.jpg,(1*1)-1=0
train/51453.jpg,4-(1*0)=4
train/51454.jpg,5+(2*2)=9
train/51455.jpg,(7*6)-6=36
train/51456.jpg,4*(6*0)=0
train/51457.jpg,(1+4)+0=5
train/51458.jpg,3*8+6=30
train/51459.jpg,(3*8)*7=168
train/51460.jpg,1+1*1=2
train/51461.jpg,(3+6)+6=15
train/51462.jpg,2+7+4=13
train/51463.jpg,3+5-6=2
train/51464.jpg,0*(5*3)=0
train/51465.jpg,(1*7)-1=6
train/51466.jpg,4-2-6=-4
train/51467.jpg,2-(3-2)=1
train/51468.jpg,6-6*0=6
train/51469.jpg,5*(0*4)=0
train/51470.jpg,1+(0-0)=1
train/51471.jpg,8*5+4=44
train/51472.jpg,8+(9-9)=8
train/51473.jpg,(3+6)+9=18
train/51474.jpg,3+(7*9)=66
train/51475.jpg,0*2-5=-5
train/51476.jpg,2-(7-0)=-5
train/51477.jpg,3*9-2=25
train/51478.jpg,3+(6*7)=45
train/51479.jpg,4+1-9=-4
train/51480.jpg,(3+9)-1=11
train/51481.jpg,(4*1)+3=7
train/51482.jpg,0+(6*2)=12
train/51483.jpg,6*5-0=30
train/51484.jpg,1+(9-2)=8
train/51485.jpg,8+(6-2)=12
train/51486.jpg,(0+0)-8=-8
train/51487.jpg,2+5-1=6
train/51488.jpg,4+(4+6)=14
train/51489.jpg,9+(9*0)=9
train/51490.jpg,0*3-6=-6
train/51491.jpg,1+(7*6)=43
train/51492.jpg,(1*3)*9=27
train/51493.jpg,4*(7+5)=48
train/51494.jpg,(5-1)*9=36
train/51495.jpg,3*(1-7)=-18
train/51496.jpg,(5-7)*1=-2
train/51497.jpg,0-(0*9)=0
train/51498.jpg,(5-3)*1=2
train/51499.jpg,9-0-6=3
train/51500.jpg,(6*4)*5=120
train/51501.jpg,5*7*6=210
train/51502.jpg,(1*6)+9=15
train/51503.jpg,(0*7)-3=-3
train/51504.jpg,6*(6*4)=144
train/51505.jpg,0+6-3=3
train/51506.jpg,(3+3)*5=30
train/51507.jpg,8*9+6=78
train/51508.jpg,0-3*5=-15
train/51509.jpg,(2+7)-1=8
train/51510.jpg,5*8+3=43
train/51511.jpg,(7-8)*3=-3
train/51512.jpg,(4-0)*1=4
train/51513.jpg,3-0-7=-4
train/51514.jpg,0-0*2=0
train/51515.jpg,3-(5*8)=-37
train/51516.jpg,3+5+4=12
train/51517.jpg,7*(9+2)=77
train/51518.jpg,5*(9*1)=45
train/51519.jpg,(5*0)+5=5
train/51520.jpg,(9-7)-0=2
train/51521.jpg,7+(4+5)=16
train/51522.jpg,6-0+8=14
train/51523.jpg,(1+2)*0=0
train/51524.jpg,(9*4)*5=180
train/51525.jpg,(1-2)*0=0
train/51526.jpg,8+(0+7)=15
train/51527.jpg,(2*1)*8=16
train/51528.jpg,3-6+4=1
train/51529.jpg,(8-5)+8=11
train/51530.jpg,6-2+0=4
train/51531.jpg,6+7+4=17
train/51532.jpg,1-(5-5)=1
train/51533.jpg,(3*9)+1=28
train/51534.jpg,4*(7+4)=44
train/51535.jpg,(3+6)-3=6
train/51536.jpg,(8+3)-6=5
train/51537.jpg,6+0+6=12
train/51538.jpg,3+(8+5)=16
train/51539.jpg,(9-0)*2=18
train/51540.jpg,1*(2+4)=6
train/51541.jpg,1+(8*1)=9
train/51542.jpg,5-(3*0)=5
train/51543.jpg,(0-5)-0=-5
train/51544.jpg,(1+5)-8=-2
train/51545.jpg,4*(3+3)=24
train/51546.jpg,4+(7-6)=5
train/51547.jpg,8-(9-8)=7
train/51548.jpg,(0-4)+9=5
train/51549.jpg,9*(1*5)=45
train/51550.jpg,(1-5)+4=0
train/51551.jpg,7*0-4=-4
train/51552.jpg,5*(7-0)=35
train/51553.jpg,(1-2)+8=7
train/51554.jpg,2*8+0=16
train/51555.jpg,7*(5*2)=70
train/51556.jpg,(1-3)+2=0
train/51557.jpg,1*(9-7)=2
train/51558.jpg,2-(1-1)=2
train/51559.jpg,2-(6*2)=-10
train/51560.jpg,(3+4)+5=12
train/51561.jpg,7*(5+0)=35
train/51562.jpg,1+(1*2)=3
train/51563.jpg,4-2*3=-2
train/51564.jpg,(5*6)*4=120
train/51565.jpg,6-5*2=-4
train/51566.jpg,(9+6)+4=19
train/51567.jpg,8-(5+6)=-3
train/51568.jpg,4+(0-0)=4
train/51569.jpg,1+(6*5)=31
train/51570.jpg,(1*1)+2=3
train/51571.jpg,5+5-3=7
train/51572.jpg,6-7-8=-9
train/51573.jpg,(6*7)-6=36
train/51574.jpg,7+2-1=8
train/51575.jpg,8*7+0=56
train/51576.jpg,(1-2)-2=-3
train/51577.jpg,0+8-5=3
train/51578.jpg,2*9-0=18
train/51579.jpg,8-5*4=-12
train/51580.jpg,4+0+6=10
train/51581.jpg,1+8+1=10
train/51582.jpg,(4-7)*9=-27
train/51583.jpg,0-1*0=0
train/51584.jpg,5*(0-9)=-45
train/51585.jpg,9-(1*9)=0
train/51586.jpg,(2*5)*5=50
train/51587.jpg,8+(9*0)=8
train/51588.jpg,6+(0*7)=6
train/51589.jpg,9*(8*9)=648
train/51590.jpg,1-7*7=-48
train/51591.jpg,(6*7)+4=46
train/51592.jpg,2*(8*0)=0
train/51593.jpg,4-(3-2)=3
train/51594.jpg,6*4*1=24
train/51595.jpg,6-9*8=-66
train/51596.jpg,(3-6)+6=3
train/51597.jpg,3+(7*4)=31
train/51598.jpg,5-3+6=8
train/51599.jpg,0+8*3=24
train/51600.jpg,1+(6*7)=43
train/51601.jpg,(2+4)-1=5
train/51602.jpg,6-(0+1)=5
train/51603.jpg,9+4-2=11
train/51604.jpg,(3+5)*6=48
train/51605.jpg,4+(9+7)=20
train/51606.jpg,5-1-1=3
train/51607.jpg,0+(1+9)=10
train/51608.jpg,5*1+8=13
train/51609.jpg,4*7+0=28
train/51610.jpg,2+(6-7)=1
train/51611.jpg,8*6-8=40
train/51612.jpg,(1-6)*6=-30
train/51613.jpg,(1-7)+9=3
train/51614.jpg,(1*4)*8=32
train/51615.jpg,(6*1)-5=1
train/51616.jpg,3*(2+1)=9
train/51617.jpg,2-1*6=-4
train/51618.jpg,(5+4)-6=3
train/51619.jpg,(0*5)+3=3
train/51620.jpg,7+9-0=16
train/51621.jpg,(5*6)*6=180
train/51622.jpg,6-2*2=2
train/51623.jpg,5-1-4=0
train/51624.jpg,(3*4)-4=8
train/51625.jpg,(3-5)-5=-7
train/51626.jpg,(4*0)*0=0
train/51627.jpg,5*3*0=0
train/51628.jpg,0-6*4=-24
train/51629.jpg,(2*6)-5=7
train/51630.jpg,9-(7-7)=9
train/51631.jpg,(8*2)-7=9
train/51632.jpg,7+1*3=10
train/51633.jpg,(1-9)-4=-12
train/51634.jpg,(4+7)+5=16
train/51635.jpg,1*(5-7)=-2
train/51636.jpg,8*(3-8)=-40
train/51637.jpg,(8-5)*1=3
train/51638.jpg,8+5*0=8
train/51639.jpg,(7+8)*2=30
train/51640.jpg,7+4*2=15
train/51641.jpg,0+(4-6)=-2
train/51642.jpg,6*(1+2)=18
train/51643.jpg,2-(5+0)=-3
train/51644.jpg,6-(7*2)=-8
train/51645.jpg,2+(0+4)=6
train/51646.jpg,9-6+7=10
train/51647.jpg,7+(0+3)=10
train/51648.jpg,4+2*3=10
train/51649.jpg,(2-3)*8=-8
train/51650.jpg,(1+2)-5=-2
train/51651.jpg,9*2*8=144
train/51652.jpg,(3*3)-4=5
train/51653.jpg,(7+0)+7=14
train/51654.jpg,(6+9)+0=15
train/51655.jpg,2+6+8=16
train/51656.jpg,3*(8-9)=-3
train/51657.jpg,2-(1*5)=-3
train/51658.jpg,(2+9)*1=11
train/51659.jpg,4+(5+7)=16
train/51660.jpg,5*9-4=41
train/51661.jpg,(1*8)-8=0
train/51662.jpg,9+4-9=4
train/51663.jpg,9+(1-8)=2
train/51664.jpg,(3+2)+8=13
train/51665.jpg,6*(2*2)=24
train/51666.jpg,8-(1*4)=4
train/51667.jpg,7*8+5=61
train/51668.jpg,(0*3)+8=8
train/51669.jpg,(5*9)+8=53
train/51670.jpg,(7*5)-5=30
train/51671.jpg,(0+0)*2=0
train/51672.jpg,6+5*5=31
train/51673.jpg,5-5+7=7
train/51674.jpg,(7+8)+6=21
train/51675.jpg,8+2-0=10
train/51676.jpg,4-9*5=-41
train/51677.jpg,3+(8-6)=5
train/51678.jpg,(8-4)+3=7
train/51679.jpg,9-6-3=0
train/51680.jpg,4+6-8=2
train/51681.jpg,(1-2)*5=-5
train/51682.jpg,4+(9*8)=76
train/51683.jpg,8+(1*1)=9
train/51684.jpg,9+(3*1)=12
train/51685.jpg,(0+6)+0=6
train/51686.jpg,0-(2+3)=-5
train/51687.jpg,1+5-2=4
train/51688.jpg,(9-3)*3=18
train/51689.jpg,(5-9)-5=-9
train/51690.jpg,2*(7*3)=42
train/51691.jpg,0+(1*4)=4
train/51692.jpg,(6-8)-2=-4
train/51693.jpg,9+2*6=21
train/51694.jpg,(9-2)-4=3
train/51695.jpg,8+(0*4)=8
train/51696.jpg,4-(9+9)=-14
train/51697.jpg,(7-7)-2=-2
train/51698.jpg,(6*6)-1=35
train/51699.jpg,3+(0-7)=-4
train/51700.jpg,3-2+5=6
train/51701.jpg,5+(8+7)=20
train/51702.jpg,3+0*1=3
train/51703.jpg,(7+5)+8=20
train/51704.jpg,8+1*1=9
train/51705.jpg,8+(9-3)=14
train/51706.jpg,1+6+1=8
train/51707.jpg,(1-7)*5=-30
train/51708.jpg,9-2-9=-2
train/51709.jpg,(5*7)+0=35
train/51710.jpg,(0-5)-2=-7
train/51711.jpg,(8-0)+6=14
train/51712.jpg,5*1+7=12
train/51713.jpg,0*4*1=0
train/51714.jpg,(2+5)-1=6
train/51715.jpg,2+0*9=2
train/51716.jpg,9-5*9=-36
train/51717.jpg,(1*0)+4=4
train/51718.jpg,6+(5-2)=9
train/51719.jpg,(0+1)+0=1
train/51720.jpg,4*(0*1)=0
train/51721.jpg,5*9-6=39
train/51722.jpg,6-4*8=-26
train/51723.jpg,0*(7-6)=0
train/51724.jpg,9-9*7=-54
train/51725.jpg,1-9*2=-17
train/51726.jpg,5*(5-7)=-10
train/51727.jpg,(4+0)+5=9
train/51728.jpg,4+(4*6)=28
train/51729.jpg,(1-3)*7=-14
train/51730.jpg,(6*5)+7=37
train/51731.jpg,1*(4*3)=12
train/51732.jpg,3-(8*3)=-21
train/51733.jpg,3+9-1=11
train/51734.jpg,(1-7)*4=-24
train/51735.jpg,1-(9+1)=-9
train/51736.jpg,5-(3-5)=7
train/51737.jpg,7-1-2=4
train/51738.jpg,4+(1*7)=11
train/51739.jpg,(0*3)+3=3
train/51740.jpg,0+2+9=11
train/51741.jpg,8+8+9=25
train/51742.jpg,(8*7)*9=504
train/51743.jpg,1-(1-9)=9
train/51744.jpg,6-(0*8)=6
train/51745.jpg,(9*7)+6=69
train/51746.jpg,0*7-1=-1
train/51747.jpg,(6+3)*9=81
train/51748.jpg,8+(1*7)=15
train/51749.jpg,2-9-0=-7
train/51750.jpg,6-2+9=13
train/51751.jpg,8+(9+6)=23
train/51752.jpg,2*1*3=6
train/51753.jpg,(5+3)*5=40
train/51754.jpg,8-0+4=12
train/51755.jpg,(6*6)+6=42
train/51756.jpg,2-1*0=2
train/51757.jpg,7*(2+3)=35
train/51758.jpg,2+0-0=2
train/51759.jpg,0*9-0=0
train/51760.jpg,4*6*7=168
train/51761.jpg,4+(9-3)=10
train/51762.jpg,5*4+2=22
train/51763.jpg,8-(5+4)=-1
train/51764.jpg,9-0*9=9
train/51765.jpg,5*8*6=240
train/51766.jpg,(1*7)+1=8
train/51767.jpg,4+(8*2)=20
train/51768.jpg,(9*3)-2=25
train/51769.jpg,7+(9+6)=22
train/51770.jpg,(8*8)*9=576
train/51771.jpg,(6-3)-6=-3
train/51772.jpg,9+(7+1)=17
train/51773.jpg,(3*8)-6=18
train/51774.jpg,3+1-3=1
train/51775.jpg,2+2-3=1
train/51776.jpg,0+0+2=2
train/51777.jpg,(8*1)*6=48
train/51778.jpg,3*9+6=33
train/51779.jpg,(9-1)+3=11
train/51780.jpg,3-(8+8)=-13
train/51781.jpg,0-(8+4)=-12
train/51782.jpg,2+3+7=12
train/51783.jpg,8+(3-3)=8
train/51784.jpg,(1-8)+5=-2
train/51785.jpg,(9*4)-6=30
train/51786.jpg,4+(5-4)=5
train/51787.jpg,4-(6+3)=-5
train/51788.jpg,3*(4*6)=72
train/51789.jpg,9-(8-0)=1
train/51790.jpg,2-4*3=-10
train/51791.jpg,(8-8)+6=6
train/51792.jpg,(3*7)+2=23
train/51793.jpg,5-7-7=-9
train/51794.jpg,2*8*8=128
train/51795.jpg,1+5+4=10
train/51796.jpg,2+4*7=30
train/51797.jpg,0-0-7=-7
train/51798.jpg,0*7+2=2
train/51799.jpg,8-(9*9)=-73
train/51800.jpg,0-(3+4)=-7
train/51801.jpg,6*(6*9)=324
train/51802.jpg,(0-1)+3=2
train/51803.jpg,0+4-6=-2
train/51804.jpg,0+(2+2)=4
train/51805.jpg,6-0*2=6
train/51806.jpg,5+(6+4)=15
train/51807.jpg,9+(2*7)=23
train/51808.jpg,0*(1-6)=0
train/51809.jpg,(3-8)+1=-4
train/51810.jpg,(5-8)-2=-5
train/51811.jpg,(3-5)+1=-1
train/51812.jpg,(7+4)*5=55
train/51813.jpg,(9+4)*8=104
train/51814.jpg,(9-1)-0=8
train/51815.jpg,8+(4-9)=3
train/51816.jpg,0*0*9=0
train/51817.jpg,(4-0)+0=4
train/51818.jpg,7-5*5=-18
train/51819.jpg,9+(6-1)=14
train/51820.jpg,(4+1)*0=0
train/51821.jpg,7+(7-8)=6
train/51822.jpg,2+(5*7)=37
train/51823.jpg,6+(8-4)=10
train/51824.jpg,2*(5*0)=0
train/51825.jpg,3+(1+1)=5
train/51826.jpg,9+(6+2)=17
train/51827.jpg,2-(8*0)=2
train/51828.jpg,(2+8)-8=2
train/51829.jpg,(6+6)+1=13
train/51830.jpg,(1-3)*2=-4
train/51831.jpg,9-(2*8)=-7
train/51832.jpg,7-(4+6)=-3
train/51833.jpg,9*4*4=144
train/51834.jpg,1*(4-9)=-5
train/51835.jpg,6*6-6=30
train/51836.jpg,4*0*9=0
train/51837.jpg,5-(8*9)=-67
train/51838.jpg,3-(5+1)=-3
train/51839.jpg,3*9-2=25
train/51840.jpg,7*4*5=140
train/51841.jpg,(1*2)-4=-2
train/51842.jpg,(5-6)*1=-1
train/51843.jpg,5-0+9=14
train/51844.jpg,0*1+8=8
train/51845.jpg,2+0*6=2
train/51846.jpg,(1-5)*6=-24
train/51847.jpg,6*(8*9)=432
train/51848.jpg,0+0+8=8
train/51849.jpg,(7*5)-6=29
train/51850.jpg,(4-6)-7=-9
train/51851.jpg,0*(7-9)=0
train/51852.jpg,(4*0)*3=0
train/51853.jpg,(9+3)-5=7
train/51854.jpg,0*7*3=0
train/51855.jpg,1-(6*6)=-35
train/51856.jpg,5+6-3=8
train/51857.jpg,9-(0*6)=9
train/51858.jpg,0+3*2=6
train/51859.jpg,4*0-8=-8
train/51860.jpg,(5-0)-7=-2
train/51861.jpg,(4*7)*2=56
train/51862.jpg,(8-2)-1=5
train/51863.jpg,2*3+7=13
train/51864.jpg,0+(4*6)=24
train/51865.jpg,7+(2+3)=12
train/51866.jpg,1-7+8=2
train/51867.jpg,6+(5+0)=11
train/51868.jpg,7-(7*3)=-14
train/51869.jpg,(7-9)+3=1
train/51870.jpg,3*(9-7)=6
train/51871.jpg,(8-6)*7=14
train/51872.jpg,5*(7-6)=5
train/51873.jpg,(3*3)-3=6
train/51874.jpg,9-5*5=-16
train/51875.jpg,4+2*6=16
train/51876.jpg,(0*7)+1=1
train/51877.jpg,8*(9*9)=648
train/51878.jpg,1*6-2=4
train/51879.jpg,(7-0)*0=0
train/51880.jpg,(7*3)*9=189
train/51881.jpg,7-(1-2)=8
train/51882.jpg,(0*6)*4=0
train/51883.jpg,5*(7*2)=70
train/51884.jpg,(4+0)+2=6
train/51885.jpg,(1-2)*6=-6
train/51886.jpg,(0+5)-8=-3
train/51887.jpg,1*(1*2)=2
train/51888.jpg,1+(9*4)=37
train/51889.jpg,2+0+8=10
train/51890.jpg,(9+2)*0=0
train/51891.jpg,7+(7*2)=21
train/51892.jpg,1+(1*0)=1
train/51893.jpg,1-6+9=4
train/51894.jpg,5*(3+7)=50
train/51895.jpg,8*(0+9)=72
train/51896.jpg,8-1*3=5
train/51897.jpg,4+4+0=8
train/51898.jpg,(1*3)-6=-3
train/51899.jpg,7*(1-4)=-21
train/51900.jpg,6+(8-1)=13
train/51901.jpg,4*8-6=26
train/51902.jpg,(5*5)+8=33
train/51903.jpg,9+3-6=6
train/51904.jpg,(1+5)+3=9
train/51905.jpg,2+(9*3)=29
train/51906.jpg,(9-1)+8=16
train/51907.jpg,4*(7*3)=84
train/51908.jpg,0-(0+0)=0
train/51909.jpg,9+6*9=63
train/51910.jpg,0*(5*3)=0
train/51911.jpg,2+0+2=4
train/51912.jpg,5*(8-1)=35
train/51913.jpg,5*6+6=36
train/51914.jpg,4+(8*6)=52
train/51915.jpg,3-1+2=4
train/51916.jpg,4-(7-4)=1
train/51917.jpg,0+(1-4)=-3
train/51918.jpg,(8+8)+0=16
train/51919.jpg,7*7-8=41
train/51920.jpg,2-9-3=-10
train/51921.jpg,(0+7)+2=9
train/51922.jpg,6+0-3=3
train/51923.jpg,2-9*4=-34
train/51924.jpg,6*(6*2)=72
train/51925.jpg,7+1+1=9
train/51926.jpg,(5+8)+9=22
train/51927.jpg,7+8*3=31
train/51928.jpg,3-2*3=-3
train/51929.jpg,0-(1-6)=5
train/51930.jpg,(4-5)-0=-1
train/51931.jpg,1-(2+6)=-7
train/51932.jpg,3-4-7=-8
train/51933.jpg,(0*8)+7=7
train/51934.jpg,1*3+4=7
train/51935.jpg,8-8+6=6
train/51936.jpg,8-3+3=8
train/51937.jpg,6-(4-1)=3
train/51938.jpg,7-2+5=10
train/51939.jpg,(8*1)*3=24
train/51940.jpg,5*(7-7)=0
train/51941.jpg,(7-6)-6=-5
train/51942.jpg,3+(8*1)=11
train/51943.jpg,5+(2*9)=23
train/51944.jpg,8-5+7=10
train/51945.jpg,8*1-8=0
train/51946.jpg,1-5*3=-14
train/51947.jpg,8+0*3=8
train/51948.jpg,(1*6)+0=6
train/51949.jpg,(2*2)+4=8
train/51950.jpg,(4-2)*6=12
train/51951.jpg,3-(0-4)=7
train/51952.jpg,8-(2-9)=15
train/51953.jpg,(2+6)*2=16
train/51954.jpg,9*(3*9)=243
train/51955.jpg,(9+7)*7=112
train/51956.jpg,1*8-4=4
train/51957.jpg,0+(2-6)=-4
train/51958.jpg,9*(9-5)=36
train/51959.jpg,7-(1+2)=4
train/51960.jpg,9*5+3=48
train/51961.jpg,(4-6)-6=-8
train/51962.jpg,3*0+8=8
train/51963.jpg,(9*4)*8=288
train/51964.jpg,5-(7+5)=-7
train/51965.jpg,(3-5)*5=-10
train/51966.jpg,7+(9-6)=10
train/51967.jpg,2+0+5=7
train/51968.jpg,0+6-6=0
train/51969.jpg,(7+4)*1=11
train/51970.jpg,(1*9)*0=0
train/51971.jpg,8*3*7=168
train/51972.jpg,9+0+8=17
train/51973.jpg,(0-3)+3=0
train/51974.jpg,6*(2-8)=-36
train/51975.jpg,(6*5)+7=37
train/51976.jpg,(2*1)-2=0
train/51977.jpg,(0-6)+4=-2
train/51978.jpg,(4*2)-4=4
train/51979.jpg,4*(8-1)=28
train/51980.jpg,(0-7)-0=-7
train/51981.jpg,(0-9)+6=-3
train/51982.jpg,6+7*7=55
train/51983.jpg,3+6-0=9
train/51984.jpg,(5*2)*4=40
train/51985.jpg,3-9-4=-10
train/51986.jpg,1-(3*7)=-20
train/51987.jpg,(0-0)+6=6
train/51988.jpg,(0-3)+6=3
train/51989.jpg,0*9-6=-6
train/51990.jpg,4-(3+4)=-3
train/51991.jpg,4*(9-3)=24
train/51992.jpg,2-(6+9)=-13
train/51993.jpg,1*(0*6)=0
train/51994.jpg,2*(4+9)=26
train/51995.jpg,3-(6*4)=-21
train/51996.jpg,4*(7-2)=20
train/51997.jpg,(2*4)+7=15
train/51998.jpg,(9+5)*2=28
train/51999.jpg,(1-4)-9=-12
train/52000.jpg,7*(3*9)=189
train/52001.jpg,(4+5)*0=0
train/52002.jpg,1-(7+6)=-12
train/52003.jpg,3+5+0=8
train/52004.jpg,(2-9)+2=-5
train/52005.jpg,3-6-0=-3
train/52006.jpg,8-(0*0)=8
train/52007.jpg,(1*4)-8=-4
train/52008.jpg,1+6-3=4
train/52009.jpg,0+4+3=7
train/52010.jpg,9*(4+0)=36
train/52011.jpg,3*(7-6)=3
train/52012.jpg,(4*6)*2=48
train/52013.jpg,(4*2)*1=8
train/52014.jpg,(8-8)*5=0
train/52015.jpg,7-(7-4)=4
train/52016.jpg,(8+1)+0=9
train/52017.jpg,(4*7)*8=224
train/52018.jpg,(3*1)-3=0
train/52019.jpg,4+3+9=16
train/52020.jpg,5*7*8=280
train/52021.jpg,4*6-2=22
train/52022.jpg,(3-4)-0=-1
train/52023.jpg,3+(3+9)=15
train/52024.jpg,9-(3-1)=7
train/52025.jpg,0*6*4=0
train/52026.jpg,0*(3*1)=0
train/52027.jpg,6*6+3=39
train/52028.jpg,4*5+3=23
train/52029.jpg,7-(2+6)=-1
train/52030.jpg,3-(3*0)=3
train/52031.jpg,6-6*5=-24
train/52032.jpg,(0-5)-3=-8
train/52033.jpg,2*(6*1)=12
train/52034.jpg,9-3*2=3
train/52035.jpg,9*(8-1)=63
train/52036.jpg,(6-8)+7=5
train/52037.jpg,6+7*2=20
train/52038.jpg,0+7*4=28
train/52039.jpg,(2-7)*7=-35
train/52040.jpg,(7-5)+8=10
train/52041.jpg,8*9-6=66
train/52042.jpg,3*5+0=15
train/52043.jpg,5-9*8=-67
train/52044.jpg,(0*3)*5=0
train/52045.jpg,6-(7+8)=-9
train/52046.jpg,(7+1)-6=2
train/52047.jpg,5+(3*3)=14
train/52048.jpg,2+8*4=34
train/52049.jpg,(8*5)-7=33
train/52050.jpg,2-(7*1)=-5
train/52051.jpg,(4+7)*5=55
train/52052.jpg,3+(0+3)=6
train/52053.jpg,(6+7)*2=26
train/52054.jpg,2*(1*4)=8
train/52055.jpg,7+7*5=42
train/52056.jpg,7+8*6=55
train/52057.jpg,0-(1*1)=-1
train/52058.jpg,(9+2)-9=2
train/52059.jpg,1+(1*3)=4
train/52060.jpg,(6+5)*4=44
train/52061.jpg,1+(9*0)=1
train/52062.jpg,4*(4*6)=96
train/52063.jpg,5-9+1=-3
train/52064.jpg,9-3+7=13
train/52065.jpg,9+1*3=12
train/52066.jpg,2-(8-1)=-5
train/52067.jpg,9+(5-8)=6
train/52068.jpg,8-(6-9)=11
train/52069.jpg,8-6*7=-34
train/52070.jpg,1-(4+5)=-8
train/52071.jpg,5*(3*3)=45
train/52072.jpg,3+9-4=8
train/52073.jpg,3*(3-8)=-15
train/52074.jpg,6+4+0=10
train/52075.jpg,1*(0*4)=0
train/52076.jpg,4-(3+8)=-7
train/52077.jpg,(0-2)+0=-2
train/52078.jpg,3-(9+2)=-8
train/52079.jpg,9*5-9=36
train/52080.jpg,(5-3)+2=4
train/52081.jpg,8-(0+2)=6
train/52082.jpg,(1*6)-9=-3
train/52083.jpg,2+(5-9)=-2
train/52084.jpg,1*1+2=3
train/52085.jpg,5-(2-6)=9
train/52086.jpg,(6-4)+2=4
train/52087.jpg,7*(2+0)=14
train/52088.jpg,1+7-8=0
train/52089.jpg,(6-1)*0=0
train/52090.jpg,(1-2)+4=3
train/52091.jpg,4-8+1=-3
train/52092.jpg,8*(2*0)=0
train/52093.jpg,(7+8)*9=135
train/52094.jpg,2-4*7=-26
train/52095.jpg,2-7+5=0
train/52096.jpg,6+2*0=6
train/52097.jpg,9-(4-8)=13
train/52098.jpg,(0+3)*7=21
train/52099.jpg,6-(9-8)=5
train/52100.jpg,0+(0*8)=0
train/52101.jpg,(1-9)+1=-7
train/52102.jpg,8*8+3=67
train/52103.jpg,3-(3*1)=0
train/52104.jpg,4+6-5=5
train/52105.jpg,(4-2)-1=1
train/52106.jpg,(1+9)-4=6
train/52107.jpg,4+1*8=12
train/52108.jpg,6*8*3=144
train/52109.jpg,5*(9*4)=180
train/52110.jpg,7-(5-0)=2
train/52111.jpg,3*1+1=4
train/52112.jpg,0+(0*8)=0
train/52113.jpg,(8*7)+2=58
train/52114.jpg,(9+1)-6=4
train/52115.jpg,4-(7-8)=5
train/52116.jpg,2*(3+8)=22
train/52117.jpg,5*3*1=15
train/52118.jpg,(6-3)*6=18
train/52119.jpg,9+(0+4)=13
train/52120.jpg,(4+3)*5=35
train/52121.jpg,(8-9)*3=-3
train/52122.jpg,2+(7-9)=0
train/52123.jpg,9-9+6=6
train/52124.jpg,0+(0+3)=3
train/52125.jpg,2-(5-5)=2
train/52126.jpg,4+2-5=1
train/52127.jpg,3+(1*9)=12
train/52128.jpg,2-(3*7)=-19
train/52129.jpg,6*(3*4)=72
train/52130.jpg,5-(2*7)=-9
train/52131.jpg,9+(7-8)=8
train/52132.jpg,4+5*5=29
train/52133.jpg,1+(6-9)=-2
train/52134.jpg,(9+3)+2=14
train/52135.jpg,(3+8)-8=3
train/52136.jpg,3*3*5=45
train/52137.jpg,6-(9*5)=-39
train/52138.jpg,5+7+2=14
train/52139.jpg,1+5*0=1
train/52140.jpg,8*4-7=25
train/52141.jpg,6-3*3=-3
train/52142.jpg,5*0*0=0
train/52143.jpg,(8+0)+5=13
train/52144.jpg,(5*6)-9=21
train/52145.jpg,(7-8)-9=-10
train/52146.jpg,5*(5*5)=125
train/52147.jpg,8-3-0=5
train/52148.jpg,2*(3*3)=18
train/52149.jpg,(8+3)-8=3
train/52150.jpg,2*6*8=96
train/52151.jpg,5*4-1=19
train/52152.jpg,(3*6)*9=162
train/52153.jpg,8*(2*0)=0
train/52154.jpg,(5*2)+8=18
train/52155.jpg,7*(0+2)=14
train/52156.jpg,3*2+9=15
train/52157.jpg,(2*7)*9=126
train/52158.jpg,3+2*0=3
train/52159.jpg,(8*4)*4=128
train/52160.jpg,(8-8)-8=-8
train/52161.jpg,3-(0*7)=3
train/52162.jpg,4+(5+4)=13
train/52163.jpg,2*7-6=8
train/52164.jpg,9+3*1=12
train/52165.jpg,7*(2*2)=28
train/52166.jpg,8+5+0=13
train/52167.jpg,9*5-2=43
train/52168.jpg,(3-4)+7=6
train/52169.jpg,(4-9)*5=-25
train/52170.jpg,7*0+8=8
train/52171.jpg,(6+9)*8=120
train/52172.jpg,(2*3)-4=2
train/52173.jpg,0*(2*3)=0
train/52174.jpg,9+4*5=29
train/52175.jpg,(1+4)-7=-2
train/52176.jpg,(9+3)+6=18
train/52177.jpg,5-4+4=5
train/52178.jpg,0+(8-5)=3
train/52179.jpg,(3+5)*4=32
train/52180.jpg,(6*7)-7=35
train/52181.jpg,9+(9-5)=13
train/52182.jpg,(5-9)-2=-6
train/52183.jpg,1+7-3=5
train/52184.jpg,1*7*6=42
train/52185.jpg,0+(6-0)=6
train/52186.jpg,5+(5+3)=13
train/52187.jpg,7-6-2=-1
train/52188.jpg,3-3-6=-6
train/52189.jpg,9*0*6=0
train/52190.jpg,2-1-2=-1
train/52191.jpg,(3+8)*1=11
train/52192.jpg,1-8-9=-16
train/52193.jpg,2+(7-8)=1
train/52194.jpg,7+0-5=2
train/52195.jpg,9+(4*1)=13
train/52196.jpg,(3-2)-8=-7
train/52197.jpg,8-4-8=-4
train/52198.jpg,8-8*3=-16
train/52199.jpg,(1-3)*0=0
train/52200.jpg,4-7+7=4
train/52201.jpg,7-(8*5)=-33
train/52202.jpg,4*4+1=17
train/52203.jpg,9-(7*9)=-54
train/52204.jpg,5*(9+7)=80
train/52205.jpg,(4+3)*5=35
train/52206.jpg,(8-4)+4=8
train/52207.jpg,1-5+5=1
train/52208.jpg,1*0-3=-3
train/52209.jpg,9-(0+2)=7
train/52210.jpg,9+5+8=22
train/52211.jpg,1-(8-0)=-7
train/52212.jpg,7+(1-6)=2
train/52213.jpg,0*5*0=0
train/52214.jpg,(6-8)-4=-6
train/52215.jpg,7+2-3=6
train/52216.jpg,8+(0+2)=10
train/52217.jpg,8*2*3=48
train/52218.jpg,(7*0)-9=-9
train/52219.jpg,(1-0)+7=8
train/52220.jpg,6+(1*9)=15
train/52221.jpg,4*(7*0)=0
train/52222.jpg,(2*4)+1=9
train/52223.jpg,4-(0+7)=-3
train/52224.jpg,5+(1-8)=-2
train/52225.jpg,(6-1)+3=8
train/52226.jpg,(1+8)*6=54
train/52227.jpg,(8*8)*7=448
train/52228.jpg,(0+9)-6=3
train/52229.jpg,4+5+4=13
train/52230.jpg,(0+4)-9=-5
train/52231.jpg,3*(5+5)=30
train/52232.jpg,3*2-4=2
train/52233.jpg,2-(5+3)=-6
train/52234.jpg,9*1*2=18
train/52235.jpg,(7+0)-4=3
train/52236.jpg,0*(8*1)=0
train/52237.jpg,(5-6)+0=-1
train/52238.jpg,5-(6+5)=-6
train/52239.jpg,0-(6+3)=-9
train/52240.jpg,3*8-3=21
train/52241.jpg,4-(2-7)=9
train/52242.jpg,2+(1*2)=4
train/52243.jpg,(6+5)+6=17
train/52244.jpg,(5*6)*7=210
train/52245.jpg,4-(2-1)=3
train/52246.jpg,(9-1)+6=14
train/52247.jpg,3-(3+3)=-3
train/52248.jpg,8-2-5=1
train/52249.jpg,3+1-4=0
train/52250.jpg,8*(5*1)=40
train/52251.jpg,6*8*1=48
train/52252.jpg,1+(9-1)=9
train/52253.jpg,(7+2)*8=72
train/52254.jpg,4*(7-3)=16
train/52255.jpg,8*(3+5)=64
train/52256.jpg,8*(8+9)=136
train/52257.jpg,1*7-9=-2
train/52258.jpg,7-(7+5)=-5
train/52259.jpg,5*2-6=4
train/52260.jpg,2*6-0=12
train/52261.jpg,6*(3*9)=162
train/52262.jpg,(5+4)*3=27
train/52263.jpg,2-(3*2)=-4
train/52264.jpg,5+8-8=5
train/52265.jpg,(0-9)+6=-3
train/52266.jpg,8-(5*9)=-37
train/52267.jpg,(9+7)*7=112
train/52268.jpg,(2-8)-6=-12
train/52269.jpg,7*8*2=112
train/52270.jpg,5*(5+4)=45
train/52271.jpg,0-(2*2)=-4
train/52272.jpg,5+8+0=13
train/52273.jpg,9+(1+8)=18
train/52274.jpg,0+7-1=6
train/52275.jpg,9+0*4=9
train/52276.jpg,2*5-6=4
train/52277.jpg,(2+8)-5=5
train/52278.jpg,4-(2+7)=-5
train/52279.jpg,2*7*3=42
train/52280.jpg,7+(0*9)=7
train/52281.jpg,(9*9)+3=84
train/52282.jpg,1-(8-9)=2
train/52283.jpg,(5*7)+7=42
train/52284.jpg,7*6-6=36
train/52285.jpg,7-8-2=-3
train/52286.jpg,(2-0)*6=12
train/52287.jpg,1+1+2=4
train/52288.jpg,6+4*6=30
train/52289.jpg,6*3*7=126
train/52290.jpg,8+(3*9)=35
train/52291.jpg,7+(8-7)=8
train/52292.jpg,7+(1+8)=16
train/52293.jpg,(5*1)-4=1
train/52294.jpg,(2+3)+3=8
train/52295.jpg,4*2+7=15
train/52296.jpg,(6-0)-8=-2
train/52297.jpg,6+3+3=12
train/52298.jpg,(5+1)+0=6
train/52299.jpg,(8-6)+3=5
train/52300.jpg,(4*1)+8=12
train/52301.jpg,8+(9-5)=12
train/52302.jpg,(4+1)*4=20
train/52303.jpg,(6*6)+8=44
train/52304.jpg,5*(0*0)=0
train/52305.jpg,6+7-8=5
train/52306.jpg,4*1*5=20
train/52307.jpg,(7-4)+9=12
train/52308.jpg,8+(0*7)=8
train/52309.jpg,2+(1-8)=-5
train/52310.jpg,(0+2)*6=12
train/52311.jpg,(0*5)+5=5
train/52312.jpg,(7*8)+0=56
train/52313.jpg,(9-2)+1=8
train/52314.jpg,(0-2)-9=-11
train/52315.jpg,3+(6+1)=10
train/52316.jpg,0*(0-1)=0
train/52317.jpg,4*6*2=48
train/52318.jpg,6+3-8=1
train/52319.jpg,9*9*2=162
train/52320.jpg,2+(5*8)=42
train/52321.jpg,7*(0-8)=-56
train/52322.jpg,6*(3-1)=12
train/52323.jpg,(0*6)+4=4
train/52324.jpg,6+4-1=9
train/52325.jpg,(1+3)-3=1
train/52326.jpg,7+(9-0)=16
train/52327.jpg,9*9-9=72
train/52328.jpg,9+4-8=5
train/52329.jpg,(9+6)+7=22
train/52330.jpg,3-1*2=1
train/52331.jpg,(1*2)-4=-2
train/52332.jpg,(7*5)+5=40
train/52333.jpg,4+(4+0)=8
train/52334.jpg,3+6+6=15
train/52335.jpg,1*1+4=5
train/52336.jpg,4-(4-7)=7
train/52337.jpg,(3*1)*8=24
train/52338.jpg,1*3*5=15
train/52339.jpg,(5-0)+6=11
train/52340.jpg,(0-6)+7=1
train/52341.jpg,(8-8)+2=2
train/52342.jpg,(8+9)*6=102
train/52343.jpg,(7*0)*9=0
train/52344.jpg,(5+1)-9=-3
train/52345.jpg,(8+3)+6=17
train/52346.jpg,7-(0*5)=7
train/52347.jpg,(0+7)+1=8
train/52348.jpg,7+(1*1)=8
train/52349.jpg,3+6+9=18
train/52350.jpg,7*8*8=448
train/52351.jpg,8*(4*7)=224
train/52352.jpg,9+4-1=12
train/52353.jpg,9+(7-9)=7
train/52354.jpg,(3+5)+4=12
train/52355.jpg,(5+2)-0=7
train/52356.jpg,0+(3-8)=-5
train/52357.jpg,8*(9*1)=72
train/52358.jpg,7*(7*1)=49
train/52359.jpg,9-4-2=3
train/52360.jpg,8*(3*8)=192
train/52361.jpg,(5*0)-4=-4
train/52362.jpg,(5+0)+3=8
train/52363.jpg,(7-6)*7=7
train/52364.jpg,(8+3)-5=6
train/52365.jpg,7*(8*5)=280
train/52366.jpg,1-(3-2)=0
train/52367.jpg,2+(9*4)=38
train/52368.jpg,9+(2*2)=13
train/52369.jpg,6+(5+7)=18
train/52370.jpg,(0*1)*0=0
train/52371.jpg,4*5-9=11
train/52372.jpg,6-(1+2)=3
train/52373.jpg,2*(0*8)=0
train/52374.jpg,3*(6-6)=0
train/52375.jpg,1-(1+9)=-9
train/52376.jpg,(4+6)*7=70
train/52377.jpg,8+(5*7)=43
train/52378.jpg,3*(9+1)=30
train/52379.jpg,1-(7+0)=-6
train/52380.jpg,5*0*9=0
train/52381.jpg,0-(6+8)=-14
train/52382.jpg,2-(4*3)=-10
train/52383.jpg,4+(3-9)=-2
train/52384.jpg,1*6*6=36
train/52385.jpg,(6+3)+7=16
train/52386.jpg,(8*1)*3=24
train/52387.jpg,3-5*0=3
train/52388.jpg,(4+9)+7=20
train/52389.jpg,8-(6-2)=4
train/52390.jpg,(6+6)-9=3
train/52391.jpg,2-9+2=-5
train/52392.jpg,1+7-1=7
train/52393.jpg,4*4*5=80
train/52394.jpg,(8*2)+7=23
train/52395.jpg,3-2-4=-3
train/52396.jpg,0-1-4=-5
train/52397.jpg,7-7-8=-8
train/52398.jpg,(0+2)+5=7
train/52399.jpg,8-(1*7)=1
train/52400.jpg,5*0+5=5
train/52401.jpg,9-0-0=9
train/52402.jpg,(6+5)-0=11
train/52403.jpg,(1-2)*7=-7
train/52404.jpg,9*7*6=378
train/52405.jpg,(1-6)*9=-45
train/52406.jpg,1-(5+9)=-13
train/52407.jpg,(3*6)-9=9
train/52408.jpg,2*1+3=5
train/52409.jpg,8*(6*2)=96
train/52410.jpg,(7*4)+5=33
train/52411.jpg,2+(2-7)=-3
train/52412.jpg,(9+0)+3=12
train/52413.jpg,(2-6)+4=0
train/52414.jpg,3-1*8=-5
train/52415.jpg,8*5*3=120
train/52416.jpg,3-(5+8)=-10
train/52417.jpg,(5*8)-2=38
train/52418.jpg,9*6*8=432
train/52419.jpg,8+0+0=8
train/52420.jpg,3*6+3=21
train/52421.jpg,5*(4+9)=65
train/52422.jpg,4*4*8=128
train/52423.jpg,8+(9*5)=53
train/52424.jpg,(9-5)-5=-1
train/52425.jpg,5-(3+3)=-1
train/52426.jpg,(1-3)*8=-16
train/52427.jpg,(2*4)*2=16
train/52428.jpg,(7+3)*7=70
train/52429.jpg,(2-6)-5=-9
train/52430.jpg,1-(3*6)=-17
train/52431.jpg,4*(4*0)=0
train/52432.jpg,5*(0+5)=25
train/52433.jpg,3-(6+4)=-7
train/52434.jpg,(9+3)+7=19
train/52435.jpg,(8-1)-5=2
train/52436.jpg,4-7-3=-6
train/52437.jpg,4*(3+1)=16
train/52438.jpg,(0-0)-8=-8
train/52439.jpg,(6-9)*6=-18
train/52440.jpg,(9*2)+4=22
train/52441.jpg,2*3-6=0
train/52442.jpg,3*(2+4)=18
train/52443.jpg,4*2+1=9
train/52444.jpg,9+3+8=20
train/52445.jpg,9*(9*5)=405
train/52446.jpg,4+3*6=22
train/52447.jpg,(8*5)+2=42
train/52448.jpg,(6*0)-9=-9
train/52449.jpg,(0*7)+6=6
train/52450.jpg,(5*7)-7=28
train/52451.jpg,3-5-2=-4
train/52452.jpg,2+0*1=2
train/52453.jpg,(2*4)*0=0
train/52454.jpg,(4-6)*8=-16
train/52455.jpg,7-9+4=2
train/52456.jpg,(2-8)+5=-1
train/52457.jpg,(2*3)*9=54
train/52458.jpg,6-(2+2)=2
train/52459.jpg,1-4-3=-6
train/52460.jpg,9*3*4=108
train/52461.jpg,2-5+4=1
train/52462.jpg,4*(0+9)=36
train/52463.jpg,9*6+1=55
train/52464.jpg,(2*3)-9=-3
train/52465.jpg,(9+5)-8=6
train/52466.jpg,2+(6+6)=14
train/52467.jpg,3-(3-3)=3
train/52468.jpg,5-(1-8)=12
train/52469.jpg,1-3+3=1
train/52470.jpg,3-(8*2)=-13
train/52471.jpg,0+(2-9)=-7
train/52472.jpg,3-(2-3)=4
train/52473.jpg,7+7-3=11
train/52474.jpg,2-(4+9)=-11
train/52475.jpg,6+(8-3)=11
train/52476.jpg,3-(9*0)=3
train/52477.jpg,5+0-5=0
train/52478.jpg,2+(0-4)=-2
train/52479.jpg,0*6+6=6
train/52480.jpg,(7+5)+9=21
train/52481.jpg,1+3*2=7
train/52482.jpg,5+(5+0)=10
train/52483.jpg,8-(8+8)=-8
train/52484.jpg,3+7*5=38
train/52485.jpg,7+(5+0)=12
train/52486.jpg,(9*9)-5=76
train/52487.jpg,5+2+1=8
train/52488.jpg,2*7*5=70
train/52489.jpg,0*(6*2)=0
train/52490.jpg,(4*2)-1=7
train/52491.jpg,0-4*6=-24
train/52492.jpg,(1+1)+5=7
train/52493.jpg,2-6+7=3
train/52494.jpg,9*(0-4)=-36
train/52495.jpg,2-3*6=-16
train/52496.jpg,(0+8)+0=8
train/52497.jpg,3+(2+8)=13
train/52498.jpg,1+5-5=1
train/52499.jpg,2+9-7=4
train/52500.jpg,4-(0+1)=3
train/52501.jpg,9-3-5=1
train/52502.jpg,6+5*4=26
train/52503.jpg,(5+9)*2=28
train/52504.jpg,8*3+0=24
train/52505.jpg,0*8+8=8
train/52506.jpg,8*(4-9)=-40
train/52507.jpg,7-8*9=-65
train/52508.jpg,6-(3*8)=-18
train/52509.jpg,3-4*7=-25
train/52510.jpg,(4*5)+6=26
train/52511.jpg,(6*0)*9=0
train/52512.jpg,8+(3*8)=32
train/52513.jpg,5*1*2=10
train/52514.jpg,5-(8*6)=-43
train/52515.jpg,8-(1*7)=1
train/52516.jpg,9-(9*7)=-54
train/52517.jpg,0-(7+9)=-16
train/52518.jpg,(0+1)+8=9
train/52519.jpg,(7-0)-7=0
train/52520.jpg,7*4*0=0
train/52521.jpg,(8+8)+8=24
train/52522.jpg,(2*5)+2=12
train/52523.jpg,(4+3)*6=42
train/52524.jpg,4*0*8=0
train/52525.jpg,0*(2+3)=0
train/52526.jpg,9-(7*2)=-5
train/52527.jpg,(2+4)*1=6
train/52528.jpg,0*1-6=-6
train/52529.jpg,5*8+0=40
train/52530.jpg,7+(2+6)=15
train/52531.jpg,(0-4)+0=-4
train/52532.jpg,2-(3-1)=0
train/52533.jpg,(6+1)+7=14
train/52534.jpg,7-8+5=4
train/52535.jpg,6*2-6=6
train/52536.jpg,5-(0-1)=6
train/52537.jpg,(1-1)*1=0
train/52538.jpg,8-4+8=12
train/52539.jpg,2*(4-9)=-10
train/52540.jpg,7-(3+4)=0
train/52541.jpg,(7*0)*4=0
train/52542.jpg,1*3+8=11
train/52543.jpg,7*(9-3)=42
train/52544.jpg,(8-2)-0=6
train/52545.jpg,(7+7)-2=12
train/52546.jpg,5*(1+4)=25
train/52547.jpg,(2+0)-6=-4
train/52548.jpg,1-(2*0)=1
train/52549.jpg,9-(5+0)=4
train/52550.jpg,(4-2)*0=0
train/52551.jpg,6+2*1=8
train/52552.jpg,8-(2+5)=1
train/52553.jpg,4-1*1=3
train/52554.jpg,8+(6-6)=8
train/52555.jpg,(3-9)*2=-12
train/52556.jpg,0*7*7=0
train/52557.jpg,1+4+8=13
train/52558.jpg,(3-6)+0=-3
train/52559.jpg,1*8*5=40
train/52560.jpg,6+(6+7)=19
train/52561.jpg,5*(7*1)=35
train/52562.jpg,8*0+9=9
train/52563.jpg,8*(6*3)=144
train/52564.jpg,5+(6+7)=18
train/52565.jpg,(3*5)*4=60
train/52566.jpg,8+(3-2)=9
train/52567.jpg,(1+2)+2=5
train/52568.jpg,3*5*8=120
train/52569.jpg,2+3*0=2
train/52570.jpg,(3*3)*5=45
train/52571.jpg,0-5*8=-40
train/52572.jpg,6*9*6=324
train/52573.jpg,9-8+5=6
train/52574.jpg,(3*9)-4=23
train/52575.jpg,(6+6)-0=12
train/52576.jpg,3-8-9=-14
train/52577.jpg,(0+0)*4=0
train/52578.jpg,5-(6*7)=-37
train/52579.jpg,6*(7+0)=42
train/52580.jpg,(1+4)+2=7
train/52581.jpg,(9*9)*7=567
train/52582.jpg,3*(1+5)=18
train/52583.jpg,9*6-2=52
train/52584.jpg,(5-7)*6=-12
train/52585.jpg,7+(2+8)=17
train/52586.jpg,8+0-1=7
train/52587.jpg,1*(3*9)=27
train/52588.jpg,(5+6)+2=13
train/52589.jpg,1*(2*1)=2
train/52590.jpg,6-3-9=-6
train/52591.jpg,7-(8-8)=7
train/52592.jpg,6*5-4=26
train/52593.jpg,(7*4)-1=27
train/52594.jpg,9+(3*8)=33
train/52595.jpg,(6-0)*9=54
train/52596.jpg,0+1*5=5
train/52597.jpg,7-9+4=2
train/52598.jpg,(0*2)*9=0
train/52599.jpg,3-5-3=-5
train/52600.jpg,(6+8)*3=42
train/52601.jpg,7+8+6=21
train/52602.jpg,6*5-0=30
train/52603.jpg,(6*0)*1=0
train/52604.jpg,(6-0)+4=10
train/52605.jpg,(3-8)+9=4
train/52606.jpg,0+9-7=2
train/52607.jpg,7-3+9=13
train/52608.jpg,1+(8-6)=3
train/52609.jpg,4+5*1=9
train/52610.jpg,(7+3)-0=10
train/52611.jpg,7*8+8=64
train/52612.jpg,9*5+6=51
train/52613.jpg,(2*4)-7=1
train/52614.jpg,6+(6+7)=19
train/52615.jpg,1+7*3=22
train/52616.jpg,1+(6-7)=0
train/52617.jpg,4+6+9=19
train/52618.jpg,0-9-8=-17
train/52619.jpg,8*(9+0)=72
train/52620.jpg,(4+5)*9=81
train/52621.jpg,8*(5*4)=160
train/52622.jpg,4*7+1=29
train/52623.jpg,(0-7)+5=-2
train/52624.jpg,(6+2)*5=40
train/52625.jpg,0+6-3=3
train/52626.jpg,6*(0*7)=0
train/52627.jpg,9*(5-4)=9
train/52628.jpg,(4+9)+1=14
train/52629.jpg,8+6+6=20
train/52630.jpg,3-(1*8)=-5
train/52631.jpg,1-3-0=-2
train/52632.jpg,0-1+7=6
train/52633.jpg,(0-0)*0=0
train/52634.jpg,3*3*4=36
train/52635.jpg,(3*2)*3=18
train/52636.jpg,(4+4)*4=32
train/52637.jpg,(1-6)*8=-40
train/52638.jpg,3*(5+2)=21
train/52639.jpg,5*8+2=42
train/52640.jpg,9+6*9=63
train/52641.jpg,9+1*0=9
train/52642.jpg,(2+3)+5=10
train/52643.jpg,5-(9*2)=-13
train/52644.jpg,6*9*6=324
train/52645.jpg,4*5-4=16
train/52646.jpg,(2*1)*4=8
train/52647.jpg,(1+8)+6=15
train/52648.jpg,1*(7-7)=0
train/52649.jpg,7*9-0=63
train/52650.jpg,9*7*7=441
train/52651.jpg,4*(4*4)=64
train/52652.jpg,(0*8)*3=0
train/52653.jpg,8+(0*1)=8
train/52654.jpg,(9-6)*8=24
train/52655.jpg,0*9*9=0
train/52656.jpg,8-(9+6)=-7
train/52657.jpg,0-1+2=1
train/52658.jpg,(0+1)-2=-1
train/52659.jpg,(6-4)-1=1
train/52660.jpg,7-(0+5)=2
train/52661.jpg,7-1-0=6
train/52662.jpg,7*0-0=0
train/52663.jpg,3-(0*2)=3
train/52664.jpg,(2*9)+0=18
train/52665.jpg,(0+3)+8=11
train/52666.jpg,9-(5+5)=-1
train/52667.jpg,(9*3)*3=81
train/52668.jpg,9+5-4=10
train/52669.jpg,4-9-1=-6
train/52670.jpg,(0+5)-2=3
train/52671.jpg,1*(6-6)=0
train/52672.jpg,5*(8+9)=85
train/52673.jpg,9+(6+9)=24
train/52674.jpg,2*(3-8)=-10
train/52675.jpg,5+9*4=41
train/52676.jpg,0-(2-9)=7
train/52677.jpg,(6*6)*6=216
train/52678.jpg,5+4-6=3
train/52679.jpg,9+(6-2)=13
train/52680.jpg,7-0+8=15
train/52681.jpg,(4-9)-1=-6
train/52682.jpg,9*0-2=-2
train/52683.jpg,2+(5-2)=5
train/52684.jpg,2-3-7=-8
train/52685.jpg,(9*6)-3=51
train/52686.jpg,8-(1*9)=-1
train/52687.jpg,(5*2)*4=40
train/52688.jpg,6-1-2=3
train/52689.jpg,1*3+3=6
train/52690.jpg,4*1+0=4
train/52691.jpg,(9*8)-6=66
train/52692.jpg,0-0-7=-7
train/52693.jpg,(5-3)*1=2
train/52694.jpg,9+(6+9)=24
train/52695.jpg,5*(3-0)=15
train/52696.jpg,(9-0)-9=0
train/52697.jpg,(0*8)-4=-4
train/52698.jpg,(8+0)*4=32
train/52699.jpg,0*(4-4)=0
train/52700.jpg,(2-3)*5=-5
train/52701.jpg,(9*3)*1=27
train/52702.jpg,7+7*8=63
train/52703.jpg,9+(3-8)=4
train/52704.jpg,8*(5-7)=-16
train/52705.jpg,(2*9)*8=144
train/52706.jpg,(3-7)*5=-20
train/52707.jpg,5+(1-5)=1
train/52708.jpg,3*5-4=11
train/52709.jpg,(3+0)*7=21
train/52710.jpg,8+(8+4)=20
train/52711.jpg,(0*3)*3=0
train/52712.jpg,(7-9)+9=7
train/52713.jpg,3*(8*0)=0
train/52714.jpg,7-(4*4)=-9
train/52715.jpg,9-(8+3)=-2
train/52716.jpg,(7*5)*9=315
train/52717.jpg,(7+4)-3=8
train/52718.jpg,3*(1+5)=18
train/52719.jpg,3-2+1=2
train/52720.jpg,1-(0*9)=1
train/52721.jpg,5+5-0=10
train/52722.jpg,4-1*0=4
train/52723.jpg,(1+8)-0=9
train/52724.jpg,7*6+2=44
train/52725.jpg,(5-6)+6=5
train/52726.jpg,5+6+8=19
train/52727.jpg,(1+2)+8=11
train/52728.jpg,(6+0)+6=12
train/52729.jpg,(3-3)-3=-3
train/52730.jpg,(4+0)*0=0
train/52731.jpg,7*(4+9)=91
train/52732.jpg,0+(5-1)=4
train/52733.jpg,(3-7)-6=-10
train/52734.jpg,8+5*9=53
train/52735.jpg,4+8-8=4
train/52736.jpg,(4-6)+5=3
train/52737.jpg,1*(0-8)=-8
train/52738.jpg,9-(9+9)=-9
train/52739.jpg,(3+9)-4=8
train/52740.jpg,5*8-9=31
train/52741.jpg,7*5+4=39
train/52742.jpg,1-3+8=6
train/52743.jpg,(9+8)+5=22
train/52744.jpg,5+(3+4)=12
train/52745.jpg,7-4*1=3
train/52746.jpg,(9*6)-5=49
train/52747.jpg,8+(4-2)=10
train/52748.jpg,6+(4+2)=12
train/52749.jpg,(5+3)*3=24
train/52750.jpg,1*(0+0)=0
train/52751.jpg,9+3-2=10
train/52752.jpg,(8-5)+8=11
train/52753.jpg,(2-4)*1=-2
train/52754.jpg,6+(6*6)=42
train/52755.jpg,5+7-6=6
train/52756.jpg,(3*7)-6=15
train/52757.jpg,(7-0)*2=14
train/52758.jpg,(4-3)*6=6
train/52759.jpg,4+6+2=12
train/52760.jpg,(6+8)-2=12
train/52761.jpg,(4*3)+2=14
train/52762.jpg,2*(6+4)=20
train/52763.jpg,5-4*8=-27
train/52764.jpg,(3*9)-1=26
train/52765.jpg,(9*3)*7=189
train/52766.jpg,6-2*8=-10
train/52767.jpg,(7-6)-1=0
train/52768.jpg,9+6+0=15
train/52769.jpg,3+(0-1)=2
train/52770.jpg,(0+4)+4=8
train/52771.jpg,8-(1+6)=1
train/52772.jpg,6+(5*8)=46
train/52773.jpg,4*8-8=24
train/52774.jpg,2+7-6=3
train/52775.jpg,(9-9)*2=0
train/52776.jpg,0-0+2=2
train/52777.jpg,5+6-6=5
train/52778.jpg,9+(9+5)=23
train/52779.jpg,4*4+2=18
train/52780.jpg,(8+0)+3=11
train/52781.jpg,(1+8)+3=12
train/52782.jpg,4+(7-4)=7
train/52783.jpg,4*7+9=37
train/52784.jpg,6+(0+0)=6
train/52785.jpg,4*5*0=0
train/52786.jpg,2*2+4=8
train/52787.jpg,(9*1)+6=15
train/52788.jpg,(6+2)*6=48
train/52789.jpg,9*0*9=0
train/52790.jpg,9*(1*9)=81
train/52791.jpg,4+(6*6)=40
train/52792.jpg,(8*4)*3=96
train/52793.jpg,(0+8)+7=15
train/52794.jpg,0-7*8=-56
train/52795.jpg,(3*2)*6=36
train/52796.jpg,9-(8-9)=10
train/52797.jpg,0-(2-6)=4
train/52798.jpg,4-(4+3)=-3
train/52799.jpg,(3+1)-5=-1
train/52800.jpg,(6+4)+0=10
train/52801.jpg,1+(8+6)=15
train/52802.jpg,(0*6)*0=0
train/52803.jpg,3+5*2=13
train/52804.jpg,5-(3*9)=-22
train/52805.jpg,5-0-2=3
train/52806.jpg,8+0*6=8
train/52807.jpg,(9*7)-4=59
train/52808.jpg,(5-6)*9=-9
train/52809.jpg,2+(8+0)=10
train/52810.jpg,(2-8)+1=-5
train/52811.jpg,6+(3*1)=9
train/52812.jpg,1+(2-6)=-3
train/52813.jpg,6-(6-4)=4
train/52814.jpg,1-4*6=-23
train/52815.jpg,2*(2+5)=14
train/52816.jpg,(8+0)+8=16
train/52817.jpg,(2-3)-2=-3
train/52818.jpg,(5*1)-7=-2
train/52819.jpg,0-0*6=0
train/52820.jpg,9*(4+4)=72
train/52821.jpg,(4+4)+9=17
train/52822.jpg,0*7+8=8
train/52823.jpg,(4+0)*8=32
train/52824.jpg,3*4-1=11
train/52825.jpg,5*3-2=13
train/52826.jpg,(3+4)+2=9
train/52827.jpg,0+(2*5)=10
train/52828.jpg,(0-4)+0=-4
train/52829.jpg,(0*8)-0=0
train/52830.jpg,5+9-1=13
train/52831.jpg,(3*4)+1=13
train/52832.jpg,3+(6-9)=0
train/52833.jpg,8-1+0=7
train/52834.jpg,7+0+4=11
train/52835.jpg,7*(3-1)=14
train/52836.jpg,8+(0*5)=8
train/52837.jpg,9*1*9=81
train/52838.jpg,2+(8+8)=18
train/52839.jpg,(9*9)*0=0
train/52840.jpg,8+0*0=8
train/52841.jpg,(1+6)-6=1
train/52842.jpg,6+5-4=7
train/52843.jpg,(0+3)+0=3
train/52844.jpg,4-8+9=5
train/52845.jpg,(1*0)*0=0
train/52846.jpg,(0+9)*8=72
train/52847.jpg,7-(5+9)=-7
train/52848.jpg,7-(1-1)=7
train/52849.jpg,3*(9-3)=18
train/52850.jpg,1+0+4=5
train/52851.jpg,4*4-2=14
train/52852.jpg,6-(9-3)=0
train/52853.jpg,9-(5+3)=1
train/52854.jpg,0+(3-5)=-2
train/52855.jpg,0-3*4=-12
train/52856.jpg,4-4*8=-28
train/52857.jpg,(5+9)-4=10
train/52858.jpg,(7*2)*7=98
train/52859.jpg,(2*5)*0=0
train/52860.jpg,7*(4*5)=140
train/52861.jpg,6-5-6=-5
train/52862.jpg,(9+0)+2=11
train/52863.jpg,6+4+9=19
train/52864.jpg,6*6-0=36
train/52865.jpg,(7+0)-5=2
train/52866.jpg,7*(7+9)=112
train/52867.jpg,0*(7-5)=0
train/52868.jpg,4*(1*5)=20
train/52869.jpg,(8*8)-5=59
train/52870.jpg,1-(2+4)=-5
train/52871.jpg,8+9-5=12
train/52872.jpg,9+4-9=4
train/52873.jpg,0-9*8=-72
train/52874.jpg,(7+9)+4=20
train/52875.jpg,(4-8)+0=-4
train/52876.jpg,8+(0-2)=6
train/52877.jpg,7+5-4=8
train/52878.jpg,0*4*9=0
train/52879.jpg,4*(8+1)=36
train/52880.jpg,(0+0)-5=-5
train/52881.jpg,3+(8*7)=59
train/52882.jpg,9*(6-8)=-18
train/52883.jpg,(8-9)+6=5
train/52884.jpg,1+(2+4)=7
train/52885.jpg,8+0-3=5
train/52886.jpg,0*(1-3)=0
train/52887.jpg,2*(4+7)=22
train/52888.jpg,9+(6*5)=39
train/52889.jpg,(8-2)-9=-3
train/52890.jpg,(2-9)+1=-6
train/52891.jpg,9*(1-6)=-45
train/52892.jpg,7-(2+0)=5
train/52893.jpg,(1*8)+5=13
train/52894.jpg,4+(1-2)=3
train/52895.jpg,(9*8)-1=71
train/52896.jpg,(2*4)-3=5
train/52897.jpg,4+(0+8)=12
train/52898.jpg,7*(3*2)=42
train/52899.jpg,(2*4)-4=4
train/52900.jpg,(2*2)+5=9
train/52901.jpg,7+7*7=56
train/52902.jpg,5-3-6=-4
train/52903.jpg,(9-4)*5=25
train/52904.jpg,8*(5+2)=56
train/52905.jpg,3-(1+5)=-3
train/52906.jpg,8*(3*6)=144
train/52907.jpg,8+9+6=23
train/52908.jpg,(9+3)-0=12
train/52909.jpg,(4+0)+3=7
train/52910.jpg,8+(3*0)=8
train/52911.jpg,2-4*5=-18
train/52912.jpg,8-(0+3)=5
train/52913.jpg,(9-0)+2=11
train/52914.jpg,7+(3*8)=31
train/52915.jpg,6-(2-5)=9
train/52916.jpg,0-(6+0)=-6
train/52917.jpg,(7*5)-4=31
train/52918.jpg,3*(4+6)=30
train/52919.jpg,9-0*4=9
train/52920.jpg,7*3*9=189
train/52921.jpg,5*(5+1)=30
train/52922.jpg,(5-4)*3=3
train/52923.jpg,3*(9+2)=33
train/52924.jpg,(4-6)+8=6
train/52925.jpg,(2*0)-9=-9
train/52926.jpg,6*(2*6)=72
train/52927.jpg,(1+1)-4=-2
train/52928.jpg,9+0*2=9
train/52929.jpg,0*(7+9)=0
train/52930.jpg,3*8-1=23
train/52931.jpg,(1+2)-4=-1
train/52932.jpg,8*5-3=37
train/52933.jpg,(6-2)+3=7
train/52934.jpg,9*(8+1)=81
train/52935.jpg,4+(1*1)=5
train/52936.jpg,1-(8*1)=-7
train/52937.jpg,(0*3)+8=8
train/52938.jpg,1*0-0=0
train/52939.jpg,5-2+3=6
train/52940.jpg,8-1-9=-2
train/52941.jpg,5+(0-9)=-4
train/52942.jpg,(6-0)-1=5
train/52943.jpg,1-(4*7)=-27
train/52944.jpg,(2-5)+2=-1
train/52945.jpg,8+(0-6)=2
train/52946.jpg,(9-6)*0=0
train/52947.jpg,8+(1+3)=12
train/52948.jpg,6-5+7=8
train/52949.jpg,2*(8+3)=22
train/52950.jpg,7*(5*2)=70
train/52951.jpg,(3*1)+8=11
train/52952.jpg,(8+4)*6=72
train/52953.jpg,(6-1)+5=10
train/52954.jpg,8*6+6=54
train/52955.jpg,7+4+6=17
train/52956.jpg,0+3*0=0
train/52957.jpg,(2+6)*8=64
train/52958.jpg,1-(1-2)=2
train/52959.jpg,(0*6)+6=6
train/52960.jpg,7*(9-7)=14
train/52961.jpg,4*5+4=24
train/52962.jpg,7*(9*5)=315
train/52963.jpg,(7*1)-6=1
train/52964.jpg,4*(8-3)=20
train/52965.jpg,(9+5)-6=8
train/52966.jpg,4+0*8=4
train/52967.jpg,1*(8+6)=14
train/52968.jpg,0*1*1=0
train/52969.jpg,3+6-1=8
train/52970.jpg,(0*3)*7=0
train/52971.jpg,0*6-6=-6
train/52972.jpg,0-(1*3)=-3
train/52973.jpg,(5-2)*0=0
train/52974.jpg,0-5-3=-8
train/52975.jpg,(4+2)+6=12
train/52976.jpg,1-(5-8)=4
train/52977.jpg,3+(8+5)=16
train/52978.jpg,6-(6-8)=8
train/52979.jpg,(6-0)+3=9
train/52980.jpg,0+8*3=24
train/52981.jpg,0+(1*5)=5
train/52982.jpg,(4-8)-6=-10
train/52983.jpg,(9*6)*0=0
train/52984.jpg,9-(8+9)=-8
train/52985.jpg,3+(4*8)=35
train/52986.jpg,5+(2+0)=7
train/52987.jpg,3-(1*7)=-4
train/52988.jpg,(6*4)*5=120
train/52989.jpg,7-9+8=6
train/52990.jpg,(1*2)-8=-6
train/52991.jpg,4+3+5=12
train/52992.jpg,3+8*9=75
train/52993.jpg,0*(1+0)=0
train/52994.jpg,(0+8)*5=40
train/52995.jpg,2*(7*1)=14
train/52996.jpg,5-(8-3)=0
train/52997.jpg,4-(6*8)=-44
train/52998.jpg,4*3-3=9
train/52999.jpg,(9*2)-1=17
train/53000.jpg,(2-4)+3=1
train/53001.jpg,3-8*9=-69
train/53002.jpg,5+7+0=12
train/53003.jpg,4-2-7=-5
train/53004.jpg,(8+6)-0=14
train/53005.jpg,5-(8-9)=6
train/53006.jpg,0-(2-9)=7
train/53007.jpg,(0-9)+9=0
train/53008.jpg,2+(7-0)=9
train/53009.jpg,3+0*2=3
train/53010.jpg,0*6*5=0
train/53011.jpg,(3-4)*5=-5
train/53012.jpg,(8*6)-4=44
train/53013.jpg,(1+7)+3=11
train/53014.jpg,8-(9+7)=-8
train/53015.jpg,9*7-2=61
train/53016.jpg,0+(4-9)=-5
train/53017.jpg,2+1-9=-6
train/53018.jpg,0-(6*6)=-36
train/53019.jpg,0+7*1=7
train/53020.jpg,9*3+7=34
train/53021.jpg,(4+4)+8=16
train/53022.jpg,8*(1+5)=48
train/53023.jpg,8+5-5=8
train/53024.jpg,0-3*4=-12
train/53025.jpg,0*(6*6)=0
train/53026.jpg,4+(4+6)=14
train/53027.jpg,1+6-8=-1
train/53028.jpg,(8+8)*7=112
train/53029.jpg,9*(4-2)=18
train/53030.jpg,8+(2+0)=10
train/53031.jpg,7*(8*8)=448
train/53032.jpg,1*7+5=12
train/53033.jpg,(8+9)-9=8
train/53034.jpg,0+(6*7)=42
train/53035.jpg,6-(3+8)=-5
train/53036.jpg,9+3*3=18
train/53037.jpg,1+(4+6)=11
train/53038.jpg,(1-1)+2=2
train/53039.jpg,6-3-2=1
train/53040.jpg,7-(7+8)=-8
train/53041.jpg,2-4-9=-11
train/53042.jpg,1-(8-2)=-5
train/53043.jpg,(6*3)+4=22
train/53044.jpg,9*0*3=0
train/53045.jpg,2-4-5=-7
train/53046.jpg,(8*6)*1=48
train/53047.jpg,7-(4+1)=2
train/53048.jpg,1*(3+9)=12
train/53049.jpg,4*(2-8)=-24
train/53050.jpg,(4-8)*4=-16
train/53051.jpg,9+3+3=15
train/53052.jpg,0-(1*8)=-8
train/53053.jpg,0-0-0=0
train/53054.jpg,6-(7-0)=-1
train/53055.jpg,(1+3)*4=16
train/53056.jpg,(1+6)-0=7
train/53057.jpg,(7*7)+9=58
train/53058.jpg,1+(8-8)=1
train/53059.jpg,2+3-0=5
train/53060.jpg,1+9*7=64
train/53061.jpg,8+7*2=22
train/53062.jpg,(9-1)+4=12
train/53063.jpg,1-3-4=-6
train/53064.jpg,(1+8)-1=8
train/53065.jpg,4-2-6=-4
train/53066.jpg,(0-0)*4=0
train/53067.jpg,4+4+8=16
train/53068.jpg,5*2*6=60
train/53069.jpg,(3+8)-7=4
train/53070.jpg,3+5*5=28
train/53071.jpg,1+(5*7)=36
train/53072.jpg,(5+8)-9=4
train/53073.jpg,(0-3)+9=6
train/53074.jpg,(6*5)+4=34
train/53075.jpg,5*1+0=5
train/53076.jpg,8-1+4=11
train/53077.jpg,(9-7)-3=-1
train/53078.jpg,(4+0)+3=7
train/53079.jpg,0*(3+2)=0
train/53080.jpg,6+(2+5)=13
train/53081.jpg,2-7*1=-5
train/53082.jpg,(9*3)-4=23
train/53083.jpg,4-4-1=-1
train/53084.jpg,(8*9)*5=360
train/53085.jpg,0-(5-1)=-4
train/53086.jpg,9+(6*5)=39
train/53087.jpg,5+(9*6)=59
train/53088.jpg,4*5-8=12
train/53089.jpg,(0+3)-6=-3
train/53090.jpg,6*(3+0)=18
train/53091.jpg,(9-4)+4=9
train/53092.jpg,9-6-6=-3
train/53093.jpg,0*(7*9)=0
train/53094.jpg,6-(1*9)=-3
train/53095.jpg,3*(3*0)=0
train/53096.jpg,9-3+4=10
train/53097.jpg,(7-0)+2=9
train/53098.jpg,0+(8+9)=17
train/53099.jpg,(0+3)-8=-5
train/53100.jpg,(0*8)-0=0
train/53101.jpg,0+(5+2)=7
train/53102.jpg,5-(1+3)=1
train/53103.jpg,5+(2+0)=7
train/53104.jpg,6+0*7=6
train/53105.jpg,(1*4)+8=12
train/53106.jpg,4-(8+1)=-5
train/53107.jpg,(6-1)*3=15
train/53108.jpg,8-(1+0)=7
train/53109.jpg,(5-6)+6=5
train/53110.jpg,(9-0)-5=4
train/53111.jpg,5-5-5=-5
train/53112.jpg,9-0-7=2
train/53113.jpg,(0*1)*2=0
train/53114.jpg,6+(7*8)=62
train/53115.jpg,0+5*7=35
train/53116.jpg,(5-7)*5=-10
train/53117.jpg,(3*5)-5=10
train/53118.jpg,(6-3)-2=1
train/53119.jpg,(1-7)*4=-24
train/53120.jpg,4-(7+7)=-10
train/53121.jpg,1+0*4=1
train/53122.jpg,5+(0-2)=3
train/53123.jpg,5*(2-7)=-25
train/53124.jpg,7*(6*6)=252
train/53125.jpg,6*8*5=240
train/53126.jpg,6+(5*6)=36
train/53127.jpg,(3-4)*4=-4
train/53128.jpg,6-(8*0)=6
train/53129.jpg,9*7+6=69
train/53130.jpg,8+(0*5)=8
train/53131.jpg,1*7-9=-2
train/53132.jpg,4+8-5=7
train/53133.jpg,7+(5*1)=12
train/53134.jpg,6+3*1=9
train/53135.jpg,5*9*3=135
train/53136.jpg,6+1*1=7
train/53137.jpg,0+5*6=30
train/53138.jpg,(8+1)+6=15
train/53139.jpg,(3-0)+5=8
train/53140.jpg,3-2+9=10
train/53141.jpg,7-5+3=5
train/53142.jpg,9*(7*3)=189
train/53143.jpg,4-8*4=-28
train/53144.jpg,3+0-6=-3
train/53145.jpg,(2-3)-2=-3
train/53146.jpg,9*(9+1)=90
train/53147.jpg,(1*2)*1=2
train/53148.jpg,6+5*4=26
train/53149.jpg,(3+7)-4=6
train/53150.jpg,(5-3)*1=2
train/53151.jpg,6*9*6=324
train/53152.jpg,(0-4)+5=1
train/53153.jpg,(8*0)*7=0
train/53154.jpg,4-(6+1)=-3
train/53155.jpg,9*9+9=90
train/53156.jpg,(9+6)*0=0
train/53157.jpg,3+3-4=2
train/53158.jpg,9*(3+8)=99
train/53159.jpg,1*(1+8)=9
train/53160.jpg,6+(3-3)=6
train/53161.jpg,4-5-4=-5
train/53162.jpg,0*8*1=0
train/53163.jpg,9+(9+1)=19
train/53164.jpg,1-(3-1)=-1
train/53165.jpg,(0-0)-5=-5
train/53166.jpg,3*(2-4)=-6
train/53167.jpg,3*(4+4)=24
train/53168.jpg,9+(7+7)=23
train/53169.jpg,(8+3)*2=22
train/53170.jpg,3*(4+8)=36
train/53171.jpg,4+4+9=17
train/53172.jpg,(7-0)-5=2
train/53173.jpg,(6*1)*0=0
train/53174.jpg,8-(4*6)=-16
train/53175.jpg,(4-4)-8=-8
train/53176.jpg,(0+7)-4=3
train/53177.jpg,1*(5+2)=7
train/53178.jpg,(2*3)-8=-2
train/53179.jpg,4-3*4=-8
train/53180.jpg,(1-2)-9=-10
train/53181.jpg,(1-9)*1=-8
train/53182.jpg,6+9-7=8
train/53183.jpg,(4-8)*4=-16
train/53184.jpg,1-6-0=-5
train/53185.jpg,(0-0)+9=9
train/53186.jpg,6*(3-0)=18
train/53187.jpg,5+4-6=3
train/53188.jpg,9*1*2=18
train/53189.jpg,5-2*8=-11
train/53190.jpg,5+2-4=3
train/53191.jpg,8+(8+0)=16
train/53192.jpg,2-5*2=-8
train/53193.jpg,(6-8)+4=2
train/53194.jpg,3*(3-7)=-12
train/53195.jpg,5+(7-5)=7
train/53196.jpg,2+(1-6)=-3
train/53197.jpg,(0*5)*1=0
train/53198.jpg,(4-9)*3=-15
train/53199.jpg,2+1*2=4
train/53200.jpg,(5-1)-7=-3
train/53201.jpg,(3*1)*2=6
train/53202.jpg,8*(5+7)=96
train/53203.jpg,(3*5)+4=19
train/53204.jpg,4-2-7=-5
train/53205.jpg,9*(6+5)=99
train/53206.jpg,8*(6*4)=192
train/53207.jpg,3+1-0=4
train/53208.jpg,9+(2+4)=15
train/53209.jpg,(5*0)*6=0
train/53210.jpg,7-5+1=3
train/53211.jpg,3-9-3=-9
train/53212.jpg,4*8-3=29
train/53213.jpg,7-0*0=7
train/53214.jpg,8*(1+2)=24
train/53215.jpg,0-(8*1)=-8
train/53216.jpg,(3-5)*6=-12
train/53217.jpg,5+(6-2)=9
train/53218.jpg,7+(4*1)=11
train/53219.jpg,8*(5+9)=112
train/53220.jpg,9*(3-7)=-36
train/53221.jpg,9*1*3=27
train/53222.jpg,1-6*5=-29
train/53223.jpg,(2*1)+7=9
train/53224.jpg,(6*2)*1=12
train/53225.jpg,6*(7-1)=36
train/53226.jpg,2+6+6=14
train/53227.jpg,7-1+8=14
train/53228.jpg,4-1*3=1
train/53229.jpg,(7*7)*0=0
train/53230.jpg,(8+7)-8=7
train/53231.jpg,2-(4+3)=-5
train/53232.jpg,4+6-3=7
train/53233.jpg,2+9+9=20
train/53234.jpg,5+2*2=9
train/53235.jpg,7-2*3=1
train/53236.jpg,(8*5)+7=47
train/53237.jpg,(6+6)-1=11
train/53238.jpg,(1-4)-4=-7
train/53239.jpg,(9*2)-0=18
train/53240.jpg,4+(7-3)=8
train/53241.jpg,(7*0)-5=-5
train/53242.jpg,6*9-6=48
train/53243.jpg,6+(8*0)=6
train/53244.jpg,9-3*2=3
train/53245.jpg,2*(8-0)=16
train/53246.jpg,3+1*8=11
train/53247.jpg,5-(3*6)=-13
train/53248.jpg,3+(0*9)=3
train/53249.jpg,5+0*2=5
train/53250.jpg,0+2*1=2
train/53251.jpg,(6+0)+0=6
train/53252.jpg,7-(1-4)=10
train/53253.jpg,1*2+3=5
train/53254.jpg,2*4*5=40
train/53255.jpg,4-(9*5)=-41
train/53256.jpg,2+6-2=6
train/53257.jpg,8*2-2=14
train/53258.jpg,(0-2)+8=6
train/53259.jpg,2+1-0=3
train/53260.jpg,7+(5*2)=17
train/53261.jpg,3+(4-1)=6
train/53262.jpg,3-7+0=-4
train/53263.jpg,2+(2+7)=11
train/53264.jpg,1-(8-2)=-5
train/53265.jpg,(8+0)-1=7
train/53266.jpg,(4+3)+0=7
train/53267.jpg,4*9*5=180
train/53268.jpg,(9*0)+9=9
train/53269.jpg,(6*4)+1=25
train/53270.jpg,3+(4*4)=19
train/53271.jpg,9*(6-7)=-9
train/53272.jpg,9*(3+5)=72
train/53273.jpg,5+2-5=2
train/53274.jpg,3+2-7=-2
train/53275.jpg,4*9*4=144
train/53276.jpg,3-3+1=1
train/53277.jpg,(6*8)*6=288
train/53278.jpg,(4*0)-5=-5
train/53279.jpg,(7*8)*5=280
train/53280.jpg,(3*6)-3=15
train/53281.jpg,0-(9+5)=-14
train/53282.jpg,9-2-3=4
train/53283.jpg,6-3+5=8
train/53284.jpg,2-6-6=-10
train/53285.jpg,2+5+9=16
train/53286.jpg,5*5-0=25
train/53287.jpg,7+(6-2)=11
train/53288.jpg,(8+3)+3=14
train/53289.jpg,2*7*9=126
train/53290.jpg,0+4*7=28
train/53291.jpg,2-2-4=-4
train/53292.jpg,(8*8)+2=66
train/53293.jpg,(1+6)*0=0
train/53294.jpg,4-(1+8)=-5
train/53295.jpg,7*6-0=42
train/53296.jpg,(3*5)+5=20
train/53297.jpg,7*(2-1)=7
train/53298.jpg,6-(0*6)=6
train/53299.jpg,5+0+4=9
train/53300.jpg,(4+7)*7=77
train/53301.jpg,1+(6*4)=25
train/53302.jpg,5-6*9=-49
train/53303.jpg,5*8*0=0
train/53304.jpg,8-7*7=-41
train/53305.jpg,2*(4-3)=2
train/53306.jpg,6*9*3=162
train/53307.jpg,9*9+5=86
train/53308.jpg,0-(6-4)=-2
train/53309.jpg,(8+2)+3=13
train/53310.jpg,6-6*0=6
train/53311.jpg,2+0-2=0
train/53312.jpg,0-8-1=-9
train/53313.jpg,(5+3)+7=15
train/53314.jpg,(4*3)-1=11
train/53315.jpg,6+(7+2)=15
train/53316.jpg,(8+6)+4=18
train/53317.jpg,9-(7*3)=-12
train/53318.jpg,(0+7)+2=9
train/53319.jpg,(1-8)+4=-3
train/53320.jpg,2*(4*2)=16
train/53321.jpg,3-5+1=-1
train/53322.jpg,1+(9+2)=12
train/53323.jpg,5+(0*8)=5
train/53324.jpg,2+(6*5)=32
train/53325.jpg,(9-2)+0=7
train/53326.jpg,(4+1)-5=0
train/53327.jpg,6*(2+0)=12
train/53328.jpg,2*6*7=84
train/53329.jpg,(2*9)-2=16
train/53330.jpg,2*(2+5)=14
train/53331.jpg,(7+0)*5=35
train/53332.jpg,7+(7-5)=9
train/53333.jpg,(8*7)-5=51
train/53334.jpg,2-(5-6)=3
train/53335.jpg,1+(8+6)=15
train/53336.jpg,0-1*4=-4
train/53337.jpg,1-(4+5)=-8
train/53338.jpg,1*9+7=16
train/53339.jpg,6*(6*7)=252
train/53340.jpg,(0+2)+3=5
train/53341.jpg,(8*4)+5=37
train/53342.jpg,3-5-3=-5
train/53343.jpg,0*5+0=0
train/53344.jpg,2-(3+8)=-9
train/53345.jpg,6+0+8=14
train/53346.jpg,(5-2)+2=5
train/53347.jpg,5-(6*8)=-43
train/53348.jpg,5-(2+7)=-4
train/53349.jpg,(0+9)*0=0
train/53350.jpg,(4*7)-0=28
train/53351.jpg,2-(3*3)=-7
train/53352.jpg,9*(2+2)=36
train/53353.jpg,2*(8*3)=48
train/53354.jpg,(4+7)+5=16
train/53355.jpg,6+(4+8)=18
train/53356.jpg,7+8+1=16
train/53357.jpg,9+(1*3)=12
train/53358.jpg,5-6+9=8
train/53359.jpg,7*(0*1)=0
train/53360.jpg,(8-7)*7=7
train/53361.jpg,(1-0)-2=-1
train/53362.jpg,8*(0-0)=0
train/53363.jpg,8*(6-4)=16
train/53364.jpg,7*4+8=36
train/53365.jpg,(6+5)*5=55
train/53366.jpg,9-5+0=4
train/53367.jpg,6*(3*6)=108
train/53368.jpg,(0*7)-5=-5
train/53369.jpg,(1+5)*5=30
train/53370.jpg,5*5+4=29
train/53371.jpg,2-(4+1)=-3
train/53372.jpg,4+7*3=25
train/53373.jpg,5-6+5=4
train/53374.jpg,5-(4+3)=-2
train/53375.jpg,5+9*5=50
train/53376.jpg,(9*5)+8=53
train/53377.jpg,1-(5+3)=-7
train/53378.jpg,3-2*6=-9
train/53379.jpg,4-(2-7)=9
train/53380.jpg,5+(3*1)=8
train/53381.jpg,9-5*1=4
train/53382.jpg,(8-9)+8=7
train/53383.jpg,0-5+0=-5
train/53384.jpg,5-(2-9)=12
train/53385.jpg,0*(8*5)=0
train/53386.jpg,(4*5)+5=25
train/53387.jpg,6*4-7=17
train/53388.jpg,(4*9)-4=32
train/53389.jpg,3+5*6=33
train/53390.jpg,9+(7*7)=58
train/53391.jpg,4+5+4=13
train/53392.jpg,3*(0*6)=0
train/53393.jpg,1+9+0=10
train/53394.jpg,3*2+1=7
train/53395.jpg,7+7*3=28
train/53396.jpg,(8*6)*2=96
train/53397.jpg,(9+6)*9=135
train/53398.jpg,(0+9)+6=15
train/53399.jpg,(9*2)-4=14
train/53400.jpg,(1+9)-9=1
train/53401.jpg,1-6*6=-35
train/53402.jpg,8+9*1=17
train/53403.jpg,6*9-3=51
train/53404.jpg,7*(4-7)=-21
train/53405.jpg,9+(2*9)=27
train/53406.jpg,1-(3*7)=-20
train/53407.jpg,7*0-2=-2
train/53408.jpg,(0-1)-6=-7
train/53409.jpg,(6-7)+6=5
train/53410.jpg,(2-4)+1=-1
train/53411.jpg,(9*6)*2=108
train/53412.jpg,(1*8)*0=0
train/53413.jpg,3-(5*4)=-17
train/53414.jpg,(9-9)+6=6
train/53415.jpg,2+(3-2)=3
train/53416.jpg,(3-8)*2=-10
train/53417.jpg,5-6-6=-7
train/53418.jpg,(9-5)+7=11
train/53419.jpg,7-4-6=-3
train/53420.jpg,2*0-3=-3
train/53421.jpg,(7-1)+3=9
train/53422.jpg,(4+4)-3=5
train/53423.jpg,7-(6*7)=-35
train/53424.jpg,(4+0)-8=-4
train/53425.jpg,7*9-7=56
train/53426.jpg,9+(1*0)=9
train/53427.jpg,(4-2)-9=-7
train/53428.jpg,(5*9)-1=44
train/53429.jpg,7-0+3=10
train/53430.jpg,6+8+2=16
train/53431.jpg,(3*8)-6=18
train/53432.jpg,8+7-4=11
train/53433.jpg,2*(7-7)=0
train/53434.jpg,(1-7)*2=-12
train/53435.jpg,0*4*5=0
train/53436.jpg,7*(7*6)=294
train/53437.jpg,(0*3)*8=0
train/53438.jpg,1-2*8=-15
train/53439.jpg,0-(0-1)=1
train/53440.jpg,8-3*1=5
train/53441.jpg,7*(0-0)=0
train/53442.jpg,(6-2)-8=-4
train/53443.jpg,(7-8)+8=7
train/53444.jpg,(8+9)-7=10
train/53445.jpg,(9+3)-8=4
train/53446.jpg,8*(6*0)=0
train/53447.jpg,1*(0*9)=0
train/53448.jpg,2*2+5=9
train/53449.jpg,1-4+4=1
train/53450.jpg,(9*5)+0=45
train/53451.jpg,5*(6*4)=120
train/53452.jpg,(2-1)-1=0
train/53453.jpg,(2-8)-7=-13
train/53454.jpg,6+(1+1)=8
train/53455.jpg,(9-9)-9=-9
train/53456.jpg,0+(2-7)=-5
train/53457.jpg,5+(1*3)=8
train/53458.jpg,3-(2-7)=8
train/53459.jpg,2-(7-7)=2
train/53460.jpg,(4+8)*3=36
train/53461.jpg,3+(5-5)=3
train/53462.jpg,2-3*7=-19
train/53463.jpg,(0-1)+5=4
train/53464.jpg,6+9*9=87
train/53465.jpg,(6-2)+3=7
train/53466.jpg,0+(3*6)=18
train/53467.jpg,(6*3)*7=126
train/53468.jpg,(6+4)+5=15
train/53469.jpg,(2*3)-9=-3
train/53470.jpg,0*(2+0)=0
train/53471.jpg,1+(2*0)=1
train/53472.jpg,8+(3*3)=17
train/53473.jpg,2-9*6=-52
train/53474.jpg,8*(4-0)=32
train/53475.jpg,2-6*7=-40
train/53476.jpg,7+9+6=22
train/53477.jpg,(0-5)-8=-13
train/53478.jpg,3-0+5=8
train/53479.jpg,7-9-2=-4
train/53480.jpg,5+1*0=5
train/53481.jpg,7*(4+3)=49
train/53482.jpg,8+(7-3)=12
train/53483.jpg,(8*4)+5=37
train/53484.jpg,(0-5)-6=-11
train/53485.jpg,3+2*0=3
train/53486.jpg,8+2*9=26
train/53487.jpg,(3-2)+5=6
train/53488.jpg,7-1-8=-2
train/53489.jpg,8-(7*8)=-48
train/53490.jpg,8+2-8=2
train/53491.jpg,9*(3+3)=54
train/53492.jpg,2-(7-7)=2
train/53493.jpg,(2-2)-8=-8
train/53494.jpg,(8+8)*8=128
train/53495.jpg,2-7*9=-61
train/53496.jpg,5-4-7=-6
train/53497.jpg,0*(6+7)=0
train/53498.jpg,(2+0)-5=-3
train/53499.jpg,(9*1)+0=9
train/53500.jpg,8*6*5=240
train/53501.jpg,7+(0*4)=7
train/53502.jpg,2*(8+4)=24
train/53503.jpg,3-9-1=-7
train/53504.jpg,4+5*5=29
train/53505.jpg,(0+3)+3=6
train/53506.jpg,2-(7*8)=-54
train/53507.jpg,(8*2)-0=16
train/53508.jpg,(0+5)*0=0
train/53509.jpg,(8-0)+2=10
train/53510.jpg,0*7-9=-9
train/53511.jpg,(4+5)*9=81
train/53512.jpg,1*9-1=8
train/53513.jpg,3*(8*5)=120
train/53514.jpg,(4+7)-8=3
train/53515.jpg,5*(2+4)=30
train/53516.jpg,8*(7+2)=72
train/53517.jpg,4*(4*9)=144
train/53518.jpg,4+(7-8)=3
train/53519.jpg,4*8+8=40
train/53520.jpg,8*(7*8)=448
train/53521.jpg,4-(8+9)=-13
train/53522.jpg,1*(9*5)=45
train/53523.jpg,(3+7)*0=0
train/53524.jpg,(4+4)+5=13
train/53525.jpg,(1+1)+9=11
train/53526.jpg,2-(3-3)=2
train/53527.jpg,0*4-3=-3
train/53528.jpg,1*4*6=24
train/53529.jpg,7+(2-9)=0
train/53530.jpg,0*2-6=-6
train/53531.jpg,(1*7)-1=6
train/53532.jpg,(8-2)*7=42
train/53533.jpg,(8-9)-1=-2
train/53534.jpg,1*9-1=8
train/53535.jpg,(1+0)+7=8
train/53536.jpg,(3*6)-5=13
train/53537.jpg,(8*8)*8=512
train/53538.jpg,4+4-6=2
train/53539.jpg,0*(6*0)=0
train/53540.jpg,9-(8+7)=-6
train/53541.jpg,9-0-2=7
train/53542.jpg,1*0*2=0
train/53543.jpg,7*1*6=42
train/53544.jpg,0-(9+8)=-17
train/53545.jpg,2-(5*2)=-8
train/53546.jpg,(0*0)*4=0
train/53547.jpg,9+0*9=9
train/53548.jpg,2+(2*3)=8
train/53549.jpg,4-(3*3)=-5
train/53550.jpg,1*(6-1)=5
train/53551.jpg,(7+9)+4=20
train/53552.jpg,(8-0)+4=12
train/53553.jpg,5+5-3=7
train/53554.jpg,9*1+6=15
train/53555.jpg,9-0*1=9
train/53556.jpg,(7+5)+6=18
train/53557.jpg,(1-4)+8=5
train/53558.jpg,0+(4-2)=2
train/53559.jpg,8*8-1=63
train/53560.jpg,0-(3+3)=-6
train/53561.jpg,(9-7)-8=-6
train/53562.jpg,5+0-8=-3
train/53563.jpg,(4-5)+4=3
train/53564.jpg,(7*4)-5=23
train/53565.jpg,8*(0-1)=-8
train/53566.jpg,(1+6)+8=15
train/53567.jpg,3-4+0=-1
train/53568.jpg,2+(2+3)=7
train/53569.jpg,5*0-7=-7
train/53570.jpg,0-(0*6)=0
train/53571.jpg,2+(7-2)=7
train/53572.jpg,5+7+1=13
train/53573.jpg,7+(2-5)=4
train/53574.jpg,(3*5)+1=16
train/53575.jpg,7*(6-7)=-7
train/53576.jpg,(4-2)-0=2
train/53577.jpg,1-(9-4)=-4
train/53578.jpg,9-6-2=1
train/53579.jpg,5*(7+8)=75
train/53580.jpg,5-(7*0)=5
train/53581.jpg,0+(9*7)=63
train/53582.jpg,7*1-9=-2
train/53583.jpg,5-(2-8)=11
train/53584.jpg,5+(9+3)=17
train/53585.jpg,(8+8)-9=7
train/53586.jpg,4-7+0=-3
train/53587.jpg,2+(0-9)=-7
train/53588.jpg,5*(6-1)=25
train/53589.jpg,(9*7)*6=378
train/53590.jpg,1-2*8=-15
train/53591.jpg,2*(5-9)=-8
train/53592.jpg,1+(4*0)=1
train/53593.jpg,5+3+8=16
train/53594.jpg,(9*4)+9=45
train/53595.jpg,7*(8-3)=35
train/53596.jpg,7+(8+1)=16
train/53597.jpg,(3+0)*5=15
train/53598.jpg,6-(2-0)=4
train/53599.jpg,(3*4)+0=12
train/53600.jpg,0-3*1=-3
train/53601.jpg,0-0-7=-7
train/53602.jpg,(3*1)-7=-4
train/53603.jpg,5-(7*3)=-16
train/53604.jpg,5+(0+5)=10
train/53605.jpg,4-(4-0)=0
train/53606.jpg,(2+9)-7=4
train/53607.jpg,2+2*1=4
train/53608.jpg,4*(2+3)=20
train/53609.jpg,(9*9)*1=81
train/53610.jpg,6*0*1=0
train/53611.jpg,2*(8-9)=-2
train/53612.jpg,7+4+9=20
train/53613.jpg,2*0+8=8
train/53614.jpg,6*9*3=162
train/53615.jpg,(9+3)+7=19
train/53616.jpg,2*7-9=5
train/53617.jpg,1-(8+8)=-15
train/53618.jpg,3*1*0=0
train/53619.jpg,3+3*3=12
train/53620.jpg,(2*7)*7=98
train/53621.jpg,0*4+6=6
train/53622.jpg,0-(7-4)=-3
train/53623.jpg,(4+3)+8=15
train/53624.jpg,(0*3)-9=-9
train/53625.jpg,2-(1-9)=10
train/53626.jpg,5-(1+3)=1
train/53627.jpg,5*7-1=34
train/53628.jpg,2-(0+2)=0
train/53629.jpg,4+6*3=22
train/53630.jpg,5*(3*4)=60
train/53631.jpg,(3-3)+0=0
train/53632.jpg,(6*0)-8=-8
train/53633.jpg,(8*6)+9=57
train/53634.jpg,9+(7-7)=9
train/53635.jpg,5+(3+7)=15
train/53636.jpg,8+(2-0)=10
train/53637.jpg,6*5+3=33
train/53638.jpg,8-5+9=12
train/53639.jpg,4-7-1=-4
train/53640.jpg,(7*0)*9=0
train/53641.jpg,(7+9)+6=22
train/53642.jpg,3*1-9=-6
train/53643.jpg,3-(1-9)=11
train/53644.jpg,(5+3)*9=72
train/53645.jpg,(9+0)*0=0
train/53646.jpg,4*0-3=-3
train/53647.jpg,5-1-4=0
train/53648.jpg,0-(8+1)=-9
train/53649.jpg,(3*6)-7=11
train/53650.jpg,(3-9)+3=-3
train/53651.jpg,7-8+1=0
train/53652.jpg,3+(0*2)=3
train/53653.jpg,(6*0)-6=-6
train/53654.jpg,(4*1)+8=12
train/53655.jpg,2+4*2=10
train/53656.jpg,(8+9)-3=14
train/53657.jpg,9+8+8=25
train/53658.jpg,2*4+2=10
train/53659.jpg,(5-2)-6=-3
train/53660.jpg,(4*3)*8=96
train/53661.jpg,(8+8)*1=16
train/53662.jpg,7+(9+0)=16
train/53663.jpg,3-(0+0)=3
train/53664.jpg,(5-7)+2=0
train/53665.jpg,(1-7)+5=-1
train/53666.jpg,(8*2)+5=21
train/53667.jpg,(6*5)*4=120
train/53668.jpg,4-(3*0)=4
train/53669.jpg,(3*1)+5=8
train/53670.jpg,3-(7+4)=-8
train/53671.jpg,(8+5)*9=117
train/53672.jpg,(6-0)+0=6
train/53673.jpg,2+8+4=14
train/53674.jpg,0+4*0=0
train/53675.jpg,(0+9)-4=5
train/53676.jpg,(6-5)+9=10
train/53677.jpg,9-4+0=5
train/53678.jpg,3*4*0=0
train/53679.jpg,(4*5)*6=120
train/53680.jpg,4+(5+1)=10
train/53681.jpg,(5-9)+8=4
train/53682.jpg,3+(9+2)=14
train/53683.jpg,9-(7-5)=7
train/53684.jpg,1+(0*7)=1
train/53685.jpg,(9+5)-3=11
train/53686.jpg,(9*4)*9=324
train/53687.jpg,(9*1)-4=5
train/53688.jpg,(7+3)+8=18
train/53689.jpg,0+0-7=-7
train/53690.jpg,9*(9+2)=99
train/53691.jpg,5*(1-2)=-5
train/53692.jpg,(6*0)*7=0
train/53693.jpg,0-(1-2)=1
train/53694.jpg,5+(8+6)=19
train/53695.jpg,5*(6*4)=120
train/53696.jpg,5+1-6=0
train/53697.jpg,(4+2)-1=5
train/53698.jpg,(3-4)*0=0
train/53699.jpg,7-(8*4)=-25
train/53700.jpg,8-(9-2)=1
train/53701.jpg,(9*1)+8=17
train/53702.jpg,7+3*8=31
train/53703.jpg,5+(6*5)=35
train/53704.jpg,6+(9*5)=51
train/53705.jpg,(2+3)+0=5
train/53706.jpg,8+5+3=16
train/53707.jpg,7+3-9=1
train/53708.jpg,(2-5)+2=-1
train/53709.jpg,9+1+0=10
train/53710.jpg,8+(4+6)=18
train/53711.jpg,(2*0)*4=0
train/53712.jpg,6*(8-2)=36
train/53713.jpg,7*(4+0)=28
train/53714.jpg,0-8*2=-16
train/53715.jpg,1+0-0=1
train/53716.jpg,4-2+4=6
train/53717.jpg,9*(9-9)=0
train/53718.jpg,(8-4)+5=9
train/53719.jpg,5-(4+8)=-7
train/53720.jpg,0*(9-3)=0
train/53721.jpg,0-8*1=-8
train/53722.jpg,(5*1)+2=7
train/53723.jpg,(0-4)+4=0
train/53724.jpg,0*(1-3)=0
train/53725.jpg,7*(4+0)=28
train/53726.jpg,7+(8-7)=8
train/53727.jpg,0*3*4=0
train/53728.jpg,(7*9)-8=55
train/53729.jpg,0-0+9=9
train/53730.jpg,(4-4)*0=0
train/53731.jpg,(2+8)+3=13
train/53732.jpg,2*(2+1)=6
train/53733.jpg,5-(2-6)=9
train/53734.jpg,(1+3)+1=5
train/53735.jpg,6*3-8=10
train/53736.jpg,(9+3)-9=3
train/53737.jpg,(6*3)-3=15
train/53738.jpg,(7-5)+5=7
train/53739.jpg,8*0*1=0
train/53740.jpg,4+8*3=28
train/53741.jpg,6+8+8=22
train/53742.jpg,(2*3)*6=36
train/53743.jpg,4+7*3=25
train/53744.jpg,1-(8*8)=-63
train/53745.jpg,(9-2)+0=7
train/53746.jpg,3+7+6=16
train/53747.jpg,7-(0+1)=6
train/53748.jpg,8*(7+7)=112
train/53749.jpg,5-(2*8)=-11
train/53750.jpg,1-(6*3)=-17
train/53751.jpg,5-3*2=-1
train/53752.jpg,6-(5+7)=-6
train/53753.jpg,(7+4)*3=33
train/53754.jpg,0-(1-7)=6
train/53755.jpg,1*(9*8)=72
train/53756.jpg,3+(0*1)=3
train/53757.jpg,9-6-4=-1
train/53758.jpg,2*4-2=6
train/53759.jpg,5*(7+0)=35
train/53760.jpg,3+6*9=57
train/53761.jpg,(4+2)+1=7
train/53762.jpg,8*(4-9)=-40
train/53763.jpg,4+3-2=5
train/53764.jpg,1-1+5=5
train/53765.jpg,1+(8-9)=0
train/53766.jpg,1-4-2=-5
train/53767.jpg,5+(9*4)=41
train/53768.jpg,5+4+2=11
train/53769.jpg,0-(2*8)=-16
train/53770.jpg,1+0*4=1
train/53771.jpg,8-3+4=9
train/53772.jpg,1*(1+2)=3
train/53773.jpg,7+2-1=8
train/53774.jpg,5-7+1=-1
train/53775.jpg,(4+9)+3=16
train/53776.jpg,(0+9)*6=54
train/53777.jpg,4+(4+0)=8
train/53778.jpg,5-(8+1)=-4
train/53779.jpg,7-(0-3)=10
train/53780.jpg,7*(8+4)=84
train/53781.jpg,4+(7+6)=17
train/53782.jpg,6*(2-3)=-6
train/53783.jpg,3*(9*2)=54
train/53784.jpg,8-6*3=-10
train/53785.jpg,(2-2)+4=4
train/53786.jpg,4-0*5=4
train/53787.jpg,(8-0)-6=2
train/53788.jpg,5+(1-1)=5
train/53789.jpg,5-9*6=-49
train/53790.jpg,(0*3)-6=-6
train/53791.jpg,8*(9+2)=88
train/53792.jpg,7*(3+8)=77
train/53793.jpg,9*2+3=21
train/53794.jpg,5*0+2=2
train/53795.jpg,9-(0*8)=9
train/53796.jpg,0+(5*9)=45
train/53797.jpg,0-(9-7)=-2
train/53798.jpg,1+(0*7)=1
train/53799.jpg,6*(6-9)=-18
train/53800.jpg,3*(5*5)=75
train/53801.jpg,1-(5-1)=-3
train/53802.jpg,(8+1)+5=14
train/53803.jpg,6-(5-5)=6
train/53804.jpg,8-(0*2)=8
train/53805.jpg,4*(9*3)=108
train/53806.jpg,(7-7)-1=-1
train/53807.jpg,6+0-9=-3
train/53808.jpg,(5-0)*2=10
train/53809.jpg,2+8+3=13
train/53810.jpg,(6+8)*7=98
train/53811.jpg,7+7*5=42
train/53812.jpg,(5-8)+4=1
train/53813.jpg,(3*2)+0=6
train/53814.jpg,9*(0-7)=-63
train/53815.jpg,9+(5-9)=5
train/53816.jpg,3*9-3=24
train/53817.jpg,(2-6)*2=-8
train/53818.jpg,0+(2*3)=6
train/53819.jpg,8-2-1=5
train/53820.jpg,6*1-1=5
train/53821.jpg,0*8-0=0
train/53822.jpg,1*1-6=-5
train/53823.jpg,7*6*6=252
train/53824.jpg,5*7-9=26
train/53825.jpg,(1*9)+4=13
train/53826.jpg,4*5+2=22
train/53827.jpg,1+9+7=17
train/53828.jpg,(1*0)+3=3
train/53829.jpg,(5-1)-6=-2
train/53830.jpg,5-(0*5)=5
train/53831.jpg,2+(4*0)=2
train/53832.jpg,8*3-3=21
train/53833.jpg,(8+9)-3=14
train/53834.jpg,6-1+1=6
train/53835.jpg,(3-3)-9=-9
train/53836.jpg,(5*5)+5=30
train/53837.jpg,1-4-1=-4
train/53838.jpg,(4+6)+3=13
train/53839.jpg,0+(9-2)=7
train/53840.jpg,3-5*0=3
train/53841.jpg,(8-7)+9=10
train/53842.jpg,0-9+4=-5
train/53843.jpg,6+0*3=6
train/53844.jpg,(5-0)+9=14
train/53845.jpg,7+6+6=19
train/53846.jpg,(1*2)-5=-3
train/53847.jpg,(6-5)*3=3
train/53848.jpg,5*(3+8)=55
train/53849.jpg,(5-0)+6=11
train/53850.jpg,7*(8-7)=7
train/53851.jpg,0*9-4=-4
train/53852.jpg,6+5+9=20
train/53853.jpg,(4*9)*7=252
train/53854.jpg,0-8+7=-1
train/53855.jpg,2*0-3=-3
train/53856.jpg,(4+0)+3=7
train/53857.jpg,(8*7)-4=52
train/53858.jpg,(7*0)*4=0
train/53859.jpg,8-2-8=-2
train/53860.jpg,2*(9+5)=28
train/53861.jpg,3*7-2=19
train/53862.jpg,6*(6-1)=30
train/53863.jpg,7-0*0=7
train/53864.jpg,9-(4+8)=-3
train/53865.jpg,3+7+8=18
train/53866.jpg,5-(7*0)=5
train/53867.jpg,5+(4*5)=25
train/53868.jpg,3+(8*8)=67
train/53869.jpg,7+(8-5)=10
train/53870.jpg,(5-5)*1=0
train/53871.jpg,6*(7*1)=42
train/53872.jpg,1-(1+0)=0
train/53873.jpg,(5+6)-2=9
train/53874.jpg,(6-9)+6=3
train/53875.jpg,(1-3)*7=-14
train/53876.jpg,(4+2)-7=-1
train/53877.jpg,7*(5+4)=63
train/53878.jpg,8+0-8=0
train/53879.jpg,3-7+0=-4
train/53880.jpg,(8-9)*4=-4
train/53881.jpg,9*9+1=82
train/53882.jpg,9+(1-7)=3
train/53883.jpg,0*4+4=4
train/53884.jpg,0*4-2=-2
train/53885.jpg,(8-6)+4=6
train/53886.jpg,(6*9)+8=62
train/53887.jpg,(1+2)-3=0
train/53888.jpg,8*(2-3)=-8
train/53889.jpg,0*(9+0)=0
train/53890.jpg,(0+4)+0=4
train/53891.jpg,(7*8)-2=54
train/53892.jpg,(1+5)+3=9
train/53893.jpg,6+7+6=19
train/53894.jpg,(3*9)+1=28
train/53895.jpg,7-(2*5)=-3
train/53896.jpg,4*(0+7)=28
train/53897.jpg,(0*2)+9=9
train/53898.jpg,5*(5-1)=20
train/53899.jpg,6-(9*1)=-3
train/53900.jpg,6*(2-8)=-36
train/53901.jpg,(1*9)+6=15
train/53902.jpg,7-9*9=-74
train/53903.jpg,(8-6)*4=8
train/53904.jpg,(9+0)*4=36
train/53905.jpg,6+7+4=17
train/53906.jpg,(0*1)-0=0
train/53907.jpg,(8+3)*1=11
train/53908.jpg,(1*5)-7=-2
train/53909.jpg,3*0+4=4
train/53910.jpg,(1*3)+5=8
train/53911.jpg,3-(4+0)=-1
train/53912.jpg,1+(1*8)=9
train/53913.jpg,(6*5)*7=210
train/53914.jpg,(8+1)-5=4
train/53915.jpg,1+8+8=17
train/53916.jpg,(8+7)+6=21
train/53917.jpg,9+5+7=21
train/53918.jpg,(6*4)+2=26
train/53919.jpg,2-5-7=-10
train/53920.jpg,7*3*9=189
train/53921.jpg,9-3-1=5
train/53922.jpg,8-(4*8)=-24
train/53923.jpg,9+(9+2)=20
train/53924.jpg,2+5+0=7
train/53925.jpg,6+9+9=24
train/53926.jpg,(0*7)-8=-8
train/53927.jpg,8*0*9=0
train/53928.jpg,3-6-9=-12
train/53929.jpg,(1*0)+1=1
train/53930.jpg,5*(1+8)=45
train/53931.jpg,(5-6)*9=-9
train/53932.jpg,6+9-8=7
train/53933.jpg,(0*7)+3=3
train/53934.jpg,(1+6)*2=14
train/53935.jpg,4+1-0=5
train/53936.jpg,2+6*0=2
train/53937.jpg,(7+6)-4=9
train/53938.jpg,4-3*1=1
train/53939.jpg,2*(3+4)=14
train/53940.jpg,5-0*5=5
train/53941.jpg,7-8-1=-2
train/53942.jpg,(1+0)*1=1
train/53943.jpg,8*7*1=56
train/53944.jpg,1-(2-7)=6
train/53945.jpg,5-(0-6)=11
train/53946.jpg,(5-0)*8=40
train/53947.jpg,0-(0-0)=0
train/53948.jpg,(7+4)+0=11
train/53949.jpg,0+1*1=1
train/53950.jpg,8+(3*8)=32
train/53951.jpg,7+(7+8)=22
train/53952.jpg,(7+0)*0=0
train/53953.jpg,5*8*1=40
train/53954.jpg,0+(2-7)=-5
train/53955.jpg,2+(5*3)=17
train/53956.jpg,(1+9)*8=80
train/53957.jpg,(9*2)+3=21
train/53958.jpg,8-3+3=8
train/53959.jpg,3-(8*5)=-37
train/53960.jpg,3*(4+6)=30
train/53961.jpg,2-(4-4)=2
train/53962.jpg,(1+7)+4=12
train/53963.jpg,(0-6)-7=-13
train/53964.jpg,(1*9)+3=12
train/53965.jpg,(3*6)+2=20
train/53966.jpg,5+(9-4)=10
train/53967.jpg,6-(3-2)=5
train/53968.jpg,0+3*3=9
train/53969.jpg,8-(5+1)=2
train/53970.jpg,2-7-5=-10
train/53971.jpg,(2-9)*9=-63
train/53972.jpg,8+(0-3)=5
train/53973.jpg,8-(6+0)=2
train/53974.jpg,5-7*0=5
train/53975.jpg,(0-4)*0=0
train/53976.jpg,8*(9+8)=136
train/53977.jpg,3-3*0=3
train/53978.jpg,(1-1)-4=-4
train/53979.jpg,9*7-1=62
train/53980.jpg,9-4-0=5
train/53981.jpg,0+(3*7)=21
train/53982.jpg,5*9*2=90
train/53983.jpg,4+(5+4)=13
train/53984.jpg,8-(8-3)=3
train/53985.jpg,0+8*7=56
train/53986.jpg,4+0-8=-4
train/53987.jpg,5-2+3=6
train/53988.jpg,7+1*1=8
train/53989.jpg,4+6-7=3
train/53990.jpg,(4-9)*9=-45
train/53991.jpg,(2*8)*0=0
train/53992.jpg,1-(1+9)=-9
train/53993.jpg,(5+5)*1=10
train/53994.jpg,1+1*6=7
train/53995.jpg,0-(1*9)=-9
train/53996.jpg,5+0*5=5
train/53997.jpg,2*(0*4)=0
train/53998.jpg,(9-8)*0=0
train/53999.jpg,(8-1)-0=7
train/54000.jpg,6*(9-9)=0
train/54001.jpg,(5+9)*1=14
train/54002.jpg,(0+5)-9=-4
train/54003.jpg,4*(9*5)=180
train/54004.jpg,(9+6)*1=15
train/54005.jpg,3-(1*0)=3
train/54006.jpg,7-(9*2)=-11
train/54007.jpg,(0-0)*0=0
train/54008.jpg,(8+0)+6=14
train/54009.jpg,1-5+9=5
train/54010.jpg,7+(3-1)=9
train/54011.jpg,0+7*2=14
train/54012.jpg,1*1*2=2
train/54013.jpg,(1+1)+7=9
train/54014.jpg,(9-5)+0=4
train/54015.jpg,9-(5-5)=9
train/54016.jpg,(7*8)-8=48
train/54017.jpg,9-5*3=-6
train/54018.jpg,2+2+0=4
train/54019.jpg,9*(3+5)=72
train/54020.jpg,6*8*2=96
train/54021.jpg,1+(4*9)=37
train/54022.jpg,(9-7)*5=10
train/54023.jpg,9-(8+2)=-1
train/54024.jpg,(1*4)*7=28
train/54025.jpg,1+(9*2)=19
train/54026.jpg,8+(2+9)=19
train/54027.jpg,4*1+6=10
train/54028.jpg,4+6+8=18
train/54029.jpg,0-(5-1)=-4
train/54030.jpg,0+(0+6)=6
train/54031.jpg,4*(6+3)=36
train/54032.jpg,(6-5)-6=-5
train/54033.jpg,(7+0)-4=3
train/54034.jpg,8*3-5=19
train/54035.jpg,3*4-2=10
train/54036.jpg,(5+1)-8=-2
train/54037.jpg,1+(7-6)=2
train/54038.jpg,4-(4-4)=4
train/54039.jpg,0-0*6=0
train/54040.jpg,1-9*9=-80
train/54041.jpg,(3-6)-5=-8
train/54042.jpg,5*(4-6)=-10
train/54043.jpg,2-(2-3)=3
train/54044.jpg,8+(9-0)=17
train/54045.jpg,(4*6)*1=24
train/54046.jpg,4+(5+0)=9
train/54047.jpg,1+(4+4)=9
train/54048.jpg,2-(1*9)=-7
train/54049.jpg,(4+9)*6=78
train/54050.jpg,8+3-0=11
train/54051.jpg,(5-4)-8=-7
train/54052.jpg,0-(6*3)=-18
train/54053.jpg,(7-8)+0=-1
train/54054.jpg,9-9-3=-3
train/54055.jpg,9-5-9=-5
train/54056.jpg,4+(3-3)=4
train/54057.jpg,6*0-9=-9
train/54058.jpg,0+7-0=7
train/54059.jpg,3-(7-0)=-4
train/54060.jpg,5*6*6=180
train/54061.jpg,9*3*6=162
train/54062.jpg,6-(2-5)=9
train/54063.jpg,7*(2+3)=35
train/54064.jpg,(7*4)*2=56
train/54065.jpg,1+(5*6)=31
train/54066.jpg,(4*9)+6=42
train/54067.jpg,8-(8+0)=0
train/54068.jpg,3-(9-1)=-5
train/54069.jpg,5-6*2=-7
train/54070.jpg,3*0+5=5
train/54071.jpg,1+2+9=12
train/54072.jpg,(9-0)+0=9
train/54073.jpg,7-(7-5)=5
train/54074.jpg,(1*9)-0=9
train/54075.jpg,0-(2*3)=-6
train/54076.jpg,1+(1*0)=1
train/54077.jpg,5+(6*4)=29
train/54078.jpg,7-3+3=7
train/54079.jpg,(3-7)*8=-32
train/54080.jpg,1+(8+3)=12
train/54081.jpg,8+(2*7)=22
train/54082.jpg,9*0-1=-1
train/54083.jpg,4+3-3=4
train/54084.jpg,3-4+4=3
train/54085.jpg,4-6*3=-14
train/54086.jpg,(7*3)+4=25
train/54087.jpg,9-2*9=-9
train/54088.jpg,(1+7)+4=12
train/54089.jpg,2-3+8=7
train/54090.jpg,7*3-1=20
train/54091.jpg,(2*8)*7=112
train/54092.jpg,2-3*1=-1
train/54093.jpg,6*2*7=84
train/54094.jpg,4-(5*6)=-26
train/54095.jpg,3-3+7=7
train/54096.jpg,(1*4)-2=2
train/54097.jpg,(0*0)*7=0
train/54098.jpg,3+3-7=-1
train/54099.jpg,(5*3)+2=17
train/54100.jpg,(3+4)*4=28
train/54101.jpg,(8-5)-5=-2
train/54102.jpg,6-(9+0)=-3
train/54103.jpg,(6*0)-7=-7
train/54104.jpg,4-8*2=-12
train/54105.jpg,5-9+7=3
train/54106.jpg,8+(9*0)=8
train/54107.jpg,3-1+3=5
train/54108.jpg,(5*5)+5=30
train/54109.jpg,5*(8*6)=240
train/54110.jpg,8+(9-3)=14
train/54111.jpg,(1*7)-2=5
train/54112.jpg,(7+1)*1=8
train/54113.jpg,1+(6*3)=19
train/54114.jpg,6+3*3=15
train/54115.jpg,(0*4)-3=-3
train/54116.jpg,4+(6-6)=4
train/54117.jpg,1+(4-7)=-2
train/54118.jpg,(5*7)+8=43
train/54119.jpg,4+1+0=5
train/54120.jpg,0*(6*0)=0
train/54121.jpg,(3*7)+2=23
train/54122.jpg,1-(3-1)=-1
train/54123.jpg,7+6*4=31
train/54124.jpg,8-(3-0)=5
train/54125.jpg,4*(0*4)=0
train/54126.jpg,3*7-0=21
train/54127.jpg,4-1*1=3
train/54128.jpg,8+3-9=2
train/54129.jpg,(7*1)+5=12
train/54130.jpg,9-(5+2)=2
train/54131.jpg,(3-1)+3=5
train/54132.jpg,4*(6-9)=-12
train/54133.jpg,(7*5)*5=175
train/54134.jpg,(0+0)+0=0
train/54135.jpg,3+0-6=-3
train/54136.jpg,1*(5-5)=0
train/54137.jpg,4*3+5=17
train/54138.jpg,(9*3)+2=29
train/54139.jpg,3+(7+3)=13
train/54140.jpg,3+(2-6)=-1
train/54141.jpg,0*(7+3)=0
train/54142.jpg,2-(2+7)=-7
train/54143.jpg,5-(9*7)=-58
train/54144.jpg,(9-1)*1=8
train/54145.jpg,(6+2)+4=12
train/54146.jpg,(1+2)-9=-6
train/54147.jpg,(8+7)*5=75
train/54148.jpg,7*(3*3)=63
train/54149.jpg,(4+8)+6=18
train/54150.jpg,(7*2)+6=20
train/54151.jpg,8*4-1=31
train/54152.jpg,2-(5*4)=-18
train/54153.jpg,4*(3-5)=-8
train/54154.jpg,(5-7)-3=-5
train/54155.jpg,2*3+9=15
train/54156.jpg,6+(0*7)=6
train/54157.jpg,0*4-3=-3
train/54158.jpg,8+(3*9)=35
train/54159.jpg,(4-7)*5=-15
train/54160.jpg,6*(5*5)=150
train/54161.jpg,(8-8)*3=0
train/54162.jpg,7*8+5=61
train/54163.jpg,(6+2)-4=4
train/54164.jpg,1+5*9=46
train/54165.jpg,7*8+5=61
train/54166.jpg,(8*6)+1=49
train/54167.jpg,(9*7)-1=62
train/54168.jpg,(6-5)*4=4
train/54169.jpg,7*(3*0)=0
train/54170.jpg,(2-4)*5=-10
train/54171.jpg,4+9+2=15
train/54172.jpg,4+(3*4)=16
train/54173.jpg,4+3*2=10
train/54174.jpg,0+(4*1)=4
train/54175.jpg,(2-9)*5=-35
train/54176.jpg,(7*0)+0=0
train/54177.jpg,9*(6*2)=108
train/54178.jpg,0*(0-8)=0
train/54179.jpg,1-7+0=-6
train/54180.jpg,2*(9-1)=16
train/54181.jpg,(4*0)-3=-3
train/54182.jpg,(9-6)-3=0
train/54183.jpg,7*5-5=30
train/54184.jpg,7-(2-8)=13
train/54185.jpg,4+3+3=10
train/54186.jpg,0+4*9=36
train/54187.jpg,2*4+3=11
train/54188.jpg,3*2-2=4
train/54189.jpg,(0*1)-3=-3
train/54190.jpg,7-2+4=9
train/54191.jpg,6-2-6=-2
train/54192.jpg,(0*3)*0=0
train/54193.jpg,5+(2+9)=16
train/54194.jpg,4*(7*1)=28
train/54195.jpg,(9+7)+2=18
train/54196.jpg,(5+7)-6=6
train/54197.jpg,5-1+2=6
train/54198.jpg,(5-0)-5=0
train/54199.jpg,2-8-5=-11
train/54200.jpg,(2*1)*2=4
train/54201.jpg,(7+6)-2=11
train/54202.jpg,(3+0)+0=3
train/54203.jpg,9*(2-5)=-27
train/54204.jpg,3-3+3=3
train/54205.jpg,3*(0-2)=-6
train/54206.jpg,8+6-2=12
train/54207.jpg,7+3-4=6
train/54208.jpg,(7+0)+6=13
train/54209.jpg,(1+5)-0=6
train/54210.jpg,7+2+2=11
train/54211.jpg,3-3+1=1
train/54212.jpg,(9+5)-3=11
train/54213.jpg,3*(7-6)=3
train/54214.jpg,3+2*1=5
train/54215.jpg,8+7+8=23
train/54216.jpg,9+(1-7)=3
train/54217.jpg,7-(6-2)=3
train/54218.jpg,3*2-4=2
train/54219.jpg,(0*6)*1=0
train/54220.jpg,1-(5+3)=-7
train/54221.jpg,5+5+7=17
train/54222.jpg,2*(7+0)=14
train/54223.jpg,2+(9*8)=74
train/54224.jpg,(5+3)+6=14
train/54225.jpg,9*7*1=63
train/54226.jpg,(7*4)*8=224
train/54227.jpg,(5-2)-8=-5
train/54228.jpg,(0*6)*1=0
train/54229.jpg,7-(5*8)=-33
train/54230.jpg,7-7-9=-9
train/54231.jpg,(9*7)*1=63
train/54232.jpg,9-(6-7)=10
train/54233.jpg,(8+0)*8=64
train/54234.jpg,6*(3*5)=90
train/54235.jpg,(3+2)*6=30
train/54236.jpg,(9*5)+9=54
train/54237.jpg,4+5-8=1
train/54238.jpg,6*(6-2)=24
train/54239.jpg,(7*6)-4=38
train/54240.jpg,0*3*3=0
train/54241.jpg,(7+5)-6=6
train/54242.jpg,(7*3)-2=19
train/54243.jpg,6-6-3=-3
train/54244.jpg,(8+9)+6=23
train/54245.jpg,2+1-6=-3
train/54246.jpg,9*(9-7)=18
train/54247.jpg,2*1+7=9
train/54248.jpg,5+7-6=6
train/54249.jpg,5-(3*1)=2
train/54250.jpg,5+(2*0)=5
train/54251.jpg,8+6*9=62
train/54252.jpg,7+(1-6)=2
train/54253.jpg,(8*5)*7=280
train/54254.jpg,(8*7)-1=55
train/54255.jpg,(7-4)+6=9
train/54256.jpg,3-(9*2)=-15
train/54257.jpg,8-0-2=6
train/54258.jpg,7-3+1=5
train/54259.jpg,2*(7+9)=32
train/54260.jpg,1*9+6=15
train/54261.jpg,(7*5)+0=35
train/54262.jpg,6+(3*8)=30
train/54263.jpg,2*(9*1)=18
train/54264.jpg,1+5-4=2
train/54265.jpg,7*2*0=0
train/54266.jpg,(7*3)-4=17
train/54267.jpg,(5-6)+5=4
train/54268.jpg,2-(3*4)=-10
train/54269.jpg,1+8-7=2
train/54270.jpg,5+(5+7)=17
train/54271.jpg,2+(9*2)=20
train/54272.jpg,9-(4-9)=14
train/54273.jpg,4-9+1=-4
train/54274.jpg,0-3*6=-18
train/54275.jpg,(2+0)+0=2
train/54276.jpg,7-3-7=-3
train/54277.jpg,6+(2*5)=16
train/54278.jpg,(4*8)+6=38
train/54279.jpg,0+(9+7)=16
train/54280.jpg,(4-5)*2=-2
train/54281.jpg,0+1+5=6
train/54282.jpg,1+3+2=6
train/54283.jpg,6+(1*5)=11
train/54284.jpg,4*2+5=13
train/54285.jpg,0-0-9=-9
train/54286.jpg,(3-0)*4=12
train/54287.jpg,3-(7*3)=-18
train/54288.jpg,4*6+6=30
train/54289.jpg,8-(0*2)=8
train/54290.jpg,5+(2*5)=15
train/54291.jpg,(8*9)*8=576
train/54292.jpg,(0*9)*9=0
train/54293.jpg,(5-1)*9=36
train/54294.jpg,(8*8)+0=64
train/54295.jpg,(3*7)-6=15
train/54296.jpg,(4+5)-1=8
train/54297.jpg,(8-5)*3=9
train/54298.jpg,5+(1-7)=-1
train/54299.jpg,2-4*7=-26
train/54300.jpg,2+(3*4)=14
train/54301.jpg,0-6*2=-12
train/54302.jpg,(8*7)*4=224
train/54303.jpg,(8-5)+9=12
train/54304.jpg,4+5*6=34
train/54305.jpg,2-1-7=-6
train/54306.jpg,9+(2-3)=8
train/54307.jpg,(2-2)+0=0
train/54308.jpg,(5-1)+2=6
train/54309.jpg,1*2*8=16
train/54310.jpg,(1*3)-4=-1
train/54311.jpg,9-8*3=-15
train/54312.jpg,(6*6)+1=37
train/54313.jpg,2-0+2=4
train/54314.jpg,(8-5)+8=11
train/54315.jpg,(6+7)-5=8
train/54316.jpg,0+4+7=11
train/54317.jpg,5-8+1=-2
train/54318.jpg,(3+6)-4=5
train/54319.jpg,(9*2)+7=25
train/54320.jpg,(5+9)+4=18
train/54321.jpg,(5*5)+9=34
train/54322.jpg,(7*7)+7=56
train/54323.jpg,(2-8)+6=0
train/54324.jpg,3+(2-7)=-2
train/54325.jpg,(3-9)*3=-18
train/54326.jpg,(6-3)*4=12
train/54327.jpg,(0-7)*0=0
train/54328.jpg,8-(8*1)=0
train/54329.jpg,3+9-5=7
train/54330.jpg,6*8+5=53
train/54331.jpg,(9*8)*4=288
train/54332.jpg,(3-3)-6=-6
train/54333.jpg,4*9*3=108
train/54334.jpg,2*0*9=0
train/54335.jpg,(5+9)-8=6
train/54336.jpg,1*6-9=-3
train/54337.jpg,8*(5+3)=64
train/54338.jpg,6*(5*2)=60
train/54339.jpg,5+(4-2)=7
train/54340.jpg,(3-5)+7=5
train/54341.jpg,(4+8)-3=9
train/54342.jpg,1+6*2=13
train/54343.jpg,6+(6*4)=30
train/54344.jpg,8+(3*3)=17
train/54345.jpg,8*7+6=62
train/54346.jpg,(7-4)*8=24
train/54347.jpg,(9+9)-8=10
train/54348.jpg,7*4+8=36
train/54349.jpg,4*(6+7)=52
train/54350.jpg,8*2*7=112
train/54351.jpg,2+(4+6)=12
train/54352.jpg,(9+3)+5=17
train/54353.jpg,(8-4)-8=-4
train/54354.jpg,8-6*9=-46
train/54355.jpg,2-2+4=4
train/54356.jpg,(5+7)*2=24
train/54357.jpg,3-8*0=3
train/54358.jpg,7-(4+5)=-2
train/54359.jpg,4+(6*6)=40
train/54360.jpg,7*(6-6)=0
train/54361.jpg,2+(7*2)=16
train/54362.jpg,4+(5*8)=44
train/54363.jpg,(0+2)*9=18
train/54364.jpg,(2-2)+4=4
train/54365.jpg,(4*3)-3=9
train/54366.jpg,0*6+5=5
train/54367.jpg,8*5+1=41
train/54368.jpg,8-(8+1)=-1
train/54369.jpg,(5*2)*5=50
train/54370.jpg,(1-0)-2=-1
train/54371.jpg,9*3-2=25
train/54372.jpg,(9*6)+0=54
train/54373.jpg,1-2-4=-5
train/54374.jpg,0-(2*9)=-18
train/54375.jpg,5+8*5=45
train/54376.jpg,(1-5)+9=5
train/54377.jpg,(9-4)-7=-2
train/54378.jpg,(8-9)+2=1
train/54379.jpg,2*(6+9)=30
train/54380.jpg,1+(5*0)=1
train/54381.jpg,6*1-0=6
train/54382.jpg,(0-5)-0=-5
train/54383.jpg,2+(0+6)=8
train/54384.jpg,(8-1)+4=11
train/54385.jpg,3*(1+1)=6
train/54386.jpg,3-0+1=4
train/54387.jpg,9-0*2=9
train/54388.jpg,2-2-2=-2
train/54389.jpg,6+(7*5)=41
train/54390.jpg,4+1-3=2
train/54391.jpg,2*6*5=60
train/54392.jpg,2-4-6=-8
train/54393.jpg,4*(3+4)=28
train/54394.jpg,3-5+5=3
train/54395.jpg,2*9-9=9
train/54396.jpg,(8+8)*4=64
train/54397.jpg,0+(4*0)=0
train/54398.jpg,4-(2*7)=-10
train/54399.jpg,0+9-1=8
train/54400.jpg,3-1-9=-7
train/54401.jpg,(5-4)-1=0
train/54402.jpg,(7-1)-4=2
train/54403.jpg,(1+6)+3=10
train/54404.jpg,(3*7)+0=21
train/54405.jpg,2+(8+6)=16
train/54406.jpg,1*(1*3)=3
train/54407.jpg,(0+1)*5=5
train/54408.jpg,1-5-2=-6
train/54409.jpg,(9+6)-8=7
train/54410.jpg,(8+5)-3=10
train/54411.jpg,5-2*7=-9
train/54412.jpg,5+7-4=8
train/54413.jpg,(3+2)+0=5
train/54414.jpg,4-3-7=-6
train/54415.jpg,7-9*3=-20
train/54416.jpg,0-5-7=-12
train/54417.jpg,(3-8)-6=-11
train/54418.jpg,4*4-7=9
train/54419.jpg,8-(4-8)=12
train/54420.jpg,(6+1)+5=12
train/54421.jpg,2-2*1=0
train/54422.jpg,5+7*1=12
train/54423.jpg,7*(2-2)=0
train/54424.jpg,5+(5*3)=20
train/54425.jpg,2+(0+0)=2
train/54426.jpg,3-6+4=1
train/54427.jpg,0-(2-4)=2
train/54428.jpg,8*(7*2)=112
train/54429.jpg,0-(7+6)=-13
train/54430.jpg,1-8-3=-10
train/54431.jpg,4+(1+1)=6
train/54432.jpg,0+(4+5)=9
train/54433.jpg,8-(9*2)=-10
train/54434.jpg,(7*1)+4=11
train/54435.jpg,(8+9)*2=34
train/54436.jpg,6+(8*3)=30
train/54437.jpg,5*5*4=100
train/54438.jpg,7+9-3=13
train/54439.jpg,4-(1*6)=-2
train/54440.jpg,8-3-3=2
train/54441.jpg,(2*7)-1=13
train/54442.jpg,5+1+6=12
train/54443.jpg,(5-4)+0=1
train/54444.jpg,8-(2-8)=14
train/54445.jpg,(3-8)*5=-25
train/54446.jpg,2*(7-9)=-4
train/54447.jpg,(0-0)+1=1
train/54448.jpg,(0*1)-9=-9
train/54449.jpg,2+2*8=18
train/54450.jpg,(8+1)*5=45
train/54451.jpg,4*(2*4)=32
train/54452.jpg,(0+3)*2=6
train/54453.jpg,3+(5-0)=8
train/54454.jpg,4-(2-1)=3
train/54455.jpg,(2+3)-8=-3
train/54456.jpg,(0*4)*7=0
train/54457.jpg,5+(9+8)=22
train/54458.jpg,3*9*2=54
train/54459.jpg,3-5*3=-12
train/54460.jpg,3*8+6=30
train/54461.jpg,8+9-2=15
train/54462.jpg,2*(3+8)=22
train/54463.jpg,7*(8+3)=77
train/54464.jpg,2+(6*8)=50
train/54465.jpg,(2-5)+6=3
train/54466.jpg,1*9*8=72
train/54467.jpg,9+1-8=2
train/54468.jpg,(8+5)*1=13
train/54469.jpg,(9-3)-9=-3
train/54470.jpg,0*1-6=-6
train/54471.jpg,6*(0-7)=-42
train/54472.jpg,6*9*6=324
train/54473.jpg,8*9-3=69
train/54474.jpg,8*(2+2)=32
train/54475.jpg,9-(2-8)=15
train/54476.jpg,5-7+7=5
train/54477.jpg,7*(9*3)=189
train/54478.jpg,2+(8+6)=16
train/54479.jpg,(1*0)+4=4
train/54480.jpg,(7+3)+9=19
train/54481.jpg,0+7-9=-2
train/54482.jpg,2*9+9=27
train/54483.jpg,2+(8*1)=10
train/54484.jpg,0-5*4=-20
train/54485.jpg,6*(9+3)=72
train/54486.jpg,3-(0*7)=3
train/54487.jpg,2-5*9=-43
train/54488.jpg,6*0-7=-7
train/54489.jpg,(5+4)*8=72
train/54490.jpg,0+(5+4)=9
train/54491.jpg,4*(1-4)=-12
train/54492.jpg,3+8+4=15
train/54493.jpg,0*(9*9)=0
train/54494.jpg,0*8*7=0
train/54495.jpg,5-(6-3)=2
train/54496.jpg,(3*7)+1=22
train/54497.jpg,(1*2)-5=-3
train/54498.jpg,7*9-9=54
train/54499.jpg,(2+9)+7=18
train/54500.jpg,(3+2)+7=12
train/54501.jpg,0*8-8=-8
train/54502.jpg,(9*3)-1=26
train/54503.jpg,8+1-5=4
train/54504.jpg,5+9*8=77
train/54505.jpg,9*8-9=63
train/54506.jpg,5+(8+3)=16
train/54507.jpg,6*9*6=324
train/54508.jpg,2*(2-0)=4
train/54509.jpg,(8*9)-6=66
train/54510.jpg,5*1-2=3
train/54511.jpg,9+(0+2)=11
train/54512.jpg,5-(2-1)=4
train/54513.jpg,8+(6-7)=7
train/54514.jpg,3*(7*6)=126
train/54515.jpg,6+5*1=11
train/54516.jpg,4*3+0=12
train/54517.jpg,9*(7*5)=315
train/54518.jpg,(3+3)*7=42
train/54519.jpg,(5+6)-5=6
train/54520.jpg,8*(7*3)=168
train/54521.jpg,7*4*0=0
train/54522.jpg,9*9-2=79
train/54523.jpg,1*(2-0)=2
train/54524.jpg,(4+1)*9=45
train/54525.jpg,2+2-8=-4
train/54526.jpg,(4-1)-7=-4
train/54527.jpg,0+6*9=54
train/54528.jpg,7+(8*9)=79
train/54529.jpg,7*(7-0)=49
train/54530.jpg,3*0-7=-7
train/54531.jpg,8*(3+4)=56
train/54532.jpg,5+4-9=0
train/54533.jpg,4*4+7=23
train/54534.jpg,8+(2+8)=18
train/54535.jpg,(4-7)+7=4
train/54536.jpg,4*(9+2)=44
train/54537.jpg,7+5*5=32
train/54538.jpg,2-(5*3)=-13
train/54539.jpg,2*9*9=162
train/54540.jpg,1-(8-7)=0
train/54541.jpg,(6*2)+5=17
train/54542.jpg,7-(2+3)=2
train/54543.jpg,7-(1+5)=1
train/54544.jpg,(5+3)*7=56
train/54545.jpg,(5*9)*8=360
train/54546.jpg,(2*4)+7=15
train/54547.jpg,5*9-4=41
train/54548.jpg,(0*3)-1=-1
train/54549.jpg,5*(9*2)=90
train/54550.jpg,2+(8*1)=10
train/54551.jpg,6+(4-8)=2
train/54552.jpg,4+9+9=22
train/54553.jpg,(6+5)-7=4
train/54554.jpg,9-1*7=2
train/54555.jpg,0+0*2=0
train/54556.jpg,4-(7+4)=-7
train/54557.jpg,(5+2)-5=2
train/54558.jpg,(1+1)-4=-2
train/54559.jpg,4*8*0=0
train/54560.jpg,(4-1)*0=0
train/54561.jpg,3+(0+2)=5
train/54562.jpg,(6+4)*7=70
train/54563.jpg,(6*8)*2=96
train/54564.jpg,6+3-6=3
train/54565.jpg,(0+8)+7=15
train/54566.jpg,(2+7)+5=14
train/54567.jpg,7-(9+9)=-11
train/54568.jpg,0-4*8=-32
train/54569.jpg,3-(3+5)=-5
train/54570.jpg,6-(5-8)=9
train/54571.jpg,8+(0+7)=15
train/54572.jpg,(5-0)*0=0
train/54573.jpg,9*(1*7)=63
train/54574.jpg,(1-8)*9=-63
train/54575.jpg,5+(0*0)=5
train/54576.jpg,1-(1+3)=-3
train/54577.jpg,(8+0)*8=64
train/54578.jpg,(7*8)*5=280
train/54579.jpg,9-(7+6)=-4
train/54580.jpg,8-(6-6)=8
train/54581.jpg,(8-4)-0=4
train/54582.jpg,(3*0)-3=-3
train/54583.jpg,6*(4+4)=48
train/54584.jpg,6-8*7=-50
train/54585.jpg,(3+7)*4=40
train/54586.jpg,8+1*5=13
train/54587.jpg,3*(1*4)=12
train/54588.jpg,(1-4)-0=-3
train/54589.jpg,3*(0+7)=21
train/54590.jpg,5+(6+4)=15
train/54591.jpg,1+(4-6)=-1
train/54592.jpg,1*8+0=8
train/54593.jpg,0-5+3=-2
train/54594.jpg,(2+3)*2=10
train/54595.jpg,(9*9)*1=81
train/54596.jpg,4+(3+4)=11
train/54597.jpg,9-(3+8)=-2
train/54598.jpg,(6+6)*1=12
train/54599.jpg,(6*0)*1=0
train/54600.jpg,(1+5)-9=-3
train/54601.jpg,4*0*8=0
train/54602.jpg,6*1*7=42
train/54603.jpg,(7-9)+6=4
train/54604.jpg,(6-5)*9=9
train/54605.jpg,9-2*5=-1
train/54606.jpg,3-(3*2)=-3
train/54607.jpg,(7*5)*4=140
train/54608.jpg,5+(7+8)=20
train/54609.jpg,1-(7*8)=-55
train/54610.jpg,6+(3+5)=14
train/54611.jpg,1+4-3=2
train/54612.jpg,(9+5)+7=21
train/54613.jpg,2+2*4=10
train/54614.jpg,5-(1*6)=-1
train/54615.jpg,(2+2)-0=4
train/54616.jpg,1-(2*7)=-13
train/54617.jpg,7+(5-6)=6
train/54618.jpg,6*(6-5)=6
train/54619.jpg,4-(0*8)=4
train/54620.jpg,1-(7+8)=-14
train/54621.jpg,5-(2-0)=3
train/54622.jpg,7+6+3=16
train/54623.jpg,6-(6*2)=-6
train/54624.jpg,5+(5*6)=35
train/54625.jpg,9*(0*0)=0
train/54626.jpg,5-(9+9)=-13
train/54627.jpg,2+3*3=11
train/54628.jpg,(7*7)*2=98
train/54629.jpg,1+9*5=46
train/54630.jpg,(5*1)+9=14
train/54631.jpg,(4+6)*8=80
train/54632.jpg,(0+0)+9=9
train/54633.jpg,3-6+4=1
train/54634.jpg,8*7+4=60
train/54635.jpg,2*(6+0)=12
train/54636.jpg,3*(7-9)=-6
train/54637.jpg,(8-0)+9=17
train/54638.jpg,(3*0)*4=0
train/54639.jpg,8+(5-2)=11
train/54640.jpg,1-0*6=1
train/54641.jpg,6*(9+9)=108
train/54642.jpg,9-9-7=-7
train/54643.jpg,(4+4)+4=12
train/54644.jpg,3+(1-0)=4
train/54645.jpg,6*9-3=51
train/54646.jpg,7+5*0=7
train/54647.jpg,2*2+3=7
train/54648.jpg,7*6-4=38
train/54649.jpg,6+1*7=13
train/54650.jpg,2*(4-2)=4
train/54651.jpg,8*0+7=7
train/54652.jpg,(0-2)-1=-3
train/54653.jpg,(5+8)+9=22
train/54654.jpg,8+(3-9)=2
train/54655.jpg,4-7+6=3
train/54656.jpg,4+(8-1)=11
train/54657.jpg,(1-6)*9=-45
train/54658.jpg,2-(7*9)=-61
train/54659.jpg,5-(6-0)=-1
train/54660.jpg,3*(7*7)=147
train/54661.jpg,7+4-3=8
train/54662.jpg,(6-3)*0=0
train/54663.jpg,(8*8)*2=128
train/54664.jpg,2*(7+2)=18
train/54665.jpg,1*9+7=16
train/54666.jpg,(7+0)*0=0
train/54667.jpg,0+(8*6)=48
train/54668.jpg,(2*4)*3=24
train/54669.jpg,(4+2)+4=10
train/54670.jpg,0-(7*3)=-21
train/54671.jpg,(5+1)-8=-2
train/54672.jpg,(1*1)*9=9
train/54673.jpg,5*1+6=11
train/54674.jpg,(4-4)-2=-2
train/54675.jpg,8+1*2=10
train/54676.jpg,1*5*7=35
train/54677.jpg,(2+5)+0=7
train/54678.jpg,(8-0)*8=64
train/54679.jpg,(7-2)-9=-4
train/54680.jpg,9+(8*0)=9
train/54681.jpg,(7-6)-2=-1
train/54682.jpg,3-(1*2)=1
train/54683.jpg,(3*2)*9=54
train/54684.jpg,1-(3+8)=-10
train/54685.jpg,3*(5*9)=135
train/54686.jpg,8+5*1=13
train/54687.jpg,5*(0+4)=20
train/54688.jpg,1*2+5=7
train/54689.jpg,7+0-9=-2
train/54690.jpg,(2*5)*9=90
train/54691.jpg,(6+9)-1=14
train/54692.jpg,(8-8)+2=2
train/54693.jpg,(0*8)-7=-7
train/54694.jpg,4+5+3=12
train/54695.jpg,2+1-6=-3
train/54696.jpg,7-(5-3)=5
train/54697.jpg,(5*3)-7=8
train/54698.jpg,3*(7*9)=189
train/54699.jpg,5*8*5=200
train/54700.jpg,7*(4*3)=84
train/54701.jpg,7*3+2=23
train/54702.jpg,0-(0-5)=5
train/54703.jpg,(8-6)+9=11
train/54704.jpg,(6-9)+9=6
train/54705.jpg,0-6-2=-8
train/54706.jpg,9*(9*5)=405
train/54707.jpg,3*6*1=18
train/54708.jpg,2-(9*2)=-16
train/54709.jpg,(3+2)+8=13
train/54710.jpg,6+(1-6)=1
train/54711.jpg,6*(3-6)=-18
train/54712.jpg,(8*2)-3=13
train/54713.jpg,(8-3)*4=20
train/54714.jpg,7*(1-6)=-35
train/54715.jpg,(6-2)+1=5
train/54716.jpg,2*(5+2)=14
train/54717.jpg,(9-2)*1=7
train/54718.jpg,(1-0)+9=10
train/54719.jpg,5-3+1=3
train/54720.jpg,(7-6)-4=-3
train/54721.jpg,(3+9)-8=4
train/54722.jpg,5+(7+4)=16
train/54723.jpg,(7*5)+6=41
train/54724.jpg,1-(3*5)=-14
train/54725.jpg,(0-6)+0=-6
train/54726.jpg,(0+8)-8=0
train/54727.jpg,1-(3+2)=-4
train/54728.jpg,6+3+8=17
train/54729.jpg,(9+5)*3=42
train/54730.jpg,(6-5)+6=7
train/54731.jpg,8*5+3=43
train/54732.jpg,9*9+5=86
train/54733.jpg,9-(4-3)=8
train/54734.jpg,(0+3)+2=5
train/54735.jpg,(6+7)-3=10
train/54736.jpg,3-5*8=-37
train/54737.jpg,5-(0+3)=2
train/54738.jpg,(4+6)*3=30
train/54739.jpg,9*0*6=0
train/54740.jpg,3*4+8=20
train/54741.jpg,4*(4+3)=28
train/54742.jpg,(6*4)*0=0
train/54743.jpg,(0*7)+6=6
train/54744.jpg,(1+4)+2=7
train/54745.jpg,(6-8)+3=1
train/54746.jpg,(0*8)+5=5
train/54747.jpg,0+2+4=6
train/54748.jpg,(5*8)-3=37
train/54749.jpg,4-2+3=5
train/54750.jpg,6-6+4=4
train/54751.jpg,3*1*6=18
train/54752.jpg,9*4+7=43
train/54753.jpg,4+(7-5)=6
train/54754.jpg,2+3+3=8
train/54755.jpg,(2+8)+7=17
train/54756.jpg,8+7*3=29
train/54757.jpg,1+(7-8)=0
train/54758.jpg,(4-6)+6=4
train/54759.jpg,6-(7*9)=-57
train/54760.jpg,6-7-3=-4
train/54761.jpg,(9+2)+5=16
train/54762.jpg,0-(5*3)=-15
train/54763.jpg,(6*7)+6=48
train/54764.jpg,8+4*8=40
train/54765.jpg,(6+5)+7=18
train/54766.jpg,(3*1)+1=4
train/54767.jpg,1+8*0=1
train/54768.jpg,(9-5)+9=13
train/54769.jpg,(5*8)*8=320
train/54770.jpg,(7-5)+9=11
train/54771.jpg,1-(1+7)=-7
train/54772.jpg,3-(2+1)=0
train/54773.jpg,(6-4)-2=0
train/54774.jpg,(8+5)-8=5
train/54775.jpg,4*(9*6)=216
train/54776.jpg,8-(0+9)=-1
train/54777.jpg,7*8+2=58
train/54778.jpg,3*(7-1)=18
train/54779.jpg,(7-7)+2=2
train/54780.jpg,4-(3+4)=-3
train/54781.jpg,7-3-2=2
train/54782.jpg,(2+8)*0=0
train/54783.jpg,(1*1)*9=9
train/54784.jpg,4*(1*8)=32
train/54785.jpg,9-8-8=-7
train/54786.jpg,3+(0-0)=3
train/54787.jpg,(4-2)-6=-4
train/54788.jpg,4+7*7=53
train/54789.jpg,(5+3)-0=8
train/54790.jpg,7+8-0=15
train/54791.jpg,8-(1*4)=4
train/54792.jpg,(3-8)-2=-7
train/54793.jpg,7+(3-9)=1
train/54794.jpg,1-(5+3)=-7
train/54795.jpg,6*6*6=216
train/54796.jpg,(2*6)-1=11
train/54797.jpg,8*(2+6)=64
train/54798.jpg,9+3+9=21
train/54799.jpg,0-(0-8)=8
train/54800.jpg,1-9-1=-9
train/54801.jpg,1-(2*4)=-7
train/54802.jpg,6-5*1=1
train/54803.jpg,0*2+2=2
train/54804.jpg,1+0*9=1
train/54805.jpg,8+(5*7)=43
train/54806.jpg,2-2+0=0
train/54807.jpg,6+(3*9)=33
train/54808.jpg,(2*6)*1=12
train/54809.jpg,1-6+1=-4
train/54810.jpg,2-(3*6)=-16
train/54811.jpg,(6-4)+4=6
train/54812.jpg,(7*2)+8=22
train/54813.jpg,8*(8-9)=-8
train/54814.jpg,0+(0+4)=4
train/54815.jpg,3+(4+4)=11
train/54816.jpg,5*4*8=160
train/54817.jpg,(7-5)+6=8
train/54818.jpg,(3+8)-8=3
train/54819.jpg,9+1*8=17
train/54820.jpg,7+7*5=42
train/54821.jpg,(3+9)*8=96
train/54822.jpg,2*4*5=40
train/54823.jpg,(5+2)*1=7
train/54824.jpg,1*(5*8)=40
train/54825.jpg,3+(0+4)=7
train/54826.jpg,7+9*8=79
train/54827.jpg,7*9-7=56
train/54828.jpg,5+(1-2)=4
train/54829.jpg,1+(3*6)=19
train/54830.jpg,2+(4+5)=11
train/54831.jpg,4+2-0=6
train/54832.jpg,(3+8)*9=99
train/54833.jpg,6-(6-2)=2
train/54834.jpg,(5*3)*3=45
train/54835.jpg,7*(1-5)=-28
train/54836.jpg,8*1-6=2
train/54837.jpg,8+(0+8)=16
train/54838.jpg,(3+2)-5=0
train/54839.jpg,5*7*1=35
train/54840.jpg,0+(0+9)=9
train/54841.jpg,1+3+8=12
train/54842.jpg,3+9*2=21
train/54843.jpg,(2-4)+2=0
train/54844.jpg,(1-4)*5=-15
train/54845.jpg,5-1-5=-1
train/54846.jpg,(3*5)*1=15
train/54847.jpg,5*3+2=17
train/54848.jpg,4+(6-5)=5
train/54849.jpg,0-7+4=-3
train/54850.jpg,5-5+1=1
train/54851.jpg,7+2+4=13
train/54852.jpg,0+(7*2)=14
train/54853.jpg,8*7*1=56
train/54854.jpg,(6*0)+5=5
train/54855.jpg,1+(5-2)=4
train/54856.jpg,5-(5+9)=-9
train/54857.jpg,2-(3*5)=-13
train/54858.jpg,(9-4)-1=4
train/54859.jpg,0-(3-9)=6
train/54860.jpg,1+2-2=1
train/54861.jpg,1+(2-0)=3
train/54862.jpg,0+1*2=2
train/54863.jpg,(9*5)+4=49
train/54864.jpg,8*6-7=41
train/54865.jpg,(2*7)-0=14
train/54866.jpg,5+3*2=11
train/54867.jpg,5*(1-8)=-35
train/54868.jpg,(8*9)*5=360
train/54869.jpg,3*(1-6)=-15
train/54870.jpg,8+(0*5)=8
train/54871.jpg,(5*3)+4=19
train/54872.jpg,9+5*9=54
train/54873.jpg,1-(8-1)=-6
train/54874.jpg,3-(2-4)=5
train/54875.jpg,(5+7)+7=19
train/54876.jpg,3-4*1=-1
train/54877.jpg,8*7*0=0
train/54878.jpg,(3+1)-2=2
train/54879.jpg,(8*9)-7=65
train/54880.jpg,(4*9)-6=30
train/54881.jpg,6-1+6=11
train/54882.jpg,(3*1)-4=-1
train/54883.jpg,(2*8)+2=18
train/54884.jpg,0*(3*4)=0
train/54885.jpg,4*(0*6)=0
train/54886.jpg,(8+8)-3=13
train/54887.jpg,7-1*5=2
train/54888.jpg,(4+4)+0=8
train/54889.jpg,7*(3-1)=14
train/54890.jpg,9+(4*8)=41
train/54891.jpg,(2*3)-4=2
train/54892.jpg,0+6*9=54
train/54893.jpg,(0+2)*3=6
train/54894.jpg,(2-0)*5=10
train/54895.jpg,9-(5+3)=1
train/54896.jpg,8*(8-4)=32
train/54897.jpg,(5*2)-5=5
train/54898.jpg,(9+1)+8=18
train/54899.jpg,(7*7)*0=0
train/54900.jpg,9-(3+7)=-1
train/54901.jpg,(7*2)*2=28
train/54902.jpg,(3*7)-9=12
train/54903.jpg,6+2-7=1
train/54904.jpg,7*6*1=42
train/54905.jpg,(9-6)+6=9
train/54906.jpg,(4*6)*2=48
train/54907.jpg,(0*0)-3=-3
train/54908.jpg,9*(8*5)=360
train/54909.jpg,(6+4)-6=4
train/54910.jpg,3+7*6=45
train/54911.jpg,8*(2*3)=48
train/54912.jpg,1+(7*1)=8
train/54913.jpg,4-(7+1)=-4
train/54914.jpg,7-3-7=-3
train/54915.jpg,3-2+7=8
train/54916.jpg,(1+4)-5=0
train/54917.jpg,0*1+0=0
train/54918.jpg,2-2-6=-6
train/54919.jpg,6*1+6=12
train/54920.jpg,6+(5-7)=4
train/54921.jpg,(3-9)*3=-18
train/54922.jpg,5+(1+6)=12
train/54923.jpg,8*(2*6)=96
train/54924.jpg,(9-5)*7=28
train/54925.jpg,(0+8)*6=48
train/54926.jpg,(6-7)*6=-6
train/54927.jpg,3*(4*2)=24
train/54928.jpg,8-9+9=8
train/54929.jpg,6-7*3=-15
train/54930.jpg,(8-9)*8=-8
train/54931.jpg,(9*0)*7=0
train/54932.jpg,(6+3)+5=14
train/54933.jpg,7+(1-1)=7
train/54934.jpg,4+2-1=5
train/54935.jpg,0*9-9=-9
train/54936.jpg,9-3-1=5
train/54937.jpg,(5+9)*3=42
train/54938.jpg,4*(8+7)=60
train/54939.jpg,9+(0-7)=2
train/54940.jpg,(9*0)+7=7
train/54941.jpg,9-(7+6)=-4
train/54942.jpg,(4+5)+1=10
train/54943.jpg,(4+2)*2=12
train/54944.jpg,6+5-7=4
train/54945.jpg,6-4*6=-18
train/54946.jpg,9*(9-4)=45
train/54947.jpg,8*9*3=216
train/54948.jpg,(0*5)*5=0
train/54949.jpg,(3-3)-9=-9
train/54950.jpg,2+(9-1)=10
train/54951.jpg,6-5+7=8
train/54952.jpg,0*(3-3)=0
train/54953.jpg,(2*6)*5=60
train/54954.jpg,(4*7)-5=23
train/54955.jpg,3*5*1=15
train/54956.jpg,(6+0)-1=5
train/54957.jpg,(9*8)-1=71
train/54958.jpg,(5+8)+0=13
train/54959.jpg,9-(1+9)=-1
train/54960.jpg,(4+3)*6=42
train/54961.jpg,1-(0+0)=1
train/54962.jpg,4+(2-5)=1
train/54963.jpg,5*5*0=0
train/54964.jpg,(4*3)-8=4
train/54965.jpg,5+(7+0)=12
train/54966.jpg,7*4*9=252
train/54967.jpg,0+(9+0)=9
train/54968.jpg,5*(6+7)=65
train/54969.jpg,9*4-9=27
train/54970.jpg,0+3+8=11
train/54971.jpg,(7+4)-5=6
train/54972.jpg,(2+7)-8=1
train/54973.jpg,7*(7-2)=35
train/54974.jpg,9*(1+5)=54
train/54975.jpg,(7*9)+4=67
train/54976.jpg,1*(1+9)=10
train/54977.jpg,2*0-8=-8
train/54978.jpg,3+5-7=1
train/54979.jpg,8+(1+2)=11
train/54980.jpg,8-9*8=-64
train/54981.jpg,1+6*1=7
train/54982.jpg,(3-3)+9=9
train/54983.jpg,9+(6-5)=10
train/54984.jpg,6-2+0=4
train/54985.jpg,8*4-6=26
train/54986.jpg,1*3+3=6
train/54987.jpg,3*1+4=7
train/54988.jpg,7*(5*4)=140
train/54989.jpg,3*(3*7)=63
train/54990.jpg,3+(2-1)=4
train/54991.jpg,(0+3)*5=15
train/54992.jpg,(9+9)-7=11
train/54993.jpg,(0*9)*4=0
train/54994.jpg,7*(3+7)=70
train/54995.jpg,9-7+1=3
train/54996.jpg,(2+3)+2=7
train/54997.jpg,6+(3-6)=3
train/54998.jpg,(1*2)-0=2
train/54999.jpg,(7-0)*0=0
train/55000.jpg,9-(5-2)=6
train/55001.jpg,0-(2*9)=-18
train/55002.jpg,(9*7)-6=57
train/55003.jpg,9*(4+5)=81
train/55004.jpg,4-7*4=-24
train/55005.jpg,9-(0-3)=12
train/55006.jpg,(6-5)-1=0
train/55007.jpg,7*(9*3)=189
train/55008.jpg,(9*0)+0=0
train/55009.jpg,2+2-0=4
train/55010.jpg,1-5*0=1
train/55011.jpg,(2+1)+3=6
train/55012.jpg,6+1-8=-1
train/55013.jpg,(9*7)-4=59
train/55014.jpg,(5*6)-5=25
train/55015.jpg,(9+3)*5=60
train/55016.jpg,(8-1)-2=5
train/55017.jpg,(6+7)-1=12
train/55018.jpg,1-(6+9)=-14
train/55019.jpg,5+8-4=9
train/55020.jpg,5*(3+2)=25
train/55021.jpg,1*4*9=36
train/55022.jpg,5+9-0=14
train/55023.jpg,0*(7+6)=0
train/55024.jpg,8*(9+1)=80
train/55025.jpg,(3+3)*1=6
train/55026.jpg,8+(4+2)=14
train/55027.jpg,(9*6)-1=53
train/55028.jpg,8*(9-4)=40
train/55029.jpg,3+(1+7)=11
train/55030.jpg,2+2+3=7
train/55031.jpg,9-(6-2)=5
train/55032.jpg,(9*6)*7=378
train/55033.jpg,7+6-6=7
train/55034.jpg,5*3-6=9
train/55035.jpg,8*(9-9)=0
train/55036.jpg,4*(1*8)=32
train/55037.jpg,8*(4+7)=88
train/55038.jpg,(7-6)+9=10
train/55039.jpg,5-8-5=-8
train/55040.jpg,(0*9)-1=-1
train/55041.jpg,3+4*9=39
train/55042.jpg,8+(3-5)=6
train/55043.jpg,(7-3)+6=10
train/55044.jpg,(1+8)+4=13
train/55045.jpg,4-5*6=-26
train/55046.jpg,5+0*5=5
train/55047.jpg,(3*9)+5=32
train/55048.jpg,(6-8)*2=-4
train/55049.jpg,(2*9)*6=108
train/55050.jpg,0+(0*8)=0
train/55051.jpg,5*(4*5)=100
train/55052.jpg,(7+4)*2=22
train/55053.jpg,(9-3)-4=2
train/55054.jpg,(1+1)+9=11
train/55055.jpg,(4+2)+7=13
train/55056.jpg,(4*1)*2=8
train/55057.jpg,(2-9)*4=-28
train/55058.jpg,(3-2)*4=4
train/55059.jpg,1*0-6=-6
train/55060.jpg,7+5+3=15
train/55061.jpg,8+5+0=13
train/55062.jpg,(7+9)-6=10
train/55063.jpg,(6*4)+6=30
train/55064.jpg,9+(1*2)=11
train/55065.jpg,8+(7*9)=71
train/55066.jpg,2+(1-7)=-4
train/55067.jpg,7*(8-5)=21
train/55068.jpg,(5+4)*8=72
train/55069.jpg,7+9-5=11
train/55070.jpg,3-(1+8)=-6
train/55071.jpg,1+(0-7)=-6
train/55072.jpg,4-1*2=2
train/55073.jpg,5*0*6=0
train/55074.jpg,(3*2)+6=12
train/55075.jpg,2*0+3=3
train/55076.jpg,3+(6*5)=33
train/55077.jpg,3+(4+7)=14
train/55078.jpg,6+7+7=20
train/55079.jpg,9+(4*0)=9
train/55080.jpg,(3-3)-4=-4
train/55081.jpg,5+4-5=4
train/55082.jpg,7+8-9=6
train/55083.jpg,7-(6*3)=-11
train/55084.jpg,6*5*5=150
train/55085.jpg,0+(1+4)=5
train/55086.jpg,(3*7)-2=19
train/55087.jpg,6*(3-7)=-24
train/55088.jpg,6*(3-3)=0
train/55089.jpg,(4*3)+5=17
train/55090.jpg,0-(0-6)=6
train/55091.jpg,(0*0)-1=-1
train/55092.jpg,0*(5-8)=0
train/55093.jpg,9+3*9=36
train/55094.jpg,(1-2)+2=1
train/55095.jpg,5+1-2=4
train/55096.jpg,(5*7)+0=35
train/55097.jpg,9-(9+9)=-9
train/55098.jpg,2*3-5=1
train/55099.jpg,4+2+2=8
train/55100.jpg,1-2+5=4
train/55101.jpg,(1-3)+9=7
train/55102.jpg,8*(2-6)=-32
train/55103.jpg,1-8+6=-1
train/55104.jpg,(6+0)-8=-2
train/55105.jpg,2*(1*3)=6
train/55106.jpg,8*(5+4)=72
train/55107.jpg,(7*6)-0=42
train/55108.jpg,(4+5)+4=13
train/55109.jpg,5+9-6=8
train/55110.jpg,9-(1+5)=3
train/55111.jpg,6-5*4=-14
train/55112.jpg,(7*4)*2=56
train/55113.jpg,(8*0)+2=2
train/55114.jpg,5*(0-1)=-5
train/55115.jpg,(3+6)+7=16
train/55116.jpg,9+0*5=9
train/55117.jpg,2+(6+0)=8
train/55118.jpg,4-(5*2)=-6
train/55119.jpg,7+(4+6)=17
train/55120.jpg,4*(2*1)=8
train/55121.jpg,0*(2-7)=0
train/55122.jpg,5*9-9=36
train/55123.jpg,7+(2+9)=18
train/55124.jpg,3+7-0=10
train/55125.jpg,0*(2*6)=0
train/55126.jpg,5+0+4=9
train/55127.jpg,(4*1)*8=32
train/55128.jpg,7*9*7=441
train/55129.jpg,(7-7)*2=0
train/55130.jpg,4*4*7=112
train/55131.jpg,7*0*5=0
train/55132.jpg,0+(8*1)=8
train/55133.jpg,1*8-1=7
train/55134.jpg,6*(9-5)=24
train/55135.jpg,6*(3*2)=36
train/55136.jpg,1-(7+5)=-11
train/55137.jpg,3-(3-7)=7
train/55138.jpg,6*(8*6)=288
train/55139.jpg,1+(6-9)=-2
train/55140.jpg,2*(6-9)=-6
train/55141.jpg,1*5*0=0
train/55142.jpg,(5+5)-2=8
train/55143.jpg,8*(7+6)=104
train/55144.jpg,(7-0)*3=21
train/55145.jpg,7-(7-2)=2
train/55146.jpg,7*9+8=71
train/55147.jpg,(5*5)+7=32
train/55148.jpg,5*9-6=39
train/55149.jpg,1+1-3=-1
train/55150.jpg,(0*0)+7=7
train/55151.jpg,8-(6*7)=-34
train/55152.jpg,3-1*2=1
train/55153.jpg,0-(7-9)=2
train/55154.jpg,(0*1)*9=0
train/55155.jpg,0+(8+6)=14
train/55156.jpg,1+(4+5)=10
train/55157.jpg,9+9+2=20
train/55158.jpg,(5-9)*3=-12
train/55159.jpg,(3*1)-9=-6
train/55160.jpg,5*(5+9)=70
train/55161.jpg,4*4*7=112
train/55162.jpg,(0-2)+5=3
train/55163.jpg,1*(5*1)=5
train/55164.jpg,1+7+1=9
train/55165.jpg,(0*1)*6=0
train/55166.jpg,(1*6)-7=-1
train/55167.jpg,7+(5*7)=42
train/55168.jpg,5-1-3=1
train/55169.jpg,4+(7-4)=7
train/55170.jpg,4-(0*3)=4
train/55171.jpg,5*9-7=38
train/55172.jpg,8-5+7=10
train/55173.jpg,2+(7*2)=16
train/55174.jpg,(3-0)-0=3
train/55175.jpg,(8-2)*6=36
train/55176.jpg,1-(2+6)=-7
train/55177.jpg,3-(3+1)=-1
train/55178.jpg,8-(9-5)=4
train/55179.jpg,0+(7*4)=28
train/55180.jpg,(7*7)-3=46
train/55181.jpg,5*(0-0)=0
train/55182.jpg,1*(6-6)=0
train/55183.jpg,6*1+9=15
train/55184.jpg,4*(7*5)=140
train/55185.jpg,(5*9)+3=48
train/55186.jpg,(7-9)*4=-8
train/55187.jpg,3+1-1=3
train/55188.jpg,(3-3)+5=5
train/55189.jpg,(1*0)-8=-8
train/55190.jpg,(9*4)+7=43
train/55191.jpg,0-0*5=0
train/55192.jpg,4+0*6=4
train/55193.jpg,7*7+2=51
train/55194.jpg,3-(4+3)=-4
train/55195.jpg,6*(9*5)=270
train/55196.jpg,3-5+0=-2
train/55197.jpg,(6-5)-0=1
train/55198.jpg,2-8*5=-38
train/55199.jpg,(7+4)-1=10
train/55200.jpg,9+(0*3)=9
train/55201.jpg,0*(6-2)=0
train/55202.jpg,(3-8)-9=-14
train/55203.jpg,(2*9)-5=13
train/55204.jpg,(6*0)*3=0
train/55205.jpg,6-(4*0)=6
train/55206.jpg,6-8-8=-10
train/55207.jpg,0+9+7=16
train/55208.jpg,6*2-6=6
train/55209.jpg,0+8*9=72
train/55210.jpg,3-(9*8)=-69
train/55211.jpg,(4-4)-2=-2
train/55212.jpg,2+(5+3)=10
train/55213.jpg,(9*3)*2=54
train/55214.jpg,3+(8-0)=11
train/55215.jpg,1+3*2=7
train/55216.jpg,(0*8)*5=0
train/55217.jpg,(3-8)+4=-1
train/55218.jpg,(5-4)*6=6
train/55219.jpg,5+5-4=6
train/55220.jpg,(7+1)*8=64
train/55221.jpg,1*3*8=24
train/55222.jpg,4-(6+9)=-11
train/55223.jpg,8*0-9=-9
train/55224.jpg,(2+4)-6=0
train/55225.jpg,(7-5)-7=-5
train/55226.jpg,7+7+9=23
train/55227.jpg,1-(2-5)=4
train/55228.jpg,1*1*6=6
train/55229.jpg,8+8*9=80
train/55230.jpg,0-(7-4)=-3
train/55231.jpg,(8*4)-4=28
train/55232.jpg,5+6-5=6
train/55233.jpg,5+(0+5)=10
train/55234.jpg,(0*0)+4=4
train/55235.jpg,3*(5+0)=15
train/55236.jpg,7-(0+9)=-2
train/55237.jpg,(3-9)-3=-9
train/55238.jpg,(6+0)+3=9
train/55239.jpg,(2*1)+5=7
train/55240.jpg,(1*7)-1=6
train/55241.jpg,9-(2-9)=16
train/55242.jpg,1+(9*5)=46
train/55243.jpg,(3*3)+1=10
train/55244.jpg,3-(2-8)=9
train/55245.jpg,8*9+2=74
train/55246.jpg,6*6*6=216
train/55247.jpg,6-(8*5)=-34
train/55248.jpg,4*(3*5)=60
train/55249.jpg,(5-2)-4=-1
train/55250.jpg,(4-2)*8=16
train/55251.jpg,3*(9-6)=9
train/55252.jpg,(1-9)+1=-7
train/55253.jpg,(4+6)+2=12
train/55254.jpg,2-7-7=-12
train/55255.jpg,5*(7+3)=50
train/55256.jpg,(2+7)*3=27
train/55257.jpg,6*2-3=9
train/55258.jpg,8-(9*5)=-37
train/55259.jpg,9*(9*1)=81
train/55260.jpg,4*(6*4)=96
train/55261.jpg,8-3+2=7
train/55262.jpg,8+5-8=5
train/55263.jpg,3-(7-9)=5
train/55264.jpg,(2-3)+1=0
train/55265.jpg,6*9*7=378
train/55266.jpg,7+5*7=42
train/55267.jpg,3*2*5=30
train/55268.jpg,6-(9-1)=-2
train/55269.jpg,0-(4-3)=-1
train/55270.jpg,1+(0+7)=8
train/55271.jpg,(1+0)-0=1
train/55272.jpg,8-2-6=0
train/55273.jpg,3-(4+0)=-1
train/55274.jpg,8+(3+1)=12
train/55275.jpg,2*(3+7)=20
train/55276.jpg,(9+6)-7=8
train/55277.jpg,(8*6)*1=48
train/55278.jpg,1*(0+6)=6
train/55279.jpg,4+7-1=10
train/55280.jpg,5+(4-3)=6
train/55281.jpg,1*(2-2)=0
train/55282.jpg,7-(6*7)=-35
train/55283.jpg,(5*0)*1=0
train/55284.jpg,(8+8)*2=32
train/55285.jpg,4*5-0=20
train/55286.jpg,(1*7)*0=0
train/55287.jpg,4-(4+5)=-5
train/55288.jpg,(8+4)*9=108
train/55289.jpg,(1*1)+2=3
train/55290.jpg,1+(3*0)=1
train/55291.jpg,9-(3+7)=-1
train/55292.jpg,0-(8+2)=-10
train/55293.jpg,5*9-5=40
train/55294.jpg,(3*7)-4=17
train/55295.jpg,6+4*8=38
train/55296.jpg,7+(0+1)=8
train/55297.jpg,(8+2)+5=15
train/55298.jpg,(4-6)+5=3
train/55299.jpg,(2+3)-5=0
train/55300.jpg,(1-1)*5=0
train/55301.jpg,(8-7)*9=9
train/55302.jpg,5-(5*8)=-35
train/55303.jpg,1+(6+8)=15
train/55304.jpg,9+8-5=12
train/55305.jpg,(9*2)-1=17
train/55306.jpg,2-(8-1)=-5
train/55307.jpg,1+5*3=16
train/55308.jpg,0-(0*9)=0
train/55309.jpg,8*6*4=192
train/55310.jpg,(3+7)-5=5
train/55311.jpg,(1*9)-9=0
train/55312.jpg,1*9-4=5
train/55313.jpg,(0*0)*1=0
train/55314.jpg,2+3-8=-3
train/55315.jpg,1-(9*3)=-26
train/55316.jpg,(1+9)*0=0
train/55317.jpg,3*(3*5)=45
train/55318.jpg,8+(1*8)=16
train/55319.jpg,0*4*4=0
train/55320.jpg,5+8-7=6
train/55321.jpg,6-3*1=3
train/55322.jpg,2*(6+8)=28
train/55323.jpg,2*3-6=0
train/55324.jpg,7-(7*0)=7
train/55325.jpg,1+2*8=17
train/55326.jpg,6+2-5=3
train/55327.jpg,4+(6*5)=34
train/55328.jpg,1*8*1=8
train/55329.jpg,1+8*9=73
train/55330.jpg,8-(3+6)=-1
train/55331.jpg,7-3+0=4
train/55332.jpg,(2*1)-5=-3
train/55333.jpg,5*0-9=-9
train/55334.jpg,(9-4)+2=7
train/55335.jpg,9*(3+9)=108
train/55336.jpg,2+(1-7)=-4
train/55337.jpg,(6+3)+4=13
train/55338.jpg,2+(5*4)=22
train/55339.jpg,(3*9)+7=34
train/55340.jpg,2*(4*8)=64
train/55341.jpg,5+7*4=33
train/55342.jpg,8*7*2=112
train/55343.jpg,8*9-2=70
train/55344.jpg,(1*1)+1=2
train/55345.jpg,8*7*5=280
train/55346.jpg,9-(7-2)=4
train/55347.jpg,(9+1)*7=70
train/55348.jpg,6-5+0=1
train/55349.jpg,(8+3)+5=16
train/55350.jpg,5*0*4=0
train/55351.jpg,6*9*3=162
train/55352.jpg,8+(0*0)=8
train/55353.jpg,2+(4-9)=-3
train/55354.jpg,2-(8*5)=-38
train/55355.jpg,(4*4)-0=16
train/55356.jpg,6*(0+1)=6
train/55357.jpg,9-7*5=-26
train/55358.jpg,1+6*3=19
train/55359.jpg,8*(5*8)=320
train/55360.jpg,8-0+5=13
train/55361.jpg,8+(7+1)=16
train/55362.jpg,8-(0-5)=13
train/55363.jpg,5*(9-8)=5
train/55364.jpg,(4*7)+4=32
train/55365.jpg,9+(3+3)=15
train/55366.jpg,9*5*4=180
train/55367.jpg,(8-4)*4=16
train/55368.jpg,3-(6*2)=-9
train/55369.jpg,(2+6)+8=16
train/55370.jpg,(0*5)+5=5
train/55371.jpg,3+(8+9)=20
train/55372.jpg,(9*6)*6=324
train/55373.jpg,(6+2)*3=24
train/55374.jpg,(9+9)-0=18
train/55375.jpg,5*(9-8)=5
train/55376.jpg,1*(4-0)=4
train/55377.jpg,0*7*3=0
train/55378.jpg,2+(4*9)=38
train/55379.jpg,(1+1)*8=16
train/55380.jpg,9-5*2=-1
train/55381.jpg,(3*8)+4=28
train/55382.jpg,3+(5+1)=9
train/55383.jpg,4*6-0=24
train/55384.jpg,5*(3+5)=40
train/55385.jpg,8+3-0=11
train/55386.jpg,4-(6-1)=-1
train/55387.jpg,(1+2)*5=15
train/55388.jpg,5+7*2=19
train/55389.jpg,(9+6)-3=12
train/55390.jpg,8-5-2=1
train/55391.jpg,(6*4)*1=24
train/55392.jpg,2+(1-6)=-3
train/55393.jpg,(3+9)-0=12
train/55394.jpg,(2*0)*1=0
train/55395.jpg,0*(8+8)=0
train/55396.jpg,(0*5)*3=0
train/55397.jpg,5*(5*7)=175
train/55398.jpg,2*8*9=144
train/55399.jpg,0-8-7=-15
train/55400.jpg,4-6*8=-44
train/55401.jpg,3-(5+7)=-9
train/55402.jpg,(1+4)+6=11
train/55403.jpg,(7+1)+8=16
train/55404.jpg,1-(9*2)=-17
train/55405.jpg,7-9+6=4
train/55406.jpg,(1*4)*3=12
train/55407.jpg,(1+2)+5=8
train/55408.jpg,(1*7)-5=2
train/55409.jpg,2+(7+4)=13
train/55410.jpg,0+8-5=3
train/55411.jpg,(8*4)+1=33
train/55412.jpg,2*7-4=10
train/55413.jpg,8-(9-1)=0
train/55414.jpg,0+(7+7)=14
train/55415.jpg,(2*3)*2=12
train/55416.jpg,0-(4*5)=-20
train/55417.jpg,0+(7*1)=7
train/55418.jpg,9*(2+6)=72
train/55419.jpg,(5+6)+7=18
train/55420.jpg,5-(3-7)=9
train/55421.jpg,(4*8)+0=32
train/55422.jpg,8-3*4=-4
train/55423.jpg,2+7*1=9
train/55424.jpg,(3-2)-0=1
train/55425.jpg,7+7*6=49
train/55426.jpg,3*5-8=7
train/55427.jpg,7*7+1=50
train/55428.jpg,3*(8*9)=216
train/55429.jpg,0*(6*1)=0
train/55430.jpg,(7-8)-1=-2
train/55431.jpg,(7-6)-2=-1
train/55432.jpg,3-4-8=-9
train/55433.jpg,3+4*8=35
train/55434.jpg,(3+7)-2=8
train/55435.jpg,9-5+3=7
train/55436.jpg,9*6+6=60
train/55437.jpg,8+7+9=24
train/55438.jpg,2-(4+7)=-9
train/55439.jpg,(4-9)-4=-9
train/55440.jpg,1*(7*1)=7
train/55441.jpg,6+(1+9)=16
train/55442.jpg,2-9+6=-1
train/55443.jpg,3+(9-8)=4
train/55444.jpg,(6*9)-8=46
train/55445.jpg,0*(6-3)=0
train/55446.jpg,(0+3)*9=27
train/55447.jpg,8-(5-4)=7
train/55448.jpg,3+1+8=12
train/55449.jpg,8-6-7=-5
train/55450.jpg,7+(9+8)=24
train/55451.jpg,7+1*8=15
train/55452.jpg,3-(8-4)=-1
train/55453.jpg,8-(1+8)=-1
train/55454.jpg,(7*2)-2=12
train/55455.jpg,8*9*0=0
train/55456.jpg,8+1-5=4
train/55457.jpg,(1*5)-4=1
train/55458.jpg,4*(8+4)=48
train/55459.jpg,(4+2)+3=9
train/55460.jpg,(0-8)*5=-40
train/55461.jpg,2-(4*0)=2
train/55462.jpg,5-0-6=-1
train/55463.jpg,(6*7)+4=46
train/55464.jpg,(0*5)*9=0
train/55465.jpg,(2*4)*5=40
train/55466.jpg,9+1-6=4
train/55467.jpg,0+4+0=4
train/55468.jpg,(4-9)+9=4
train/55469.jpg,8*(6-3)=24
train/55470.jpg,1-5*9=-44
train/55471.jpg,3+(2+3)=8
train/55472.jpg,(0-3)+7=4
train/55473.jpg,(4*0)+3=3
train/55474.jpg,(8*2)-7=9
train/55475.jpg,9+8-3=14
train/55476.jpg,5-8+8=5
train/55477.jpg,(1+3)-3=1
train/55478.jpg,5-9*9=-76
train/55479.jpg,9*5*6=270
train/55480.jpg,1+3*7=22
train/55481.jpg,0+(4-5)=-1
train/55482.jpg,1-(4+6)=-9
train/55483.jpg,5-8*5=-35
train/55484.jpg,2+(3-9)=-4
train/55485.jpg,0-(6+6)=-12
train/55486.jpg,3+0-7=-4
train/55487.jpg,7*(2+6)=56
train/55488.jpg,7*(2+3)=35
train/55489.jpg,1+(7-5)=3
train/55490.jpg,(6+9)*2=30
train/55491.jpg,8+7*2=22
train/55492.jpg,(8-2)*5=30
train/55493.jpg,9-7+9=11
train/55494.jpg,0+(2-1)=1
train/55495.jpg,1-1+2=2
train/55496.jpg,6-(9-7)=4
train/55497.jpg,(9+4)-6=7
train/55498.jpg,4-1+9=12
train/55499.jpg,8-6-8=-6
train/55500.jpg,0+2+8=10
train/55501.jpg,9*(6+3)=81
train/55502.jpg,(7*6)*8=336
train/55503.jpg,3+2*0=3
train/55504.jpg,(5-9)-0=-4
train/55505.jpg,5*(7+5)=60
train/55506.jpg,9*5-6=39
train/55507.jpg,5-(1+3)=1
train/55508.jpg,(2*6)-4=8
train/55509.jpg,9+6-7=8
train/55510.jpg,9*(0-4)=-36
train/55511.jpg,(8*8)+7=71
train/55512.jpg,4-6*8=-44
train/55513.jpg,7-0+8=15
train/55514.jpg,(2-2)*8=0
train/55515.jpg,4*3-8=4
train/55516.jpg,2-(5+3)=-6
train/55517.jpg,7+(7*7)=56
train/55518.jpg,4-9-9=-14
train/55519.jpg,0+5*1=5
train/55520.jpg,8-(6*5)=-22
train/55521.jpg,9+3-5=7
train/55522.jpg,9-3+2=8
train/55523.jpg,(4-1)*3=9
train/55524.jpg,1*1+2=3
train/55525.jpg,9-8*4=-23
train/55526.jpg,4+(0-4)=0
train/55527.jpg,0-(6-4)=-2
train/55528.jpg,(7*1)+9=16
train/55529.jpg,0-(0+7)=-7
train/55530.jpg,4*(6-2)=16
train/55531.jpg,2*(5*2)=20
train/55532.jpg,(8*1)*8=64
train/55533.jpg,3-8+8=3
train/55534.jpg,(0+0)*4=0
train/55535.jpg,(6+7)*2=26
train/55536.jpg,(5+8)-7=6
train/55537.jpg,(3-8)-2=-7
train/55538.jpg,2-8+0=-6
train/55539.jpg,(7+4)*2=22
train/55540.jpg,(0*5)+5=5
train/55541.jpg,(9-9)+6=6
train/55542.jpg,0+(3-9)=-6
train/55543.jpg,1-(1-2)=2
train/55544.jpg,8-7*4=-20
train/55545.jpg,2*(2+3)=10
train/55546.jpg,2-3*9=-25
train/55547.jpg,1*8-0=8
train/55548.jpg,(0-6)+5=-1
train/55549.jpg,(2-8)*3=-18
train/55550.jpg,(1-2)*6=-6
train/55551.jpg,(3*0)-8=-8
train/55552.jpg,(4-5)-5=-6
train/55553.jpg,(8-3)-7=-2
train/55554.jpg,(0*6)-6=-6
train/55555.jpg,8+4-4=8
train/55556.jpg,6+(7*5)=41
train/55557.jpg,7*3*0=0
train/55558.jpg,1*0*4=0
train/55559.jpg,(5*7)-2=33
train/55560.jpg,0-5+6=1
train/55561.jpg,(1*2)-7=-5
train/55562.jpg,0-(0+1)=-1
train/55563.jpg,4+3-1=6
train/55564.jpg,4-8+6=2
train/55565.jpg,8+6+1=15
train/55566.jpg,5-(3-6)=8
train/55567.jpg,3-(7*5)=-32
train/55568.jpg,8*(9*1)=72
train/55569.jpg,(1-8)+0=-7
train/55570.jpg,8-7+4=5
train/55571.jpg,2*(4*3)=24
train/55572.jpg,(8-5)-7=-4
train/55573.jpg,1*4*4=16
train/55574.jpg,6+5-2=9
train/55575.jpg,(3*1)+8=11
train/55576.jpg,9*(4*9)=324
train/55577.jpg,0+(1*7)=7
train/55578.jpg,9*(9*7)=567
train/55579.jpg,(9*3)*4=108
train/55580.jpg,(2*3)*6=36
train/55581.jpg,(5*7)-9=26
train/55582.jpg,(5+6)-1=10
train/55583.jpg,(4-5)*9=-9
train/55584.jpg,5*(5-2)=15
train/55585.jpg,(9*4)*5=180
train/55586.jpg,0-(4*7)=-28
train/55587.jpg,7-3-4=0
train/55588.jpg,5*9+9=54
train/55589.jpg,(1-3)*8=-16
train/55590.jpg,(4*8)-2=30
train/55591.jpg,2*(5+7)=24
train/55592.jpg,4+7*7=53
train/55593.jpg,7*4-1=27
train/55594.jpg,5-(1+5)=-1
train/55595.jpg,6+8+7=21
train/55596.jpg,(1*2)+0=2
train/55597.jpg,9+4-0=13
train/55598.jpg,(9-0)+6=15
train/55599.jpg,(3-2)-3=-2
train/55600.jpg,5-9+7=3
train/55601.jpg,(4*5)+2=22
train/55602.jpg,(3*2)+3=9
train/55603.jpg,(4-4)-4=-4
train/55604.jpg,(6+4)*6=60
train/55605.jpg,(9-8)*0=0
train/55606.jpg,5-5+5=5
train/55607.jpg,6*(3+3)=36
train/55608.jpg,3+4*2=11
train/55609.jpg,1-9-8=-16
train/55610.jpg,7-(0-5)=12
train/55611.jpg,7-(2-0)=5
train/55612.jpg,8-0*7=8
train/55613.jpg,(4-7)*0=0
train/55614.jpg,5-(2-0)=3
train/55615.jpg,6+6*7=48
train/55616.jpg,(5*5)-4=21
train/55617.jpg,(5*8)+0=40
train/55618.jpg,7*(8-9)=-7
train/55619.jpg,5*(0+9)=45
train/55620.jpg,1+(3*8)=25
train/55621.jpg,9+(8*9)=81
train/55622.jpg,5*9-0=45
train/55623.jpg,(8-4)+4=8
train/55624.jpg,2*(1-1)=0
train/55625.jpg,2+4*0=2
train/55626.jpg,2*(9+6)=30
train/55627.jpg,7-(5-1)=3
train/55628.jpg,8-(2*0)=8
train/55629.jpg,(7*9)-3=60
train/55630.jpg,(5+1)*6=36
train/55631.jpg,3*(7-2)=15
train/55632.jpg,(8-0)*2=16
train/55633.jpg,6*3*2=36
train/55634.jpg,(7+9)-7=9
train/55635.jpg,(4*3)*3=36
train/55636.jpg,(5*4)*2=40
train/55637.jpg,3+(7-2)=8
train/55638.jpg,2-(0-1)=3
train/55639.jpg,5-(2-1)=4
train/55640.jpg,0-2+1=-1
train/55641.jpg,2+(2+8)=12
train/55642.jpg,(5*6)*7=210
train/55643.jpg,9*(6+2)=72
train/55644.jpg,0*(3-2)=0
train/55645.jpg,0-(0+6)=-6
train/55646.jpg,(2+2)-2=2
train/55647.jpg,(7+0)*2=14
train/55648.jpg,(6+6)-0=12
train/55649.jpg,4+3+5=12
train/55650.jpg,8*5*8=320
train/55651.jpg,1*4+8=12
train/55652.jpg,(9-9)-6=-6
train/55653.jpg,8-(5+5)=-2
train/55654.jpg,1-5-7=-11
train/55655.jpg,8+0+7=15
train/55656.jpg,(6-5)*7=7
train/55657.jpg,2+7*8=58
train/55658.jpg,1+(5*3)=16
train/55659.jpg,(3*5)+1=16
train/55660.jpg,4-(1*1)=3
train/55661.jpg,7*(2+0)=14
train/55662.jpg,(5+9)+4=18
train/55663.jpg,7*0-0=0
train/55664.jpg,3-(1-8)=10
train/55665.jpg,(6-5)+6=7
train/55666.jpg,6*(2*6)=72
train/55667.jpg,0+2-7=-5
train/55668.jpg,8*3*8=192
train/55669.jpg,7-(1+9)=-3
train/55670.jpg,3+(2*5)=13
train/55671.jpg,5+(2*2)=9
train/55672.jpg,4*(8+8)=64
train/55673.jpg,(7+8)+3=18
train/55674.jpg,0+(6+1)=7
train/55675.jpg,3*2-3=3
train/55676.jpg,9+2*5=19
train/55677.jpg,(1*8)-9=-1
train/55678.jpg,3-8+0=-5
train/55679.jpg,5+(9+6)=20
train/55680.jpg,(1*9)-2=7
train/55681.jpg,6-(4+6)=-4
train/55682.jpg,5-(8-8)=5
train/55683.jpg,6*6-9=27
train/55684.jpg,(9-1)*7=56
train/55685.jpg,8+8*7=64
train/55686.jpg,2-(9*3)=-25
train/55687.jpg,6-(0*3)=6
train/55688.jpg,4-(9*7)=-59
train/55689.jpg,(8*6)-4=44
train/55690.jpg,(1+7)-3=5
train/55691.jpg,5+(8*6)=53
train/55692.jpg,2-(9-7)=0
train/55693.jpg,9*(1-1)=0
train/55694.jpg,(2*2)+9=13
train/55695.jpg,3+(5*0)=3
train/55696.jpg,1+(2*8)=17
train/55697.jpg,9*9*3=243
train/55698.jpg,1*6-1=5
train/55699.jpg,(9-5)*4=16
train/55700.jpg,9-(1+9)=-1
train/55701.jpg,8+(2-0)=10
train/55702.jpg,6-(6-2)=2
train/55703.jpg,(0*9)+8=8
train/55704.jpg,1*0+6=6
train/55705.jpg,(7+1)+5=13
train/55706.jpg,3*1+2=5
train/55707.jpg,(0+9)-3=6
train/55708.jpg,4+6-5=5
train/55709.jpg,(8+0)+1=9
train/55710.jpg,3+(2*0)=3
train/55711.jpg,1-3*4=-11
train/55712.jpg,0-(9-7)=-2
train/55713.jpg,(6-3)+8=11
train/55714.jpg,6+(4*9)=42
train/55715.jpg,8+(4-6)=6
train/55716.jpg,(4+6)*4=40
train/55717.jpg,1+(4*2)=9
train/55718.jpg,6*(0+5)=30
train/55719.jpg,(6*4)+4=28
train/55720.jpg,4-(3-9)=10
train/55721.jpg,5+0*4=5
train/55722.jpg,(5+8)*2=26
train/55723.jpg,1*9*9=81
train/55724.jpg,(5*6)-3=27
train/55725.jpg,0-(9*8)=-72
train/55726.jpg,(6-8)+8=6
train/55727.jpg,8*0*6=0
train/55728.jpg,4-4-8=-8
train/55729.jpg,4*(0*9)=0
train/55730.jpg,1*(9+4)=13
train/55731.jpg,(9+8)-9=8
train/55732.jpg,(3+1)*0=0
train/55733.jpg,0+(3*6)=18
train/55734.jpg,0*(0*0)=0
train/55735.jpg,1+5*2=11
train/55736.jpg,7-(0-2)=9
train/55737.jpg,2-(9+7)=-14
train/55738.jpg,0-(3+5)=-8
train/55739.jpg,(6+4)+4=14
train/55740.jpg,6+(0-8)=-2
train/55741.jpg,1*9*7=63
train/55742.jpg,(1-1)-8=-8
train/55743.jpg,1+6-2=5
train/55744.jpg,3-8-2=-7
train/55745.jpg,(8*4)-1=31
train/55746.jpg,3-7*3=-18
train/55747.jpg,5*2-0=10
train/55748.jpg,2-(5-0)=-3
train/55749.jpg,7*6+1=43
train/55750.jpg,8-7+6=7
train/55751.jpg,6+(7-8)=5
train/55752.jpg,(7-5)+2=4
train/55753.jpg,(2-8)*1=-6
train/55754.jpg,9*5-9=36
train/55755.jpg,0+(8*3)=24
train/55756.jpg,9-(1*1)=8
train/55757.jpg,(8*0)-8=-8
train/55758.jpg,4+(5+3)=12
train/55759.jpg,(2-6)-2=-6
train/55760.jpg,3-2+0=1
train/55761.jpg,9*(6*4)=216
train/55762.jpg,4+9*8=76
train/55763.jpg,6+8+2=16
train/55764.jpg,6+(3-3)=6
train/55765.jpg,1+0-8=-7
train/55766.jpg,(8+9)*1=17
train/55767.jpg,(6+0)-3=3
train/55768.jpg,6+(6+3)=15
train/55769.jpg,(1+5)*8=48
train/55770.jpg,(7+5)-3=9
train/55771.jpg,0-9-2=-11
train/55772.jpg,1+(0*8)=1
train/55773.jpg,8*(6+3)=72
train/55774.jpg,9*(6*8)=432
train/55775.jpg,9+(7*6)=51
train/55776.jpg,1+(9+4)=14
train/55777.jpg,3-(3*5)=-12
train/55778.jpg,8*(1+9)=80
train/55779.jpg,8-6-9=-7
train/55780.jpg,(0-4)*9=-36
train/55781.jpg,3+(9-1)=11
train/55782.jpg,6+(3*9)=33
train/55783.jpg,3+3-7=-1
train/55784.jpg,(5-7)+9=7
train/55785.jpg,1-8+0=-7
train/55786.jpg,5*6-2=28
train/55787.jpg,5*6*1=30
train/55788.jpg,7*4*7=196
train/55789.jpg,(0+4)*2=8
train/55790.jpg,5+(5-2)=8
train/55791.jpg,4+1*9=13
train/55792.jpg,4-9*8=-68
train/55793.jpg,8+3*6=26
train/55794.jpg,5+(4-3)=6
train/55795.jpg,(3+1)-1=3
train/55796.jpg,8*2+1=17
train/55797.jpg,4*7+5=33
train/55798.jpg,0-5-3=-8
train/55799.jpg,(8*4)+9=41
train/55800.jpg,(6+5)-7=4
train/55801.jpg,(6-4)+4=6
train/55802.jpg,9*3+2=29
train/55803.jpg,1-(2+0)=-1
train/55804.jpg,8-(8+7)=-7
train/55805.jpg,(0-6)-9=-15
train/55806.jpg,3+(5+9)=17
train/55807.jpg,1+(0-2)=-1
train/55808.jpg,(8+0)*3=24
train/55809.jpg,2*5+8=18
train/55810.jpg,(4-5)+7=6
train/55811.jpg,(9-5)-9=-5
train/55812.jpg,(2+1)*6=18
train/55813.jpg,(1+4)-4=1
train/55814.jpg,(1-8)*1=-7
train/55815.jpg,5-(2*5)=-5
train/55816.jpg,(9*8)+6=78
train/55817.jpg,8*(9+7)=128
train/55818.jpg,3+5*7=38
train/55819.jpg,5-2-3=0
train/55820.jpg,(7*2)-5=9
train/55821.jpg,5*(2*5)=50
train/55822.jpg,(6+1)*3=21
train/55823.jpg,1-(1-4)=4
train/55824.jpg,(0+9)-7=2
train/55825.jpg,2+(9*1)=11
train/55826.jpg,1+(8-3)=6
train/55827.jpg,5+(2*5)=15
train/55828.jpg,(1+6)+7=14
train/55829.jpg,2-0-6=-4
train/55830.jpg,1+2-3=0
train/55831.jpg,5-6-4=-5
train/55832.jpg,(5-0)-7=-2
train/55833.jpg,8-8*1=0
train/55834.jpg,1*0*5=0
train/55835.jpg,8-5+7=10
train/55836.jpg,9*(8+0)=72
train/55837.jpg,1-7*8=-55
train/55838.jpg,5+(6*1)=11
train/55839.jpg,0-2+3=1
train/55840.jpg,4+(0*9)=4
train/55841.jpg,(9*5)+5=50
train/55842.jpg,(2+2)*8=32
train/55843.jpg,(4*7)+4=32
train/55844.jpg,(1-6)-9=-14
train/55845.jpg,3*(9*8)=216
train/55846.jpg,3*6+7=25
train/55847.jpg,(9*3)*1=27
train/55848.jpg,1*(9+6)=15
train/55849.jpg,1-(9+4)=-12
train/55850.jpg,7+(8+1)=16
train/55851.jpg,(1*3)+9=12
train/55852.jpg,1*1*1=1
train/55853.jpg,6-2-6=-2
train/55854.jpg,(1-2)+3=2
train/55855.jpg,3*(1+2)=9
train/55856.jpg,1*(8-5)=3
train/55857.jpg,3-9-7=-13
train/55858.jpg,(7*2)+5=19
train/55859.jpg,(8+9)*6=102
train/55860.jpg,9*3+0=27
train/55861.jpg,8-4-9=-5
train/55862.jpg,(1*4)+0=4
train/55863.jpg,(9*5)+6=51
train/55864.jpg,3*0-0=0
train/55865.jpg,2-(3+0)=-1
train/55866.jpg,(1+3)+9=13
train/55867.jpg,1*0-1=-1
train/55868.jpg,(9-9)-7=-7
train/55869.jpg,9*3*9=243
train/55870.jpg,8*(7+5)=96
train/55871.jpg,4-(4-1)=1
train/55872.jpg,7+4+9=20
train/55873.jpg,8*4*5=160
train/55874.jpg,9-5+2=6
train/55875.jpg,0+(9-1)=8
train/55876.jpg,9*2-0=18
train/55877.jpg,7-0-3=4
train/55878.jpg,(7-9)+1=-1
train/55879.jpg,7*4+8=36
train/55880.jpg,6-(7*3)=-15
train/55881.jpg,5+(5-4)=6
train/55882.jpg,0*(5-7)=0
train/55883.jpg,5*(2-8)=-30
train/55884.jpg,5*(9+0)=45
train/55885.jpg,(3*5)*8=120
train/55886.jpg,(1*7)+6=13
train/55887.jpg,(4-1)-5=-2
train/55888.jpg,8-1-6=1
train/55889.jpg,1+(2+1)=4
train/55890.jpg,(4*1)*4=16
train/55891.jpg,(6-1)+2=7
train/55892.jpg,(1-5)-1=-5
train/55893.jpg,3-(1*8)=-5
train/55894.jpg,8+(2*1)=10
train/55895.jpg,1+(6+3)=10
train/55896.jpg,1-(1*3)=-2
train/55897.jpg,4-0+0=4
train/55898.jpg,(2+7)-3=6
train/55899.jpg,(4-6)+1=-1
train/55900.jpg,8+(8-6)=10
train/55901.jpg,2-(0*5)=2
train/55902.jpg,3*(2+3)=15
train/55903.jpg,7-(5-9)=11
train/55904.jpg,3+(1-8)=-4
train/55905.jpg,(4*3)*1=12
train/55906.jpg,8+(8-4)=12
train/55907.jpg,8-(3*5)=-7
train/55908.jpg,5+(1-6)=0
train/55909.jpg,5*(3-0)=15
train/55910.jpg,1+6*1=7
train/55911.jpg,(1*3)*0=0
train/55912.jpg,5+(8+9)=22
train/55913.jpg,(6*3)*1=18
train/55914.jpg,(3+9)-1=11
train/55915.jpg,4+(5+0)=9
train/55916.jpg,0-9+7=-2
train/55917.jpg,1-7-5=-11
train/55918.jpg,9*(4+0)=36
train/55919.jpg,6-(0-0)=6
train/55920.jpg,9+4-2=11
train/55921.jpg,0+7-9=-2
train/55922.jpg,0*(1*6)=0
train/55923.jpg,4*(0*2)=0
train/55924.jpg,6*0+7=7
train/55925.jpg,(9-2)+4=11
train/55926.jpg,1-9*5=-44
train/55927.jpg,2+6-5=3
train/55928.jpg,6-8-7=-9
train/55929.jpg,6-(9-9)=6
train/55930.jpg,(9+7)-4=12
train/55931.jpg,3-(0-6)=9
train/55932.jpg,1+7*4=29
train/55933.jpg,(6-9)-3=-6
train/55934.jpg,9-(8-2)=3
train/55935.jpg,(4+3)*6=42
train/55936.jpg,2*(9+0)=18
train/55937.jpg,9*8+1=73
train/55938.jpg,1+(2*9)=19
train/55939.jpg,2*(9+1)=20
train/55940.jpg,8+9-7=10
train/55941.jpg,(8+2)*5=50
train/55942.jpg,(9+6)*5=75
train/55943.jpg,6*(2*3)=36
train/55944.jpg,4-(2-0)=2
train/55945.jpg,(5-2)*6=18
train/55946.jpg,6+7+6=19
train/55947.jpg,4-(2*4)=-4
train/55948.jpg,(7-2)+1=6
train/55949.jpg,6+7*6=48
train/55950.jpg,3*(7-4)=9
train/55951.jpg,0+(4*9)=36
train/55952.jpg,7*(8-5)=21
train/55953.jpg,7*5-7=28
train/55954.jpg,(6-3)-7=-4
train/55955.jpg,9+0*8=9
train/55956.jpg,5*8-8=32
train/55957.jpg,(1*5)-6=-1
train/55958.jpg,2-8-9=-15
train/55959.jpg,3+(7*9)=66
train/55960.jpg,(4*6)*6=144
train/55961.jpg,7*6-4=38
train/55962.jpg,3*7+9=30
train/55963.jpg,(6*8)*4=192
train/55964.jpg,(7*0)-9=-9
train/55965.jpg,(6+8)+8=22
train/55966.jpg,2+2-4=0
train/55967.jpg,(4-6)*2=-4
train/55968.jpg,5+6*4=29
train/55969.jpg,8+(7-4)=11
train/55970.jpg,3+7-2=8
train/55971.jpg,(2+0)-1=1
train/55972.jpg,7-(8*0)=7
train/55973.jpg,(8+5)-5=8
train/55974.jpg,5-5+4=4
train/55975.jpg,0*(2-4)=0
train/55976.jpg,(5-9)-5=-9
train/55977.jpg,5-(8-8)=5
train/55978.jpg,9*(6*1)=54
train/55979.jpg,8*5+2=42
train/55980.jpg,(0-4)-2=-6
train/55981.jpg,(9-3)+0=6
train/55982.jpg,6+5-5=6
train/55983.jpg,(4+7)-2=9
train/55984.jpg,6*(0*9)=0
train/55985.jpg,(4*0)+9=9
train/55986.jpg,9+(0*4)=9
train/55987.jpg,1+6*1=7
train/55988.jpg,(7+1)-4=4
train/55989.jpg,(1+8)*6=54
train/55990.jpg,9+3*3=18
train/55991.jpg,6+9*3=33
train/55992.jpg,(5-2)*0=0
train/55993.jpg,(3-9)*9=-54
train/55994.jpg,(8+0)+0=8
train/55995.jpg,(3*1)*3=9
train/55996.jpg,8+(0+8)=16
train/55997.jpg,6-(7+6)=-7
train/55998.jpg,6-6-9=-9
train/55999.jpg,(1-6)-3=-8
train/56000.jpg,2*3+4=10
train/56001.jpg,9*3-4=23
train/56002.jpg,4*(8*1)=32
train/56003.jpg,(5-0)-4=1
train/56004.jpg,3-(2+8)=-7
train/56005.jpg,(1*8)-4=4
train/56006.jpg,(7*9)-4=59
train/56007.jpg,6-(9+4)=-7
train/56008.jpg,9+(1-8)=2
train/56009.jpg,(8*4)+0=32
train/56010.jpg,0*(3-6)=0
train/56011.jpg,(7-6)*7=7
train/56012.jpg,(6-9)*8=-24
train/56013.jpg,(8+4)-6=6
train/56014.jpg,(8+0)-7=1
train/56015.jpg,(2+9)*1=11
train/56016.jpg,(4-7)+8=5
train/56017.jpg,(3+6)+4=13
train/56018.jpg,3+8+5=16
train/56019.jpg,(4+0)-4=0
train/56020.jpg,5*3*0=0
train/56021.jpg,5*1*0=0
train/56022.jpg,4*(3*5)=60
train/56023.jpg,(0-9)*3=-27
train/56024.jpg,(2+3)+8=13
train/56025.jpg,8-1-6=1
train/56026.jpg,6-(2*6)=-6
train/56027.jpg,(5*2)+4=14
train/56028.jpg,(3-2)*9=9
train/56029.jpg,4+(1*4)=8
train/56030.jpg,(7*5)-6=29
train/56031.jpg,2-5-7=-10
train/56032.jpg,0-1*7=-7
train/56033.jpg,6-(9*8)=-66
train/56034.jpg,(1-8)+7=0
train/56035.jpg,0-(0*1)=0
train/56036.jpg,2*(3-2)=2
train/56037.jpg,(1-5)+6=2
train/56038.jpg,3+(9-9)=3
train/56039.jpg,3*(1-9)=-24
train/56040.jpg,6*(0*7)=0
train/56041.jpg,1*(8-4)=4
train/56042.jpg,(3*4)-9=3
train/56043.jpg,7-(9-0)=-2
train/56044.jpg,5+(4+3)=12
train/56045.jpg,0*(6*8)=0
train/56046.jpg,3*(1*3)=9
train/56047.jpg,(3+5)*5=40
train/56048.jpg,(8-4)*2=8
train/56049.jpg,9*(7+8)=135
train/56050.jpg,0+7+0=7
train/56051.jpg,6*(8+7)=90
train/56052.jpg,(5+2)-7=0
train/56053.jpg,5+8+3=16
train/56054.jpg,2-2-1=-1
train/56055.jpg,2*8+6=22
train/56056.jpg,6-0-7=-1
train/56057.jpg,1*(2-4)=-2
train/56058.jpg,(6*7)-8=34
train/56059.jpg,1+(9*3)=28
train/56060.jpg,(4+0)-8=-4
train/56061.jpg,3*2-4=2
train/56062.jpg,1+(3+2)=6
train/56063.jpg,7+(6*8)=55
train/56064.jpg,(2+2)-5=-1
train/56065.jpg,4-(7+8)=-11
train/56066.jpg,0*(6+4)=0
train/56067.jpg,3-0+7=10
train/56068.jpg,6*2+2=14
train/56069.jpg,3-(5*0)=3
train/56070.jpg,9+6+4=19
train/56071.jpg,4+4-8=0
train/56072.jpg,9*7*6=378
train/56073.jpg,(6-0)*5=30
train/56074.jpg,8-(0-6)=14
train/56075.jpg,(1-5)-5=-9
train/56076.jpg,6-(5*5)=-19
train/56077.jpg,1*5+7=12
train/56078.jpg,(1+5)+7=13
train/56079.jpg,(4+8)-8=4
train/56080.jpg,9*4+2=38
train/56081.jpg,(1*6)-5=1
train/56082.jpg,(3*3)*6=54
train/56083.jpg,6*1-4=2
train/56084.jpg,(4-6)*9=-18
train/56085.jpg,(9-0)*3=27
train/56086.jpg,(8*0)+8=8
train/56087.jpg,6*(5+7)=72
train/56088.jpg,7-8-8=-9
train/56089.jpg,5+(1+5)=11
train/56090.jpg,(6+7)-5=8
train/56091.jpg,8+(8+3)=19
train/56092.jpg,(3-6)+1=-2
train/56093.jpg,(6-5)*8=8
train/56094.jpg,7+1-2=6
train/56095.jpg,6-5-6=-5
train/56096.jpg,7*(7-1)=42
train/56097.jpg,4+(6+8)=18
train/56098.jpg,9+2*5=19
train/56099.jpg,5*(6-5)=5
train/56100.jpg,2-(8+0)=-6
train/56101.jpg,(4-6)-6=-8
train/56102.jpg,2+(8-1)=9
train/56103.jpg,0+8-9=-1
train/56104.jpg,(5+8)+8=21
train/56105.jpg,2+1+8=11
train/56106.jpg,(8+4)*5=60
train/56107.jpg,4-(6-6)=4
train/56108.jpg,(1*8)-0=8
train/56109.jpg,(5-3)+8=10
train/56110.jpg,4+(1-7)=-2
train/56111.jpg,(8*6)+4=52
train/56112.jpg,(5*9)+3=48
train/56113.jpg,(2*0)-7=-7
train/56114.jpg,(2-9)-3=-10
train/56115.jpg,9+(9*7)=72
train/56116.jpg,(4+3)+8=15
train/56117.jpg,8+(6+0)=14
train/56118.jpg,5*2*3=30
train/56119.jpg,8-3-6=-1
train/56120.jpg,4*(0-7)=-28
train/56121.jpg,1+(7*6)=43
train/56122.jpg,3-(2+9)=-8
train/56123.jpg,0-(4+0)=-4
train/56124.jpg,0*5+1=1
train/56125.jpg,6+9*3=33
train/56126.jpg,(2*9)*7=126
train/56127.jpg,8*9*2=144
train/56128.jpg,5*(8*3)=120
train/56129.jpg,5-3-6=-4
train/56130.jpg,(6-9)+0=-3
train/56131.jpg,(5*4)-3=17
train/56132.jpg,8+2-4=6
train/56133.jpg,(5-4)*3=3
train/56134.jpg,3+(0*1)=3
train/56135.jpg,5+(5+5)=15
train/56136.jpg,(9-2)*4=28
train/56137.jpg,1+(7+4)=12
train/56138.jpg,5+4-6=3
train/56139.jpg,7+5-8=4
train/56140.jpg,(1*7)*1=7
train/56141.jpg,(9-2)+1=8
train/56142.jpg,4*7-6=22
train/56143.jpg,7-0*3=7
train/56144.jpg,(8*3)*9=216
train/56145.jpg,3*4+8=20
train/56146.jpg,2*0+3=3
train/56147.jpg,(9-1)+1=9
train/56148.jpg,0*4+1=1
train/56149.jpg,2+5-6=1
train/56150.jpg,0*1-8=-8
train/56151.jpg,4+(1+3)=8
train/56152.jpg,(6+2)*7=56
train/56153.jpg,(3*1)*6=18
train/56154.jpg,(3*6)-0=18
train/56155.jpg,3-(6-3)=0
train/56156.jpg,(5-4)+6=7
train/56157.jpg,2*(1-7)=-12
train/56158.jpg,0*(1+3)=0
train/56159.jpg,8+(4-6)=6
train/56160.jpg,8*8-0=64
train/56161.jpg,1-(7-9)=3
train/56162.jpg,4+9-4=9
train/56163.jpg,6+5-5=6
train/56164.jpg,(4-6)-4=-6
train/56165.jpg,6-(9-6)=3
train/56166.jpg,(3-1)-1=1
train/56167.jpg,8+(2-6)=4
train/56168.jpg,8-3+4=9
train/56169.jpg,4*(0-3)=-12
train/56170.jpg,(7-0)-8=-1
train/56171.jpg,7-(3-5)=9
train/56172.jpg,(2+7)-6=3
train/56173.jpg,(1-5)+6=2
train/56174.jpg,(3*5)+3=18
train/56175.jpg,(0+2)-7=-5
train/56176.jpg,4+0-3=1
train/56177.jpg,(5-7)+8=6
train/56178.jpg,0-(0+3)=-3
train/56179.jpg,1+3*4=13
train/56180.jpg,(4+3)*7=49
train/56181.jpg,(2*6)-6=6
train/56182.jpg,(7-6)+7=8
train/56183.jpg,8-8-3=-3
train/56184.jpg,(8*2)-2=14
train/56185.jpg,7-6*2=-5
train/56186.jpg,5*(0*5)=0
train/56187.jpg,(7*8)*4=224
train/56188.jpg,4*1*0=0
train/56189.jpg,5+4+5=14
train/56190.jpg,4+(2*6)=16
train/56191.jpg,4+(2-9)=-3
train/56192.jpg,(6-9)-3=-6
train/56193.jpg,(9+9)*2=36
train/56194.jpg,1-(1*1)=0
train/56195.jpg,0-6*8=-48
train/56196.jpg,(0-7)-5=-12
train/56197.jpg,(0*3)+1=1
train/56198.jpg,5+9*6=59
train/56199.jpg,(7*3)*1=21
train/56200.jpg,0+7-3=4
train/56201.jpg,8*0*7=0
train/56202.jpg,4-4+9=9
train/56203.jpg,(0+1)+9=10
train/56204.jpg,5*(4+0)=20
train/56205.jpg,3-(9+3)=-9
train/56206.jpg,8-7*5=-27
train/56207.jpg,6*(7+2)=54
train/56208.jpg,9-4+6=11
train/56209.jpg,(0-2)+7=5
train/56210.jpg,5*9+0=45
train/56211.jpg,0*(7+4)=0
train/56212.jpg,2*9*7=126
train/56213.jpg,9*6-9=45
train/56214.jpg,9-(1-9)=17
train/56215.jpg,(6+2)*5=40
train/56216.jpg,5+7-6=6
train/56217.jpg,6+9*3=33
train/56218.jpg,(0-0)*1=0
train/56219.jpg,0*(7*8)=0
train/56220.jpg,5*(3-0)=15
train/56221.jpg,4-1-5=-2
train/56222.jpg,7*1+3=10
train/56223.jpg,(2+7)*5=45
train/56224.jpg,7-(0*4)=7
train/56225.jpg,(8-8)+4=4
train/56226.jpg,9-(2+1)=6
train/56227.jpg,5+9-8=6
train/56228.jpg,(3*7)*1=21
train/56229.jpg,(9*3)+8=35
train/56230.jpg,0-(5*6)=-30
train/56231.jpg,(3-0)-5=-2
train/56232.jpg,4+(7*9)=67
train/56233.jpg,5+7+2=14
train/56234.jpg,3*(8*3)=72
train/56235.jpg,(3*3)-6=3
train/56236.jpg,(8+5)+4=17
train/56237.jpg,9-4-4=1
train/56238.jpg,4*(2+9)=44
train/56239.jpg,(3+5)-4=4
train/56240.jpg,(5+9)*9=126
train/56241.jpg,(1+7)*8=64
train/56242.jpg,7-9-6=-8
train/56243.jpg,(2-3)*3=-3
train/56244.jpg,9+(5+6)=20
train/56245.jpg,0-3*4=-12
train/56246.jpg,0-(0-2)=2
train/56247.jpg,8+(3*4)=20
train/56248.jpg,6-3*0=6
train/56249.jpg,9-5*4=-11
train/56250.jpg,(3*4)+5=17
train/56251.jpg,7*(0+8)=56
train/56252.jpg,(4*5)+6=26
train/56253.jpg,(5-5)*8=0
train/56254.jpg,6+6-3=9
train/56255.jpg,0+(3-5)=-2
train/56256.jpg,(5-3)+2=4
train/56257.jpg,9*3-1=26
train/56258.jpg,(9+2)+9=20
train/56259.jpg,(7-4)-3=0
train/56260.jpg,(3-5)-4=-6
train/56261.jpg,(3+9)*5=60
train/56262.jpg,6+(8*8)=70
train/56263.jpg,5+4*6=29
train/56264.jpg,(7*2)+4=18
train/56265.jpg,6*1-0=6
train/56266.jpg,9-(4*8)=-23
train/56267.jpg,1+6*6=37
train/56268.jpg,6+0-0=6
train/56269.jpg,(9-6)*6=18
train/56270.jpg,3+(4*6)=27
train/56271.jpg,3-(2+8)=-7
train/56272.jpg,(6+9)-5=10
train/56273.jpg,4*9-1=35
train/56274.jpg,5-(3+7)=-5
train/56275.jpg,6+0*4=6
train/56276.jpg,(3-2)+9=10
train/56277.jpg,8-0*4=8
train/56278.jpg,9*(3*0)=0
train/56279.jpg,9-(2+0)=7
train/56280.jpg,(0+3)-9=-6
train/56281.jpg,1+(7-9)=-1
train/56282.jpg,3+3-3=3
train/56283.jpg,6+(9+2)=17
train/56284.jpg,3*0*4=0
train/56285.jpg,5+(9*8)=77
train/56286.jpg,8+0*3=8
train/56287.jpg,3*(3+2)=15
train/56288.jpg,1-1-6=-6
train/56289.jpg,1-(2*6)=-11
train/56290.jpg,7+7*0=7
train/56291.jpg,(3-0)-9=-6
train/56292.jpg,(4*1)-4=0
train/56293.jpg,(8+9)*2=34
train/56294.jpg,7+(9+4)=20
train/56295.jpg,8-(6+7)=-5
train/56296.jpg,6-9+3=0
train/56297.jpg,8*(2-3)=-8
train/56298.jpg,(3*5)-2=13
train/56299.jpg,7-9*0=7
train/56300.jpg,(6+1)-7=0
train/56301.jpg,6-5*4=-14
train/56302.jpg,3+8+2=13
train/56303.jpg,1-2+7=6
train/56304.jpg,8*(9*9)=648
train/56305.jpg,7-8-9=-10
train/56306.jpg,5*(7*9)=315
train/56307.jpg,(8+2)*5=50
train/56308.jpg,4+(5+4)=13
train/56309.jpg,0+(6+5)=11
train/56310.jpg,(6*0)+7=7
train/56311.jpg,0-(3+3)=-6
train/56312.jpg,8*(4*5)=160
train/56313.jpg,2*4+8=16
train/56314.jpg,(7+7)+4=18
train/56315.jpg,6*6+4=40
train/56316.jpg,2*(9-0)=18
train/56317.jpg,(1-0)*0=0
train/56318.jpg,9*6+2=56
train/56319.jpg,3+(4+3)=10
train/56320.jpg,0+(0*9)=0
train/56321.jpg,(7*9)+8=71
train/56322.jpg,1-(5+4)=-8
train/56323.jpg,(9*2)+9=27
train/56324.jpg,2+5*6=32
train/56325.jpg,4*(2+3)=20
train/56326.jpg,(4+1)*7=35
train/56327.jpg,8+(6*6)=44
train/56328.jpg,(0+4)+1=5
train/56329.jpg,5-4+3=4
train/56330.jpg,(9-7)+5=7
train/56331.jpg,(0+9)+9=18
train/56332.jpg,7-0-2=5
train/56333.jpg,6-(5-2)=3
train/56334.jpg,7-(3+0)=4
train/56335.jpg,4*3+7=19
train/56336.jpg,(1*3)+0=3
train/56337.jpg,2+(6+0)=8
train/56338.jpg,2+(3-0)=5
train/56339.jpg,4+8*2=20
train/56340.jpg,(1-1)*9=0
train/56341.jpg,3*5*4=60
train/56342.jpg,1-0*5=1
train/56343.jpg,1*1+2=3
train/56344.jpg,(4+6)+5=15
train/56345.jpg,3*(7-7)=0
train/56346.jpg,8-7-2=-1
train/56347.jpg,6+(5+3)=14
train/56348.jpg,(4+8)+0=12
train/56349.jpg,4+6+1=11
train/56350.jpg,8-8+8=8
train/56351.jpg,7*(1*0)=0
train/56352.jpg,4*(5-7)=-8
train/56353.jpg,(1+3)-0=4
train/56354.jpg,8*0-1=-1
train/56355.jpg,9+(4-6)=7
train/56356.jpg,(3*8)*9=216
train/56357.jpg,0+(1+2)=3
train/56358.jpg,6*0+4=4
train/56359.jpg,6-(8*4)=-26
train/56360.jpg,(2-7)*9=-45
train/56361.jpg,4*(5+7)=48
train/56362.jpg,0-8-6=-14
train/56363.jpg,0*(0*5)=0
train/56364.jpg,9-(8-7)=8
train/56365.jpg,9*8-7=65
train/56366.jpg,4-(0-1)=5
train/56367.jpg,1-(1-1)=1
train/56368.jpg,(2*9)*5=90
train/56369.jpg,(0*7)+5=5
train/56370.jpg,7*(4-2)=14
train/56371.jpg,(2+3)+6=11
train/56372.jpg,(4+0)+3=7
train/56373.jpg,2*5*9=90
train/56374.jpg,3-(9+3)=-9
train/56375.jpg,6-0*1=6
train/56376.jpg,0-(0-8)=8
train/56377.jpg,(0-2)*9=-18
train/56378.jpg,4+6+4=14
train/56379.jpg,(0+4)*2=8
train/56380.jpg,6-2*6=-6
train/56381.jpg,(6*9)-3=51
train/56382.jpg,9-6*1=3
train/56383.jpg,3*(5*1)=15
train/56384.jpg,3-1+6=8
train/56385.jpg,(3-2)-9=-8
train/56386.jpg,6+8*1=14
train/56387.jpg,5*(1+6)=35
train/56388.jpg,7-8-9=-10
train/56389.jpg,3*2+5=11
train/56390.jpg,(3*9)*0=0
train/56391.jpg,6-(2-1)=5
train/56392.jpg,5-(4+8)=-7
train/56393.jpg,(3+4)-2=5
train/56394.jpg,1+(4-8)=-3
train/56395.jpg,2-0-5=-3
train/56396.jpg,(7*4)+1=29
train/56397.jpg,(7+5)*9=108
train/56398.jpg,0*0*4=0
train/56399.jpg,9*(5-8)=-27
train/56400.jpg,0*(4-8)=0
train/56401.jpg,(7+8)*7=105
train/56402.jpg,0*2+6=6
train/56403.jpg,4-(8-8)=4
train/56404.jpg,6*(8-2)=36
train/56405.jpg,(9+8)+0=17
train/56406.jpg,(9-6)-3=0
train/56407.jpg,1*9-2=7
train/56408.jpg,3-(4*4)=-13
train/56409.jpg,(7+1)*4=32
train/56410.jpg,(5+3)-0=8
train/56411.jpg,(5+2)+9=16
train/56412.jpg,(9+8)-9=8
train/56413.jpg,3-8*3=-21
train/56414.jpg,(0-6)+0=-6
train/56415.jpg,(4+7)-9=2
train/56416.jpg,3*2+4=10
train/56417.jpg,(2+6)*9=72
train/56418.jpg,1-1+1=1
train/56419.jpg,9*3+7=34
train/56420.jpg,(9-5)*0=0
train/56421.jpg,2-(5*4)=-18
train/56422.jpg,(0+8)-9=-1
train/56423.jpg,5+5+3=13
train/56424.jpg,8*0-4=-4
train/56425.jpg,4-3+1=2
train/56426.jpg,4+3-6=1
train/56427.jpg,8+(2*9)=26
train/56428.jpg,5-4-4=-3
train/56429.jpg,(3*4)+6=18
train/56430.jpg,0*(2*3)=0
train/56431.jpg,(6*6)*6=216
train/56432.jpg,(5-5)+8=8
train/56433.jpg,(9-3)-3=3
train/56434.jpg,3-2*6=-9
train/56435.jpg,1+6-9=-2
train/56436.jpg,2-3*6=-16
train/56437.jpg,5*1-3=2
train/56438.jpg,(2+0)*5=10
train/56439.jpg,(1*2)-1=1
train/56440.jpg,3-4*4=-13
train/56441.jpg,5-(9-5)=1
train/56442.jpg,7+(9+3)=19
train/56443.jpg,(6-1)+5=10
train/56444.jpg,2*3*0=0
train/56445.jpg,5-(6*1)=-1
train/56446.jpg,(6+9)*1=15
train/56447.jpg,(7+7)+1=15
train/56448.jpg,(8-9)-9=-10
train/56449.jpg,4-0-2=2
train/56450.jpg,1+5-8=-2
train/56451.jpg,(4+1)*8=40
train/56452.jpg,5-(8*0)=5
train/56453.jpg,5+(9*7)=68
train/56454.jpg,(5*3)+9=24
train/56455.jpg,(7-7)-3=-3
train/56456.jpg,(6*4)*0=0
train/56457.jpg,(0*3)+9=9
train/56458.jpg,(7+6)*1=13
train/56459.jpg,3-(2*7)=-11
train/56460.jpg,8+(1-4)=5
train/56461.jpg,7*(0+1)=7
train/56462.jpg,6-(7+6)=-7
train/56463.jpg,4*(3+9)=48
train/56464.jpg,9+(3-6)=6
train/56465.jpg,2-(0+7)=-5
train/56466.jpg,2-(5*1)=-3
train/56467.jpg,5*5+3=28
train/56468.jpg,8-(1+6)=1
train/56469.jpg,7*(0-1)=-7
train/56470.jpg,(7*0)*1=0
train/56471.jpg,5+(4+0)=9
train/56472.jpg,(4*1)+4=8
train/56473.jpg,2-(6+4)=-8
train/56474.jpg,(9*9)+7=88
train/56475.jpg,5*3+0=15
train/56476.jpg,7*3-9=12
train/56477.jpg,2+7+9=18
train/56478.jpg,(3*0)-0=0
train/56479.jpg,(7-0)*4=28
train/56480.jpg,(3-7)-8=-12
train/56481.jpg,8+(3+2)=13
train/56482.jpg,(1+4)*9=45
train/56483.jpg,3+(7+3)=13
train/56484.jpg,(8*7)-2=54
train/56485.jpg,1+(5-0)=6
train/56486.jpg,0+(7+7)=14
train/56487.jpg,(6+0)*9=54
train/56488.jpg,8-(4-8)=12
train/56489.jpg,(6-7)+9=8
train/56490.jpg,(4+4)*4=32
train/56491.jpg,7*(1*7)=49
train/56492.jpg,7+(3-6)=4
train/56493.jpg,6+(8-9)=5
train/56494.jpg,7-6*3=-11
train/56495.jpg,8-(8-9)=9
train/56496.jpg,0*0-2=-2
train/56497.jpg,9-(5*6)=-21
train/56498.jpg,(8-7)-6=-5
train/56499.jpg,1+(5+7)=13
train/56500.jpg,(1+2)*0=0
train/56501.jpg,5*(3-6)=-15
train/56502.jpg,(4-0)-6=-2
train/56503.jpg,6*4*0=0
train/56504.jpg,2*8*3=48
train/56505.jpg,5-(3-0)=2
train/56506.jpg,0+(6*8)=48
train/56507.jpg,(7+8)+3=18
train/56508.jpg,(8*1)*8=64
train/56509.jpg,1-(5+0)=-4
train/56510.jpg,(5-0)+1=6
train/56511.jpg,1+(2*3)=7
train/56512.jpg,8*6-6=42
train/56513.jpg,3*(4+5)=27
train/56514.jpg,(5-3)*5=10
train/56515.jpg,7*(7-1)=42
train/56516.jpg,1-(0*5)=1
train/56517.jpg,6-(9*4)=-30
train/56518.jpg,2*(8+2)=20
train/56519.jpg,7-(7-9)=9
train/56520.jpg,(6+2)+9=17
train/56521.jpg,(3*3)+3=12
train/56522.jpg,7+(2*3)=13
train/56523.jpg,9+6-9=6
train/56524.jpg,(1*0)+4=4
train/56525.jpg,7+6+5=18
train/56526.jpg,6+(1-7)=0
train/56527.jpg,7-(5+5)=-3
train/56528.jpg,5+6-7=4
train/56529.jpg,(5*4)+2=22
train/56530.jpg,1*6*0=0
train/56531.jpg,(4-6)-5=-7
train/56532.jpg,(2+4)*0=0
train/56533.jpg,1-(6*7)=-41
train/56534.jpg,(4-5)+8=7
train/56535.jpg,(4+0)-3=1
train/56536.jpg,8+4+8=20
train/56537.jpg,2+4*9=38
train/56538.jpg,2-(8-4)=-2
train/56539.jpg,3*(6-9)=-9
train/56540.jpg,2-6*0=2
train/56541.jpg,9-8+7=8
train/56542.jpg,(5*9)+3=48
train/56543.jpg,0-6+8=2
train/56544.jpg,(4*0)-0=0
train/56545.jpg,(8-3)*4=20
train/56546.jpg,3-5*3=-12
train/56547.jpg,2*(5*2)=20
train/56548.jpg,9*(8*6)=432
train/56549.jpg,1*6-1=5
train/56550.jpg,(5-8)+7=4
train/56551.jpg,(2-1)*2=2
train/56552.jpg,2*(2-7)=-10
train/56553.jpg,0*(9-6)=0
train/56554.jpg,7+(1*4)=11
train/56555.jpg,6*(8+4)=72
train/56556.jpg,2-1-3=-2
train/56557.jpg,(9*9)*0=0
train/56558.jpg,(7*3)-5=16
train/56559.jpg,(1-9)+7=-1
train/56560.jpg,8-3+7=12
train/56561.jpg,(8-2)-3=3
train/56562.jpg,(6*1)+7=13
train/56563.jpg,7*(6*1)=42
train/56564.jpg,3+(3-0)=6
train/56565.jpg,(2+3)-9=-4
train/56566.jpg,2-5-0=-3
train/56567.jpg,6-1-0=5
train/56568.jpg,4-3*1=1
train/56569.jpg,6*(0+3)=18
train/56570.jpg,9-(8+5)=-4
train/56571.jpg,2*8-5=11
train/56572.jpg,1-4-2=-5
train/56573.jpg,2*2+5=9
train/56574.jpg,7*(9-9)=0
train/56575.jpg,4+7+7=18
train/56576.jpg,(1+8)-6=3
train/56577.jpg,3+(7*1)=10
train/56578.jpg,0-(9*1)=-9
train/56579.jpg,1-6-6=-11
train/56580.jpg,4-1-6=-3
train/56581.jpg,0+0*1=0
train/56582.jpg,(5*3)*8=120
train/56583.jpg,(0*8)-9=-9
train/56584.jpg,(8*7)+7=63
train/56585.jpg,(2*0)*7=0
train/56586.jpg,0+1*9=9
train/56587.jpg,2*3*8=48
train/56588.jpg,6*(3+6)=54
train/56589.jpg,1+(4*0)=1
train/56590.jpg,9*6+0=54
train/56591.jpg,(7*6)+0=42
train/56592.jpg,1*(4+9)=13
train/56593.jpg,5+2-9=-2
train/56594.jpg,3*(8+4)=36
train/56595.jpg,0+(8+9)=17
train/56596.jpg,(4*0)-0=0
train/56597.jpg,8+8+1=17
train/56598.jpg,(2+3)-5=0
train/56599.jpg,(5-2)+9=12
train/56600.jpg,(4-0)-9=-5
train/56601.jpg,8-(8*4)=-24
train/56602.jpg,1+0-4=-3
train/56603.jpg,3*(1-6)=-15
train/56604.jpg,8+(2-9)=1
train/56605.jpg,4-0+6=10
train/56606.jpg,6*9-2=52
train/56607.jpg,(1*5)+5=10
train/56608.jpg,3*(8*2)=48
train/56609.jpg,(0+6)-3=3
train/56610.jpg,6*9-7=47
train/56611.jpg,(9-8)-3=-2
train/56612.jpg,0*(7-8)=0
train/56613.jpg,9-6-6=-3
train/56614.jpg,7*2+0=14
train/56615.jpg,0+5+7=12
train/56616.jpg,(8+9)-4=13
train/56617.jpg,6+6*8=54
train/56618.jpg,7+(7-4)=10
train/56619.jpg,8-9+8=7
train/56620.jpg,6-(3-0)=3
train/56621.jpg,3*(2+9)=33
train/56622.jpg,9+1-1=9
train/56623.jpg,8*(3+5)=64
train/56624.jpg,(4+0)-4=0
train/56625.jpg,2*1-6=-4
train/56626.jpg,2-2-6=-6
train/56627.jpg,8*7+2=58
train/56628.jpg,(7-2)+6=11
train/56629.jpg,(6-6)*0=0
train/56630.jpg,(6+9)*1=15
train/56631.jpg,4+(2*4)=12
train/56632.jpg,8*0-4=-4
train/56633.jpg,4+8*9=76
train/56634.jpg,8+(8-7)=9
train/56635.jpg,(3-0)-9=-6
train/56636.jpg,4-(6+5)=-7
train/56637.jpg,6+9*7=69
train/56638.jpg,4-4-2=-2
train/56639.jpg,2-(6+4)=-8
train/56640.jpg,2-(9*0)=2
train/56641.jpg,1-(3-1)=-1
train/56642.jpg,4*2*0=0
train/56643.jpg,0*7*0=0
train/56644.jpg,9+(3+7)=19
train/56645.jpg,0*(2+3)=0
train/56646.jpg,(5+5)*2=20
train/56647.jpg,5*4*5=100
train/56648.jpg,8*(3*6)=144
train/56649.jpg,5+(3-1)=7
train/56650.jpg,(5-7)*1=-2
train/56651.jpg,(7+6)+9=22
train/56652.jpg,2*(9*1)=18
train/56653.jpg,8+(1*4)=12
train/56654.jpg,8-(2*0)=8
train/56655.jpg,7*2-4=10
train/56656.jpg,(9*2)*0=0
train/56657.jpg,3*(8+9)=51
train/56658.jpg,4-(8+4)=-8
train/56659.jpg,4+0*4=4
train/56660.jpg,5-(7+9)=-11
train/56661.jpg,(8*0)-5=-5
train/56662.jpg,(1-9)*3=-24
train/56663.jpg,2-5-6=-9
train/56664.jpg,(2*3)-6=0
train/56665.jpg,5+5*8=45
train/56666.jpg,8+(1-5)=4
train/56667.jpg,(1-7)*3=-18
train/56668.jpg,0*(9-2)=0
train/56669.jpg,5+(6-6)=5
train/56670.jpg,5*(5+0)=25
train/56671.jpg,2+(5+4)=11
train/56672.jpg,5+8-4=9
train/56673.jpg,(6*0)+1=1
train/56674.jpg,4-(6*3)=-14
train/56675.jpg,7+2+8=17
train/56676.jpg,5-(3-3)=5
train/56677.jpg,8-9+0=-1
train/56678.jpg,(6*2)-7=5
train/56679.jpg,5*5*8=200
train/56680.jpg,3-(6+5)=-8
train/56681.jpg,(4*3)*5=60
train/56682.jpg,(1-8)+8=1
train/56683.jpg,9-8+3=4
train/56684.jpg,0-(3*8)=-24
train/56685.jpg,8+3-5=6
train/56686.jpg,5+4+5=14
train/56687.jpg,(1*9)+0=9
train/56688.jpg,(2+4)-0=6
train/56689.jpg,1+(5-4)=2
train/56690.jpg,(3+1)*2=8
train/56691.jpg,3+9*2=21
train/56692.jpg,8+(6+5)=19
train/56693.jpg,(4+5)+9=18
train/56694.jpg,2*(1*8)=16
train/56695.jpg,(1-7)*8=-48
train/56696.jpg,1-9+6=-2
train/56697.jpg,8+9*8=80
train/56698.jpg,(6-3)-6=-3
train/56699.jpg,6*(4+3)=42
train/56700.jpg,5-0*3=5
train/56701.jpg,(0*1)-9=-9
train/56702.jpg,(7*1)-6=1
train/56703.jpg,4*4*7=112
train/56704.jpg,8*8+2=66
train/56705.jpg,4-(6-3)=1
train/56706.jpg,(5-7)-5=-7
train/56707.jpg,2-4*5=-18
train/56708.jpg,(5-4)-9=-8
train/56709.jpg,2-(2+3)=-3
train/56710.jpg,9*(1*3)=27
train/56711.jpg,9-(5-4)=8
train/56712.jpg,3+8+6=17
train/56713.jpg,6+(4+0)=10
train/56714.jpg,1-9+4=-4
train/56715.jpg,9*3*7=189
train/56716.jpg,(2*5)+5=15
train/56717.jpg,(3+1)+2=6
train/56718.jpg,2-8+0=-6
train/56719.jpg,4-(5+6)=-7
train/56720.jpg,4-(7-7)=4
train/56721.jpg,5+4*0=5
train/56722.jpg,3+(2-6)=-1
train/56723.jpg,4+(8*4)=36
train/56724.jpg,9-3*1=6
train/56725.jpg,4-(4*6)=-20
train/56726.jpg,2+1-5=-2
train/56727.jpg,1*7-9=-2
train/56728.jpg,8+2*6=20
train/56729.jpg,4-(8-1)=-3
train/56730.jpg,4*(6-4)=8
train/56731.jpg,8+2+4=14
train/56732.jpg,0-3*2=-6
train/56733.jpg,3-5*1=-2
train/56734.jpg,(4-1)-9=-6
train/56735.jpg,(9*9)*9=729
train/56736.jpg,(0+4)+0=4
train/56737.jpg,(2+1)+8=11
train/56738.jpg,8-3-3=2
train/56739.jpg,3+7*4=31
train/56740.jpg,(4*8)-9=23
train/56741.jpg,4-(7-7)=4
train/56742.jpg,(9-9)-3=-3
train/56743.jpg,9+(8+9)=26
train/56744.jpg,1+6*0=1
train/56745.jpg,6*5+9=39
train/56746.jpg,2-0-6=-4
train/56747.jpg,4+7-8=3
train/56748.jpg,(3-2)-0=1
train/56749.jpg,9-4-5=0
train/56750.jpg,5-0+6=11
train/56751.jpg,6*(7+3)=60
train/56752.jpg,(8-2)*4=24
train/56753.jpg,(1*3)*7=21
train/56754.jpg,2-5*4=-18
train/56755.jpg,9-(9+1)=-1
train/56756.jpg,(1*3)+7=10
train/56757.jpg,9+(7-6)=10
train/56758.jpg,(7*1)+8=15
train/56759.jpg,(6+4)*9=90
train/56760.jpg,0*6+2=2
train/56761.jpg,1*(8*5)=40
train/56762.jpg,1-5-6=-10
train/56763.jpg,0+9-4=5
train/56764.jpg,8+(4+8)=20
train/56765.jpg,4*9+3=39
train/56766.jpg,6*(9+5)=84
train/56767.jpg,7*(2*7)=98
train/56768.jpg,(6*9)+2=56
train/56769.jpg,(2+8)-2=8
train/56770.jpg,9-3*4=-3
train/56771.jpg,3*9-1=26
train/56772.jpg,(3+3)*9=54
train/56773.jpg,1+5+4=10
train/56774.jpg,8-2+0=6
train/56775.jpg,6-(9-7)=4
train/56776.jpg,(1*1)*8=8
train/56777.jpg,9*8+0=72
train/56778.jpg,4*(6-7)=-4
train/56779.jpg,(5*2)-9=1
train/56780.jpg,7+(8*4)=39
train/56781.jpg,3+2-9=-4
train/56782.jpg,3-(3+9)=-9
train/56783.jpg,(4+7)-3=8
train/56784.jpg,(0+0)*8=0
train/56785.jpg,6+(5-7)=4
train/56786.jpg,0-(9+9)=-18
train/56787.jpg,8-(5*1)=3
train/56788.jpg,5-4*8=-27
train/56789.jpg,(1*4)*1=4
train/56790.jpg,5*(3-2)=5
train/56791.jpg,2+7+0=9
train/56792.jpg,4+(2-3)=3
train/56793.jpg,(6*9)+8=62
train/56794.jpg,3-(3+1)=-1
train/56795.jpg,(1+2)-7=-4
train/56796.jpg,(8-6)-4=-2
train/56797.jpg,6+(8+3)=17
train/56798.jpg,5*0+9=9
train/56799.jpg,6-8*3=-18
train/56800.jpg,(1-5)*5=-20
train/56801.jpg,7*8+6=62
train/56802.jpg,0+7-3=4
train/56803.jpg,1*(9*0)=0
train/56804.jpg,7-2-2=3
train/56805.jpg,7*8-5=51
train/56806.jpg,(3+1)*1=4
train/56807.jpg,(4-5)+3=2
train/56808.jpg,0+(7-0)=7
train/56809.jpg,3-(7+4)=-8
train/56810.jpg,7+(5*8)=47
train/56811.jpg,0+6-8=-2
train/56812.jpg,6-(2+1)=3
train/56813.jpg,(7+2)+6=15
train/56814.jpg,8*(6*6)=288
train/56815.jpg,9+6*5=39
train/56816.jpg,(0-1)-1=-2
train/56817.jpg,4*9+8=44
train/56818.jpg,(4-5)-9=-10
train/56819.jpg,(0-0)+9=9
train/56820.jpg,9-4+9=14
train/56821.jpg,3+(8-3)=8
train/56822.jpg,7+8+1=16
train/56823.jpg,(9+7)-8=8
train/56824.jpg,6+7-6=7
train/56825.jpg,4*(0+6)=24
train/56826.jpg,2+9+1=12
train/56827.jpg,(1-4)*4=-12
train/56828.jpg,(6*5)-4=26
train/56829.jpg,5-3*6=-13
train/56830.jpg,1*9+2=11
train/56831.jpg,6-(6-0)=0
train/56832.jpg,2-(0+4)=-2
train/56833.jpg,6+1*5=11
train/56834.jpg,(6*1)-5=1
train/56835.jpg,7*8*7=392
train/56836.jpg,(2+3)*3=15
train/56837.jpg,2+0+2=4
train/56838.jpg,9-(5+4)=0
train/56839.jpg,9+5*8=49
train/56840.jpg,4-6*2=-8
train/56841.jpg,7*(0-5)=-35
train/56842.jpg,5-(8-8)=5
train/56843.jpg,(2+7)+9=18
train/56844.jpg,9+(0+2)=11
train/56845.jpg,(0*5)-3=-3
train/56846.jpg,5-(6*7)=-37
train/56847.jpg,7-7-7=-7
train/56848.jpg,1+(4-5)=0
train/56849.jpg,(5+6)+7=18
train/56850.jpg,7-(7*7)=-42
train/56851.jpg,(2-7)-0=-5
train/56852.jpg,9-(1*1)=8
train/56853.jpg,9*8-7=65
train/56854.jpg,7-7-1=-1
train/56855.jpg,1-6-7=-12
train/56856.jpg,7*8*7=392
train/56857.jpg,1-(4*7)=-27
train/56858.jpg,(6-3)+8=11
train/56859.jpg,4+(5+4)=13
train/56860.jpg,9*(8*8)=576
train/56861.jpg,6-(6*9)=-48
train/56862.jpg,(9+6)-9=6
train/56863.jpg,5*(2*8)=80
train/56864.jpg,(9+1)*6=60
train/56865.jpg,9+(6+6)=21
train/56866.jpg,6+(0-7)=-1
train/56867.jpg,2*8+4=20
train/56868.jpg,2+6+8=16
train/56869.jpg,6+(4-5)=5
train/56870.jpg,2+(7*8)=58
train/56871.jpg,4+(4+8)=16
train/56872.jpg,(2*6)*5=60
train/56873.jpg,(5*9)*5=225
train/56874.jpg,6*(0+0)=0
train/56875.jpg,4*0+3=3
train/56876.jpg,6-(6+2)=-2
train/56877.jpg,(1*7)-3=4
train/56878.jpg,(7+3)-2=8
train/56879.jpg,(5+3)+1=9
train/56880.jpg,3+(7*0)=3
train/56881.jpg,1*9+7=16
train/56882.jpg,1+(8*9)=73
train/56883.jpg,7+7+6=20
train/56884.jpg,1*(7*3)=21
train/56885.jpg,1*7+6=13
train/56886.jpg,(6+6)*0=0
train/56887.jpg,6+3*6=24
train/56888.jpg,8-8*4=-24
train/56889.jpg,7+(2*5)=17
train/56890.jpg,6+(6+2)=14
train/56891.jpg,1-(7-5)=-1
train/56892.jpg,1*2+9=11
train/56893.jpg,0+(1-9)=-8
train/56894.jpg,6-3-7=-4
train/56895.jpg,2-5+9=6
train/56896.jpg,9-1*9=0
train/56897.jpg,8+(7+1)=16
train/56898.jpg,5+(7*5)=40
train/56899.jpg,7*7+9=58
train/56900.jpg,5+(8*2)=21
train/56901.jpg,9-(4-3)=8
train/56902.jpg,3+(0+6)=9
train/56903.jpg,7+(0+2)=9
train/56904.jpg,3*(5-5)=0
train/56905.jpg,0-1+2=1
train/56906.jpg,4-9-7=-12
train/56907.jpg,6*(8*0)=0
train/56908.jpg,(2+9)*1=11
train/56909.jpg,6+(8+1)=15
train/56910.jpg,(1-9)+2=-6
train/56911.jpg,(9-1)+5=13
train/56912.jpg,(8*2)+0=16
train/56913.jpg,5+(0-7)=-2
train/56914.jpg,(2+9)-2=9
train/56915.jpg,(6*3)-4=14
train/56916.jpg,7*(5*7)=245
train/56917.jpg,(4-3)+2=3
train/56918.jpg,0*(8-8)=0
train/56919.jpg,4+9*3=31
train/56920.jpg,5+(8-4)=9
train/56921.jpg,(6-4)*0=0
train/56922.jpg,7*0*3=0
train/56923.jpg,2*2*2=8
train/56924.jpg,(5-0)+2=7
train/56925.jpg,(9-6)*6=18
train/56926.jpg,8*(2+1)=24
train/56927.jpg,(4+9)-6=7
train/56928.jpg,7*4*8=224
train/56929.jpg,5+(6*7)=47
train/56930.jpg,4+(3+3)=10
train/56931.jpg,8-4+6=10
train/56932.jpg,(3-1)*9=18
train/56933.jpg,(0-7)*8=-56
train/56934.jpg,9-7-9=-7
train/56935.jpg,7*2*6=84
train/56936.jpg,(7+9)-3=13
train/56937.jpg,1*(4*4)=16
train/56938.jpg,7*6+3=45
train/56939.jpg,8+(7+4)=19
train/56940.jpg,2+(5+5)=12
train/56941.jpg,(9+8)+0=17
train/56942.jpg,(2+2)*8=32
train/56943.jpg,(6+1)-1=6
train/56944.jpg,7*(5+6)=77
train/56945.jpg,(8+3)*4=44
train/56946.jpg,9+(7+3)=19
train/56947.jpg,4+5*2=14
train/56948.jpg,1-(5*4)=-19
train/56949.jpg,8*3-2=22
train/56950.jpg,8-3*9=-19
train/56951.jpg,9-(3*7)=-12
train/56952.jpg,(6+1)+0=7
train/56953.jpg,4*(1-6)=-20
train/56954.jpg,7+(1-6)=2
train/56955.jpg,7*0*5=0
train/56956.jpg,(5*0)-3=-3
train/56957.jpg,6*5-4=26
train/56958.jpg,2+(5*8)=42
train/56959.jpg,7*(9-4)=35
train/56960.jpg,6+2-2=6
train/56961.jpg,2-7+2=-3
train/56962.jpg,(5*9)-8=37
train/56963.jpg,(6+0)*1=6
train/56964.jpg,(0+1)-4=-3
train/56965.jpg,9+2-1=10
train/56966.jpg,(0-3)*9=-27
train/56967.jpg,9+4+5=18
train/56968.jpg,(3-7)-3=-7
train/56969.jpg,(3*0)+0=0
train/56970.jpg,1-(4*5)=-19
train/56971.jpg,1-(1*8)=-7
train/56972.jpg,8-(3+8)=-3
train/56973.jpg,7-0-0=7
train/56974.jpg,(3+5)*4=32
train/56975.jpg,6-0-1=5
train/56976.jpg,(6*7)*6=252
train/56977.jpg,(6*1)*2=12
train/56978.jpg,9-(0-6)=15
train/56979.jpg,1*(2*9)=18
train/56980.jpg,8+(0-1)=7
train/56981.jpg,(7+6)*8=104
train/56982.jpg,9-7*8=-47
train/56983.jpg,(4+6)-3=7
train/56984.jpg,8+(4+4)=16
train/56985.jpg,7*8+1=57
train/56986.jpg,1+5+0=6
train/56987.jpg,8*6*9=432
train/56988.jpg,(6+8)+3=17
train/56989.jpg,4*(4+8)=48
train/56990.jpg,9-2+1=8
train/56991.jpg,7*0+4=4
train/56992.jpg,1*(4-1)=3
train/56993.jpg,0*0*4=0
train/56994.jpg,(4-8)+8=4
train/56995.jpg,0+(0*2)=0
train/56996.jpg,3-(3*8)=-21
train/56997.jpg,(7+3)*3=30
train/56998.jpg,4+2*2=8
train/56999.jpg,(1*8)*2=16
train/57000.jpg,7+(9*0)=7
train/57001.jpg,(6-5)-1=0
train/57002.jpg,(5-5)*4=0
train/57003.jpg,(2-5)+5=2
train/57004.jpg,(4+0)*2=8
train/57005.jpg,1*6-2=4
train/57006.jpg,(4+4)-2=6
train/57007.jpg,0-(9*0)=0
train/57008.jpg,1-2-9=-10
train/57009.jpg,3-9*2=-15
train/57010.jpg,8*(8+5)=104
train/57011.jpg,3+4-9=-2
train/57012.jpg,(1-7)*9=-54
train/57013.jpg,6+9+6=21
train/57014.jpg,0*9+2=2
train/57015.jpg,3-(6+1)=-4
train/57016.jpg,1+(9*7)=64
train/57017.jpg,3+(7-4)=6
train/57018.jpg,6-(8*7)=-50
train/57019.jpg,6*2-5=7
train/57020.jpg,(7+7)*7=98
train/57021.jpg,7+1-8=0
train/57022.jpg,2*8+5=21
train/57023.jpg,2*4*0=0
train/57024.jpg,(5-2)+5=8
train/57025.jpg,1*0*5=0
train/57026.jpg,3*(6*6)=108
train/57027.jpg,2+7-5=4
train/57028.jpg,(4*1)+6=10
train/57029.jpg,(1+8)-2=7
train/57030.jpg,6*0*6=0
train/57031.jpg,4+(1+7)=12
train/57032.jpg,5+7*4=33
train/57033.jpg,2-3+5=4
train/57034.jpg,(8-0)-4=4
train/57035.jpg,1+1*9=10
train/57036.jpg,7+6+7=20
train/57037.jpg,4-4+9=9
train/57038.jpg,2*2-1=3
train/57039.jpg,(5+7)-3=9
train/57040.jpg,5*9-0=45
train/57041.jpg,9*3-3=24
train/57042.jpg,5*2+8=18
train/57043.jpg,5*4-0=20
train/57044.jpg,(3+5)*6=48
train/57045.jpg,(5+2)*3=21
train/57046.jpg,(3*9)+6=33
train/57047.jpg,5*(4+0)=20
train/57048.jpg,2*6+3=15
train/57049.jpg,5-5*5=-20
train/57050.jpg,(6-6)-4=-4
train/57051.jpg,5-8+9=6
train/57052.jpg,3*(7*4)=84
train/57053.jpg,(5+1)*6=36
train/57054.jpg,7+4+1=12
train/57055.jpg,7*3-1=20
train/57056.jpg,8+4*0=8
train/57057.jpg,(9-3)-1=5
train/57058.jpg,4+0*4=4
train/57059.jpg,7+7-2=12
train/57060.jpg,(0*0)-8=-8
train/57061.jpg,7*2*1=14
train/57062.jpg,(0+3)-2=1
train/57063.jpg,(7*3)*2=42
train/57064.jpg,(0-1)*2=-2
train/57065.jpg,(2-4)+3=1
train/57066.jpg,8*9*7=504
train/57067.jpg,(0-4)-7=-11
train/57068.jpg,1-(5-9)=5
train/57069.jpg,9*(5-3)=18
train/57070.jpg,(7*0)*9=0
train/57071.jpg,7+9-0=16
train/57072.jpg,6+(0*1)=6
train/57073.jpg,6-4*0=6
train/57074.jpg,1+9*0=1
train/57075.jpg,0*2-2=-2
train/57076.jpg,(3+3)-3=3
train/57077.jpg,(0-4)*6=-24
train/57078.jpg,7*(4-2)=14
train/57079.jpg,5+(3*2)=11
train/57080.jpg,0-(1-6)=5
train/57081.jpg,(8+3)-4=7
train/57082.jpg,8+0+4=12
train/57083.jpg,6*(4-4)=0
train/57084.jpg,(4+1)+0=5
train/57085.jpg,(1+0)-6=-5
train/57086.jpg,6-6*5=-24
train/57087.jpg,8-(2+5)=1
train/57088.jpg,4+(1+7)=12
train/57089.jpg,(9*5)*1=45
train/57090.jpg,1+(4-5)=0
train/57091.jpg,3+3*3=12
train/57092.jpg,6-(0+4)=2
train/57093.jpg,3*(6*6)=108
train/57094.jpg,(6-0)+3=9
train/57095.jpg,9+0-4=5
train/57096.jpg,0*(8-6)=0
train/57097.jpg,(2-6)-1=-5
train/57098.jpg,6*(9-0)=54
train/57099.jpg,8*1*6=48
train/57100.jpg,3-5+1=-1
train/57101.jpg,8-8+2=2
train/57102.jpg,7+5+0=12
train/57103.jpg,4*2-0=8
train/57104.jpg,(0*5)+2=2
train/57105.jpg,(9+1)*0=0
train/57106.jpg,(8-0)*0=0
train/57107.jpg,9+7*0=9
train/57108.jpg,(8+5)+1=14
train/57109.jpg,(2+2)-1=3
train/57110.jpg,4-9*2=-14
train/57111.jpg,(2-1)-3=-2
train/57112.jpg,9-2-9=-2
train/57113.jpg,(8*9)*8=576
train/57114.jpg,(7-3)+4=8
train/57115.jpg,9-(5+6)=-2
train/57116.jpg,(2+6)+1=9
train/57117.jpg,5-(6+7)=-8
train/57118.jpg,(3-8)+9=4
train/57119.jpg,4-6-2=-4
train/57120.jpg,1+(1+6)=8
train/57121.jpg,9-4+5=10
train/57122.jpg,9*0+7=7
train/57123.jpg,7-4*7=-21
train/57124.jpg,7+(6*8)=55
train/57125.jpg,8+(8+3)=19
train/57126.jpg,2*7+6=20
train/57127.jpg,(6*9)+1=55
train/57128.jpg,8+(7*0)=8
train/57129.jpg,9-7+4=6
train/57130.jpg,(7-2)*2=10
train/57131.jpg,3*8-1=23
train/57132.jpg,(4+0)-2=2
train/57133.jpg,3+(9*2)=21
train/57134.jpg,(7+6)+4=17
train/57135.jpg,9*(5-1)=36
train/57136.jpg,(7-1)-6=0
train/57137.jpg,0-0-0=0
train/57138.jpg,1-(4*9)=-35
train/57139.jpg,3*0+5=5
train/57140.jpg,0-7+5=-2
train/57141.jpg,7*9+2=65
train/57142.jpg,8-2*3=2
train/57143.jpg,7-0+0=7
train/57144.jpg,4-5-7=-8
train/57145.jpg,1+(0-3)=-2
train/57146.jpg,9-(6-7)=10
train/57147.jpg,(7-3)-8=-4
train/57148.jpg,9+1*9=18
train/57149.jpg,9+2*2=13
train/57150.jpg,0+1+6=7
train/57151.jpg,0-3*6=-18
train/57152.jpg,2+5*6=32
train/57153.jpg,5-1-2=2
train/57154.jpg,1-8*2=-15
train/57155.jpg,(6+6)*2=24
train/57156.jpg,9-0+0=9
train/57157.jpg,(9-1)*9=72
train/57158.jpg,1+7+7=15
train/57159.jpg,7*9+5=68
train/57160.jpg,(8*1)+9=17
train/57161.jpg,9-(7+4)=-2
train/57162.jpg,1-4-2=-5
train/57163.jpg,3+(4*5)=23
train/57164.jpg,5-(7+0)=-2
train/57165.jpg,1+7-0=8
train/57166.jpg,4+(6-0)=10
train/57167.jpg,3*(9+6)=45
train/57168.jpg,1-1*3=-2
train/57169.jpg,4*(2-1)=4
train/57170.jpg,3*(4+5)=27
train/57171.jpg,1*0*8=0
train/57172.jpg,7-4-4=-1
train/57173.jpg,(2+6)-3=5
train/57174.jpg,(0+7)-7=0
train/57175.jpg,1-(3-2)=0
train/57176.jpg,6-2-2=2
train/57177.jpg,(5+2)*5=35
train/57178.jpg,(1+8)*7=63
train/57179.jpg,6-9*0=6
train/57180.jpg,5+(1+8)=14
train/57181.jpg,(6-7)*0=0
train/57182.jpg,9+(2*3)=15
train/57183.jpg,(5-9)-3=-7
train/57184.jpg,6*4-4=20
train/57185.jpg,7-2*4=-1
train/57186.jpg,0+2*1=2
train/57187.jpg,1+6*3=19
train/57188.jpg,2*(9-2)=14
train/57189.jpg,4-(9-1)=-4
train/57190.jpg,7*(3+0)=21
train/57191.jpg,(3+4)+5=12
train/57192.jpg,2+2+6=10
train/57193.jpg,7-(5*6)=-23
train/57194.jpg,6*(4-4)=0
train/57195.jpg,(4-3)*3=3
train/57196.jpg,0*(7-7)=0
train/57197.jpg,9*(1+0)=9
train/57198.jpg,(9+7)-8=8
train/57199.jpg,7*8-7=49
train/57200.jpg,6+(4*6)=30
train/57201.jpg,6+6-4=8
train/57202.jpg,(6+0)+5=11
train/57203.jpg,(8-2)-4=2
train/57204.jpg,1+(2+9)=12
train/57205.jpg,8+1+2=11
train/57206.jpg,2*(5-6)=-2
train/57207.jpg,1-(8-0)=-7
train/57208.jpg,6-6*5=-24
train/57209.jpg,1-4*3=-11
train/57210.jpg,8-1+0=7
train/57211.jpg,8-(5*2)=-2
train/57212.jpg,9+2-5=6
train/57213.jpg,(8-4)+0=4
train/57214.jpg,0*(3*4)=0
train/57215.jpg,5*8+3=43
train/57216.jpg,2-(3*2)=-4
train/57217.jpg,0+(3*6)=18
train/57218.jpg,9-(2*2)=5
train/57219.jpg,4*(4*5)=80
train/57220.jpg,9-7-8=-6
train/57221.jpg,(6-7)-0=-1
train/57222.jpg,0*8-4=-4
train/57223.jpg,1*(1-6)=-5
train/57224.jpg,(1+1)-0=2
train/57225.jpg,3-7*9=-60
train/57226.jpg,5*6+6=36
train/57227.jpg,(4+0)-6=-2
train/57228.jpg,(9*6)+2=56
train/57229.jpg,4*(5+9)=56
train/57230.jpg,4+1+3=8
train/57231.jpg,8*(0*6)=0
train/57232.jpg,(5*0)-6=-6
train/57233.jpg,4-6+3=1
train/57234.jpg,(8+1)+8=17
train/57235.jpg,(0*9)+8=8
train/57236.jpg,1-3+4=2
train/57237.jpg,(4-1)-3=0
train/57238.jpg,2-(0+6)=-4
train/57239.jpg,(7-5)*6=12
train/57240.jpg,1-(2*3)=-5
train/57241.jpg,(4*8)*1=32
train/57242.jpg,1*3*7=21
train/57243.jpg,8*(8-5)=24
train/57244.jpg,6*(7+6)=78
train/57245.jpg,7-(2+0)=5
train/57246.jpg,(4-2)*3=6
train/57247.jpg,(3-5)+3=1
train/57248.jpg,8*3*3=72
train/57249.jpg,4+(9+1)=14
train/57250.jpg,1-(4-2)=-1
train/57251.jpg,(8-7)*9=9
train/57252.jpg,4-(2+9)=-7
train/57253.jpg,1+(8*6)=49
train/57254.jpg,(7*7)+9=58
train/57255.jpg,1-5-2=-6
train/57256.jpg,5*4-7=13
train/57257.jpg,(4+7)*2=22
train/57258.jpg,(3*3)*8=72
train/57259.jpg,0-1*6=-6
train/57260.jpg,5*(1+4)=25
train/57261.jpg,5+6-5=6
train/57262.jpg,(6+4)-9=1
train/57263.jpg,4+(7-4)=7
train/57264.jpg,(4*7)+1=29
train/57265.jpg,0-2-4=-6
train/57266.jpg,8*(0-0)=0
train/57267.jpg,2+(4-7)=-1
train/57268.jpg,7+(4-6)=5
train/57269.jpg,(6+6)-2=10
train/57270.jpg,7+(5+0)=12
train/57271.jpg,4*8*9=288
train/57272.jpg,1*1+9=10
train/57273.jpg,6*(1-5)=-24
train/57274.jpg,2-(9-1)=-6
train/57275.jpg,(9*4)*7=252
train/57276.jpg,(9-2)+6=13
train/57277.jpg,4*(7*3)=84
train/57278.jpg,0+(8*0)=0
train/57279.jpg,3-(1-1)=3
train/57280.jpg,(2+9)*0=0
train/57281.jpg,(4*9)-3=33
train/57282.jpg,(0-5)+2=-3
train/57283.jpg,9+(9-9)=9
train/57284.jpg,6*6-5=31
train/57285.jpg,3*6-4=14
train/57286.jpg,4+9*4=40
train/57287.jpg,8*(6*3)=144
train/57288.jpg,4-2-7=-5
train/57289.jpg,7-4*8=-25
train/57290.jpg,(2+9)-3=8
train/57291.jpg,(0-4)*6=-24
train/57292.jpg,(2*9)*8=144
train/57293.jpg,5+(9+9)=23
train/57294.jpg,2-(4*1)=-2
train/57295.jpg,7*(1*1)=7
train/57296.jpg,(4*5)*5=100
train/57297.jpg,(8*2)+2=18
train/57298.jpg,(5*8)-9=31
train/57299.jpg,(6+9)-9=6
train/57300.jpg,1+(2+3)=6
train/57301.jpg,6-(7-8)=7
train/57302.jpg,4+6*9=58
train/57303.jpg,(6*5)*6=180
train/57304.jpg,(0+3)-7=-4
train/57305.jpg,(4+7)-9=2
train/57306.jpg,(8*3)+1=25
train/57307.jpg,7+5+9=21
train/57308.jpg,5-(4+4)=-3
train/57309.jpg,9-(6-5)=8
train/57310.jpg,3*7-5=16
train/57311.jpg,6-7+2=1
train/57312.jpg,(3+3)+6=12
train/57313.jpg,9+9*4=45
train/57314.jpg,6*(5-8)=-18
train/57315.jpg,7*7-0=49
train/57316.jpg,5-8-6=-9
train/57317.jpg,5*(4*2)=40
train/57318.jpg,(1*8)+6=14
train/57319.jpg,7-(9*0)=7
train/57320.jpg,(0-1)-4=-5
train/57321.jpg,(9*7)-8=55
train/57322.jpg,9*(3-3)=0
train/57323.jpg,4-6*1=-2
train/57324.jpg,(5*3)-8=7
train/57325.jpg,7*(7+1)=56
train/57326.jpg,9-(5+6)=-2
train/57327.jpg,(1+7)*7=56
train/57328.jpg,9*(7-1)=54
train/57329.jpg,5*(1+3)=20
train/57330.jpg,2+(7-3)=6
train/57331.jpg,7*(3-6)=-21
train/57332.jpg,2+(0*5)=2
train/57333.jpg,0*4+4=4
train/57334.jpg,8+(6*6)=44
train/57335.jpg,(7-7)-2=-2
train/57336.jpg,(7-7)-4=-4
train/57337.jpg,4*3*8=96
train/57338.jpg,8-(9*5)=-37
train/57339.jpg,(7*8)-7=49
train/57340.jpg,(1*3)*8=24
train/57341.jpg,(9+0)*0=0
train/57342.jpg,(2+8)+1=11
train/57343.jpg,2-(1-2)=3
train/57344.jpg,3-9+2=-4
train/57345.jpg,5*(1+8)=45
train/57346.jpg,2+(6*1)=8
train/57347.jpg,2-(1*8)=-6
train/57348.jpg,4*7+9=37
train/57349.jpg,0+(7-9)=-2
train/57350.jpg,5-8*4=-27
train/57351.jpg,1+2*5=11
train/57352.jpg,0-0*1=0
train/57353.jpg,0*3*3=0
train/57354.jpg,(7+6)+5=18
train/57355.jpg,5-(0*4)=5
train/57356.jpg,4-(9*5)=-41
train/57357.jpg,7+(5-2)=10
train/57358.jpg,(9-1)*3=24
train/57359.jpg,(2+4)-6=0
train/57360.jpg,(1+8)*0=0
train/57361.jpg,9-(4*8)=-23
train/57362.jpg,0+3-2=1
train/57363.jpg,2*3*1=6
train/57364.jpg,0+2*8=16
train/57365.jpg,0*7-0=0
train/57366.jpg,3+(5-9)=-1
train/57367.jpg,4-(0-7)=11
train/57368.jpg,7*7+7=56
train/57369.jpg,7*8*5=280
train/57370.jpg,6*0+9=9
train/57371.jpg,9+(1+5)=15
train/57372.jpg,(7-0)-8=-1
train/57373.jpg,6+(1+4)=11
train/57374.jpg,3*5*1=15
train/57375.jpg,1-2+5=4
train/57376.jpg,(2*7)+7=21
train/57377.jpg,2*6-5=7
train/57378.jpg,0+(6-8)=-2
train/57379.jpg,5*7-9=26
train/57380.jpg,8+(4*2)=16
train/57381.jpg,(2+3)+9=14
train/57382.jpg,1*4-9=-5
train/57383.jpg,7*5*6=210
train/57384.jpg,4-(0*3)=4
train/57385.jpg,8*0*8=0
train/57386.jpg,(7+8)-9=6
train/57387.jpg,3*9-2=25
train/57388.jpg,(6-8)+9=7
train/57389.jpg,(8+7)+0=15
train/57390.jpg,8*6*0=0
train/57391.jpg,7+9*1=16
train/57392.jpg,9+0*5=9
train/57393.jpg,7*2*4=56
train/57394.jpg,7*(1*1)=7
train/57395.jpg,5+6-2=9
train/57396.jpg,0-2*9=-18
train/57397.jpg,2*9*9=162
train/57398.jpg,2*(7-7)=0
train/57399.jpg,5-(6*4)=-19
train/57400.jpg,0-(2*0)=0
train/57401.jpg,(5-5)+2=2
train/57402.jpg,(0-4)+9=5
train/57403.jpg,1*(6+7)=13
train/57404.jpg,0*(0+7)=0
train/57405.jpg,(8+9)+0=17
train/57406.jpg,7*(9+4)=91
train/57407.jpg,7*(4*9)=252
train/57408.jpg,1+(4-9)=-4
train/57409.jpg,(3-8)-6=-11
train/57410.jpg,(2*0)+6=6
train/57411.jpg,(4*0)*4=0
train/57412.jpg,6*(6*7)=252
train/57413.jpg,(5*7)+8=43
train/57414.jpg,(0+9)-0=9
train/57415.jpg,4+4-3=5
train/57416.jpg,3*(6-9)=-9
train/57417.jpg,3-(6+1)=-4
train/57418.jpg,(2+0)*7=14
train/57419.jpg,1-9+6=-2
train/57420.jpg,3+7+0=10
train/57421.jpg,(7+7)*9=126
train/57422.jpg,9*9+8=89
train/57423.jpg,1+7-1=7
train/57424.jpg,4*(7+9)=64
train/57425.jpg,5-8-7=-10
train/57426.jpg,1-(2+1)=-2
train/57427.jpg,(4*5)*8=160
train/57428.jpg,(9-9)-5=-5
train/57429.jpg,9-8+8=9
train/57430.jpg,0*(9+5)=0
train/57431.jpg,(6+0)-3=3
train/57432.jpg,3*(8-2)=18
train/57433.jpg,1-(2-7)=6
train/57434.jpg,(6-2)*5=20
train/57435.jpg,(9-6)+2=5
train/57436.jpg,0+3-4=-1
train/57437.jpg,4*5*5=100
train/57438.jpg,(6*6)-7=29
train/57439.jpg,0+(6-9)=-3
train/57440.jpg,(0*5)-0=0
train/57441.jpg,(8+2)*9=90
train/57442.jpg,9-4-1=4
train/57443.jpg,(8-9)-9=-10
train/57444.jpg,(2-7)-4=-9
train/57445.jpg,(7+1)*2=16
train/57446.jpg,1-7+1=-5
train/57447.jpg,(8*9)+7=79
train/57448.jpg,(0-6)-0=-6
train/57449.jpg,0-(5*9)=-45
train/57450.jpg,(7*9)*7=441
train/57451.jpg,4*7+5=33
train/57452.jpg,(6+8)-8=6
train/57453.jpg,5-3-0=2
train/57454.jpg,4-(2+6)=-4
train/57455.jpg,1-(8*2)=-15
train/57456.jpg,9*3*2=54
train/57457.jpg,7*3*5=105
train/57458.jpg,4-(6*6)=-32
train/57459.jpg,(8*3)-0=24
train/57460.jpg,1+2*6=13
train/57461.jpg,(2+5)-0=7
train/57462.jpg,(0-6)+0=-6
train/57463.jpg,4*5+4=24
train/57464.jpg,6+(6*5)=36
train/57465.jpg,2-(8-1)=-5
train/57466.jpg,2*9*2=36
train/57467.jpg,5*(7*2)=70
train/57468.jpg,9-2*0=9
train/57469.jpg,8*6+9=57
train/57470.jpg,(6+7)*4=52
train/57471.jpg,8+(4+3)=15
train/57472.jpg,2+3*2=8
train/57473.jpg,6*(5-6)=-6
train/57474.jpg,(1*3)-8=-5
train/57475.jpg,5*(4+5)=45
train/57476.jpg,5-(3-8)=10
train/57477.jpg,(1+4)+5=10
train/57478.jpg,2+(4*1)=6
train/57479.jpg,5-(1+3)=1
train/57480.jpg,7*8*3=168
train/57481.jpg,3+4*3=15
train/57482.jpg,(8*6)+3=51
train/57483.jpg,0+(9-5)=4
train/57484.jpg,6+(2-2)=6
train/57485.jpg,1+9-6=4
train/57486.jpg,(2+9)*4=44
train/57487.jpg,5-(4*6)=-19
train/57488.jpg,6+(5+1)=12
train/57489.jpg,0+4*9=36
train/57490.jpg,5+8+8=21
train/57491.jpg,1-(5+5)=-9
train/57492.jpg,1*3-6=-3
train/57493.jpg,8+3+7=18
train/57494.jpg,(1+3)*7=28
train/57495.jpg,5-(0*0)=5
train/57496.jpg,9*7+1=64
train/57497.jpg,(3*9)+8=35
train/57498.jpg,(4+6)+8=18
train/57499.jpg,7-(0-3)=10
train/57500.jpg,7*(9-2)=49
train/57501.jpg,2*(4-2)=4
train/57502.jpg,(6-0)-7=-1
train/57503.jpg,4+(9*3)=31
train/57504.jpg,(3*7)*6=126
train/57505.jpg,3-7-0=-4
train/57506.jpg,(1+7)-1=7
train/57507.jpg,1+0*1=1
train/57508.jpg,6*4-1=23
train/57509.jpg,8+(2+6)=16
train/57510.jpg,4*7*5=140
train/57511.jpg,4-(4+6)=-6
train/57512.jpg,1+(5+3)=9
train/57513.jpg,7-(8-9)=8
train/57514.jpg,0+(7+7)=14
train/57515.jpg,0*1-5=-5
train/57516.jpg,3*(1-1)=0
train/57517.jpg,6+(0*5)=6
train/57518.jpg,(7-0)+7=14
train/57519.jpg,(5*8)+5=45
train/57520.jpg,2-(0-7)=9
train/57521.jpg,(1*6)*6=36
train/57522.jpg,(1-4)+7=4
train/57523.jpg,1*6-5=1
train/57524.jpg,(4+0)*1=4
train/57525.jpg,0-1-5=-6
train/57526.jpg,3*2+5=11
train/57527.jpg,1*(5-5)=0
train/57528.jpg,(9+0)-7=2
train/57529.jpg,(8*2)-8=8
train/57530.jpg,(1+5)-3=3
train/57531.jpg,2-(9-0)=-7
train/57532.jpg,2+4*5=22
train/57533.jpg,(4*5)+1=21
train/57534.jpg,7*(2*0)=0
train/57535.jpg,4-(1+2)=1
train/57536.jpg,(9*8)*9=648
train/57537.jpg,4+(7*2)=18
train/57538.jpg,6-(9-9)=6
train/57539.jpg,2-2+1=1
train/57540.jpg,7-9-6=-8
train/57541.jpg,8+(8*0)=8
train/57542.jpg,1-5-6=-10
train/57543.jpg,2*7+9=23
train/57544.jpg,(8+2)-6=4
train/57545.jpg,(7*1)*5=35
train/57546.jpg,3+(1+1)=5
train/57547.jpg,5*(7-0)=35
train/57548.jpg,5*(4*4)=80
train/57549.jpg,7-(0-9)=16
train/57550.jpg,0+(9-1)=8
train/57551.jpg,2*4+7=15
train/57552.jpg,0+2+9=11
train/57553.jpg,7*(0-8)=-56
train/57554.jpg,4-2*3=-2
train/57555.jpg,(5-3)*9=18
train/57556.jpg,(6+1)+9=16
train/57557.jpg,(3*9)+5=32
train/57558.jpg,(9*8)-0=72
train/57559.jpg,1*7*4=28
train/57560.jpg,3-(7-9)=5
train/57561.jpg,9*(3*3)=81
train/57562.jpg,5*(3+2)=25
train/57563.jpg,(7-3)-6=-2
train/57564.jpg,(8+7)-5=10
train/57565.jpg,(8-2)-2=4
train/57566.jpg,9*2*0=0
train/57567.jpg,2*(6*1)=12
train/57568.jpg,3-8-6=-11
train/57569.jpg,1-(6*7)=-41
train/57570.jpg,0-(6-7)=1
train/57571.jpg,8-(2-4)=10
train/57572.jpg,2+1-7=-4
train/57573.jpg,8*(9+0)=72
train/57574.jpg,9*2-7=11
train/57575.jpg,4+9*0=4
train/57576.jpg,(1*8)-6=2
train/57577.jpg,(9-3)*7=42
train/57578.jpg,(6-4)+0=2
train/57579.jpg,2+5*3=17
train/57580.jpg,6-(8*8)=-58
train/57581.jpg,0-(0*8)=0
train/57582.jpg,5+3*9=32
train/57583.jpg,1*2-2=0
train/57584.jpg,(5+7)-4=8
train/57585.jpg,5*7-4=31
train/57586.jpg,8-3-7=-2
train/57587.jpg,2-(7*7)=-47
train/57588.jpg,(5*5)-4=21
train/57589.jpg,2*(6+4)=20
train/57590.jpg,9-(9+3)=-3
train/57591.jpg,(1-5)*1=-4
train/57592.jpg,(5+8)*0=0
train/57593.jpg,7+(6-7)=6
train/57594.jpg,6-(4+9)=-7
train/57595.jpg,(2*5)-8=2
train/57596.jpg,2+(4-1)=5
train/57597.jpg,(8-7)+8=9
train/57598.jpg,9*9*5=405
train/57599.jpg,1*(8-3)=5
train/57600.jpg,5+3+5=13
train/57601.jpg,3-3*7=-18
train/57602.jpg,(2*4)-8=0
train/57603.jpg,7+(4+4)=15
train/57604.jpg,9*4+0=36
train/57605.jpg,0*(0+7)=0
train/57606.jpg,6+(8*6)=54
train/57607.jpg,4-(3+5)=-4
train/57608.jpg,5-(6+2)=-3
train/57609.jpg,4-(0*3)=4
train/57610.jpg,0+1*6=6
train/57611.jpg,(7+1)-2=6
train/57612.jpg,4*(3-0)=12
train/57613.jpg,(9+2)*8=88
train/57614.jpg,(1*3)-2=1
train/57615.jpg,3*5*5=75
train/57616.jpg,7-7*8=-49
train/57617.jpg,7*(5+0)=35
train/57618.jpg,8-1-5=2
train/57619.jpg,(6-8)-7=-9
train/57620.jpg,0*(6-9)=0
train/57621.jpg,(6*9)+7=61
train/57622.jpg,8-9-9=-10
train/57623.jpg,2*(1+1)=4
train/57624.jpg,(4-9)+4=-1
train/57625.jpg,(8*1)*4=32
train/57626.jpg,5-5*3=-10
train/57627.jpg,4*3-6=6
train/57628.jpg,(6+7)+5=18
train/57629.jpg,(9+8)*6=102
train/57630.jpg,8+7-5=10
train/57631.jpg,0-(9+4)=-13
train/57632.jpg,(8-9)+9=8
train/57633.jpg,0*(8+0)=0
train/57634.jpg,3*(8-7)=3
train/57635.jpg,3*1*5=15
train/57636.jpg,(7*2)-3=11
train/57637.jpg,(1*1)*8=8
train/57638.jpg,(1+7)-0=8
train/57639.jpg,2-(9*5)=-43
train/57640.jpg,(0+9)-8=1
train/57641.jpg,5*6+5=35
train/57642.jpg,3*4-7=5
train/57643.jpg,(1+4)*8=40
train/57644.jpg,0+(3-5)=-2
train/57645.jpg,8+7+0=15
train/57646.jpg,0+(3-5)=-2
train/57647.jpg,(3+8)*2=22
train/57648.jpg,5*(6+7)=65
train/57649.jpg,9+0+0=9
train/57650.jpg,(1+1)+8=10
train/57651.jpg,(3+5)*2=16
train/57652.jpg,1*6*4=24
train/57653.jpg,3+0-8=-5
train/57654.jpg,2*(7+8)=30
train/57655.jpg,3-(1*9)=-6
train/57656.jpg,2-2+9=9
train/57657.jpg,9+(3+8)=20
train/57658.jpg,(8+9)-9=8
train/57659.jpg,5*(0+1)=5
train/57660.jpg,(4*5)+1=21
train/57661.jpg,9-(4+8)=-3
train/57662.jpg,6-4-5=-3
train/57663.jpg,(8+6)+7=21
train/57664.jpg,3+(4-3)=4
train/57665.jpg,5*(6+6)=60
train/57666.jpg,6*(5*9)=270
train/57667.jpg,3+6-4=5
train/57668.jpg,2+9-1=10
train/57669.jpg,(4-7)*0=0
train/57670.jpg,(4-1)+9=12
train/57671.jpg,(7-2)-9=-4
train/57672.jpg,(0-8)*4=-32
train/57673.jpg,2+6*6=38
train/57674.jpg,(1*0)*5=0
train/57675.jpg,6-7-3=-4
train/57676.jpg,(6-1)-9=-4
train/57677.jpg,8+(7-0)=15
train/57678.jpg,(3*7)-8=13
train/57679.jpg,2*(5*3)=30
train/57680.jpg,(0+6)-9=-3
train/57681.jpg,(2+5)*5=35
train/57682.jpg,8*4-3=29
train/57683.jpg,9*(7*8)=504
train/57684.jpg,(4+4)*4=32
train/57685.jpg,3+(5+6)=14
train/57686.jpg,(5+0)+5=10
train/57687.jpg,(5-4)-7=-6
train/57688.jpg,5-(9*9)=-76
train/57689.jpg,4*2+0=8
train/57690.jpg,0-8-6=-14
train/57691.jpg,7*(4*7)=196
train/57692.jpg,9+(2+4)=15
train/57693.jpg,2-(7+2)=-7
train/57694.jpg,1-(2-4)=3
train/57695.jpg,(0-5)*7=-35
train/57696.jpg,(6-8)-9=-11
train/57697.jpg,8+(2+9)=19
train/57698.jpg,3+(9+0)=12
train/57699.jpg,0-8+9=1
train/57700.jpg,1-(4-3)=0
train/57701.jpg,9*(5+8)=117
train/57702.jpg,8-1-2=5
train/57703.jpg,5+(6-2)=9
train/57704.jpg,7-(4-3)=6
train/57705.jpg,0*5-5=-5
train/57706.jpg,(9-9)+2=2
train/57707.jpg,(2-3)-5=-6
train/57708.jpg,(5*5)+0=25
train/57709.jpg,8-7+7=8
train/57710.jpg,9-0+3=12
train/57711.jpg,1*(3-1)=2
train/57712.jpg,1+8-0=9
train/57713.jpg,(1*4)*3=12
train/57714.jpg,2-0*0=2
train/57715.jpg,2+(2-7)=-3
train/57716.jpg,4+0-8=-4
train/57717.jpg,(5+2)*8=56
train/57718.jpg,2+3-5=0
train/57719.jpg,8+3+3=14
train/57720.jpg,(4-2)-8=-6
train/57721.jpg,6-9-4=-7
train/57722.jpg,4-(0-0)=4
train/57723.jpg,3-(5+7)=-9
train/57724.jpg,(6-8)-4=-6
train/57725.jpg,9-(7*1)=2
train/57726.jpg,6*6*5=180
train/57727.jpg,(6*3)+1=19
train/57728.jpg,(3*1)+0=3
train/57729.jpg,4+(0+1)=5
train/57730.jpg,4+(0*0)=4
train/57731.jpg,(2+3)-5=0
train/57732.jpg,1+(5-8)=-2
train/57733.jpg,0-9-0=-9
train/57734.jpg,2*(7+7)=28
train/57735.jpg,5+4-1=8
train/57736.jpg,6-(6+4)=-4
train/57737.jpg,7+8*6=55
train/57738.jpg,(2*3)-2=4
train/57739.jpg,7-6-9=-8
train/57740.jpg,(3-1)*5=10
train/57741.jpg,3+3+1=7
train/57742.jpg,2-(0-5)=7
train/57743.jpg,4-(4+1)=-1
train/57744.jpg,4-1-0=3
train/57745.jpg,7+(3*3)=16
train/57746.jpg,(7*1)*3=21
train/57747.jpg,(6-9)*0=0
train/57748.jpg,4+0+4=8
train/57749.jpg,(6*7)*4=168
train/57750.jpg,2-(1*7)=-5
train/57751.jpg,3+2*9=21
train/57752.jpg,8+(9*0)=8
train/57753.jpg,(5+4)*3=27
train/57754.jpg,5-(8+5)=-8
train/57755.jpg,(4*4)-6=10
train/57756.jpg,9-7-0=2
train/57757.jpg,(1+7)*7=56
train/57758.jpg,8*(7+3)=80
train/57759.jpg,8-(2-4)=10
train/57760.jpg,4-1+5=8
train/57761.jpg,(5*0)*4=0
train/57762.jpg,8*(3*2)=48
train/57763.jpg,8+6-2=12
train/57764.jpg,8*(1+0)=8
train/57765.jpg,7+(5*9)=52
train/57766.jpg,(1*6)-7=-1
train/57767.jpg,5+(0*3)=5
train/57768.jpg,7+(5-8)=4
train/57769.jpg,9+8*6=57
train/57770.jpg,3*6+0=18
train/57771.jpg,3-1+7=9
train/57772.jpg,2+(9*0)=2
train/57773.jpg,6-3-4=-1
train/57774.jpg,6*7+5=47
train/57775.jpg,4+4*1=8
train/57776.jpg,2+7*9=65
train/57777.jpg,(1+2)+6=9
train/57778.jpg,3+9-0=12
train/57779.jpg,(8-1)-3=4
train/57780.jpg,(1+4)*7=35
train/57781.jpg,(8-1)-6=1
train/57782.jpg,3*(1+2)=9
train/57783.jpg,6+8-7=7
train/57784.jpg,(9*2)*1=18
train/57785.jpg,2*(9-8)=2
train/57786.jpg,9+4-1=12
train/57787.jpg,0-(5*4)=-20
train/57788.jpg,(2-5)+7=4
train/57789.jpg,2+7-4=5
train/57790.jpg,(2-8)*5=-30
train/57791.jpg,(4-9)-2=-7
train/57792.jpg,3-0+0=3
train/57793.jpg,3-(0*6)=3
train/57794.jpg,4*7-7=21
train/57795.jpg,0*(1+2)=0
train/57796.jpg,(5*4)*4=80
train/57797.jpg,(2-9)*9=-63
train/57798.jpg,(4*2)*2=16
train/57799.jpg,(6-6)+1=1
train/57800.jpg,7-9+9=7
train/57801.jpg,1-(2+2)=-3
train/57802.jpg,(4-2)+1=3
train/57803.jpg,(6-1)-7=-2
train/57804.jpg,5*9-9=36
train/57805.jpg,9-5+8=12
train/57806.jpg,2-(3+6)=-7
train/57807.jpg,7+(7-7)=7
train/57808.jpg,2+7*5=37
train/57809.jpg,8*(1-6)=-40
train/57810.jpg,1*(1+4)=5
train/57811.jpg,9+(7*1)=16
train/57812.jpg,0+6+1=7
train/57813.jpg,4*3-6=6
train/57814.jpg,7*(2-8)=-42
train/57815.jpg,(4-4)*5=0
train/57816.jpg,(0+1)+7=8
train/57817.jpg,3+8-5=6
train/57818.jpg,(1-5)*6=-24
train/57819.jpg,7*9-5=58
train/57820.jpg,8-(6-4)=6
train/57821.jpg,9*(1*4)=36
train/57822.jpg,9*(2*6)=108
train/57823.jpg,2*(9-9)=0
train/57824.jpg,0-(2-3)=1
train/57825.jpg,9-9*0=9
train/57826.jpg,6+4*5=26
train/57827.jpg,8-(4*4)=-8
train/57828.jpg,(7+9)-7=9
train/57829.jpg,2-4*6=-22
train/57830.jpg,4-1+9=12
train/57831.jpg,8+5*8=48
train/57832.jpg,5*(6-6)=0
train/57833.jpg,(1+5)*6=36
train/57834.jpg,3+(2+5)=10
train/57835.jpg,6-(9*1)=-3
train/57836.jpg,4+2+0=6
train/57837.jpg,2*1*9=18
train/57838.jpg,(5+3)*5=40
train/57839.jpg,5*7*1=35
train/57840.jpg,(7+1)*1=8
train/57841.jpg,7+3*5=22
train/57842.jpg,6-3-3=0
train/57843.jpg,1-2+1=0
train/57844.jpg,5-(2*3)=-1
train/57845.jpg,(9+9)+0=18
train/57846.jpg,9-5-9=-5
train/57847.jpg,3-(8*9)=-69
train/57848.jpg,9+1-1=9
train/57849.jpg,4*(6*1)=24
train/57850.jpg,(4+3)+4=11
train/57851.jpg,(7*7)-6=43
train/57852.jpg,(9*0)+7=7
train/57853.jpg,1*(0-2)=-2
train/57854.jpg,(3+7)+7=17
train/57855.jpg,8*3*7=168
train/57856.jpg,3+(8*5)=43
train/57857.jpg,7+(8+8)=23
train/57858.jpg,(4+6)+5=15
train/57859.jpg,4*6*9=216
train/57860.jpg,8*7*8=448
train/57861.jpg,5*2*3=30
train/57862.jpg,(6*5)+0=30
train/57863.jpg,5*(0-3)=-15
train/57864.jpg,8*(5+1)=48
train/57865.jpg,(9-0)+4=13
train/57866.jpg,5+(9-2)=12
train/57867.jpg,7*(1-3)=-14
train/57868.jpg,3*5+5=20
train/57869.jpg,(1+5)*2=12
train/57870.jpg,9*(8+0)=72
train/57871.jpg,5+6*9=59
train/57872.jpg,2-(8-4)=-2
train/57873.jpg,4-(6*9)=-50
train/57874.jpg,5+5-0=10
train/57875.jpg,0-(4+7)=-11
train/57876.jpg,(1+1)+8=10
train/57877.jpg,1*(1-7)=-6
train/57878.jpg,0*(6-1)=0
train/57879.jpg,4*1+7=11
train/57880.jpg,7-(9+7)=-9
train/57881.jpg,8*(3+9)=96
train/57882.jpg,4*(9+1)=40
train/57883.jpg,7+(8+5)=20
train/57884.jpg,6+8+0=14
train/57885.jpg,9-(0*6)=9
train/57886.jpg,(3+0)-2=1
train/57887.jpg,4*1-3=1
train/57888.jpg,4-(8+0)=-4
train/57889.jpg,(8+8)-7=9
train/57890.jpg,8-(4*0)=8
train/57891.jpg,6+2-8=0
train/57892.jpg,5+1-8=-2
train/57893.jpg,(9-4)-8=-3
train/57894.jpg,4-6-1=-3
train/57895.jpg,7-1-0=6
train/57896.jpg,7-9-9=-11
train/57897.jpg,(7-6)*0=0
train/57898.jpg,(9+7)*1=16
train/57899.jpg,(5+8)*1=13
train/57900.jpg,(7-4)*3=9
train/57901.jpg,7+(8-7)=8
train/57902.jpg,6-(3-6)=9
train/57903.jpg,6-8-2=-4
train/57904.jpg,0*0+0=0
train/57905.jpg,5*(5-4)=5
train/57906.jpg,5-(9*4)=-31
train/57907.jpg,8*7-3=53
train/57908.jpg,3-5-0=-2
train/57909.jpg,3-6-9=-12
train/57910.jpg,8*8*9=576
train/57911.jpg,3*(3*2)=18
train/57912.jpg,(2*5)+3=13
train/57913.jpg,0*(4+2)=0
train/57914.jpg,(8+0)-4=4
train/57915.jpg,4+4*4=20
train/57916.jpg,(0+9)-0=9
train/57917.jpg,6*2-8=4
train/57918.jpg,6*5-1=29
train/57919.jpg,0+0-8=-8
train/57920.jpg,(1*9)-7=2
train/57921.jpg,8-(3*2)=2
train/57922.jpg,(4-9)+6=1
train/57923.jpg,9-6*6=-27
train/57924.jpg,3*2+1=7
train/57925.jpg,8-(9+2)=-3
train/57926.jpg,9-(9*4)=-27
train/57927.jpg,0-(5-9)=4
train/57928.jpg,6+4*5=26
train/57929.jpg,2+(4*5)=22
train/57930.jpg,7-(9*7)=-56
train/57931.jpg,(0+2)-4=-2
train/57932.jpg,6+8-4=10
train/57933.jpg,(2+6)+7=15
train/57934.jpg,2+4+6=12
train/57935.jpg,5+(8-9)=4
train/57936.jpg,9-5+9=13
train/57937.jpg,9*(2*5)=90
train/57938.jpg,(5-8)*2=-6
train/57939.jpg,3+(9*9)=84
train/57940.jpg,8+(5+4)=17
train/57941.jpg,5*(0+8)=40
train/57942.jpg,(3-7)*4=-16
train/57943.jpg,6+8*0=6
train/57944.jpg,4+1+5=10
train/57945.jpg,2+9-6=5
train/57946.jpg,2*(4*4)=32
train/57947.jpg,(2*9)*4=72
train/57948.jpg,(3+0)-1=2
train/57949.jpg,1+(4-7)=-2
train/57950.jpg,(7*8)+8=64
train/57951.jpg,(4-2)-5=-3
train/57952.jpg,8+7+6=21
train/57953.jpg,(5+0)-4=1
train/57954.jpg,(7*7)+7=56
train/57955.jpg,4-(6+0)=-2
train/57956.jpg,5+3*7=26
train/57957.jpg,7-(8*1)=-1
train/57958.jpg,2-7*5=-33
train/57959.jpg,(0+3)-2=1
train/57960.jpg,(5*5)-3=22
train/57961.jpg,6*0-3=-3
train/57962.jpg,3-(1*2)=1
train/57963.jpg,3*7+6=27
train/57964.jpg,5+(1-4)=2
train/57965.jpg,6*5*8=240
train/57966.jpg,(1-6)+8=3
train/57967.jpg,2+(3+2)=7
train/57968.jpg,6-(9*9)=-75
train/57969.jpg,(4*2)-0=8
train/57970.jpg,4*(1-0)=4
train/57971.jpg,2+7+1=10
train/57972.jpg,0+(6+4)=10
train/57973.jpg,(6+7)+9=22
train/57974.jpg,3-6+1=-2
train/57975.jpg,1-6*2=-11
train/57976.jpg,(5*6)-7=23
train/57977.jpg,(7*4)-1=27
train/57978.jpg,1*3-7=-4
train/57979.jpg,5*(1*1)=5
train/57980.jpg,(3+8)-6=5
train/57981.jpg,3-(3-4)=4
train/57982.jpg,2+9-9=2
train/57983.jpg,9*6*9=486
train/57984.jpg,0+(2-4)=-2
train/57985.jpg,6*8+0=48
train/57986.jpg,5*1*5=25
train/57987.jpg,1*8+9=17
train/57988.jpg,(2*3)-4=2
train/57989.jpg,(8-6)*8=16
train/57990.jpg,(8-6)*7=14
train/57991.jpg,0*4-1=-1
train/57992.jpg,8+7+3=18
train/57993.jpg,5*0-6=-6
train/57994.jpg,4*(0-5)=-20
train/57995.jpg,(2*0)-6=-6
train/57996.jpg,(6-2)*0=0
train/57997.jpg,(6+1)-0=7
train/57998.jpg,1-6-5=-10
train/57999.jpg,1-(1-2)=2
train/58000.jpg,3*(7+1)=24
train/58001.jpg,(4+6)*3=30
train/58002.jpg,6+1+4=11
train/58003.jpg,(7+0)*9=63
train/58004.jpg,2*(1*4)=8
train/58005.jpg,5+8+6=19
train/58006.jpg,(4+7)*5=55
train/58007.jpg,7+7+1=15
train/58008.jpg,(6*1)-3=3
train/58009.jpg,1+7+0=8
train/58010.jpg,8*(0-5)=-40
train/58011.jpg,6*(3+5)=48
train/58012.jpg,4*0*3=0
train/58013.jpg,4-4*7=-24
train/58014.jpg,1-(2*2)=-3
train/58015.jpg,0*(5*6)=0
train/58016.jpg,6+0-3=3
train/58017.jpg,8*6+3=51
train/58018.jpg,3-(9*8)=-69
train/58019.jpg,(0*0)+9=9
train/58020.jpg,5-6*5=-25
train/58021.jpg,(5+8)-0=13
train/58022.jpg,5*8+6=46
train/58023.jpg,7*(1-6)=-35
train/58024.jpg,0-2*9=-18
train/58025.jpg,6-(7+8)=-9
train/58026.jpg,1+1*6=7
train/58027.jpg,4-(4-0)=0
train/58028.jpg,4-(7*4)=-24
train/58029.jpg,8+(6-8)=6
train/58030.jpg,(2-1)+6=7
train/58031.jpg,(4-7)-5=-8
train/58032.jpg,(6+4)-3=7
train/58033.jpg,(9-5)+3=7
train/58034.jpg,5+(8*8)=69
train/58035.jpg,0*(6*1)=0
train/58036.jpg,9+9*8=81
train/58037.jpg,3*8*2=48
train/58038.jpg,(0-9)+1=-8
train/58039.jpg,(7+0)+7=14
train/58040.jpg,(0-8)-4=-12
train/58041.jpg,(1*3)*0=0
train/58042.jpg,3*4+5=17
train/58043.jpg,2*(7+7)=28
train/58044.jpg,5+(1*2)=7
train/58045.jpg,8*(6*8)=384
train/58046.jpg,(2-4)-2=-4
train/58047.jpg,6+1*8=14
train/58048.jpg,8-6-2=0
train/58049.jpg,2*2+6=10
train/58050.jpg,3*8*4=96
train/58051.jpg,5-(6-8)=7
train/58052.jpg,(1+3)-1=3
train/58053.jpg,(8-3)+7=12
train/58054.jpg,1+5*2=11
train/58055.jpg,6-(9*2)=-12
train/58056.jpg,2-7+8=3
train/58057.jpg,5+6-0=11
train/58058.jpg,(0-3)*7=-21
train/58059.jpg,(1*2)-6=-4
train/58060.jpg,(0-7)+6=-1
train/58061.jpg,(5+1)*5=30
train/58062.jpg,(2*9)-0=18
train/58063.jpg,0+(5*3)=15
train/58064.jpg,1*5*9=45
train/58065.jpg,7*6+1=43
train/58066.jpg,1*(2+1)=3
train/58067.jpg,9-5-3=1
train/58068.jpg,2-(7+8)=-13
train/58069.jpg,(8-1)-3=4
train/58070.jpg,3+(9-0)=12
train/58071.jpg,0*0-5=-5
train/58072.jpg,1+2*3=7
train/58073.jpg,(4-9)+1=-4
train/58074.jpg,1*(4*0)=0
train/58075.jpg,(6-6)+4=4
train/58076.jpg,4-1-4=-1
train/58077.jpg,4*9*5=180
train/58078.jpg,9-7*6=-33
train/58079.jpg,(8-1)+6=13
train/58080.jpg,3+(8*5)=43
train/58081.jpg,2+7*2=16
train/58082.jpg,(0+4)*6=24
train/58083.jpg,4+9+9=22
train/58084.jpg,3+(9*2)=21
train/58085.jpg,(5*2)+8=18
train/58086.jpg,4+5*1=9
train/58087.jpg,7*5+9=44
train/58088.jpg,(0-7)+9=2
train/58089.jpg,(6*8)*2=96
train/58090.jpg,(1-0)+5=6
train/58091.jpg,1+8-3=6
train/58092.jpg,(7-1)+7=13
train/58093.jpg,3*9*7=189
train/58094.jpg,(7+3)+8=18
train/58095.jpg,(2*9)+4=22
train/58096.jpg,3*(0+0)=0
train/58097.jpg,(1*1)+4=5
train/58098.jpg,(5+7)*6=72
train/58099.jpg,(4+9)*3=39
train/58100.jpg,1+8*0=1
train/58101.jpg,(4*3)+8=20
train/58102.jpg,5-(0+8)=-3
train/58103.jpg,(0-1)+5=4
train/58104.jpg,5-4*0=5
train/58105.jpg,0*(1+0)=0
train/58106.jpg,(8*5)+2=42
train/58107.jpg,6*1-7=-1
train/58108.jpg,2*(2-8)=-12
train/58109.jpg,9+(3*6)=27
train/58110.jpg,4+9*8=76
train/58111.jpg,(8-7)+5=6
train/58112.jpg,3-4+5=4
train/58113.jpg,(3+1)+7=11
train/58114.jpg,6+2*8=22
train/58115.jpg,(3-5)-8=-10
train/58116.jpg,0+2-7=-5
train/58117.jpg,(2-6)+3=-1
train/58118.jpg,(3+9)-5=7
train/58119.jpg,4+3-9=-2
train/58120.jpg,(5-6)+2=1
train/58121.jpg,5*2+9=19
train/58122.jpg,9*(6+0)=54
train/58123.jpg,(8-5)*6=18
train/58124.jpg,(6*1)+2=8
train/58125.jpg,7+3-7=3
train/58126.jpg,6*(3-8)=-30
train/58127.jpg,0+1*7=7
train/58128.jpg,(1+7)+5=13
train/58129.jpg,1+2-9=-6
train/58130.jpg,(3+9)+2=14
train/58131.jpg,(8+0)*4=32
train/58132.jpg,0-(3*9)=-27
train/58133.jpg,(3-6)+3=0
train/58134.jpg,2+(0-7)=-5
train/58135.jpg,1-(0*9)=1
train/58136.jpg,(7+1)+7=15
train/58137.jpg,(2-4)-8=-10
train/58138.jpg,8+7*1=15
train/58139.jpg,(0*7)-3=-3
train/58140.jpg,(4-5)*7=-7
train/58141.jpg,2*8+8=24
train/58142.jpg,6+6+8=20
train/58143.jpg,7*3*4=84
train/58144.jpg,1*8+4=12
train/58145.jpg,0*(4*6)=0
train/58146.jpg,1*(3-2)=1
train/58147.jpg,7*1*5=35
train/58148.jpg,(3*4)-1=11
train/58149.jpg,8*9-4=68
train/58150.jpg,9+2-9=2
train/58151.jpg,5-(8-5)=2
train/58152.jpg,(5*7)+9=44
train/58153.jpg,8-(5*7)=-27
train/58154.jpg,(0+1)+8=9
train/58155.jpg,4-(5-9)=8
train/58156.jpg,2-(3+6)=-7
train/58157.jpg,7-(5*7)=-28
train/58158.jpg,(6+1)-7=0
train/58159.jpg,8*(4-0)=32
train/58160.jpg,6+3+3=12
train/58161.jpg,(4*3)*9=108
train/58162.jpg,6+(2*3)=12
train/58163.jpg,(2-3)-2=-3
train/58164.jpg,4-8-8=-12
train/58165.jpg,(2+4)*7=42
train/58166.jpg,(7-7)+4=4
train/58167.jpg,(7*3)-6=15
train/58168.jpg,5+(7*7)=54
train/58169.jpg,8+(1+5)=14
train/58170.jpg,5+3*7=26
train/58171.jpg,6*(1+6)=42
train/58172.jpg,6*(0+5)=30
train/58173.jpg,7+6*4=31
train/58174.jpg,4*(4*9)=144
train/58175.jpg,(8*7)*8=448
train/58176.jpg,4+0+6=10
train/58177.jpg,6+5-1=10
train/58178.jpg,7*3+5=26
train/58179.jpg,8+(8*0)=8
train/58180.jpg,(7+6)*9=117
train/58181.jpg,3-(3*3)=-6
train/58182.jpg,(9-2)-7=0
train/58183.jpg,0-(6-7)=1
train/58184.jpg,0*5+6=6
train/58185.jpg,6+0+6=12
train/58186.jpg,(9-4)+0=5
train/58187.jpg,3*(8-9)=-3
train/58188.jpg,6*(5*2)=60
train/58189.jpg,4-(7-5)=2
train/58190.jpg,5+5-9=1
train/58191.jpg,(3+9)*2=24
train/58192.jpg,0-(5-1)=-4
train/58193.jpg,9*1-3=6
train/58194.jpg,8*4*0=0
train/58195.jpg,4-9-5=-10
train/58196.jpg,7-(5-8)=10
train/58197.jpg,4-7*1=-3
train/58198.jpg,(5-1)+4=8
train/58199.jpg,4*4-3=13
train/58200.jpg,7+(6-7)=6
train/58201.jpg,(0*2)*1=0
train/58202.jpg,7*(1*9)=63
train/58203.jpg,(2*3)*7=42
train/58204.jpg,7-(8*3)=-17
train/58205.jpg,(7-7)-0=0
train/58206.jpg,5-3+1=3
train/58207.jpg,2-(0+8)=-6
train/58208.jpg,7-0*9=7
train/58209.jpg,6-(3-8)=11
train/58210.jpg,6+(6+9)=21
train/58211.jpg,7+(0*6)=7
train/58212.jpg,(1*9)*3=27
train/58213.jpg,6*(1-3)=-12
train/58214.jpg,2-1+9=10
train/58215.jpg,(0*0)*1=0
train/58216.jpg,5-8-2=-5
train/58217.jpg,(0+5)-7=-2
train/58218.jpg,8+(3+4)=15
train/58219.jpg,(9-0)+3=12
train/58220.jpg,4*(9-0)=36
train/58221.jpg,(0+0)*0=0
train/58222.jpg,2*(5*1)=10
train/58223.jpg,0+1-9=-8
train/58224.jpg,4*(6-0)=24
train/58225.jpg,(6-9)-1=-4
train/58226.jpg,5-5-0=0
train/58227.jpg,4*8+7=39
train/58228.jpg,(0+5)-4=1
train/58229.jpg,(4*3)+9=21
train/58230.jpg,2+8-0=10
train/58231.jpg,5*0*6=0
train/58232.jpg,5+4+5=14
train/58233.jpg,7-(5*1)=2
train/58234.jpg,5+9*3=32
train/58235.jpg,(3+2)*6=30
train/58236.jpg,2*1+6=8
train/58237.jpg,6-(4+4)=-2
train/58238.jpg,2-(3-3)=2
train/58239.jpg,4-7-0=-3
train/58240.jpg,3+7*7=52
train/58241.jpg,9-(4*4)=-7
train/58242.jpg,8+5*5=33
train/58243.jpg,6+4+2=12
train/58244.jpg,9+(2*6)=21
train/58245.jpg,7-(0+1)=6
train/58246.jpg,1*(6*4)=24
train/58247.jpg,0*9*1=0
train/58248.jpg,8+9+0=17
train/58249.jpg,5*(6-3)=15
train/58250.jpg,(1+3)-9=-5
train/58251.jpg,0+1*1=1
train/58252.jpg,6*8-2=46
train/58253.jpg,0-(9*2)=-18
train/58254.jpg,2+6-3=5
train/58255.jpg,9+(9-0)=18
train/58256.jpg,(1-4)-8=-11
train/58257.jpg,0+(8-0)=8
train/58258.jpg,(4-1)-4=-1
train/58259.jpg,0*(6*1)=0
train/58260.jpg,(8+8)*7=112
train/58261.jpg,9*(8*9)=648
train/58262.jpg,6*6+6=42
train/58263.jpg,1-1+5=5
train/58264.jpg,9+2*7=23
train/58265.jpg,6+5-2=9
train/58266.jpg,(3*6)+6=24
train/58267.jpg,2-(9-9)=2
train/58268.jpg,5-3-5=-3
train/58269.jpg,1+(0+5)=6
train/58270.jpg,(6*2)*4=48
train/58271.jpg,5*(8-8)=0
train/58272.jpg,0+7-6=1
train/58273.jpg,(6*4)-2=22
train/58274.jpg,(2+0)*2=4
train/58275.jpg,(6*1)+5=11
train/58276.jpg,(8*1)-3=5
train/58277.jpg,8-0*0=8
train/58278.jpg,7-(0+0)=7
train/58279.jpg,(5-3)+1=3
train/58280.jpg,1+2*0=1
train/58281.jpg,1-6-1=-6
train/58282.jpg,8*5-1=39
train/58283.jpg,1-(7+2)=-8
train/58284.jpg,(0+3)*9=27
train/58285.jpg,4-2+2=4
train/58286.jpg,(8+5)*4=52
train/58287.jpg,5*(0-1)=-5
train/58288.jpg,(8+5)+3=16
train/58289.jpg,5*7+0=35
train/58290.jpg,5*2+3=13
train/58291.jpg,2+(1*2)=4
train/58292.jpg,(1+0)-7=-6
train/58293.jpg,8-(6+3)=-1
train/58294.jpg,5*(6+1)=35
train/58295.jpg,2*2-5=-1
train/58296.jpg,6+(5-7)=4
train/58297.jpg,5+(1-1)=5
train/58298.jpg,8-6-9=-7
train/58299.jpg,4+1*8=12
train/58300.jpg,2-9+2=-5
train/58301.jpg,3+(7-4)=6
train/58302.jpg,1+(3*8)=25
train/58303.jpg,(2-7)-2=-7
train/58304.jpg,1+5-9=-3
train/58305.jpg,0*1-8=-8
train/58306.jpg,4*(3*9)=108
train/58307.jpg,1+(2+8)=11
train/58308.jpg,6*(4-4)=0
train/58309.jpg,0+8*6=48
train/58310.jpg,(0+8)*3=24
train/58311.jpg,1+8+2=11
train/58312.jpg,(6*3)+3=21
train/58313.jpg,7-(4*3)=-5
train/58314.jpg,(3+9)*2=24
train/58315.jpg,(6+0)-4=2
train/58316.jpg,0-(4*0)=0
train/58317.jpg,2*1*9=18
train/58318.jpg,3-0-6=-3
train/58319.jpg,(1-9)-9=-17
train/58320.jpg,(4-9)+7=2
train/58321.jpg,2+9+6=17
train/58322.jpg,3-(4+3)=-4
train/58323.jpg,8-4+3=7
train/58324.jpg,8-7-4=-3
train/58325.jpg,(9*4)*7=252
train/58326.jpg,6+5+4=15
train/58327.jpg,3*7-9=12
train/58328.jpg,3*3+3=12
train/58329.jpg,(8+9)*3=51
train/58330.jpg,(1+6)*6=42
train/58331.jpg,9*(4+2)=54
train/58332.jpg,(7+1)+9=17
train/58333.jpg,3+(3-7)=-1
train/58334.jpg,(6+8)+4=18
train/58335.jpg,3+9*4=39
train/58336.jpg,(5*7)+0=35
train/58337.jpg,4*(9*5)=180
train/58338.jpg,(1-5)*3=-12
train/58339.jpg,5-(4*2)=-3
train/58340.jpg,2*1-9=-7
train/58341.jpg,7-7-0=0
train/58342.jpg,4+0+4=8
train/58343.jpg,0*2*6=0
train/58344.jpg,0-(8-2)=-6
train/58345.jpg,7+(1+0)=8
train/58346.jpg,8-(0*7)=8
train/58347.jpg,6+(9*5)=51
train/58348.jpg,9-(1+3)=5
train/58349.jpg,(0-3)-1=-4
train/58350.jpg,1*(4+1)=5
train/58351.jpg,(4+5)*0=0
train/58352.jpg,(9-1)-5=3
train/58353.jpg,(2+8)-3=7
train/58354.jpg,1*7-6=1
train/58355.jpg,1+2+9=12
train/58356.jpg,6+(7+4)=17
train/58357.jpg,(0*5)+8=8
train/58358.jpg,0*(6+8)=0
train/58359.jpg,5*(6-0)=30
train/58360.jpg,8*(7-3)=32
train/58361.jpg,6-8*2=-10
train/58362.jpg,5-7*3=-16
train/58363.jpg,2*8*0=0
train/58364.jpg,9-(3-1)=7
train/58365.jpg,5*7+8=43
train/58366.jpg,5*4*8=160
train/58367.jpg,1+2+8=11
train/58368.jpg,2*(0*7)=0
train/58369.jpg,(3*1)-2=1
train/58370.jpg,6+(6-8)=4
train/58371.jpg,5-9*4=-31
train/58372.jpg,5+(4+2)=11
train/58373.jpg,1+(8+7)=16
train/58374.jpg,9-7+8=10
train/58375.jpg,2+(2*0)=2
train/58376.jpg,2*(3-5)=-4
train/58377.jpg,(3-2)*6=6
train/58378.jpg,1-8*0=1
train/58379.jpg,8+5-4=9
train/58380.jpg,5*(7-5)=10
train/58381.jpg,7-1-2=4
train/58382.jpg,5*(7*4)=140
train/58383.jpg,1*8*3=24
train/58384.jpg,7+(9+5)=21
train/58385.jpg,4+7*0=4
train/58386.jpg,2+4+1=7
train/58387.jpg,(1-6)+4=-1
train/58388.jpg,(5+1)-9=-3
train/58389.jpg,2*(6+3)=18
train/58390.jpg,4+(9+9)=22
train/58391.jpg,1*3+4=7
train/58392.jpg,7-(5*2)=-3
train/58393.jpg,6+4+1=11
train/58394.jpg,5+(4+0)=9
train/58395.jpg,9*9-8=73
train/58396.jpg,6+3*6=24
train/58397.jpg,4-(6*6)=-32
train/58398.jpg,9-(8-4)=5
train/58399.jpg,(8-0)*5=40
train/58400.jpg,(9*4)+7=43
train/58401.jpg,3*0+8=8
train/58402.jpg,1+4*6=25
train/58403.jpg,(7*0)-6=-6
train/58404.jpg,(7-8)-3=-4
train/58405.jpg,(8+7)-0=15
train/58406.jpg,(1-6)*2=-10
train/58407.jpg,5+6+3=14
train/58408.jpg,0*5*1=0
train/58409.jpg,8*8*6=384
train/58410.jpg,4+8*2=20
train/58411.jpg,5-3+8=10
train/58412.jpg,1+(4+7)=12
train/58413.jpg,(7+2)-2=7
train/58414.jpg,(1-8)*6=-42
train/58415.jpg,3-(9*4)=-33
train/58416.jpg,(6+6)+2=14
train/58417.jpg,0+3+5=8
train/58418.jpg,0-3+5=2
train/58419.jpg,6-3-7=-4
train/58420.jpg,(5-9)-7=-11
train/58421.jpg,5-(0*7)=5
train/58422.jpg,(8+3)+5=16
train/58423.jpg,5-(1*0)=5
train/58424.jpg,3+(1-1)=3
train/58425.jpg,0-0-6=-6
train/58426.jpg,6+8-5=9
train/58427.jpg,(0*6)+4=4
train/58428.jpg,(1-9)-8=-16
train/58429.jpg,(7+0)+7=14
train/58430.jpg,(0+5)-9=-4
train/58431.jpg,9+(7*5)=44
train/58432.jpg,6-2+3=7
train/58433.jpg,0+0-6=-6
train/58434.jpg,(8+6)+1=15
train/58435.jpg,8+(4-9)=3
train/58436.jpg,3-4-7=-8
train/58437.jpg,3+8*6=51
train/58438.jpg,(8-8)*4=0
train/58439.jpg,2-0-8=-6
train/58440.jpg,(9*0)-3=-3
train/58441.jpg,(1-7)*6=-36
train/58442.jpg,4-8+8=4
train/58443.jpg,2-(4*3)=-10
train/58444.jpg,1+(0+6)=7
train/58445.jpg,5+8+8=21
train/58446.jpg,(5-3)+1=3
train/58447.jpg,5+4-1=8
train/58448.jpg,1-(7+0)=-6
train/58449.jpg,1*4+6=10
train/58450.jpg,(9*8)-1=71
train/58451.jpg,3*(0-3)=-9
train/58452.jpg,0+0*4=0
train/58453.jpg,7-1+9=15
train/58454.jpg,(7-5)+8=10
train/58455.jpg,(6*4)*9=216
train/58456.jpg,7*3-0=21
train/58457.jpg,(0+0)+3=3
train/58458.jpg,5+(2-2)=5
train/58459.jpg,3-9-9=-15
train/58460.jpg,1-3*4=-11
train/58461.jpg,9-5*2=-1
train/58462.jpg,(0-1)+0=-1
train/58463.jpg,(8-6)-6=-4
train/58464.jpg,3-(8*8)=-61
train/58465.jpg,(0+1)-7=-6
train/58466.jpg,4+(8-3)=9
train/58467.jpg,9+(4*1)=13
train/58468.jpg,6-0-3=3
train/58469.jpg,(1+4)+6=11
train/58470.jpg,(8-0)*4=32
train/58471.jpg,9+7-2=14
train/58472.jpg,9+2*0=9
train/58473.jpg,4-0-4=0
train/58474.jpg,(2*6)*5=60
train/58475.jpg,(5+3)+4=12
train/58476.jpg,2+(1-7)=-4
train/58477.jpg,(6*4)+8=32
train/58478.jpg,4-(5-8)=7
train/58479.jpg,3-(2+2)=-1
train/58480.jpg,(5+8)+5=18
train/58481.jpg,0-(1-6)=5
train/58482.jpg,(6*5)-3=27
train/58483.jpg,(0*7)+8=8
train/58484.jpg,4+4*0=4
train/58485.jpg,0+1+6=7
train/58486.jpg,0+(9*4)=36
train/58487.jpg,9+(0*0)=9
train/58488.jpg,(9*4)+6=42
train/58489.jpg,5-(0+7)=-2
train/58490.jpg,(3+5)+5=13
train/58491.jpg,(6-7)-8=-9
train/58492.jpg,(7+0)-2=5
train/58493.jpg,(2+2)+2=6
train/58494.jpg,(5-9)-7=-11
train/58495.jpg,5*(6-8)=-10
train/58496.jpg,(5+4)+3=12
train/58497.jpg,9*(3-4)=-9
train/58498.jpg,(6*2)+4=16
train/58499.jpg,7-(8*3)=-17
train/58500.jpg,9*(4*4)=144
train/58501.jpg,6+(5-3)=8
train/58502.jpg,6*7*6=252
train/58503.jpg,(1-8)+8=1
train/58504.jpg,3*5-9=6
train/58505.jpg,(1*6)-8=-2
train/58506.jpg,5*0-3=-3
train/58507.jpg,8*(7+4)=88
train/58508.jpg,5-2+3=6
train/58509.jpg,(0-1)+8=7
train/58510.jpg,0-9-4=-13
train/58511.jpg,3-6+1=-2
train/58512.jpg,4+3*9=31
train/58513.jpg,(7*0)-7=-7
train/58514.jpg,7+2+8=17
train/58515.jpg,5-3-9=-7
train/58516.jpg,3+(7*1)=10
train/58517.jpg,(9+3)-1=11
train/58518.jpg,(1+2)-4=-1
train/58519.jpg,6*1-8=-2
train/58520.jpg,9+(7-2)=14
train/58521.jpg,8+2+2=12
train/58522.jpg,5*2+6=16
train/58523.jpg,4-1+6=9
train/58524.jpg,8-4-2=2
train/58525.jpg,3*8-1=23
train/58526.jpg,1-(3*6)=-17
train/58527.jpg,(0*2)*2=0
train/58528.jpg,(6*0)+8=8
train/58529.jpg,4-(0*4)=4
train/58530.jpg,(4*6)-8=16
train/58531.jpg,(6-1)+6=11
train/58532.jpg,9+(3+7)=19
train/58533.jpg,(6+5)-6=5
train/58534.jpg,2+0-1=1
train/58535.jpg,(7+4)*5=55
train/58536.jpg,2-(4+3)=-5
train/58537.jpg,9*(9-4)=45
train/58538.jpg,6+2*2=10
train/58539.jpg,(5*7)-6=29
train/58540.jpg,4+3+0=7
train/58541.jpg,7+(7-1)=13
train/58542.jpg,0-(3-1)=-2
train/58543.jpg,5-6*5=-25
train/58544.jpg,(4+1)-7=-2
train/58545.jpg,6+6*0=6
train/58546.jpg,(4-2)+4=6
train/58547.jpg,5-2+1=4
train/58548.jpg,(2*0)*3=0
train/58549.jpg,7+0-5=2
train/58550.jpg,(0*6)+0=0
train/58551.jpg,0*9*8=0
train/58552.jpg,3+(0+6)=9
train/58553.jpg,6-(6+0)=0
train/58554.jpg,(3-8)-9=-14
train/58555.jpg,5-4*8=-27
train/58556.jpg,(3-7)+4=0
train/58557.jpg,7+(7-1)=13
train/58558.jpg,6+0+5=11
train/58559.jpg,7*(1-9)=-56
train/58560.jpg,7+2+5=14
train/58561.jpg,7+9-6=10
train/58562.jpg,6-1+1=6
train/58563.jpg,1-(7*8)=-55
train/58564.jpg,6-(3*6)=-12
train/58565.jpg,0+(9+4)=13
train/58566.jpg,(6+2)*5=40
train/58567.jpg,8+5*6=38
train/58568.jpg,2*(3+7)=20
train/58569.jpg,(9*5)*3=135
train/58570.jpg,4+9-8=5
train/58571.jpg,6-(9+8)=-11
train/58572.jpg,(6*9)-8=46
train/58573.jpg,(7+8)-8=7
train/58574.jpg,9+5*0=9
train/58575.jpg,4*3+3=15
train/58576.jpg,(4-5)+6=5
train/58577.jpg,(5+8)+4=17
train/58578.jpg,8*4+4=36
train/58579.jpg,7+5+2=14
train/58580.jpg,(3-7)-9=-13
train/58581.jpg,8*(0*7)=0
train/58582.jpg,(7+9)*8=128
train/58583.jpg,(5*5)*1=25
train/58584.jpg,8-(0*1)=8
train/58585.jpg,7+3+6=16
train/58586.jpg,6+(8+0)=14
train/58587.jpg,2+5-8=-1
train/58588.jpg,7+0+0=7
train/58589.jpg,9+(2+1)=12
train/58590.jpg,8+2+4=14
train/58591.jpg,(6*3)+7=25
train/58592.jpg,4*5+4=24
train/58593.jpg,(8+7)*8=120
train/58594.jpg,3*(0*0)=0
train/58595.jpg,8*6-7=41
train/58596.jpg,5-(0+4)=1
train/58597.jpg,8-(7+9)=-8
train/58598.jpg,(3-2)-1=0
train/58599.jpg,1+(6*0)=1
train/58600.jpg,1*(5+8)=13
train/58601.jpg,7*(6*4)=168
train/58602.jpg,3*(3*8)=72
train/58603.jpg,3*(5+0)=15
train/58604.jpg,6*1+8=14
train/58605.jpg,2-(5+8)=-11
train/58606.jpg,9+3+0=12
train/58607.jpg,(0*1)+5=5
train/58608.jpg,5*(0*1)=0
train/58609.jpg,4+(7+9)=20
train/58610.jpg,(3*8)-5=19
train/58611.jpg,9-(7-6)=8
train/58612.jpg,(0-9)*2=-18
train/58613.jpg,7+(9+0)=16
train/58614.jpg,8*0*7=0
train/58615.jpg,4*4-1=15
train/58616.jpg,4-(1-2)=5
train/58617.jpg,0-1-9=-10
train/58618.jpg,2-5*1=-3
train/58619.jpg,(1+4)-0=5
train/58620.jpg,8*1+8=16
train/58621.jpg,9*(4-2)=18
train/58622.jpg,(9-6)-2=1
train/58623.jpg,7-3*1=4
train/58624.jpg,9+9+7=25
train/58625.jpg,(6*8)*0=0
train/58626.jpg,2*7-5=9
train/58627.jpg,(6-0)*2=12
train/58628.jpg,(3*5)*0=0
train/58629.jpg,(8+9)+1=18
train/58630.jpg,1-(5+5)=-9
train/58631.jpg,(6-8)*8=-16
train/58632.jpg,5-(5*9)=-40
train/58633.jpg,1-3*7=-20
train/58634.jpg,(9*0)-7=-7
train/58635.jpg,4-(0-9)=13
train/58636.jpg,2*(1+4)=10
train/58637.jpg,6*(2+2)=24
train/58638.jpg,6-7*2=-8
train/58639.jpg,3+1*9=12
train/58640.jpg,9-6*4=-15
train/58641.jpg,3*8*8=192
train/58642.jpg,(3*7)+9=30
train/58643.jpg,1*(5-7)=-2
train/58644.jpg,3-(1+8)=-6
train/58645.jpg,3-(5-8)=6
train/58646.jpg,(7+4)+2=13
train/58647.jpg,(8-9)-7=-8
train/58648.jpg,2-6*3=-16
train/58649.jpg,2-(7-1)=-4
train/58650.jpg,8*4+2=34
train/58651.jpg,6-(5-5)=6
train/58652.jpg,1*(8*6)=48
train/58653.jpg,6+(8-8)=6
train/58654.jpg,8*7-0=56
train/58655.jpg,(5+3)*2=16
train/58656.jpg,8*6*6=288
train/58657.jpg,(6*8)-7=41
train/58658.jpg,(6-6)+7=7
train/58659.jpg,(7-2)-2=3
train/58660.jpg,2+6-6=2
train/58661.jpg,2*(1*7)=14
train/58662.jpg,(3+7)-8=2
train/58663.jpg,(8*5)+6=46
train/58664.jpg,1+1+3=5
train/58665.jpg,(9*9)+1=82
train/58666.jpg,6*(6*0)=0
train/58667.jpg,(2*1)-0=2
train/58668.jpg,(2*7)-9=5
train/58669.jpg,(8-3)-7=-2
train/58670.jpg,8*(0*3)=0
train/58671.jpg,7*(8-2)=42
train/58672.jpg,4*1*3=12
train/58673.jpg,7*3-0=21
train/58674.jpg,0-6-3=-9
train/58675.jpg,8+2+7=17
train/58676.jpg,(2-3)+0=-1
train/58677.jpg,(7-5)*5=10
train/58678.jpg,7+(2-3)=6
train/58679.jpg,5*(2+3)=25
train/58680.jpg,7+(9-1)=15
train/58681.jpg,3*(2+9)=33
train/58682.jpg,9+(0+0)=9
train/58683.jpg,9*6-7=47
train/58684.jpg,6-9-4=-7
train/58685.jpg,2*(5+4)=18
train/58686.jpg,1*(2-5)=-3
train/58687.jpg,8-2+8=14
train/58688.jpg,5+(0+6)=11
train/58689.jpg,(3*2)+6=12
train/58690.jpg,(2*3)-0=6
train/58691.jpg,(7+5)*5=60
train/58692.jpg,6*1-9=-3
train/58693.jpg,3-(7-6)=2
train/58694.jpg,1+(2*3)=7
train/58695.jpg,(0-4)+3=-1
train/58696.jpg,(2*7)+1=15
train/58697.jpg,1+2*7=15
train/58698.jpg,(7+5)-4=8
train/58699.jpg,9-0+5=14
train/58700.jpg,1*(9-6)=3
train/58701.jpg,(9+7)+6=22
train/58702.jpg,4*6-7=17
train/58703.jpg,(0*9)*1=0
train/58704.jpg,0+(1*0)=0
train/58705.jpg,9-(8+7)=-6
train/58706.jpg,(7+8)*9=135
train/58707.jpg,2*6*0=0
train/58708.jpg,2-2+0=0
train/58709.jpg,(1*8)+6=14
train/58710.jpg,(4+9)+5=18
train/58711.jpg,(3+6)+9=18
train/58712.jpg,6*8*5=240
train/58713.jpg,6-(0-0)=6
train/58714.jpg,1*8-5=3
train/58715.jpg,0*5-7=-7
train/58716.jpg,2+(9+0)=11
train/58717.jpg,6-1-1=4
train/58718.jpg,9-(8*5)=-31
train/58719.jpg,9+(3-0)=12
train/58720.jpg,4+(3+6)=13
train/58721.jpg,6-(2+3)=1
train/58722.jpg,9-(4+7)=-2
train/58723.jpg,5*7+6=41
train/58724.jpg,2+(6*2)=14
train/58725.jpg,2+7+6=15
train/58726.jpg,(6-4)+0=2
train/58727.jpg,(7*7)-5=44
train/58728.jpg,4*(0-3)=-12
train/58729.jpg,5-(8+1)=-4
train/58730.jpg,0-7+3=-4
train/58731.jpg,(1-2)-8=-9
train/58732.jpg,(6+2)+1=9
train/58733.jpg,1-2-3=-4
train/58734.jpg,0+1-4=-3
train/58735.jpg,3*7+1=22
train/58736.jpg,(6-1)-1=4
train/58737.jpg,(3*2)*5=30
train/58738.jpg,8-(6*7)=-34
train/58739.jpg,0*(9*0)=0
train/58740.jpg,(3*0)+3=3
train/58741.jpg,0+(5*8)=40
train/58742.jpg,5-(7-8)=6
train/58743.jpg,2+9*7=65
train/58744.jpg,9-4*1=5
train/58745.jpg,3*(5*3)=45
train/58746.jpg,(5+1)-9=-3
train/58747.jpg,4-5*2=-6
train/58748.jpg,4+8*8=68
train/58749.jpg,4*(9+8)=68
train/58750.jpg,(7-2)-5=0
train/58751.jpg,1+5-3=3
train/58752.jpg,(6+9)*9=135
train/58753.jpg,8+(5*6)=38
train/58754.jpg,(1+4)-9=-4
train/58755.jpg,5+(7-1)=11
train/58756.jpg,(1*9)-5=4
train/58757.jpg,(2-5)*5=-15
train/58758.jpg,8+(7+1)=16
train/58759.jpg,2+7*2=16
train/58760.jpg,0*(7+6)=0
train/58761.jpg,5-1*2=3
train/58762.jpg,6+4+6=16
train/58763.jpg,(8-7)+5=6
train/58764.jpg,(7*7)-2=47
train/58765.jpg,(4*1)+3=7
train/58766.jpg,(3+5)*8=64
train/58767.jpg,(7-4)-8=-5
train/58768.jpg,9+2*9=27
train/58769.jpg,(8*6)-1=47
train/58770.jpg,9-(9+3)=-3
train/58771.jpg,0*9-9=-9
train/58772.jpg,(7+3)-6=4
train/58773.jpg,(0-3)-8=-11
train/58774.jpg,4+(1+8)=13
train/58775.jpg,(9-4)-3=2
train/58776.jpg,(9+4)+8=21
train/58777.jpg,2-8-4=-10
train/58778.jpg,0+6+9=15
train/58779.jpg,2-2*4=-6
train/58780.jpg,(0+3)*8=24
train/58781.jpg,6+(4-3)=7
train/58782.jpg,(3-1)*1=2
train/58783.jpg,(3+5)*2=16
train/58784.jpg,1+4*7=29
train/58785.jpg,9+6+9=24
train/58786.jpg,0*8+0=0
train/58787.jpg,0*(5*1)=0
train/58788.jpg,9*2*4=72
train/58789.jpg,(1+9)+1=11
train/58790.jpg,5*2-4=6
train/58791.jpg,9+(0+9)=18
train/58792.jpg,(3*1)*9=27
train/58793.jpg,6+8+3=17
train/58794.jpg,5-(3+8)=-6
train/58795.jpg,(6-5)*9=9
train/58796.jpg,1*(5-0)=5
train/58797.jpg,1-2-8=-9
train/58798.jpg,(5-8)*1=-3
train/58799.jpg,9+5-8=6
train/58800.jpg,2*1*7=14
train/58801.jpg,8+(0-3)=5
train/58802.jpg,(5+0)*3=15
train/58803.jpg,9+8*8=73
train/58804.jpg,1*6*4=24
train/58805.jpg,0-(7*2)=-14
train/58806.jpg,5-(3-7)=9
train/58807.jpg,(5*7)-1=34
train/58808.jpg,8-2+5=11
train/58809.jpg,4+3-9=-2
train/58810.jpg,5+(4*0)=5
train/58811.jpg,(8-2)+0=6
train/58812.jpg,2+2+1=5
train/58813.jpg,3*9-0=27
train/58814.jpg,(1*8)*9=72
train/58815.jpg,2*6-0=12
train/58816.jpg,(1+2)*7=21
train/58817.jpg,(4*8)+5=37
train/58818.jpg,5+6*3=23
train/58819.jpg,9-3+0=6
train/58820.jpg,9*(5-5)=0
train/58821.jpg,(4-8)-3=-7
train/58822.jpg,0*(1+5)=0
train/58823.jpg,(5*7)+0=35
train/58824.jpg,8+5+2=15
train/58825.jpg,(4-2)*3=6
train/58826.jpg,7+8+6=21
train/58827.jpg,(5*2)*9=90
train/58828.jpg,3*(3-3)=0
train/58829.jpg,(7-3)+0=4
train/58830.jpg,(6*1)+4=10
train/58831.jpg,5+5-3=7
train/58832.jpg,(8+8)-2=14
train/58833.jpg,8*(8-3)=40
train/58834.jpg,(2*5)-6=4
train/58835.jpg,2-1*6=-4
train/58836.jpg,0*8-1=-1
train/58837.jpg,(2+3)+4=9
train/58838.jpg,5-1*3=2
train/58839.jpg,(2+3)+3=8
train/58840.jpg,(3+7)*5=50
train/58841.jpg,5*(7+2)=45
train/58842.jpg,0*(0*0)=0
train/58843.jpg,8-2*4=0
train/58844.jpg,9+9-9=9
train/58845.jpg,(7+5)-2=10
train/58846.jpg,6+(1*8)=14
train/58847.jpg,(5-3)+1=3
train/58848.jpg,3-(7+2)=-6
train/58849.jpg,(6*0)*4=0
train/58850.jpg,2+2*4=10
train/58851.jpg,(7*7)-5=44
train/58852.jpg,7*0+1=1
train/58853.jpg,(6-9)+7=4
train/58854.jpg,(2-7)-7=-12
train/58855.jpg,1+(9+9)=19
train/58856.jpg,(1-3)-5=-7
train/58857.jpg,0-4+9=5
train/58858.jpg,2-(9-5)=-2
train/58859.jpg,(3-1)*8=16
train/58860.jpg,1-(4*6)=-23
train/58861.jpg,(4-0)*7=28
train/58862.jpg,9*8+3=75
train/58863.jpg,5*5+0=25
train/58864.jpg,(4+3)+5=12
train/58865.jpg,4-(0*9)=4
train/58866.jpg,8*(3-1)=16
train/58867.jpg,6*(8-9)=-6
train/58868.jpg,7+6+7=20
train/58869.jpg,(4+0)*9=36
train/58870.jpg,1+(8-5)=4
train/58871.jpg,0*4-5=-5
train/58872.jpg,(0*1)+0=0
train/58873.jpg,4-8+6=2
train/58874.jpg,(9*6)+8=62
train/58875.jpg,(5+3)*5=40
train/58876.jpg,5+4-6=3
train/58877.jpg,(9*4)-5=31
train/58878.jpg,0+(2*0)=0
train/58879.jpg,1-4*1=-3
train/58880.jpg,6-8-0=-2
train/58881.jpg,(5-3)*3=6
train/58882.jpg,(6*4)+6=30
train/58883.jpg,7*0+4=4
train/58884.jpg,(3+6)*1=9
train/58885.jpg,(8*5)+9=49
train/58886.jpg,(0*8)+5=5
train/58887.jpg,7+(1+0)=8
train/58888.jpg,(1*5)*8=40
train/58889.jpg,3-4*6=-21
train/58890.jpg,(9-9)*2=0
train/58891.jpg,6+6+4=16
train/58892.jpg,2+(9+2)=13
train/58893.jpg,(3+1)*2=8
train/58894.jpg,5*1+0=5
train/58895.jpg,8+0+0=8
train/58896.jpg,(8*7)-7=49
train/58897.jpg,8+1*1=9
train/58898.jpg,4-(2-9)=11
train/58899.jpg,(2+3)*3=15
train/58900.jpg,5*9+9=54
train/58901.jpg,(9-8)-5=-4
train/58902.jpg,4-0*1=4
train/58903.jpg,5*2*3=30
train/58904.jpg,(7*5)-9=26
train/58905.jpg,6-8+1=-1
train/58906.jpg,9-(2+2)=5
train/58907.jpg,8*(6-2)=32
train/58908.jpg,(1-7)+4=-2
train/58909.jpg,4*6+1=25
train/58910.jpg,1-(6+7)=-12
train/58911.jpg,7*3*6=126
train/58912.jpg,5+(4*5)=25
train/58913.jpg,4+2-5=1
train/58914.jpg,4+6-8=2
train/58915.jpg,0+(6*7)=42
train/58916.jpg,(2-8)*3=-18
train/58917.jpg,2+(0+3)=5
train/58918.jpg,2-(8*3)=-22
train/58919.jpg,(3*9)+0=27
train/58920.jpg,8+5*4=28
train/58921.jpg,4+8*4=36
train/58922.jpg,0-3-2=-5
train/58923.jpg,4-(8*3)=-20
train/58924.jpg,1+(5*1)=6
train/58925.jpg,0+6-0=6
train/58926.jpg,(1+2)-3=0
train/58927.jpg,9*(1+3)=36
train/58928.jpg,9*(0*8)=0
train/58929.jpg,1*(5-5)=0
train/58930.jpg,6*5-2=28
train/58931.jpg,6*9*6=324
train/58932.jpg,3-4*2=-5
train/58933.jpg,0*4+0=0
train/58934.jpg,5+(9-9)=5
train/58935.jpg,3*1*4=12
train/58936.jpg,(2-7)+6=1
train/58937.jpg,2*(0-2)=-4
train/58938.jpg,5-(4+5)=-4
train/58939.jpg,4-9*3=-23
train/58940.jpg,(2+5)*6=42
train/58941.jpg,4*(4*6)=96
train/58942.jpg,4*2+9=17
train/58943.jpg,6-(0-2)=8
train/58944.jpg,9-(7+2)=0
train/58945.jpg,5-2*0=5
train/58946.jpg,(9*2)*1=18
train/58947.jpg,7-(0-7)=14
train/58948.jpg,7-(7-1)=1
train/58949.jpg,2-4*5=-18
train/58950.jpg,(1+9)*6=60
train/58951.jpg,2-8-2=-8
train/58952.jpg,4+(3*9)=31
train/58953.jpg,9+(3-3)=9
train/58954.jpg,9+4*8=41
train/58955.jpg,(8*5)+7=47
train/58956.jpg,(0-5)+5=0
train/58957.jpg,5-8*3=-19
train/58958.jpg,9-9-4=-4
train/58959.jpg,1+5-0=6
train/58960.jpg,2+9-0=11
train/58961.jpg,5+2+6=13
train/58962.jpg,6+3-2=7
train/58963.jpg,4*(7-1)=24
train/58964.jpg,7-(7+8)=-8
train/58965.jpg,5+(5+6)=16
train/58966.jpg,(9*7)*5=315
train/58967.jpg,8-5-8=-5
train/58968.jpg,4-7-9=-12
train/58969.jpg,6*(1-7)=-36
train/58970.jpg,(8-9)-5=-6
train/58971.jpg,(7+8)*6=90
train/58972.jpg,(3*1)*5=15
train/58973.jpg,0-4+5=1
train/58974.jpg,9-9*0=9
train/58975.jpg,(9+9)*4=72
train/58976.jpg,5-(2*5)=-5
train/58977.jpg,2+5*1=7
train/58978.jpg,(2*0)*2=0
train/58979.jpg,7-9-8=-10
train/58980.jpg,8-7*6=-34
train/58981.jpg,(2+9)+0=11
train/58982.jpg,(4*5)-2=18
train/58983.jpg,9*(4-8)=-36
train/58984.jpg,(9+0)-3=6
train/58985.jpg,(5+1)+2=8
train/58986.jpg,(3*6)*2=36
train/58987.jpg,8*5*1=40
train/58988.jpg,(4-5)+2=1
train/58989.jpg,(0-1)*7=-7
train/58990.jpg,7-(6-7)=8
train/58991.jpg,1*(9+4)=13
train/58992.jpg,(9-0)*1=9
train/58993.jpg,6-4-9=-7
train/58994.jpg,5+(1+0)=6
train/58995.jpg,(5+9)+4=18
train/58996.jpg,1*(1*2)=2
train/58997.jpg,3+(4+5)=12
train/58998.jpg,2+(5*9)=47
train/58999.jpg,(4-4)+5=5
train/59000.jpg,8+(8*1)=16
train/59001.jpg,3-4*8=-29
train/59002.jpg,(6*9)-9=45
train/59003.jpg,3-9*3=-24
train/59004.jpg,(4-5)-3=-4
train/59005.jpg,(9-2)*9=63
train/59006.jpg,(1*7)+2=9
train/59007.jpg,4+6-7=3
train/59008.jpg,(7*5)-6=29
train/59009.jpg,9+6*1=15
train/59010.jpg,6+7*8=62
train/59011.jpg,7*(0+5)=35
train/59012.jpg,4*5-1=19
train/59013.jpg,8*1+0=8
train/59014.jpg,(2*5)+4=14
train/59015.jpg,3-3-1=-1
train/59016.jpg,(0+7)*8=56
train/59017.jpg,(0*5)-2=-2
train/59018.jpg,(1-8)*9=-63
train/59019.jpg,(0-2)+8=6
train/59020.jpg,8+5+2=15
train/59021.jpg,8*(5*5)=200
train/59022.jpg,1-8-7=-14
train/59023.jpg,(1*4)+4=8
train/59024.jpg,(2-8)-5=-11
train/59025.jpg,5*4+5=25
train/59026.jpg,6+2-5=3
train/59027.jpg,(9*2)-0=18
train/59028.jpg,(1-5)-3=-7
train/59029.jpg,(4*1)*8=32
train/59030.jpg,(9-7)+4=6
train/59031.jpg,2-(6-9)=5
train/59032.jpg,(3*5)*3=45
train/59033.jpg,0+0-5=-5
train/59034.jpg,6-(7-8)=7
train/59035.jpg,(2+9)*6=66
train/59036.jpg,(8+7)+6=21
train/59037.jpg,2*1-0=2
train/59038.jpg,8+(9*5)=53
train/59039.jpg,4-4-8=-8
train/59040.jpg,9+(9*5)=54
train/59041.jpg,8-(1+6)=1
train/59042.jpg,7-2+0=5
train/59043.jpg,9*2-2=16
train/59044.jpg,6+5-8=3
train/59045.jpg,2+2-5=-1
train/59046.jpg,(0-7)-0=-7
train/59047.jpg,0*(2*1)=0
train/59048.jpg,(2*8)-5=11
train/59049.jpg,7-4-4=-1
train/59050.jpg,(8-1)-3=4
train/59051.jpg,5+9*6=59
train/59052.jpg,(8-9)+9=8
train/59053.jpg,2+2+8=12
train/59054.jpg,6-(7*0)=6
train/59055.jpg,5+(6-6)=5
train/59056.jpg,(3+6)-6=3
train/59057.jpg,(2+2)+7=11
train/59058.jpg,(7*6)+6=48
train/59059.jpg,5-8+1=-2
train/59060.jpg,(7*9)+5=68
train/59061.jpg,8+4*3=20
train/59062.jpg,(2-7)-8=-13
train/59063.jpg,(6+6)*3=36
train/59064.jpg,(6*8)+9=57
train/59065.jpg,(6*6)+0=36
train/59066.jpg,9+(8+6)=23
train/59067.jpg,(4+5)-7=2
train/59068.jpg,5+(8*2)=21
train/59069.jpg,4+7-1=10
train/59070.jpg,0*(2+7)=0
train/59071.jpg,2*(3*8)=48
train/59072.jpg,6-(5-3)=4
train/59073.jpg,(7*0)-2=-2
train/59074.jpg,(1+7)+3=11
train/59075.jpg,(0*1)*2=0
train/59076.jpg,2*1+4=6
train/59077.jpg,5*(7*1)=35
train/59078.jpg,5-(4-4)=5
train/59079.jpg,9+0-1=8
train/59080.jpg,7*(2-0)=14
train/59081.jpg,4*5*2=40
train/59082.jpg,7-(3*7)=-14
train/59083.jpg,8*(8+1)=72
train/59084.jpg,7+(6*9)=61
train/59085.jpg,(7*3)*1=21
train/59086.jpg,0*(8-1)=0
train/59087.jpg,(1-6)+7=2
train/59088.jpg,6-9+5=2
train/59089.jpg,7*(4*7)=196
train/59090.jpg,(5+3)*3=24
train/59091.jpg,2*(5+4)=18
train/59092.jpg,(4+1)-3=2
train/59093.jpg,7+7+2=16
train/59094.jpg,1+7*7=50
train/59095.jpg,7+3*9=34
train/59096.jpg,3-7+9=5
train/59097.jpg,(2*0)-3=-3
train/59098.jpg,(1+9)*0=0
train/59099.jpg,(3+1)-6=-2
train/59100.jpg,5*(4*4)=80
train/59101.jpg,(4*8)-7=25
train/59102.jpg,(6*2)+1=13
train/59103.jpg,9+(4+9)=22
train/59104.jpg,7+1+7=15
train/59105.jpg,8+7-6=9
train/59106.jpg,7+(4*6)=31
train/59107.jpg,9*0+0=0
train/59108.jpg,(6+4)+2=12
train/59109.jpg,5+(0*1)=5
train/59110.jpg,3-7*6=-39
train/59111.jpg,(9+0)+9=18
train/59112.jpg,4+(7+9)=20
train/59113.jpg,7+7*8=63
train/59114.jpg,(8*6)+6=54
train/59115.jpg,(2+4)+6=12
train/59116.jpg,8-(0+9)=-1
train/59117.jpg,1+7+3=11
train/59118.jpg,(3*3)-8=1
train/59119.jpg,7-9-2=-4
train/59120.jpg,(5+7)-0=12
train/59121.jpg,(7-1)+3=9
train/59122.jpg,1*8*5=40
train/59123.jpg,6-7-7=-8
train/59124.jpg,(5-0)*0=0
train/59125.jpg,3+(6*5)=33
train/59126.jpg,2+(6+0)=8
train/59127.jpg,4-4+5=5
train/59128.jpg,5+(7*6)=47
train/59129.jpg,(1-9)+8=0
train/59130.jpg,0*(8+8)=0
train/59131.jpg,0-(4*3)=-12
train/59132.jpg,5-2+8=11
train/59133.jpg,(9*8)*0=0
train/59134.jpg,3-(2+5)=-4
train/59135.jpg,(6-5)-6=-5
train/59136.jpg,9-(9*0)=9
train/59137.jpg,4+(5-7)=2
train/59138.jpg,4+(0-2)=2
train/59139.jpg,9-(4*8)=-23
train/59140.jpg,9-(5-9)=13
train/59141.jpg,(7*7)-7=42
train/59142.jpg,(5*9)-0=45
train/59143.jpg,(8-7)+8=9
train/59144.jpg,2*9+7=25
train/59145.jpg,7+5*7=42
train/59146.jpg,2*(7*7)=98
train/59147.jpg,8+6-4=10
train/59148.jpg,0+7-8=-1
train/59149.jpg,(4-9)-2=-7
train/59150.jpg,7*6*7=294
train/59151.jpg,(0*3)+8=8
train/59152.jpg,(2-6)*5=-20
train/59153.jpg,1*(2*7)=14
train/59154.jpg,8*(3-4)=-8
train/59155.jpg,(5*5)*9=225
train/59156.jpg,9+(9*1)=18
train/59157.jpg,9*9-2=79
train/59158.jpg,(1-8)+8=1
train/59159.jpg,4*6*3=72
train/59160.jpg,3+6-5=4
train/59161.jpg,(8-6)*6=12
train/59162.jpg,4-5-0=-1
train/59163.jpg,(5-8)-7=-10
train/59164.jpg,(1*0)+7=7
train/59165.jpg,4+1*1=5
train/59166.jpg,2*(7-8)=-2
train/59167.jpg,(6-1)+0=5
train/59168.jpg,6+8+0=14
train/59169.jpg,2-(3*0)=2
train/59170.jpg,3-(8-4)=-1
train/59171.jpg,4+2-3=3
train/59172.jpg,7-(0*2)=7
train/59173.jpg,(0-2)*5=-10
train/59174.jpg,7-(8+7)=-8
train/59175.jpg,5*7+0=35
train/59176.jpg,(8*9)*5=360
train/59177.jpg,2-2+2=2
train/59178.jpg,(3*7)+1=22
train/59179.jpg,4-7*3=-17
train/59180.jpg,(8+9)-9=8
train/59181.jpg,(9-6)+3=6
train/59182.jpg,(1*1)-2=-1
train/59183.jpg,6*7+0=42
train/59184.jpg,(3+8)*4=44
train/59185.jpg,6+1-3=4
train/59186.jpg,(7*1)*5=35
train/59187.jpg,(5-6)*0=0
train/59188.jpg,(0-1)*5=-5
train/59189.jpg,(5+9)*3=42
train/59190.jpg,4-2-9=-7
train/59191.jpg,2*(0*1)=0
train/59192.jpg,(6-3)+0=3
train/59193.jpg,(8-1)*0=0
train/59194.jpg,0*9*1=0
train/59195.jpg,8*5-1=39
train/59196.jpg,(1+2)*0=0
train/59197.jpg,(7*7)+1=50
train/59198.jpg,1+(8+8)=17
train/59199.jpg,0+8*0=0
train/59200.jpg,(7+9)*1=16
train/59201.jpg,3+8+3=14
train/59202.jpg,0+5+4=9
train/59203.jpg,6+9-6=9
train/59204.jpg,(8*4)-0=32
train/59205.jpg,(8*6)-0=48
train/59206.jpg,(3*8)-7=17
train/59207.jpg,1+6*3=19
train/59208.jpg,9*7-5=58
train/59209.jpg,0*(0*6)=0
train/59210.jpg,0-6+1=-5
train/59211.jpg,(0+2)+8=10
train/59212.jpg,(1*8)*3=24
train/59213.jpg,(6+5)*8=88
train/59214.jpg,3+(6*8)=51
train/59215.jpg,(2+0)*3=6
train/59216.jpg,6*(0+5)=30
train/59217.jpg,(5+0)*5=25
train/59218.jpg,3+7+9=19
train/59219.jpg,7-0*4=7
train/59220.jpg,2*(0*0)=0
train/59221.jpg,(4+3)*5=35
train/59222.jpg,1-(0*2)=1
train/59223.jpg,4*7*6=168
train/59224.jpg,5-(4-1)=2
train/59225.jpg,(8-1)-5=2
train/59226.jpg,(9-4)-0=5
train/59227.jpg,(6+4)+7=17
train/59228.jpg,(6+9)-5=10
train/59229.jpg,(8*1)*2=16
train/59230.jpg,1-(7-7)=1
train/59231.jpg,3-(2+0)=1
train/59232.jpg,6+(2*9)=24
train/59233.jpg,2+(4-3)=3
train/59234.jpg,9-7*6=-33
train/59235.jpg,(7+5)+3=15
train/59236.jpg,0-(1+2)=-3
train/59237.jpg,4-3*0=4
train/59238.jpg,1*9*1=9
train/59239.jpg,(8+3)+3=14
train/59240.jpg,9+(4+3)=16
train/59241.jpg,8+(6*5)=38
train/59242.jpg,(2+5)+8=15
train/59243.jpg,7+(2-7)=2
train/59244.jpg,8+2+1=11
train/59245.jpg,5+7-7=5
train/59246.jpg,(6-7)-9=-10
train/59247.jpg,(9-8)-6=-5
train/59248.jpg,0-(6+0)=-6
train/59249.jpg,9*5*8=360
train/59250.jpg,2*6+4=16
train/59251.jpg,1+4*7=29
train/59252.jpg,8-(5*9)=-37
train/59253.jpg,8-(5-9)=12
train/59254.jpg,(5-7)+5=3
train/59255.jpg,4*6+6=30
train/59256.jpg,5+(8-6)=7
train/59257.jpg,4-1-1=2
train/59258.jpg,6-(0-4)=10
train/59259.jpg,(7-2)+7=12
train/59260.jpg,0*5-1=-1
train/59261.jpg,6+9+4=19
train/59262.jpg,5+(8*0)=5
train/59263.jpg,(2+3)*2=10
train/59264.jpg,1+(4-5)=0
train/59265.jpg,1+1+2=4
train/59266.jpg,(3-7)*0=0
train/59267.jpg,1*5+3=8
train/59268.jpg,6+(7+9)=22
train/59269.jpg,(4-2)+1=3
train/59270.jpg,2-(2*5)=-8
train/59271.jpg,(3*7)-1=20
train/59272.jpg,1-8*2=-15
train/59273.jpg,5*(7*7)=245
train/59274.jpg,(8*9)-7=65
train/59275.jpg,(4+2)-8=-2
train/59276.jpg,(8+7)*4=60
train/59277.jpg,(9*7)-2=61
train/59278.jpg,4*(3*1)=12
train/59279.jpg,9+3-0=12
train/59280.jpg,0*(5-9)=0
train/59281.jpg,3+8-6=5
train/59282.jpg,(6-5)+6=7
train/59283.jpg,(6*8)-9=39
train/59284.jpg,5*(2*8)=80
train/59285.jpg,7+9+0=16
train/59286.jpg,(3-9)-7=-13
train/59287.jpg,8+6+8=22
train/59288.jpg,(0-8)-3=-11
train/59289.jpg,9*(1+1)=18
train/59290.jpg,4+0*6=4
train/59291.jpg,5-(5+2)=-2
train/59292.jpg,2+4*7=30
train/59293.jpg,6-(7-8)=7
train/59294.jpg,9-5*7=-26
train/59295.jpg,9+(0+3)=12
train/59296.jpg,(0+0)*9=0
train/59297.jpg,5*(0-9)=-45
train/59298.jpg,4+5+3=12
train/59299.jpg,6*(6-8)=-12
train/59300.jpg,(7+2)-2=7
train/59301.jpg,(8-6)*7=14
train/59302.jpg,(0*8)+8=8
train/59303.jpg,9-5*7=-26
train/59304.jpg,(9*7)*4=252
train/59305.jpg,4*(2*7)=56
train/59306.jpg,1*3-4=-1
train/59307.jpg,3-(6+5)=-8
train/59308.jpg,0+0+4=4
train/59309.jpg,3+(1*8)=11
train/59310.jpg,5*3-2=13
train/59311.jpg,2*(2-6)=-8
train/59312.jpg,1*0+0=0
train/59313.jpg,4+3-1=6
train/59314.jpg,0-0*6=0
train/59315.jpg,2-(9-1)=-6
train/59316.jpg,(1-5)-7=-11
train/59317.jpg,8+(1*6)=14
train/59318.jpg,9+5+4=18
train/59319.jpg,(0+7)*1=7
train/59320.jpg,(4*7)+3=31
train/59321.jpg,6+(6-6)=6
train/59322.jpg,(4*0)*5=0
train/59323.jpg,6+(7+7)=20
train/59324.jpg,9+(7*0)=9
train/59325.jpg,3*7+4=25
train/59326.jpg,3+(1+5)=9
train/59327.jpg,2-(6-7)=3
train/59328.jpg,7+(3*3)=16
train/59329.jpg,1+(0*5)=1
train/59330.jpg,5+(5-6)=4
train/59331.jpg,(1-3)-8=-10
train/59332.jpg,2*3+7=13
train/59333.jpg,8*3+5=29
train/59334.jpg,(3-5)*7=-14
train/59335.jpg,0*(3*4)=0
train/59336.jpg,(0-5)-6=-11
train/59337.jpg,8+9+6=23
train/59338.jpg,8+4-3=9
train/59339.jpg,1-5*0=1
train/59340.jpg,(5+4)*8=72
train/59341.jpg,0+(3-1)=2
train/59342.jpg,8+(3-0)=11
train/59343.jpg,1*(9*8)=72
train/59344.jpg,(6-8)*6=-12
train/59345.jpg,4+(9-5)=8
train/59346.jpg,0-0-9=-9
train/59347.jpg,(8-0)+1=9
train/59348.jpg,3-5-4=-6
train/59349.jpg,1*1+1=2
train/59350.jpg,(5-4)*4=4
train/59351.jpg,9+(0-2)=7
train/59352.jpg,(5-2)+9=12
train/59353.jpg,(7+6)*5=65
train/59354.jpg,8+(3-0)=11
train/59355.jpg,2-(1*1)=1
train/59356.jpg,1+3-8=-4
train/59357.jpg,(3*6)*3=54
train/59358.jpg,(9*8)+9=81
train/59359.jpg,4-1*3=1
train/59360.jpg,0+9-8=1
train/59361.jpg,4*(4*9)=144
train/59362.jpg,(2-9)-9=-16
train/59363.jpg,0*(0-1)=0
train/59364.jpg,3+(9-4)=8
train/59365.jpg,7-(9+5)=-7
train/59366.jpg,(0*3)-9=-9
train/59367.jpg,(8-7)+7=8
train/59368.jpg,(0*8)*7=0
train/59369.jpg,8*(1-6)=-40
train/59370.jpg,(3*4)*0=0
train/59371.jpg,(7+4)+8=19
train/59372.jpg,4+(7+5)=16
train/59373.jpg,6*6*4=144
train/59374.jpg,8-8-2=-2
train/59375.jpg,(1-8)-5=-12
train/59376.jpg,9+9*0=9
train/59377.jpg,(5*6)-8=22
train/59378.jpg,4-6*9=-50
train/59379.jpg,8-1*9=-1
train/59380.jpg,(4+8)+7=19
train/59381.jpg,(8*7)*5=280
train/59382.jpg,(3+8)+0=11
train/59383.jpg,2+(9+2)=13
train/59384.jpg,8-4-3=1
train/59385.jpg,(5+0)+0=5
train/59386.jpg,(3-6)*6=-18
train/59387.jpg,(5*1)+8=13
train/59388.jpg,1-9*4=-35
train/59389.jpg,7+(9*5)=52
train/59390.jpg,8+4-6=6
train/59391.jpg,(9+0)*0=0
train/59392.jpg,9-3*4=-3
train/59393.jpg,6-6+2=2
train/59394.jpg,0-(2*6)=-12
train/59395.jpg,(1-3)-2=-4
train/59396.jpg,0*(2*0)=0
train/59397.jpg,3*(9*1)=27
train/59398.jpg,6-(7*6)=-36
train/59399.jpg,7-(7+8)=-8
train/59400.jpg,5-(9+9)=-13
train/59401.jpg,3*(0-5)=-15
train/59402.jpg,8+(0-1)=7
train/59403.jpg,(0*0)+3=3
train/59404.jpg,8-(5-7)=10
train/59405.jpg,4-(0-2)=6
train/59406.jpg,(2*5)+9=19
train/59407.jpg,2+(8+2)=12
train/59408.jpg,(2-0)*2=4
train/59409.jpg,(4*4)-6=10
train/59410.jpg,(6+1)*8=56
train/59411.jpg,(7+5)-5=7
train/59412.jpg,9+(0+4)=13
train/59413.jpg,6*6-4=32
train/59414.jpg,(6*4)+7=31
train/59415.jpg,3*(9+3)=36
train/59416.jpg,4*(5-2)=12
train/59417.jpg,8-(0+6)=2
train/59418.jpg,0*(4*4)=0
train/59419.jpg,9+5+1=15
train/59420.jpg,(7*6)+5=47
train/59421.jpg,4+8+1=13
train/59422.jpg,2-5-0=-3
train/59423.jpg,3+4+6=13
train/59424.jpg,2+(9*2)=20
train/59425.jpg,7+8*9=79
train/59426.jpg,0*(2+3)=0
train/59427.jpg,(4+9)-1=12
train/59428.jpg,3+(2*4)=11
train/59429.jpg,9+(2+4)=15
train/59430.jpg,8+3-6=5
train/59431.jpg,8-3-3=2
train/59432.jpg,5*(2*3)=30
train/59433.jpg,(6+1)*5=35
train/59434.jpg,0+2+9=11
train/59435.jpg,1*1*0=0
train/59436.jpg,(5+4)-2=7
train/59437.jpg,3+4*4=19
train/59438.jpg,0-2*1=-2
train/59439.jpg,7+8-9=6
train/59440.jpg,9-(9*2)=-9
train/59441.jpg,7*(0+0)=0
train/59442.jpg,9*7-4=59
train/59443.jpg,6*(6*7)=252
train/59444.jpg,(8+1)*8=72
train/59445.jpg,(1*1)-9=-8
train/59446.jpg,5*0*3=0
train/59447.jpg,9-8+6=7
train/59448.jpg,1*0-2=-2
train/59449.jpg,3*7+1=22
train/59450.jpg,2-(8-3)=-3
train/59451.jpg,8-7*9=-55
train/59452.jpg,2+(7+3)=12
train/59453.jpg,1-(3-3)=1
train/59454.jpg,9+0*7=9
train/59455.jpg,2-(4*9)=-34
train/59456.jpg,(5-7)*1=-2
train/59457.jpg,9+2+1=12
train/59458.jpg,1*7+0=7
train/59459.jpg,6*4+5=29
train/59460.jpg,8*1-6=2
train/59461.jpg,7-4-7=-4
train/59462.jpg,3-(5*0)=3
train/59463.jpg,(9*8)+4=76
train/59464.jpg,4*4+2=18
train/59465.jpg,3*0+1=1
train/59466.jpg,(6-0)-3=3
train/59467.jpg,(1*2)*0=0
train/59468.jpg,(1+7)*7=56
train/59469.jpg,0-(7*6)=-42
train/59470.jpg,2-(4*3)=-10
train/59471.jpg,3*(4+6)=30
train/59472.jpg,3+(8*5)=43
train/59473.jpg,5+(7*1)=12
train/59474.jpg,1*(4*3)=12
train/59475.jpg,(9-3)+4=10
train/59476.jpg,(3+0)*1=3
train/59477.jpg,(8-1)-8=-1
train/59478.jpg,(8*8)*1=64
train/59479.jpg,(4+8)*4=48
train/59480.jpg,(2-0)-0=2
train/59481.jpg,9-(2*8)=-7
train/59482.jpg,7*(3+0)=21
train/59483.jpg,7-(8*5)=-33
train/59484.jpg,(5*5)*9=225
train/59485.jpg,4*(1*3)=12
train/59486.jpg,(4-8)-5=-9
train/59487.jpg,4*(8*2)=64
train/59488.jpg,(5*9)+5=50
train/59489.jpg,4+(7-6)=5
train/59490.jpg,(5*2)*0=0
train/59491.jpg,4*(1+0)=4
train/59492.jpg,6-(4*9)=-30
train/59493.jpg,9*8-9=63
train/59494.jpg,9+(4-0)=13
train/59495.jpg,7*9*8=504
train/59496.jpg,9*5+5=50
train/59497.jpg,(2*1)*0=0
train/59498.jpg,(9*6)+6=60
train/59499.jpg,4+(8*6)=52
train/59500.jpg,8*(5+6)=88
train/59501.jpg,(4*5)*3=60
train/59502.jpg,2-4-3=-5
train/59503.jpg,6-8*8=-58
train/59504.jpg,4*4+8=24
train/59505.jpg,(6-9)-1=-4
train/59506.jpg,2+(0-1)=1
train/59507.jpg,(6*1)*9=54
train/59508.jpg,5+(5-5)=5
train/59509.jpg,0-(7*6)=-42
train/59510.jpg,2-(9*9)=-79
train/59511.jpg,8-(3*6)=-10
train/59512.jpg,0+(9-5)=4
train/59513.jpg,(3-7)-4=-8
train/59514.jpg,2*(8-1)=14
train/59515.jpg,1*(2+0)=2
train/59516.jpg,4+8+2=14
train/59517.jpg,(4+2)+2=8
train/59518.jpg,6-7+7=6
train/59519.jpg,5+6*5=35
train/59520.jpg,2-(2*5)=-8
train/59521.jpg,0-(8-7)=-1
train/59522.jpg,7*7+6=55
train/59523.jpg,3+4*3=15
train/59524.jpg,(6-0)+6=12
train/59525.jpg,(7*5)*7=245
train/59526.jpg,3+3*1=6
train/59527.jpg,(6-8)*1=-2
train/59528.jpg,5-1-7=-3
train/59529.jpg,5-(3*5)=-10
train/59530.jpg,1-(8*2)=-15
train/59531.jpg,(2*9)-9=9
train/59532.jpg,9*2*2=36
train/59533.jpg,(1+0)*3=3
train/59534.jpg,(5+7)+7=19
train/59535.jpg,(3-0)-0=3
train/59536.jpg,6-(0*5)=6
train/59537.jpg,4*(9*8)=288
train/59538.jpg,(9+2)+6=17
train/59539.jpg,5-(0*3)=5
train/59540.jpg,7*(5*5)=175
train/59541.jpg,5*4-1=19
train/59542.jpg,4+6-4=6
train/59543.jpg,5+(5-7)=3
train/59544.jpg,7+3-3=7
train/59545.jpg,9*0-6=-6
train/59546.jpg,4*(6*6)=144
train/59547.jpg,(4-2)*2=4
train/59548.jpg,4*8+7=39
train/59549.jpg,9*(2*0)=0
train/59550.jpg,8+(2-3)=7
train/59551.jpg,1+3-4=0
train/59552.jpg,(2-1)-2=-1
train/59553.jpg,5+(3*2)=11
train/59554.jpg,2-(4-3)=1
train/59555.jpg,8*4*1=32
train/59556.jpg,0*(4-8)=0
train/59557.jpg,6-(0+2)=4
train/59558.jpg,(9+8)-0=17
train/59559.jpg,9*5-6=39
train/59560.jpg,1+2+1=4
train/59561.jpg,0-1+8=7
train/59562.jpg,(8*7)*4=224
train/59563.jpg,2+(4*6)=26
train/59564.jpg,4-9-3=-8
train/59565.jpg,7+0-7=0
train/59566.jpg,3+(8*2)=19
train/59567.jpg,(7+5)*4=48
train/59568.jpg,0+5+4=9
train/59569.jpg,(8-3)+4=9
train/59570.jpg,6*8-8=40
train/59571.jpg,1+9+0=10
train/59572.jpg,0+8-5=3
train/59573.jpg,6+(6+7)=19
train/59574.jpg,(9*7)+0=63
train/59575.jpg,4-(6*7)=-38
train/59576.jpg,9*6-9=45
train/59577.jpg,4+6+0=10
train/59578.jpg,0+(9*8)=72
train/59579.jpg,2+(7-7)=2
train/59580.jpg,5-4*6=-19
train/59581.jpg,0-(1-1)=0
train/59582.jpg,(3+7)-6=4
train/59583.jpg,2-9-1=-8
train/59584.jpg,0*(2*0)=0
train/59585.jpg,1+6*1=7
train/59586.jpg,(1*1)+8=9
train/59587.jpg,(7-5)-7=-5
train/59588.jpg,6*9+0=54
train/59589.jpg,4-1*7=-3
train/59590.jpg,3-(8+1)=-6
train/59591.jpg,6*(7+8)=90
train/59592.jpg,8-4+3=7
train/59593.jpg,1+8*8=65
train/59594.jpg,7-(0-6)=13
train/59595.jpg,(9+9)*6=108
train/59596.jpg,(2*8)*8=128
train/59597.jpg,3*(6-5)=3
train/59598.jpg,9+(2+1)=12
train/59599.jpg,9-0-8=1
train/59600.jpg,8*4*2=64
train/59601.jpg,4*(5+3)=32
train/59602.jpg,(0*8)+5=5
train/59603.jpg,2+(2+8)=12
train/59604.jpg,(3+6)*6=54
train/59605.jpg,6*8*2=96
train/59606.jpg,4*5*5=100
train/59607.jpg,1*(6*8)=48
train/59608.jpg,8+2-5=5
train/59609.jpg,5-(2-5)=8
train/59610.jpg,(8+9)*4=68
train/59611.jpg,2+8*3=26
train/59612.jpg,5-3-4=-2
train/59613.jpg,(1+5)*8=48
train/59614.jpg,3*(8*1)=24
train/59615.jpg,(1*0)-0=0
train/59616.jpg,(8*0)-3=-3
train/59617.jpg,(3-8)+5=0
train/59618.jpg,(6+4)*7=70
train/59619.jpg,(5+2)-0=7
train/59620.jpg,2-6-1=-5
train/59621.jpg,(0*1)*7=0
train/59622.jpg,5*8+6=46
train/59623.jpg,(8*0)+0=0
train/59624.jpg,2+(0+5)=7
train/59625.jpg,(9*9)*6=486
train/59626.jpg,(2+2)+6=10
train/59627.jpg,(7+7)+8=22
train/59628.jpg,9*(0-7)=-63
train/59629.jpg,5-3*9=-22
train/59630.jpg,(5+9)-9=5
train/59631.jpg,(0+5)+7=12
train/59632.jpg,9-(2-8)=15
train/59633.jpg,6+0*4=6
train/59634.jpg,1+(3+0)=4
train/59635.jpg,4-7*3=-17
train/59636.jpg,1+(5-7)=-1
train/59637.jpg,(5+8)+9=22
train/59638.jpg,0*(7+9)=0
train/59639.jpg,7+3+9=19
train/59640.jpg,(3*0)*0=0
train/59641.jpg,(7*7)+5=54
train/59642.jpg,0+(2+9)=11
train/59643.jpg,(2+8)-8=2
train/59644.jpg,6-4+7=9
train/59645.jpg,(6+4)+6=16
train/59646.jpg,5-(1*8)=-3
train/59647.jpg,9-(6+0)=3
train/59648.jpg,9*(9+4)=117
train/59649.jpg,(2-6)-5=-9
train/59650.jpg,(0+0)*2=0
train/59651.jpg,8+(6*4)=32
train/59652.jpg,1-8+2=-5
train/59653.jpg,2*(0-3)=-6
train/59654.jpg,(9*2)*6=108
train/59655.jpg,1-3-2=-4
train/59656.jpg,2-8+6=0
train/59657.jpg,1+(5-3)=3
train/59658.jpg,(9-1)-4=4
train/59659.jpg,8-(9+9)=-10
train/59660.jpg,5*8+4=44
train/59661.jpg,7-(6*3)=-11
train/59662.jpg,3+(1*5)=8
train/59663.jpg,(4-6)*2=-4
train/59664.jpg,1-1-3=-3
train/59665.jpg,(7+1)+6=14
train/59666.jpg,9-0+6=15
train/59667.jpg,9-(9-5)=5
train/59668.jpg,(5-3)-7=-5
train/59669.jpg,(3+5)+8=16
train/59670.jpg,3+9*3=30
train/59671.jpg,(7+3)*5=50
train/59672.jpg,(6-7)*9=-9
train/59673.jpg,9+(2-4)=7
train/59674.jpg,5+7-6=6
train/59675.jpg,5*(0*0)=0
train/59676.jpg,1+(0+1)=2
train/59677.jpg,2-(3*9)=-25
train/59678.jpg,6+3*0=6
train/59679.jpg,2-3-7=-8
train/59680.jpg,8-(5+9)=-6
train/59681.jpg,7-8+9=8
train/59682.jpg,9+(3*7)=30
train/59683.jpg,9*1+8=17
train/59684.jpg,0+(1-3)=-2
train/59685.jpg,2*(4+3)=14
train/59686.jpg,(5-4)*3=3
train/59687.jpg,3*1+6=9
train/59688.jpg,5*8*3=120
train/59689.jpg,2*(3*7)=42
train/59690.jpg,(3-3)-8=-8
train/59691.jpg,2+6-5=3
train/59692.jpg,2*(4*8)=64
train/59693.jpg,(1*5)*5=25
train/59694.jpg,(4-2)*1=2
train/59695.jpg,5-5+7=7
train/59696.jpg,3-4-8=-9
train/59697.jpg,8*8*4=256
train/59698.jpg,6+1*5=11
train/59699.jpg,1*4+6=10
train/59700.jpg,9*7-4=59
train/59701.jpg,(7-6)-3=-2
train/59702.jpg,0+(6+7)=13
train/59703.jpg,8+(5*5)=33
train/59704.jpg,(1*0)*7=0
train/59705.jpg,4*(9-1)=32
train/59706.jpg,7-3*8=-17
train/59707.jpg,4-3-0=1
train/59708.jpg,7-8+5=4
train/59709.jpg,6*(3*9)=162
train/59710.jpg,(9-7)-6=-4
train/59711.jpg,3*3*1=9
train/59712.jpg,8+(1+3)=12
train/59713.jpg,2*(6*4)=48
train/59714.jpg,7*(1+2)=21
train/59715.jpg,6*(2-3)=-6
train/59716.jpg,(5*4)+0=20
train/59717.jpg,4-(6-1)=-1
train/59718.jpg,(4*5)-5=15
train/59719.jpg,8*6+6=54
train/59720.jpg,7-0*8=7
train/59721.jpg,9+5*7=44
train/59722.jpg,8+(3-2)=9
train/59723.jpg,8+6+0=14
train/59724.jpg,5-(9*9)=-76
train/59725.jpg,6*(9*7)=378
train/59726.jpg,6-(8-8)=6
train/59727.jpg,2*(4*1)=8
train/59728.jpg,(5-6)-5=-6
train/59729.jpg,9-(9-2)=2
train/59730.jpg,(4+2)-6=0
train/59731.jpg,9+2*4=17
train/59732.jpg,2*(5*3)=30
train/59733.jpg,9-(3*7)=-12
train/59734.jpg,1+1*8=9
train/59735.jpg,1-4+0=-3
train/59736.jpg,1-(1*0)=1
train/59737.jpg,5+9-3=11
train/59738.jpg,0+7*9=63
train/59739.jpg,0*(0*1)=0
train/59740.jpg,4+(5*4)=24
train/59741.jpg,4*(0*1)=0
train/59742.jpg,5+2*5=15
train/59743.jpg,6+5*7=41
train/59744.jpg,0*4-8=-8
train/59745.jpg,1*(5+0)=5
train/59746.jpg,6*(8-7)=6
train/59747.jpg,(1*2)+3=5
train/59748.jpg,9+(2+6)=17
train/59749.jpg,(3*3)+5=14
train/59750.jpg,0-2+8=6
train/59751.jpg,1+(5-2)=4
train/59752.jpg,5*4+4=24
train/59753.jpg,(5+7)*8=96
train/59754.jpg,1-9*4=-35
train/59755.jpg,9*(5+9)=126
train/59756.jpg,(2+7)-6=3
train/59757.jpg,8+9*2=26
train/59758.jpg,5+(2+9)=16
train/59759.jpg,1*(2*3)=6
train/59760.jpg,6-(5-1)=2
train/59761.jpg,8+(3*4)=20
train/59762.jpg,7+(6*8)=55
train/59763.jpg,8+1+8=17
train/59764.jpg,2-(5*6)=-28
train/59765.jpg,7*(0-2)=-14
train/59766.jpg,(3*6)-1=17
train/59767.jpg,(9+8)+3=20
train/59768.jpg,5*8*2=80
train/59769.jpg,(6-0)-0=6
train/59770.jpg,(4+7)*7=77
train/59771.jpg,7-(4-4)=7
train/59772.jpg,4*6+1=25
train/59773.jpg,8+(2+7)=17
train/59774.jpg,3+6+3=12
train/59775.jpg,1*(1+8)=9
train/59776.jpg,(9-1)+0=8
train/59777.jpg,6-(7*5)=-29
train/59778.jpg,(3-4)-5=-6
train/59779.jpg,2*0-5=-5
train/59780.jpg,(8+4)+6=18
train/59781.jpg,2+(0*6)=2
train/59782.jpg,1*(0-2)=-2
train/59783.jpg,(5+4)*7=63
train/59784.jpg,(8-6)-8=-6
train/59785.jpg,0+6+0=6
train/59786.jpg,(6+7)-3=10
train/59787.jpg,(5-2)*5=15
train/59788.jpg,3-(5-2)=0
train/59789.jpg,2-0*3=2
train/59790.jpg,5+1-5=1
train/59791.jpg,3-9+0=-6
train/59792.jpg,5+(7*3)=26
train/59793.jpg,2*7-1=13
train/59794.jpg,6+6-1=11
train/59795.jpg,(5+9)*2=28
train/59796.jpg,(6-7)+0=-1
train/59797.jpg,4-(3-2)=3
train/59798.jpg,(9+1)+1=11
train/59799.jpg,2+1+2=5
train/59800.jpg,5+2*0=5
train/59801.jpg,(0-8)-0=-8
train/59802.jpg,2+(6+2)=10
train/59803.jpg,2+(1*0)=2
train/59804.jpg,6+0-1=5
train/59805.jpg,2*3+3=9
train/59806.jpg,(1+9)+9=19
train/59807.jpg,(4-6)-8=-10
train/59808.jpg,5+4-6=3
train/59809.jpg,9+4*1=13
train/59810.jpg,7*(6-7)=-7
train/59811.jpg,9*(8+8)=144
train/59812.jpg,(0+4)+7=11
train/59813.jpg,(1-8)*3=-21
train/59814.jpg,4-3+7=8
train/59815.jpg,3-6+4=1
train/59816.jpg,(8+8)-1=15
train/59817.jpg,1+2+8=11
train/59818.jpg,9+(9*2)=27
train/59819.jpg,(2+1)-2=1
train/59820.jpg,(6*7)-2=40
train/59821.jpg,(7-6)-3=-2
train/59822.jpg,(3+8)+2=13
train/59823.jpg,(3+1)*6=24
train/59824.jpg,(8-8)*2=0
train/59825.jpg,0-(8-6)=-2
train/59826.jpg,(7+6)+2=15
train/59827.jpg,1*(8-7)=1
train/59828.jpg,1*4*6=24
train/59829.jpg,3-5*9=-42
train/59830.jpg,5*(4-6)=-10
train/59831.jpg,8-7*8=-48
train/59832.jpg,(9+1)+0=10
train/59833.jpg,7*1*0=0
train/59834.jpg,6+(2+5)=13
train/59835.jpg,9*3+1=28
train/59836.jpg,(0-2)-6=-8
train/59837.jpg,8+(6-0)=14
train/59838.jpg,2+(1+0)=3
train/59839.jpg,0-(0*3)=0
train/59840.jpg,(9*2)*0=0
train/59841.jpg,3-7+7=3
train/59842.jpg,4*(9*0)=0
train/59843.jpg,(2-4)+6=4
train/59844.jpg,(5-9)+4=0
train/59845.jpg,4-(3-7)=8
train/59846.jpg,1*(1-8)=-7
train/59847.jpg,(4*7)+1=29
train/59848.jpg,(7-1)*2=12
train/59849.jpg,6-(8-4)=2
train/59850.jpg,(9*8)+3=75
train/59851.jpg,9*2*9=162
train/59852.jpg,(4-4)-7=-7
train/59853.jpg,7*(4*2)=56
train/59854.jpg,4-(9-4)=-1
train/59855.jpg,5*0*1=0
train/59856.jpg,5+(6+8)=19
train/59857.jpg,0*(9*8)=0
train/59858.jpg,(7*6)-8=34
train/59859.jpg,2-(1-8)=9
train/59860.jpg,5*6+7=37
train/59861.jpg,8*0-9=-9
train/59862.jpg,8*4*7=224
train/59863.jpg,6*2+5=17
train/59864.jpg,5+6+3=14
train/59865.jpg,1*(7*5)=35
train/59866.jpg,0+0*2=0
train/59867.jpg,4*(0-4)=-16
train/59868.jpg,(2+2)-8=-4
train/59869.jpg,5*6*0=0
train/59870.jpg,6+8+7=21
train/59871.jpg,(5*3)-0=15
train/59872.jpg,7-6+4=5
train/59873.jpg,(7+0)+3=10
train/59874.jpg,8+3*4=20
train/59875.jpg,1*(7-0)=7
train/59876.jpg,2-(0+4)=-2
train/59877.jpg,(5-1)*2=8
train/59878.jpg,7*4-2=26
train/59879.jpg,(5-3)+8=10
train/59880.jpg,1+1-3=-1
train/59881.jpg,6-(9*0)=6
train/59882.jpg,(6-9)+6=3
train/59883.jpg,2*(5-1)=8
train/59884.jpg,5+(9*1)=14
train/59885.jpg,(8*0)+4=4
train/59886.jpg,4+(3-5)=2
train/59887.jpg,9+1-5=5
train/59888.jpg,6+4*5=26
train/59889.jpg,(8-0)*8=64
train/59890.jpg,(0-7)*7=-49
train/59891.jpg,5-3+4=6
train/59892.jpg,9-5-7=-3
train/59893.jpg,6+(7-7)=6
train/59894.jpg,(6-1)*4=20
train/59895.jpg,7+(3*3)=16
train/59896.jpg,(7*4)+0=28
train/59897.jpg,(1*6)-7=-1
train/59898.jpg,2-(7+7)=-12
train/59899.jpg,5*(2-4)=-10
train/59900.jpg,3*(6+4)=30
train/59901.jpg,1-1-9=-9
train/59902.jpg,8*(0-6)=-48
train/59903.jpg,9+(9+7)=25
train/59904.jpg,(1*2)-2=0
train/59905.jpg,(0-3)-7=-10
train/59906.jpg,(8-1)*5=35
train/59907.jpg,6-(7-4)=3
train/59908.jpg,(7-5)*7=14
train/59909.jpg,3-0-3=0
train/59910.jpg,3*7-6=15
train/59911.jpg,(8*4)-2=30
train/59912.jpg,2-(4*0)=2
train/59913.jpg,9*1-5=4
train/59914.jpg,(2-4)+5=3
train/59915.jpg,2-4+2=0
train/59916.jpg,7*9-3=60
train/59917.jpg,8-2*9=-10
train/59918.jpg,1-8*7=-55
train/59919.jpg,3*6-6=12
train/59920.jpg,3-9+6=0
train/59921.jpg,0-1+6=5
train/59922.jpg,(8+1)-6=3
train/59923.jpg,7-0*1=7
train/59924.jpg,3*(3+3)=18
train/59925.jpg,1-(9+1)=-9
train/59926.jpg,1+(6-7)=0
train/59927.jpg,6+3-5=4
train/59928.jpg,9-(2-4)=11
train/59929.jpg,6-3*5=-9
train/59930.jpg,(6-8)+2=0
train/59931.jpg,7-2-5=0
train/59932.jpg,3*(3+2)=15
train/59933.jpg,9-0-3=6
train/59934.jpg,(7*2)-1=13
train/59935.jpg,6*(7*2)=84
train/59936.jpg,(1+7)*0=0
train/59937.jpg,7+8+4=19
train/59938.jpg,1+3+4=8
train/59939.jpg,1*9-6=3
train/59940.jpg,(2+1)+2=5
train/59941.jpg,(8+6)*3=42
train/59942.jpg,9-6*3=-9
train/59943.jpg,(3-7)+1=-3
train/59944.jpg,(5+9)-8=6
train/59945.jpg,(1-9)-2=-10
train/59946.jpg,2*7+5=19
train/59947.jpg,2+6*4=26
train/59948.jpg,6+9-9=6
train/59949.jpg,6-3+5=8
train/59950.jpg,8-(8*6)=-40
train/59951.jpg,(3+3)*6=36
train/59952.jpg,7-(6*6)=-29
train/59953.jpg,(4+1)*1=5
train/59954.jpg,(5*4)+4=24
train/59955.jpg,2*(9-1)=16
train/59956.jpg,(7-3)*2=8
train/59957.jpg,(0*4)*2=0
train/59958.jpg,2*2-3=1
train/59959.jpg,4+(9+3)=16
train/59960.jpg,1*1+9=10
train/59961.jpg,(1+5)-3=3
train/59962.jpg,1+(5+0)=6
train/59963.jpg,(9+5)-1=13
train/59964.jpg,7-(8-2)=1
train/59965.jpg,(5+1)-5=1
train/59966.jpg,6-5-9=-8
train/59967.jpg,5-8*2=-11
train/59968.jpg,2-3-4=-5
train/59969.jpg,0+3-4=-1
train/59970.jpg,(3+2)-6=-1
train/59971.jpg,7+(8*4)=39
train/59972.jpg,2*0+3=3
train/59973.jpg,(5*4)*7=140
train/59974.jpg,1+2*5=11
train/59975.jpg,(1-5)*1=-4
train/59976.jpg,(2*2)-2=2
train/59977.jpg,0+4-4=0
train/59978.jpg,(8-1)*7=49
train/59979.jpg,(5*0)*5=0
train/59980.jpg,(3*3)-4=5
train/59981.jpg,0-3+3=0
train/59982.jpg,5*0*9=0
train/59983.jpg,(5*7)+8=43
train/59984.jpg,(5+7)+2=14
train/59985.jpg,3-(8+7)=-12
train/59986.jpg,1-(4+7)=-10
train/59987.jpg,2-(2+5)=-5
train/59988.jpg,2+(6*5)=32
train/59989.jpg,6*8+9=57
train/59990.jpg,(2*2)+9=13
train/59991.jpg,(7*5)*6=210
train/59992.jpg,0+(3+6)=9
train/59993.jpg,1*(5+3)=8
train/59994.jpg,9+(3+5)=17
train/59995.jpg,7+(1+1)=9
train/59996.jpg,4*0-6=-6
train/59997.jpg,3-5*6=-27
train/59998.jpg,(9-2)+9=16
train/59999.jpg,7-6-2=-1
train/60000.jpg,5*(8+8)=80
train/60001.jpg,(5-8)*1=-3
train/60002.jpg,(8-2)*6=36
train/60003.jpg,(8+8)+9=25
train/60004.jpg,8+(8*4)=40
train/60005.jpg,0-2-0=-2
train/60006.jpg,8*(5+8)=104
train/60007.jpg,(2*5)+6=16
train/60008.jpg,(1+7)-7=1
train/60009.jpg,(8*7)+7=63
train/60010.jpg,3+(3-4)=2
train/60011.jpg,(4+3)-5=2
train/60012.jpg,(2*8)*0=0
train/60013.jpg,4+7-5=6
train/60014.jpg,(2+1)+7=10
train/60015.jpg,5+1-4=2
train/60016.jpg,9*3+0=27
train/60017.jpg,8-(9+2)=-3
train/60018.jpg,(9+3)+8=20
train/60019.jpg,1-5-4=-8
train/60020.jpg,0-9+9=0
train/60021.jpg,(2-1)+7=8
train/60022.jpg,8-(8+4)=-4
train/60023.jpg,(0*9)+3=3
train/60024.jpg,(1-2)+7=6
train/60025.jpg,0*(1-3)=0
train/60026.jpg,(8*6)*2=96
train/60027.jpg,2+(3+1)=6
train/60028.jpg,(6-2)*8=32
train/60029.jpg,(4-8)-8=-12
train/60030.jpg,1*7+8=15
train/60031.jpg,6-0-1=5
train/60032.jpg,(2+5)*5=35
train/60033.jpg,6-6+9=9
train/60034.jpg,0+0+6=6
train/60035.jpg,0-1*8=-8
train/60036.jpg,(6+3)-9=0
train/60037.jpg,5-(6-4)=3
train/60038.jpg,3*6-8=10
train/60039.jpg,1+(4*5)=21
train/60040.jpg,6-(8+2)=-4
train/60041.jpg,6-0+5=11
train/60042.jpg,(5-0)-0=5
train/60043.jpg,(7+6)-9=4
train/60044.jpg,7+(0-8)=-1
train/60045.jpg,8-(0-7)=15
train/60046.jpg,(0-0)-5=-5
train/60047.jpg,9+0*3=9
train/60048.jpg,8-3+8=13
train/60049.jpg,(9+8)-7=10
train/60050.jpg,(2+9)+0=11
train/60051.jpg,7*2-8=6
train/60052.jpg,(0-9)-3=-12
train/60053.jpg,5+(2+0)=7
train/60054.jpg,5+(2-1)=6
train/60055.jpg,(5+9)-1=13
train/60056.jpg,(1-9)-2=-10
train/60057.jpg,9*(9+0)=81
train/60058.jpg,7-(9-9)=7
train/60059.jpg,(1*5)+6=11
train/60060.jpg,0*(3+6)=0
train/60061.jpg,(7-3)+4=8
train/60062.jpg,7-6-9=-8
train/60063.jpg,(2+7)*5=45
train/60064.jpg,7+0+9=16
train/60065.jpg,(6-8)-4=-6
train/60066.jpg,6+3-8=1
train/60067.jpg,9*9+4=85
train/60068.jpg,(4-3)+6=7
train/60069.jpg,9*2*8=144
train/60070.jpg,3-(0+7)=-4
train/60071.jpg,(1*8)-4=4
train/60072.jpg,7+3-3=7
train/60073.jpg,6-7-1=-2
train/60074.jpg,(6+9)+0=15
train/60075.jpg,3-3-2=-2
train/60076.jpg,(7*7)-9=40
train/60077.jpg,4*1+3=7
train/60078.jpg,(1+2)-8=-5
train/60079.jpg,2-(9*3)=-25
train/60080.jpg,(9-0)-8=1
train/60081.jpg,(9*9)*8=648
train/60082.jpg,1-(8-0)=-7
train/60083.jpg,(7-6)+5=6
train/60084.jpg,6-(8-5)=3
train/60085.jpg,4+(8+7)=19
train/60086.jpg,(8+5)-2=11
train/60087.jpg,9-(8+4)=-3
train/60088.jpg,9-(9*4)=-27
train/60089.jpg,(8-6)-0=2
train/60090.jpg,9*8*0=0
train/60091.jpg,4-8*3=-20
train/60092.jpg,(8*9)-3=69
train/60093.jpg,(9*6)+5=59
train/60094.jpg,(0*9)+0=0
train/60095.jpg,4*7*7=196
train/60096.jpg,(9-7)+1=3
train/60097.jpg,3*(5-7)=-6
train/60098.jpg,5+(5*7)=40
train/60099.jpg,(3-7)*2=-8
train/60100.jpg,(2+1)-2=1
train/60101.jpg,6-3-6=-3
train/60102.jpg,(6-5)+9=10
train/60103.jpg,(7*3)-4=17
train/60104.jpg,3-3*7=-18
train/60105.jpg,2-4+2=0
train/60106.jpg,(6*3)*7=126
train/60107.jpg,1*6+7=13
train/60108.jpg,1+(7*8)=57
train/60109.jpg,3-(3*6)=-15
train/60110.jpg,2+(5*1)=7
train/60111.jpg,5*(6-8)=-10
train/60112.jpg,(5-0)+1=6
train/60113.jpg,(5-3)-2=0
train/60114.jpg,3*(5*0)=0
train/60115.jpg,0+(2+8)=10
train/60116.jpg,4*6+9=33
train/60117.jpg,4*7*9=252
train/60118.jpg,(7+7)+2=16
train/60119.jpg,2+6-4=4
train/60120.jpg,(8-7)*2=2
train/60121.jpg,8*(6*6)=288
train/60122.jpg,8+(1-5)=4
train/60123.jpg,2+(0-1)=1
train/60124.jpg,(3+7)-9=1
train/60125.jpg,0*9*5=0
train/60126.jpg,(0-2)+1=-1
train/60127.jpg,8*(1+0)=8
train/60128.jpg,(3-9)*4=-24
train/60129.jpg,7-(1+7)=-1
train/60130.jpg,3*(1-3)=-6
train/60131.jpg,9-(5*3)=-6
train/60132.jpg,5+(8+8)=21
train/60133.jpg,7-(2-7)=12
train/60134.jpg,1-3+1=-1
train/60135.jpg,(0+0)+1=1
train/60136.jpg,7+0+0=7
train/60137.jpg,(0*3)-6=-6
train/60138.jpg,3+(5*1)=8
train/60139.jpg,(3+4)*7=49
train/60140.jpg,2+(6-8)=0
train/60141.jpg,(8-6)-0=2
train/60142.jpg,2*(9-4)=10
train/60143.jpg,3*1-8=-5
train/60144.jpg,2*9*6=108
train/60145.jpg,5-(5*6)=-25
train/60146.jpg,(9*5)*3=135
train/60147.jpg,5*8-7=33
train/60148.jpg,3-1-1=1
train/60149.jpg,6*(7-6)=6
train/60150.jpg,9*7+8=71
train/60151.jpg,2*5+0=10
train/60152.jpg,5+(0-3)=2
train/60153.jpg,0*(0-4)=0
train/60154.jpg,2+5*6=32
train/60155.jpg,(2-6)*4=-16
train/60156.jpg,(4-0)+5=9
train/60157.jpg,2*(0+0)=0
train/60158.jpg,6-4+5=7
train/60159.jpg,1+(9-6)=4
train/60160.jpg,(4*9)+6=42
train/60161.jpg,0-5-3=-8
train/60162.jpg,3-(2-6)=7
train/60163.jpg,5+3*7=26
train/60164.jpg,(7+6)-2=11
train/60165.jpg,1+3-9=-5
train/60166.jpg,4+5+1=10
train/60167.jpg,(6*3)+7=25
train/60168.jpg,(7+2)*3=27
train/60169.jpg,(5-0)+4=9
train/60170.jpg,(5+7)-1=11
train/60171.jpg,0-(6-3)=-3
train/60172.jpg,0*4*9=0
train/60173.jpg,(9*7)-8=55
train/60174.jpg,5+5+9=19
train/60175.jpg,9-1-9=-1
train/60176.jpg,(2-7)-3=-8
train/60177.jpg,0*(7+9)=0
train/60178.jpg,3+8-5=6
train/60179.jpg,(2-8)-9=-15
train/60180.jpg,6+1-7=0
train/60181.jpg,3-9-9=-15
train/60182.jpg,2+(3*3)=11
train/60183.jpg,6-8*1=-2
train/60184.jpg,(0-2)+3=1
train/60185.jpg,6*2*3=36
train/60186.jpg,5*(2+2)=20
train/60187.jpg,(4+5)-0=9
train/60188.jpg,8+(3*1)=11
train/60189.jpg,0*(7*5)=0
train/60190.jpg,8+(4-1)=11
train/60191.jpg,8*(6-9)=-24
train/60192.jpg,2*(9*5)=90
train/60193.jpg,7+6-1=12
train/60194.jpg,3+(3-5)=1
train/60195.jpg,(9-6)*2=6
train/60196.jpg,(9+2)-7=4
train/60197.jpg,9-(4+7)=-2
train/60198.jpg,(9+0)-6=3
train/60199.jpg,7-5-8=-6
train/60200.jpg,7+(4*4)=23
train/60201.jpg,2-(4+2)=-4
train/60202.jpg,8+(3*6)=26
train/60203.jpg,(1-5)+1=-3
train/60204.jpg,5*6-2=28
train/60205.jpg,(2+3)-3=2
train/60206.jpg,(4*0)*7=0
train/60207.jpg,0-2*0=0
train/60208.jpg,6*(3-3)=0
train/60209.jpg,(3*0)+7=7
train/60210.jpg,4-6*7=-38
train/60211.jpg,3*7+2=23
train/60212.jpg,5-4*5=-15
train/60213.jpg,(6-3)-9=-6
train/60214.jpg,(8-7)+1=2
train/60215.jpg,8-8*3=-16
train/60216.jpg,5-(4*5)=-15
train/60217.jpg,(7+1)*2=16
train/60218.jpg,(1-9)-0=-8
train/60219.jpg,2+4*5=22
train/60220.jpg,6-(4*2)=-2
train/60221.jpg,(8+4)+6=18
train/60222.jpg,8+7-6=9
train/60223.jpg,0*(8-7)=0
train/60224.jpg,1-7+1=-5
train/60225.jpg,6+(7*7)=55
train/60226.jpg,(5*7)*6=210
train/60227.jpg,3+2+4=9
train/60228.jpg,(4-2)+6=8
train/60229.jpg,9+(4*3)=21
train/60230.jpg,1-7+3=-3
train/60231.jpg,(2+6)*3=24
train/60232.jpg,7-1+9=15
train/60233.jpg,3+(5-4)=4
train/60234.jpg,6-2+8=12
train/60235.jpg,6+(9-4)=11
train/60236.jpg,3-3-8=-8
train/60237.jpg,6-(7-3)=2
train/60238.jpg,(3*5)+6=21
train/60239.jpg,2*(5-2)=6
train/60240.jpg,7*(9*4)=252
train/60241.jpg,5+(6+7)=18
train/60242.jpg,(4+8)+2=14
train/60243.jpg,(0*0)*3=0
train/60244.jpg,3-4-6=-7
train/60245.jpg,7-(6*9)=-47
train/60246.jpg,(2*2)-2=2
train/60247.jpg,8*(5*9)=360
train/60248.jpg,(5-8)*4=-12
train/60249.jpg,(9-1)-9=-1
train/60250.jpg,(5*1)*5=25
train/60251.jpg,0+(1-7)=-6
train/60252.jpg,(4-1)*2=6
train/60253.jpg,5+8-4=9
train/60254.jpg,(1+4)+0=5
train/60255.jpg,(5+1)+5=11
train/60256.jpg,6*8-2=46
train/60257.jpg,6*(7+8)=90
train/60258.jpg,(4-3)*2=2
train/60259.jpg,3-(4*2)=-5
train/60260.jpg,6+0-9=-3
train/60261.jpg,6*(6-6)=0
train/60262.jpg,(1*8)-4=4
train/60263.jpg,2*(8*1)=16
train/60264.jpg,7+(1*9)=16
train/60265.jpg,(8+1)+2=11
train/60266.jpg,6+(1+5)=12
train/60267.jpg,(1-1)*0=0
train/60268.jpg,7*(4+8)=84
train/60269.jpg,(3-1)-8=-6
train/60270.jpg,(3-0)-2=1
train/60271.jpg,(9*6)*3=162
train/60272.jpg,(8+5)*6=78
train/60273.jpg,3-(1-5)=7
train/60274.jpg,(4-6)*0=0
train/60275.jpg,(4+5)+2=11
train/60276.jpg,3-(7-0)=-4
train/60277.jpg,5+0+5=10
train/60278.jpg,4+(9-0)=13
train/60279.jpg,(6-9)+6=3
train/60280.jpg,7-(1-1)=7
train/60281.jpg,8*4-8=24
train/60282.jpg,1-(6*4)=-23
train/60283.jpg,(7+8)+4=19
train/60284.jpg,3-9+7=1
train/60285.jpg,3*7+0=21
train/60286.jpg,(6+0)-5=1
train/60287.jpg,(7*0)+4=4
train/60288.jpg,4-(2*9)=-14
train/60289.jpg,8+(2*6)=20
train/60290.jpg,(2+4)-3=3
train/60291.jpg,(8-2)*4=24
train/60292.jpg,3*9*9=243
train/60293.jpg,9*5*7=315
train/60294.jpg,6+0-2=4
train/60295.jpg,3-(2+3)=-2
train/60296.jpg,(5-6)-0=-1
train/60297.jpg,9*(0+9)=81
train/60298.jpg,(7+5)+5=17
train/60299.jpg,(3*7)+0=21
train/60300.jpg,(3-8)-8=-13
train/60301.jpg,3*(7-0)=21
train/60302.jpg,7+(1*0)=7
train/60303.jpg,4+4*7=32
train/60304.jpg,1-(0+1)=0
train/60305.jpg,4*6+9=33
train/60306.jpg,9*6*3=162
train/60307.jpg,0+8*0=0
train/60308.jpg,3+8*2=19
train/60309.jpg,(9*5)-9=36
train/60310.jpg,(0-8)-0=-8
train/60311.jpg,6-8-9=-11
train/60312.jpg,3-3+8=8
train/60313.jpg,4-7-3=-6
train/60314.jpg,8+(2+1)=11
train/60315.jpg,(6+7)-1=12
train/60316.jpg,1*0*3=0
train/60317.jpg,(5+1)-1=5
train/60318.jpg,(4+5)-7=2
train/60319.jpg,1*(7-9)=-2
train/60320.jpg,8*7+4=60
train/60321.jpg,(6*1)*3=18
train/60322.jpg,2+(3*1)=5
train/60323.jpg,3*(5*4)=60
train/60324.jpg,1-(3-5)=3
train/60325.jpg,(7+4)*2=22
train/60326.jpg,(6*1)-6=0
train/60327.jpg,(2-4)-0=-2
train/60328.jpg,8*(5-2)=24
train/60329.jpg,(5+8)-3=10
train/60330.jpg,(9-7)*5=10
train/60331.jpg,(5-1)*8=32
train/60332.jpg,5*(1+3)=20
train/60333.jpg,1*6*4=24
train/60334.jpg,8+3*1=11
train/60335.jpg,5+(2+8)=15
train/60336.jpg,1-(1-7)=7
train/60337.jpg,0-5-9=-14
train/60338.jpg,2-(2+9)=-9
train/60339.jpg,1+7+6=14
train/60340.jpg,1*9+0=9
train/60341.jpg,9+(7+7)=23
train/60342.jpg,6+5*6=36
train/60343.jpg,(7*7)-8=41
train/60344.jpg,8*8*3=192
train/60345.jpg,6*3-3=15
train/60346.jpg,1*(2-9)=-7
train/60347.jpg,(7+8)*2=30
train/60348.jpg,7*6*4=168
train/60349.jpg,(0*7)+1=1
train/60350.jpg,(2+5)*4=28
train/60351.jpg,9+(0-0)=9
train/60352.jpg,3-(5-0)=-2
train/60353.jpg,7*(9*1)=63
train/60354.jpg,(6-7)*7=-7
train/60355.jpg,(1-5)+7=3
train/60356.jpg,(7-8)*1=-1
train/60357.jpg,(3*2)+1=7
train/60358.jpg,(9*6)-9=45
train/60359.jpg,0-(6*0)=0
train/60360.jpg,6+2*8=22
train/60361.jpg,3+(6+9)=18
train/60362.jpg,1*(4+2)=6
train/60363.jpg,9*(3-4)=-9
train/60364.jpg,2+(9*2)=20
train/60365.jpg,7*(5+6)=77
train/60366.jpg,0-7-7=-14
train/60367.jpg,4*0*5=0
train/60368.jpg,9-9*1=0
train/60369.jpg,4+8*7=60
train/60370.jpg,5*(8-6)=10
train/60371.jpg,4*(9+7)=64
train/60372.jpg,8-5*4=-12
train/60373.jpg,(6+8)+0=14
train/60374.jpg,(0+8)-5=3
train/60375.jpg,5+3+5=13
train/60376.jpg,1+3-8=-4
train/60377.jpg,(0+0)+2=2
train/60378.jpg,3*(8-8)=0
train/60379.jpg,6+(7-6)=7
train/60380.jpg,(7-3)-9=-5
train/60381.jpg,7*(7*5)=245
train/60382.jpg,0-2+3=1
train/60383.jpg,(3*5)-7=8
train/60384.jpg,(4*2)+3=11
train/60385.jpg,3+0+7=10
train/60386.jpg,6+8*5=46
train/60387.jpg,1*(3+0)=3
train/60388.jpg,(1-3)+7=5
train/60389.jpg,7-5-4=-2
train/60390.jpg,(8-8)-9=-9
train/60391.jpg,3-(7*2)=-11
train/60392.jpg,8+4+8=20
train/60393.jpg,0-7-0=-7
train/60394.jpg,(9*1)+2=11
train/60395.jpg,7*7-2=47
train/60396.jpg,3+(0+7)=10
train/60397.jpg,7*(0-4)=-28
train/60398.jpg,(6+4)+3=13
train/60399.jpg,4*(5+4)=36
train/60400.jpg,9*(1+7)=72
train/60401.jpg,(6*7)*6=252
train/60402.jpg,8*4+2=34
train/60403.jpg,3+5+4=12
train/60404.jpg,(3-3)+5=5
train/60405.jpg,(4*7)-2=26
train/60406.jpg,3+3-7=-1
train/60407.jpg,(0*8)-4=-4
train/60408.jpg,(3+7)-0=10
train/60409.jpg,3-6+4=1
train/60410.jpg,5*(6*7)=210
train/60411.jpg,4-(7-7)=4
train/60412.jpg,3+2-7=-2
train/60413.jpg,6-2+0=4
train/60414.jpg,(8*0)*2=0
train/60415.jpg,9+2*9=27
train/60416.jpg,(9+3)-6=6
train/60417.jpg,8+(7+2)=17
train/60418.jpg,(4-3)-7=-6
train/60419.jpg,(4*0)-7=-7
train/60420.jpg,3+(9+9)=21
train/60421.jpg,4+3*2=10
train/60422.jpg,1-1+8=8
train/60423.jpg,1+6*5=31
train/60424.jpg,2-(5*8)=-38
train/60425.jpg,0+6+2=8
train/60426.jpg,(3-8)+5=0
train/60427.jpg,7*3-5=16
train/60428.jpg,(7*0)*5=0
train/60429.jpg,1*(8-4)=4
train/60430.jpg,9-5*0=9
train/60431.jpg,6-6+4=4
train/60432.jpg,(6-4)*3=6
train/60433.jpg,6*(0+3)=18
train/60434.jpg,(7-9)-6=-8
train/60435.jpg,6-8*3=-18
train/60436.jpg,(1+6)-8=-1
train/60437.jpg,0-6+5=-1
train/60438.jpg,0*6+8=8
train/60439.jpg,(1+7)+6=14
train/60440.jpg,9-(4+6)=-1
train/60441.jpg,(8*7)-0=56
train/60442.jpg,5*(7*3)=105
train/60443.jpg,(9-8)-0=1
train/60444.jpg,(7-5)+5=7
train/60445.jpg,8+(6+7)=21
train/60446.jpg,9-4+8=13
train/60447.jpg,3*0-1=-1
train/60448.jpg,(1*9)+1=10
train/60449.jpg,1-1+9=9
train/60450.jpg,5+6-4=7
train/60451.jpg,8-7-7=-6
train/60452.jpg,3-(6-6)=3
train/60453.jpg,(9+3)*2=24
train/60454.jpg,3-6+1=-2
train/60455.jpg,(2-5)*7=-21
train/60456.jpg,7*(1+3)=28
train/60457.jpg,3-1+0=2
train/60458.jpg,7*(3*3)=63
train/60459.jpg,9*(8*7)=504
train/60460.jpg,(3+6)*8=72
train/60461.jpg,(7-9)+9=7
train/60462.jpg,(5-6)*7=-7
train/60463.jpg,(6+2)*1=8
train/60464.jpg,5*1+3=8
train/60465.jpg,(7*8)-9=47
train/60466.jpg,2-(5-0)=-3
train/60467.jpg,4+9*0=4
train/60468.jpg,(3+2)+8=13
train/60469.jpg,(4+3)*9=63
train/60470.jpg,7-(1-6)=12
train/60471.jpg,9*(0+1)=9
train/60472.jpg,4-5+1=0
train/60473.jpg,6*(8*1)=48
train/60474.jpg,(0+2)*0=0
train/60475.jpg,(4*1)-9=-5
train/60476.jpg,(2-1)*5=5
train/60477.jpg,(8+4)-2=10
train/60478.jpg,9-(6*3)=-9
train/60479.jpg,(3+4)-2=5
train/60480.jpg,2-(7*8)=-54
train/60481.jpg,8*(1-9)=-64
train/60482.jpg,(8-8)*3=0
train/60483.jpg,(5+6)-3=8
train/60484.jpg,1+8*6=49
train/60485.jpg,2+(4-2)=4
train/60486.jpg,(8-6)+4=6
train/60487.jpg,8-(1*5)=3
train/60488.jpg,5+3*0=5
train/60489.jpg,6+1-3=4
train/60490.jpg,7*0*2=0
train/60491.jpg,7+3*7=28
train/60492.jpg,4+8+2=14
train/60493.jpg,(5*1)-8=-3
train/60494.jpg,5+0+3=8
train/60495.jpg,2-7-5=-10
train/60496.jpg,(6*4)*8=192
train/60497.jpg,0-6-8=-14
train/60498.jpg,(3*3)+7=16
train/60499.jpg,3-(5-2)=0
train/60500.jpg,(6+5)+7=18
train/60501.jpg,5-9+4=0
train/60502.jpg,7-1*2=5
train/60503.jpg,8-3-6=-1
train/60504.jpg,9-(3*2)=3
train/60505.jpg,4*(8*6)=192
train/60506.jpg,3-(1-2)=4
train/60507.jpg,6+9+7=22
train/60508.jpg,3-(0-8)=11
train/60509.jpg,(7*1)+0=7
train/60510.jpg,5+2-2=5
train/60511.jpg,(3*0)-3=-3
train/60512.jpg,1+2-3=0
train/60513.jpg,5+8*5=45
train/60514.jpg,8-2*7=-6
train/60515.jpg,0*1+3=3
train/60516.jpg,5-2+6=9
train/60517.jpg,(4*1)-4=0
train/60518.jpg,9+(9-2)=16
train/60519.jpg,(2*3)*5=30
train/60520.jpg,(2+5)-3=4
train/60521.jpg,8+8*4=40
train/60522.jpg,1-(8-2)=-5
train/60523.jpg,5-9+7=3
train/60524.jpg,2*(1*2)=4
train/60525.jpg,1-(0+4)=-3
train/60526.jpg,(3*1)*6=18
train/60527.jpg,9*9*5=405
train/60528.jpg,8-(7+7)=-6
train/60529.jpg,6+(6+6)=18
train/60530.jpg,(2-4)*4=-8
train/60531.jpg,8+(8*9)=80
train/60532.jpg,7-1-4=2
train/60533.jpg,(5+4)-3=6
train/60534.jpg,2-(2*5)=-8
train/60535.jpg,6-4+7=9
train/60536.jpg,1*2-5=-3
train/60537.jpg,7-9+8=6
train/60538.jpg,3-(1-4)=6
train/60539.jpg,9-(4-6)=11
train/60540.jpg,8*(0+9)=72
train/60541.jpg,3+(6+8)=17
train/60542.jpg,9*(0+5)=45
train/60543.jpg,9-6-5=-2
train/60544.jpg,7-9-5=-7
train/60545.jpg,9+(8*3)=33
train/60546.jpg,(7*5)+6=41
train/60547.jpg,5-(7+2)=-4
train/60548.jpg,(5-1)*6=24
train/60549.jpg,9-7*3=-12
train/60550.jpg,6-5+4=5
train/60551.jpg,4-5+6=5
train/60552.jpg,(5*9)*0=0
train/60553.jpg,2-(0*2)=2
train/60554.jpg,5-4*1=1
train/60555.jpg,(8*8)+7=71
train/60556.jpg,6*5+6=36
train/60557.jpg,(7+7)-6=8
train/60558.jpg,9+8+6=23
train/60559.jpg,7*(9+2)=77
train/60560.jpg,7*0-6=-6
train/60561.jpg,2*4+7=15
train/60562.jpg,0*1-7=-7
train/60563.jpg,3+2*3=9
train/60564.jpg,5-7-1=-3
train/60565.jpg,0*(7-0)=0
train/60566.jpg,4+(9+7)=20
train/60567.jpg,0*0+1=1
train/60568.jpg,0-4+4=0
train/60569.jpg,(7*0)+4=4
train/60570.jpg,4-5*2=-6
train/60571.jpg,(6-3)-5=-2
train/60572.jpg,(8*1)+6=14
train/60573.jpg,2*(4+7)=22
train/60574.jpg,8*1-5=3
train/60575.jpg,0+0*3=0
train/60576.jpg,(8*0)*9=0
train/60577.jpg,(5*6)*1=30
train/60578.jpg,(6+8)-7=7
train/60579.jpg,0*(4*6)=0
train/60580.jpg,7+(3-2)=8
train/60581.jpg,(7*2)-0=14
train/60582.jpg,2-(4+9)=-11
train/60583.jpg,5-7+7=5
train/60584.jpg,2+4-4=2
train/60585.jpg,0-3*5=-15
train/60586.jpg,6*3-9=9
train/60587.jpg,(9*2)*1=18
train/60588.jpg,9*(7-3)=36
train/60589.jpg,3+4-4=3
train/60590.jpg,(2+9)+3=14
train/60591.jpg,(9+2)-6=5
train/60592.jpg,0+(6+6)=12
train/60593.jpg,9*(9+2)=99
train/60594.jpg,5*5-0=25
train/60595.jpg,(9+1)-2=8
train/60596.jpg,1+0-5=-4
train/60597.jpg,(5-2)+4=7
train/60598.jpg,4*(7+4)=44
train/60599.jpg,0+9-0=9
train/60600.jpg,9+7-5=11
train/60601.jpg,8-(8*9)=-64
train/60602.jpg,8-0*7=8
train/60603.jpg,4+(6-0)=10
train/60604.jpg,(6*0)*5=0
train/60605.jpg,2+(4+6)=12
train/60606.jpg,(9*8)+0=72
train/60607.jpg,(3-9)+9=3
train/60608.jpg,(7+0)*1=7
train/60609.jpg,3*2-0=6
train/60610.jpg,7*9-4=59
train/60611.jpg,1-(4*4)=-15
train/60612.jpg,(2-9)*7=-49
train/60613.jpg,9*(1*2)=18
train/60614.jpg,7-3*2=1
train/60615.jpg,6+(2-4)=4
train/60616.jpg,1*(4-2)=2
train/60617.jpg,4-(3+4)=-3
train/60618.jpg,5+(4*1)=9
train/60619.jpg,(3+6)*0=0
train/60620.jpg,(3-6)-1=-4
train/60621.jpg,(8*3)+4=28
train/60622.jpg,0-(2*6)=-12
train/60623.jpg,(7-2)*4=20
train/60624.jpg,9+(0-5)=4
train/60625.jpg,0*0+8=8
train/60626.jpg,(4*2)+9=17
train/60627.jpg,4*7+2=30
train/60628.jpg,4+2-0=6
train/60629.jpg,(1-6)*8=-40
train/60630.jpg,(7*8)*0=0
train/60631.jpg,4*2-3=5
train/60632.jpg,0-7-2=-9
train/60633.jpg,6-2-9=-5
train/60634.jpg,(9*1)*4=36
train/60635.jpg,9-8+6=7
train/60636.jpg,2*(3*5)=30
train/60637.jpg,3+(1+8)=12
train/60638.jpg,5-8*6=-43
train/60639.jpg,0-(7*2)=-14
train/60640.jpg,4*4*4=64
train/60641.jpg,8-(8+7)=-7
train/60642.jpg,(3*4)-4=8
train/60643.jpg,1-5+6=2
train/60644.jpg,0+7-0=7
train/60645.jpg,1*(0+2)=2
train/60646.jpg,8+0-0=8
train/60647.jpg,(8-4)*3=12
train/60648.jpg,(4*0)*0=0
train/60649.jpg,0*8*7=0
train/60650.jpg,(5+7)-1=11
train/60651.jpg,(3*8)-9=15
train/60652.jpg,4*(5-6)=-4
train/60653.jpg,0-(6+6)=-12
train/60654.jpg,2*(3-0)=6
train/60655.jpg,6*(3-5)=-12
train/60656.jpg,1-5-1=-5
train/60657.jpg,(4-4)-5=-5
train/60658.jpg,(7*6)+7=49
train/60659.jpg,8-(3*0)=8
train/60660.jpg,5+(8-0)=13
train/60661.jpg,7-(1+1)=5
train/60662.jpg,(5-5)+6=6
train/60663.jpg,8*1+2=10
train/60664.jpg,4-4+0=0
train/60665.jpg,6*2-5=7
train/60666.jpg,1-8*6=-47
train/60667.jpg,0+(5+4)=9
train/60668.jpg,1*0-0=0
train/60669.jpg,6*(5*4)=120
train/60670.jpg,(2*5)*0=0
train/60671.jpg,9*(8*0)=0
train/60672.jpg,8-(7+7)=-6
train/60673.jpg,2+5+9=16
train/60674.jpg,6-7-5=-6
train/60675.jpg,9*(8+0)=72
train/60676.jpg,(3*1)+9=12
train/60677.jpg,(6+0)-7=-1
train/60678.jpg,2+(5*4)=22
train/60679.jpg,(2*7)-1=13
train/60680.jpg,(4-4)-5=-5
train/60681.jpg,(8*5)-6=34
train/60682.jpg,(6+3)-4=5
train/60683.jpg,4*1+3=7
train/60684.jpg,(3*2)+2=8
train/60685.jpg,4*0-7=-7
train/60686.jpg,3*0*4=0
train/60687.jpg,3*2*7=42
train/60688.jpg,(3+1)-4=0
train/60689.jpg,(3-8)-0=-5
train/60690.jpg,4*6*7=168
train/60691.jpg,2*(0*8)=0
train/60692.jpg,0*7+0=0
train/60693.jpg,5+(2-1)=6
train/60694.jpg,(5*8)+7=47
train/60695.jpg,9+5-8=6
train/60696.jpg,6*(5*0)=0
train/60697.jpg,3*(3-2)=3
train/60698.jpg,(7*5)-8=27
train/60699.jpg,2-9-7=-14
train/60700.jpg,5+0+1=6
train/60701.jpg,1*2+4=6
train/60702.jpg,6+(8-5)=9
train/60703.jpg,7-(2*1)=5
train/60704.jpg,6*0*5=0
train/60705.jpg,2+4+6=12
train/60706.jpg,8*(6+3)=72
train/60707.jpg,(6-6)+4=4
train/60708.jpg,(5-0)-5=0
train/60709.jpg,6-4*2=-2
train/60710.jpg,(1-5)+7=3
train/60711.jpg,1-(6+1)=-6
train/60712.jpg,(6+4)-0=10
train/60713.jpg,(0-6)-4=-10
train/60714.jpg,6-(0*9)=6
train/60715.jpg,6+5+9=20
train/60716.jpg,(3-2)*6=6
train/60717.jpg,2*(3+1)=8
train/60718.jpg,5*4-5=15
train/60719.jpg,5*(0+6)=30
train/60720.jpg,6+9*5=51
train/60721.jpg,8*(4*5)=160
train/60722.jpg,9-(4+0)=5
train/60723.jpg,5+(1-4)=2
train/60724.jpg,1-(2-0)=-1
train/60725.jpg,6*(9+7)=96
train/60726.jpg,3+3-7=-1
train/60727.jpg,(1-2)+9=8
train/60728.jpg,4-(6-0)=-2
train/60729.jpg,1-7+4=-2
train/60730.jpg,(0+3)-2=1
train/60731.jpg,(5-5)+5=5
train/60732.jpg,(0-7)+3=-4
train/60733.jpg,(6+9)-1=14
train/60734.jpg,3+(9+3)=15
train/60735.jpg,8-(0-1)=9
train/60736.jpg,(6*8)-1=47
train/60737.jpg,2*1+3=5
train/60738.jpg,4*(2-6)=-16
train/60739.jpg,(0*7)-1=-1
train/60740.jpg,6*9*5=270
train/60741.jpg,(0+3)+4=7
train/60742.jpg,(4*0)+9=9
train/60743.jpg,(4*4)+7=23
train/60744.jpg,(1+3)-5=-1
train/60745.jpg,3*7-0=21
train/60746.jpg,7+(5-4)=8
train/60747.jpg,(8-3)+2=7
train/60748.jpg,(6+8)+8=22
train/60749.jpg,2*1*7=14
train/60750.jpg,5*6-7=23
train/60751.jpg,0-1*7=-7
train/60752.jpg,(2-7)-3=-8
train/60753.jpg,5*9+3=48
train/60754.jpg,9+5*2=19
train/60755.jpg,(0*8)+9=9
train/60756.jpg,(0*5)-5=-5
train/60757.jpg,0+(6-1)=5
train/60758.jpg,(8-1)*1=7
train/60759.jpg,6*7+6=48
train/60760.jpg,6+0+9=15
train/60761.jpg,2*2-4=0
train/60762.jpg,4*0*9=0
train/60763.jpg,2-2+3=3
train/60764.jpg,(5-2)-1=2
train/60765.jpg,(9-0)*9=81
train/60766.jpg,7-5+2=4
train/60767.jpg,(7+6)-8=5
train/60768.jpg,(3*0)+1=1
train/60769.jpg,6+3*6=24
train/60770.jpg,(6+3)-4=5
train/60771.jpg,7+(8+6)=21
train/60772.jpg,8+4+3=15
train/60773.jpg,(7*6)+3=45
train/60774.jpg,8+4+8=20
train/60775.jpg,6+(2+2)=10
train/60776.jpg,3-(4+8)=-9
train/60777.jpg,5-7-7=-9
train/60778.jpg,0+(0*2)=0
train/60779.jpg,5-5*2=-5
train/60780.jpg,9-(0-6)=15
train/60781.jpg,0+(9-0)=9
train/60782.jpg,1-4-0=-3
train/60783.jpg,5-(3-6)=8
train/60784.jpg,3+0+3=6
train/60785.jpg,(0*3)*3=0
train/60786.jpg,1+(7+9)=17
train/60787.jpg,(3-2)+3=4
train/60788.jpg,2*(0+9)=18
train/60789.jpg,(7+3)-9=1
train/60790.jpg,3-6*7=-39
train/60791.jpg,8*0*0=0
train/60792.jpg,6-(9+1)=-4
train/60793.jpg,(8*9)+4=76
train/60794.jpg,(5*2)*5=50
train/60795.jpg,(4*6)-2=22
train/60796.jpg,(7-6)*0=0
train/60797.jpg,8-(8-1)=1
train/60798.jpg,(7+8)-6=9
train/60799.jpg,(0-1)*7=-7
train/60800.jpg,6*6+7=43
train/60801.jpg,(7*2)+5=19
train/60802.jpg,7+(8-8)=7
train/60803.jpg,0-(7-9)=2
train/60804.jpg,1-(9*3)=-26
train/60805.jpg,8*1*3=24
train/60806.jpg,8+1+7=16
train/60807.jpg,9+9*3=36
train/60808.jpg,(7*4)-4=24
train/60809.jpg,3+0-4=-1
train/60810.jpg,1-1-7=-7
train/60811.jpg,7+2*4=15
train/60812.jpg,(4*8)+4=36
train/60813.jpg,(8-5)*7=21
train/60814.jpg,(7+0)*2=14
train/60815.jpg,3+(2-4)=1
train/60816.jpg,(9+0)-5=4
train/60817.jpg,4-6+4=2
train/60818.jpg,(6+0)-5=1
train/60819.jpg,(4*5)+3=23
train/60820.jpg,6*5-7=23
train/60821.jpg,6+(1+2)=9
train/60822.jpg,2*4-9=-1
train/60823.jpg,8-0-6=2
train/60824.jpg,2*(5+6)=22
train/60825.jpg,(3*7)-1=20
train/60826.jpg,9*(8+5)=117
train/60827.jpg,6-(7*0)=6
train/60828.jpg,0*6-2=-2
train/60829.jpg,2+7-3=6
train/60830.jpg,(0*3)-8=-8
train/60831.jpg,(8-0)+1=9
train/60832.jpg,(4*7)-0=28
train/60833.jpg,5-(4-8)=9
train/60834.jpg,8+(1+9)=18
train/60835.jpg,1+6+2=9
train/60836.jpg,5+5*8=45
train/60837.jpg,3+(0-1)=2
train/60838.jpg,5-(0-8)=13
train/60839.jpg,3+(0-3)=0
train/60840.jpg,(1+9)-9=1
train/60841.jpg,5*(8-5)=15
train/60842.jpg,(2*7)-7=7
train/60843.jpg,2+1*9=11
train/60844.jpg,(7*1)*9=63
train/60845.jpg,9*(4+4)=72
train/60846.jpg,(1+4)+0=5
train/60847.jpg,9*(6-1)=45
train/60848.jpg,1*(6+4)=10
train/60849.jpg,9+1*8=17
train/60850.jpg,2+6-0=8
train/60851.jpg,3+(6+6)=15
train/60852.jpg,8-(4+1)=3
train/60853.jpg,(2+8)+5=15
train/60854.jpg,6+1*6=12
train/60855.jpg,(9-5)*8=32
train/60856.jpg,2-7+0=-5
train/60857.jpg,0+2-3=-1
train/60858.jpg,2+5*4=22
train/60859.jpg,4*5*4=80
train/60860.jpg,(6*4)+3=27
train/60861.jpg,4+(6*1)=10
train/60862.jpg,(4+9)-6=7
train/60863.jpg,5*(6-3)=15
train/60864.jpg,(5-8)-4=-7
train/60865.jpg,(5-3)-3=-1
train/60866.jpg,2-2+5=5
train/60867.jpg,(6*5)*0=0
train/60868.jpg,4*1*4=16
train/60869.jpg,(9+0)-8=1
train/60870.jpg,4-9+6=1
train/60871.jpg,9+(6*7)=51
train/60872.jpg,8-1*4=4
train/60873.jpg,(4*4)*8=128
train/60874.jpg,1-(8*9)=-71
train/60875.jpg,(0*9)+3=3
train/60876.jpg,5-(4+4)=-3
train/60877.jpg,7-0-9=-2
train/60878.jpg,2+1-1=2
train/60879.jpg,(8-8)*7=0
train/60880.jpg,7*0+7=7
train/60881.jpg,(3-2)-5=-4
train/60882.jpg,1*(5-2)=3
train/60883.jpg,0-5-8=-13
train/60884.jpg,(5-6)-8=-9
train/60885.jpg,3-(9*6)=-51
train/60886.jpg,7*(4*8)=224
train/60887.jpg,(7-2)-6=-1
train/60888.jpg,0*(6*5)=0
train/60889.jpg,3+(2*1)=5
train/60890.jpg,1*2*7=14
train/60891.jpg,7+9-3=13
train/60892.jpg,8+(9*8)=80
train/60893.jpg,(4-7)*0=0
train/60894.jpg,(4-8)-9=-13
train/60895.jpg,(7*1)-2=5
train/60896.jpg,(8-3)*0=0
train/60897.jpg,5+(8*0)=5
train/60898.jpg,8*4*3=96
train/60899.jpg,5-(7+2)=-4
train/60900.jpg,9-0*2=9
train/60901.jpg,5-(1-3)=7
train/60902.jpg,(6*7)*1=42
train/60903.jpg,7*(1-6)=-35
train/60904.jpg,6-0+4=10
train/60905.jpg,(1*7)+8=15
train/60906.jpg,8+2*0=8
train/60907.jpg,4*5*8=160
train/60908.jpg,(3+9)+1=13
train/60909.jpg,(6*3)+7=25
train/60910.jpg,(8+7)-7=8
train/60911.jpg,8-(4*4)=-8
train/60912.jpg,4+3*7=25
train/60913.jpg,0*(1*2)=0
train/60914.jpg,8+(5+4)=17
train/60915.jpg,(6*3)-5=13
train/60916.jpg,3*0*2=0
train/60917.jpg,1-9-2=-10
train/60918.jpg,4-(6-8)=6
train/60919.jpg,3*(1*7)=21
train/60920.jpg,0+(5+3)=8
train/60921.jpg,(1*1)+8=9
train/60922.jpg,0-(1-1)=0
train/60923.jpg,3-5*7=-32
train/60924.jpg,6-(8*2)=-10
train/60925.jpg,4+4+0=8
train/60926.jpg,3*9*8=216
train/60927.jpg,1-(2-7)=6
train/60928.jpg,6+3*9=33
train/60929.jpg,5+7*9=68
train/60930.jpg,(0+6)-6=0
train/60931.jpg,1-2*7=-13
train/60932.jpg,(0-7)+9=2
train/60933.jpg,(5*9)-8=37
train/60934.jpg,6-(0+7)=-1
train/60935.jpg,8-1*1=7
train/60936.jpg,9-(0-9)=18
train/60937.jpg,4-(5-3)=2
train/60938.jpg,7*0*4=0
train/60939.jpg,5-(1-7)=11
train/60940.jpg,(9+9)+3=21
train/60941.jpg,6+9-3=12
train/60942.jpg,8+9-0=17
train/60943.jpg,(4-2)+2=4
train/60944.jpg,(1*1)-9=-8
train/60945.jpg,8-4*2=0
train/60946.jpg,(1*2)-7=-5
train/60947.jpg,(0+4)*5=20
train/60948.jpg,4*3-5=7
train/60949.jpg,(6-2)-2=2
train/60950.jpg,3+9-7=5
train/60951.jpg,0*0-5=-5
train/60952.jpg,3*0*4=0
train/60953.jpg,1+(0+5)=6
train/60954.jpg,6-6-1=-1
train/60955.jpg,7+(6+0)=13
train/60956.jpg,(1-5)*1=-4
train/60957.jpg,(0+2)*5=10
train/60958.jpg,7+3-1=9
train/60959.jpg,6-(7-2)=1
train/60960.jpg,9-(2+7)=0
train/60961.jpg,7+7+3=17
train/60962.jpg,(9+0)-8=1
train/60963.jpg,(8*2)*2=32
train/60964.jpg,0-(8+1)=-9
train/60965.jpg,(6*7)+7=49
train/60966.jpg,(5-1)-3=1
train/60967.jpg,8+(3+7)=18
train/60968.jpg,(4-0)+9=13
train/60969.jpg,(1+9)+0=10
train/60970.jpg,3+1+8=12
train/60971.jpg,(9+3)-0=12
train/60972.jpg,3+(5*4)=23
train/60973.jpg,2*3-6=0
train/60974.jpg,6*(1*9)=54
train/60975.jpg,(3-7)+8=4
train/60976.jpg,6-(1*9)=-3
train/60977.jpg,(8*7)-8=48
train/60978.jpg,0+0+6=6
train/60979.jpg,(3*7)+9=30
train/60980.jpg,5+(5-2)=8
train/60981.jpg,3+5-5=3
train/60982.jpg,7*(6*8)=336
train/60983.jpg,(3*1)-1=2
train/60984.jpg,2-(7*5)=-33
train/60985.jpg,(5*6)*2=60
train/60986.jpg,3+(2-2)=3
train/60987.jpg,1*1+0=1
train/60988.jpg,8-(9+3)=-4
train/60989.jpg,9+(5-4)=10
train/60990.jpg,7-(8-1)=0
train/60991.jpg,(2-3)+1=0
train/60992.jpg,6-7+7=6
train/60993.jpg,(5*5)-4=21
train/60994.jpg,4+2+3=9
train/60995.jpg,(7-5)-6=-4
train/60996.jpg,5-(6-2)=1
train/60997.jpg,2+1+2=5
train/60998.jpg,1-(3-7)=5
train/60999.jpg,(4-7)*0=0
train/61000.jpg,1-7+4=-2
train/61001.jpg,5*(6-9)=-15
train/61002.jpg,1-1*9=-8
train/61003.jpg,6*6+1=37
train/61004.jpg,9*(4+9)=117
train/61005.jpg,(2-7)-8=-13
train/61006.jpg,5+1+7=13
train/61007.jpg,9-(4-8)=13
train/61008.jpg,0+(6-3)=3
train/61009.jpg,4+7*9=67
train/61010.jpg,8*8*3=192
train/61011.jpg,(3+5)-1=7
train/61012.jpg,(7*4)*3=84
train/61013.jpg,6+(3-0)=9
train/61014.jpg,0+0-8=-8
train/61015.jpg,8+0+0=8
train/61016.jpg,(8*7)-6=50
train/61017.jpg,1-(2*9)=-17
train/61018.jpg,9*(6-2)=36
train/61019.jpg,0+(0*4)=0
train/61020.jpg,(6*5)-6=24
train/61021.jpg,5+0*4=5
train/61022.jpg,0-(4+1)=-5
train/61023.jpg,(3*2)-9=-3
train/61024.jpg,(1+3)+4=8
train/61025.jpg,0*(7+6)=0
train/61026.jpg,(4*7)*1=28
train/61027.jpg,5-(2*4)=-3
train/61028.jpg,(6*4)-2=22
train/61029.jpg,0+(6*9)=54
train/61030.jpg,1-3-4=-6
train/61031.jpg,2*5+9=19
train/61032.jpg,7+(2-4)=5
train/61033.jpg,(2*6)*2=24
train/61034.jpg,5*5-2=23
train/61035.jpg,3*(4-4)=0
train/61036.jpg,(7+0)*1=7
train/61037.jpg,0-(5+5)=-10
train/61038.jpg,2-(8*1)=-6
train/61039.jpg,6+5-0=11
train/61040.jpg,1+5*4=21
train/61041.jpg,4+(7-7)=4
train/61042.jpg,1*3+4=7
train/61043.jpg,9+9-3=15
train/61044.jpg,9+0*2=9
train/61045.jpg,7-3+6=10
train/61046.jpg,2*1*9=18
train/61047.jpg,(2-5)+7=4
train/61048.jpg,5-2+6=9
train/61049.jpg,(2*2)+5=9
train/61050.jpg,2-(2*9)=-16
train/61051.jpg,(4-3)-5=-4
train/61052.jpg,4*(8-4)=16
train/61053.jpg,7-0*3=7
train/61054.jpg,(2+6)-6=2
train/61055.jpg,1-5*9=-44
train/61056.jpg,2-1-1=0
train/61057.jpg,4*(9-6)=12
train/61058.jpg,3*(3+8)=33
train/61059.jpg,6+(9*7)=69
train/61060.jpg,0*(6*5)=0
train/61061.jpg,(1*0)+4=4
train/61062.jpg,9+(7*1)=16
train/61063.jpg,6-1+9=14
train/61064.jpg,(3*9)*9=243
train/61065.jpg,2+(7*3)=23
train/61066.jpg,2*4*4=32
train/61067.jpg,(4+8)-5=7
train/61068.jpg,(5*5)-5=20
train/61069.jpg,3+(4*4)=19
train/61070.jpg,5-4*5=-15
train/61071.jpg,0-9*6=-54
train/61072.jpg,6-2-7=-3
train/61073.jpg,3-(0*2)=3
train/61074.jpg,(1*5)+9=14
train/61075.jpg,8*5*1=40
train/61076.jpg,0*8+6=6
train/61077.jpg,(1*9)+5=14
train/61078.jpg,(5-2)+4=7
train/61079.jpg,2*4+6=14
train/61080.jpg,4+5+4=13
train/61081.jpg,3+(1+3)=7
train/61082.jpg,(8*8)+6=70
train/61083.jpg,6-8+1=-1
train/61084.jpg,(1*7)*9=63
train/61085.jpg,8+(7-5)=10
train/61086.jpg,2*0+2=2
train/61087.jpg,4-(9*3)=-23
train/61088.jpg,7+(0-3)=4
train/61089.jpg,6*(4+1)=30
train/61090.jpg,(3+7)*0=0
train/61091.jpg,0+5*9=45
train/61092.jpg,1*(1*3)=3
train/61093.jpg,(4+8)-0=12
train/61094.jpg,(6*1)*0=0
train/61095.jpg,6*(8*8)=384
train/61096.jpg,8*(7*2)=112
train/61097.jpg,1*1-9=-8
train/61098.jpg,4*(9*2)=72
train/61099.jpg,(1*5)-1=4
train/61100.jpg,9*(4*6)=216
train/61101.jpg,4+7-8=3
train/61102.jpg,4+3+8=15
train/61103.jpg,3+(3*8)=27
train/61104.jpg,(1-8)-3=-10
train/61105.jpg,(5-6)-2=-3
train/61106.jpg,5-(6-6)=5
train/61107.jpg,2*4-6=2
train/61108.jpg,2-2*0=2
train/61109.jpg,(6+1)+5=12
train/61110.jpg,1-(4+9)=-12
train/61111.jpg,7*6+0=42
train/61112.jpg,3-(9+9)=-15
train/61113.jpg,4+0+1=5
train/61114.jpg,0+3*4=12
train/61115.jpg,(8-6)-8=-6
train/61116.jpg,0-(7*7)=-49
train/61117.jpg,6-(6+1)=-1
train/61118.jpg,1+7*5=36
train/61119.jpg,1*6-1=5
train/61120.jpg,6*(4*6)=144
train/61121.jpg,1+(4*2)=9
train/61122.jpg,1*(4*1)=4
train/61123.jpg,8-(6+2)=0
train/61124.jpg,3+(3*6)=21
train/61125.jpg,6*(9-8)=6
train/61126.jpg,(9*8)*1=72
train/61127.jpg,(7-9)-2=-4
train/61128.jpg,0*(5+9)=0
train/61129.jpg,4*(7*6)=168
train/61130.jpg,0-(3*2)=-6
train/61131.jpg,6*(4+9)=78
train/61132.jpg,5-1+6=10
train/61133.jpg,5+8*1=13
train/61134.jpg,(6-9)-7=-10
train/61135.jpg,(8*9)*8=576
train/61136.jpg,(0+9)*0=0
train/61137.jpg,(5+1)*7=42
train/61138.jpg,2*(4-8)=-8
train/61139.jpg,9+(2*1)=11
train/61140.jpg,9*9-6=75
train/61141.jpg,3*1*3=9
train/61142.jpg,(9+6)+8=23
train/61143.jpg,9+(3+9)=21
train/61144.jpg,(3*5)*7=105
train/61145.jpg,8+7*8=64
train/61146.jpg,4+(6-6)=4
train/61147.jpg,(9*8)-4=68
train/61148.jpg,3-0+7=10
train/61149.jpg,4*(7*5)=140
train/61150.jpg,6+5+6=17
train/61151.jpg,6+2-5=3
train/61152.jpg,(1*1)-3=-2
train/61153.jpg,1*(9+3)=12
train/61154.jpg,7*3-1=20
train/61155.jpg,(1-7)*7=-42
train/61156.jpg,(2*8)+3=19
train/61157.jpg,(0+0)+9=9
train/61158.jpg,9+8-8=9
train/61159.jpg,7*(8+1)=63
train/61160.jpg,(6+8)+5=19
train/61161.jpg,(2-7)*6=-30
train/61162.jpg,7-6-3=-2
train/61163.jpg,7*(0*8)=0
train/61164.jpg,(6*1)+8=14
train/61165.jpg,(3-2)*5=5
train/61166.jpg,9-1*4=5
train/61167.jpg,0-(1-7)=6
train/61168.jpg,(2*8)-7=9
train/61169.jpg,5*2+0=10
train/61170.jpg,(1*6)*6=36
train/61171.jpg,3+(2*0)=3
train/61172.jpg,(0+6)+6=12
train/61173.jpg,9-(3+1)=5
train/61174.jpg,6*(8-5)=18
train/61175.jpg,(7+0)+0=7
train/61176.jpg,6*(5+8)=78
train/61177.jpg,7-2*6=-5
train/61178.jpg,1*(4-5)=-1
train/61179.jpg,(4-2)-6=-4
train/61180.jpg,3-(6+2)=-5
train/61181.jpg,(8+2)*1=10
train/61182.jpg,5*9-0=45
train/61183.jpg,6*(5+3)=48
train/61184.jpg,(7*5)*9=315
train/61185.jpg,7*6*0=0
train/61186.jpg,6+(6-6)=6
train/61187.jpg,2-(9*2)=-16
train/61188.jpg,0*2-2=-2
train/61189.jpg,2*(2+8)=20
train/61190.jpg,1+(6-5)=2
train/61191.jpg,1+(3-5)=-1
train/61192.jpg,8*(6-6)=0
train/61193.jpg,7*4*2=56
train/61194.jpg,6*0+9=9
train/61195.jpg,1*3*3=9
train/61196.jpg,6*(8-4)=24
train/61197.jpg,6-(4*5)=-14
train/61198.jpg,6*(7+4)=66
train/61199.jpg,1*(2+3)=5
train/61200.jpg,7+5*1=12
train/61201.jpg,0-(4+9)=-13
train/61202.jpg,0+0*2=0
train/61203.jpg,8*6+6=54
train/61204.jpg,5+4-6=3
train/61205.jpg,8-(5*1)=3
train/61206.jpg,5+5-0=10
train/61207.jpg,7*(7*9)=441
train/61208.jpg,5+(8+2)=15
train/61209.jpg,(5*1)-5=0
train/61210.jpg,(6*2)+0=12
train/61211.jpg,0-(4-2)=-2
train/61212.jpg,9*(9*4)=324
train/61213.jpg,(4*8)+4=36
train/61214.jpg,2*(9-6)=6
train/61215.jpg,7+3*0=7
train/61216.jpg,8+(7*2)=22
train/61217.jpg,9*(1-5)=-36
train/61218.jpg,8-(7*0)=8
train/61219.jpg,(0+2)+9=11
train/61220.jpg,(2+0)+6=8
train/61221.jpg,0-1-4=-5
train/61222.jpg,(3*5)*0=0
train/61223.jpg,(4+8)*8=96
train/61224.jpg,(7*5)*8=280
train/61225.jpg,(6+5)-6=5
train/61226.jpg,9*(6*0)=0
train/61227.jpg,(5-1)-7=-3
train/61228.jpg,1+8+3=12
train/61229.jpg,(4-5)-8=-9
train/61230.jpg,0+9-6=3
train/61231.jpg,6-0-1=5
train/61232.jpg,7+(5+2)=14
train/61233.jpg,5+7*5=40
train/61234.jpg,(8*1)+5=13
train/61235.jpg,9+(6+4)=19
train/61236.jpg,(8*0)-3=-3
train/61237.jpg,(8+1)*2=18
train/61238.jpg,4*8*1=32
train/61239.jpg,8-8*6=-40
train/61240.jpg,4-2+6=8
train/61241.jpg,5-(2+5)=-2
train/61242.jpg,2*(3-3)=0
train/61243.jpg,(3-6)-6=-9
train/61244.jpg,(2*3)*2=12
train/61245.jpg,5*0-1=-1
train/61246.jpg,(8-7)+6=7
train/61247.jpg,(1-1)-3=-3
train/61248.jpg,(0-0)*7=0
train/61249.jpg,2+(3+4)=9
train/61250.jpg,(9-5)+9=13
train/61251.jpg,(4*7)-3=25
train/61252.jpg,(2+3)-2=3
train/61253.jpg,2*4+2=10
train/61254.jpg,3-(0*7)=3
train/61255.jpg,6-(4+6)=-4
train/61256.jpg,5*2-9=1
train/61257.jpg,9+3-4=8
train/61258.jpg,7*(1+4)=35
train/61259.jpg,1-(4*7)=-27
train/61260.jpg,5+6*8=53
train/61261.jpg,7-(0-8)=15
train/61262.jpg,4*(2-5)=-12
train/61263.jpg,(7+1)-5=3
train/61264.jpg,5-7*5=-30
train/61265.jpg,8*(5-2)=24
train/61266.jpg,0+3*4=12
train/61267.jpg,(8*1)+6=14
train/61268.jpg,4+(1+6)=11
train/61269.jpg,(4-3)*3=3
train/61270.jpg,(1-8)*0=0
train/61271.jpg,2+(8+0)=10
train/61272.jpg,4-2-2=0
train/61273.jpg,(8*5)*8=320
train/61274.jpg,(8+0)-1=7
train/61275.jpg,(2-5)-1=-4
train/61276.jpg,7*7-7=42
train/61277.jpg,8-4-5=-1
train/61278.jpg,(8*8)-8=56
train/61279.jpg,(3-8)*7=-35
train/61280.jpg,0+(9+8)=17
train/61281.jpg,2-(3+0)=-1
train/61282.jpg,(5*6)-1=29
train/61283.jpg,5-(9+9)=-13
train/61284.jpg,8-3-5=0
train/61285.jpg,6+(9-0)=15
train/61286.jpg,8+7+9=24
train/61287.jpg,(2-6)+1=-3
train/61288.jpg,8+(4-2)=10
train/61289.jpg,(0*7)-1=-1
train/61290.jpg,4+6-4=6
train/61291.jpg,5+2*9=23
train/61292.jpg,2+(0-9)=-7
train/61293.jpg,1-4*1=-3
train/61294.jpg,5*4*1=20
train/61295.jpg,2*9-1=17
train/61296.jpg,9+3*8=33
train/61297.jpg,1*(8+9)=17
train/61298.jpg,6*5+8=38
train/61299.jpg,0-5+5=0
train/61300.jpg,6-(7-7)=6
train/61301.jpg,(7+7)+3=17
train/61302.jpg,(8*6)-6=42
train/61303.jpg,(9+4)+0=13
train/61304.jpg,7+4*8=39
train/61305.jpg,(7+3)+8=18
train/61306.jpg,0+(2-2)=0
train/61307.jpg,6*(7+3)=60
train/61308.jpg,(3-0)+8=11
train/61309.jpg,4-(1+3)=0
train/61310.jpg,1*3+7=10
train/61311.jpg,(8+7)-1=14
train/61312.jpg,4-(7-1)=-2
train/61313.jpg,(0+6)-0=6
train/61314.jpg,(1*4)+7=11
train/61315.jpg,(2*8)+5=21
train/61316.jpg,2*(8+6)=28
train/61317.jpg,1+8*4=33
train/61318.jpg,6*3-1=17
train/61319.jpg,(5+3)+3=11
train/61320.jpg,6*(1*9)=54
train/61321.jpg,6-2+9=13
train/61322.jpg,9+8+6=23
train/61323.jpg,9-(2-8)=15
train/61324.jpg,2-(2*4)=-6
train/61325.jpg,5+(5-3)=7
train/61326.jpg,5+2-5=2
train/61327.jpg,5-(3+3)=-1
train/61328.jpg,8*(6+6)=96
train/61329.jpg,2+9+9=20
train/61330.jpg,4-6+6=4
train/61331.jpg,(7-6)-8=-7
train/61332.jpg,9+(9+5)=23
train/61333.jpg,4-(7+0)=-3
train/61334.jpg,3+0*1=3
train/61335.jpg,2-3+8=7
train/61336.jpg,1*2-5=-3
train/61337.jpg,(6*9)*6=324
train/61338.jpg,(1-6)*1=-5
train/61339.jpg,(7+3)-1=9
train/61340.jpg,(6+5)+0=11
train/61341.jpg,(4+9)-9=4
train/61342.jpg,(7+7)*4=56
train/61343.jpg,5-(9+2)=-6
train/61344.jpg,1+5-2=4
train/61345.jpg,2-(5*9)=-43
train/61346.jpg,9+8*7=65
train/61347.jpg,8*(3+7)=80
train/61348.jpg,3*(4+6)=30
train/61349.jpg,(7+4)-0=11
train/61350.jpg,(1-1)-0=0
train/61351.jpg,(1-5)+3=-1
train/61352.jpg,5*5*0=0
train/61353.jpg,6*3*6=108
train/61354.jpg,(8-8)*1=0
train/61355.jpg,3*9*7=189
train/61356.jpg,(2*4)+8=16
train/61357.jpg,4-(0*6)=4
train/61358.jpg,(6*4)+2=26
train/61359.jpg,6-0+0=6
train/61360.jpg,7+(2+5)=14
train/61361.jpg,3+6+3=12
train/61362.jpg,4-6-5=-7
train/61363.jpg,2+4*9=38
train/61364.jpg,4*(1-3)=-8
train/61365.jpg,6+(1-9)=-2
train/61366.jpg,(6*4)*5=120
train/61367.jpg,9+(7*9)=72
train/61368.jpg,(1*2)-1=1
train/61369.jpg,8*8+9=73
train/61370.jpg,4+(0+4)=8
train/61371.jpg,(3-6)+8=5
train/61372.jpg,(9*3)*8=216
train/61373.jpg,2-(0+8)=-6
train/61374.jpg,6+8*0=6
train/61375.jpg,7-(8-1)=0
train/61376.jpg,8*7+8=64
train/61377.jpg,3-(6*0)=3
train/61378.jpg,(8-5)+5=8
train/61379.jpg,(1-8)*4=-28
train/61380.jpg,(1*8)*9=72
train/61381.jpg,1-6-7=-12
train/61382.jpg,(8*8)+5=69
train/61383.jpg,7-(4+4)=-1
train/61384.jpg,(0-6)+8=2
train/61385.jpg,0+5*2=10
train/61386.jpg,3-1*0=3
train/61387.jpg,1*5*9=45
train/61388.jpg,6+(6*9)=60
train/61389.jpg,(0-0)*2=0
train/61390.jpg,(9+4)-2=11
train/61391.jpg,3*(6*0)=0
train/61392.jpg,1*1-7=-6
train/61393.jpg,3-8-3=-8
train/61394.jpg,3*(5*9)=135
train/61395.jpg,6-6+0=0
train/61396.jpg,(9-6)-5=-2
train/61397.jpg,4+3*1=7
train/61398.jpg,2+(8+5)=15
train/61399.jpg,1*(7-7)=0
train/61400.jpg,0+(1-2)=-1
train/61401.jpg,(2+1)+7=10
train/61402.jpg,5*(3+6)=45
train/61403.jpg,7-3+2=6
train/61404.jpg,8+8*6=56
train/61405.jpg,1-(2+5)=-6
train/61406.jpg,6*(0*3)=0
train/61407.jpg,7-(5*7)=-28
train/61408.jpg,(7+3)*4=40
train/61409.jpg,(5+5)-6=4
train/61410.jpg,1*3*0=0
train/61411.jpg,9*(2+3)=45
train/61412.jpg,6*(9*3)=162
train/61413.jpg,3+(5*6)=33
train/61414.jpg,1+7+9=17
train/61415.jpg,2+(1-2)=1
train/61416.jpg,5+(6+4)=15
train/61417.jpg,(3-7)-1=-5
train/61418.jpg,9-(6-9)=12
train/61419.jpg,0*(4-3)=0
train/61420.jpg,9*0-2=-2
train/61421.jpg,(2*3)-5=1
train/61422.jpg,7-(9+9)=-11
train/61423.jpg,8*(6-4)=16
train/61424.jpg,0*7*7=0
train/61425.jpg,(3-8)+4=-1
train/61426.jpg,4*9-4=32
train/61427.jpg,6-0-5=1
train/61428.jpg,2-(5+7)=-10
train/61429.jpg,(5-2)*6=18
train/61430.jpg,2+(3-8)=-3
train/61431.jpg,7-2-4=1
train/61432.jpg,0-(2*6)=-12
train/61433.jpg,5*2+5=15
train/61434.jpg,4+(3*1)=7
train/61435.jpg,3+(0+0)=3
train/61436.jpg,3*5*0=0
train/61437.jpg,3+(2-1)=4
train/61438.jpg,(4*0)+9=9
train/61439.jpg,9+8*9=81
train/61440.jpg,4-7*6=-38
train/61441.jpg,2+9-7=4
train/61442.jpg,8*9+9=81
train/61443.jpg,1+2+3=6
train/61444.jpg,(4*8)-2=30
train/61445.jpg,(7+4)*2=22
train/61446.jpg,(4*6)*4=96
train/61447.jpg,(5*9)-6=39
train/61448.jpg,0+0-4=-4
train/61449.jpg,8+(4-6)=6
train/61450.jpg,4-3*9=-23
train/61451.jpg,0+1+6=7
train/61452.jpg,9-(6+7)=-4
train/61453.jpg,9+(7-9)=7
train/61454.jpg,(1-8)-2=-9
train/61455.jpg,(2-9)-9=-16
train/61456.jpg,7-4+5=8
train/61457.jpg,(3+7)+5=15
train/61458.jpg,(2+6)+8=16
train/61459.jpg,1-1-2=-2
train/61460.jpg,9-9*0=9
train/61461.jpg,4+(0+3)=7
train/61462.jpg,(5*8)+3=43
train/61463.jpg,6*(3+2)=30
train/61464.jpg,(4-4)*9=0
train/61465.jpg,6+2*9=24
train/61466.jpg,9-(7-4)=6
train/61467.jpg,(8*0)*9=0
train/61468.jpg,(5*1)*7=35
train/61469.jpg,2-(3+5)=-6
train/61470.jpg,7+(1*0)=7
train/61471.jpg,(0*4)+4=4
train/61472.jpg,(3*9)*1=27
train/61473.jpg,(5-7)-9=-11
train/61474.jpg,4*(5+3)=32
train/61475.jpg,(0*4)+5=5
train/61476.jpg,1-(9+5)=-13
train/61477.jpg,(4*5)*1=20
train/61478.jpg,3*6+2=20
train/61479.jpg,7+(0-1)=6
train/61480.jpg,9-8-4=-3
train/61481.jpg,4*(4*1)=16
train/61482.jpg,5+(9*6)=59
train/61483.jpg,2*(8+2)=20
train/61484.jpg,2*(9-4)=10
train/61485.jpg,(0+8)-9=-1
train/61486.jpg,9*3-9=18
train/61487.jpg,(8+5)+8=21
train/61488.jpg,(7+8)+9=24
train/61489.jpg,2*(4*3)=24
train/61490.jpg,8+(8+2)=18
train/61491.jpg,9*(3*6)=162
train/61492.jpg,3+4+2=9
train/61493.jpg,6+(2+7)=15
train/61494.jpg,(1*7)-3=4
train/61495.jpg,9+(2*4)=17
train/61496.jpg,5-(7-1)=-1
train/61497.jpg,3-(2*0)=3
train/61498.jpg,1*(6*3)=18
train/61499.jpg,9+(8-8)=9
train/61500.jpg,(3-2)+4=5
train/61501.jpg,8*(8*9)=576
train/61502.jpg,7-4-6=-3
train/61503.jpg,0+1-9=-8
train/61504.jpg,1*(4*9)=36
train/61505.jpg,3-(4+9)=-10
train/61506.jpg,(8-7)-9=-8
train/61507.jpg,(9*5)+2=47
train/61508.jpg,(4+3)-6=1
train/61509.jpg,(1*4)+0=4
train/61510.jpg,(6+1)+0=7
train/61511.jpg,(6*5)-0=30
train/61512.jpg,5+(2*5)=15
train/61513.jpg,8-3+6=11
train/61514.jpg,2*6+3=15
train/61515.jpg,8+8*5=48
train/61516.jpg,5*4-6=14
train/61517.jpg,8*(1+7)=64
train/61518.jpg,8+6+9=23
train/61519.jpg,0+8+4=12
train/61520.jpg,8-7-2=-1
train/61521.jpg,8*(1*0)=0
train/61522.jpg,(4-7)-6=-9
train/61523.jpg,0-(0-2)=2
train/61524.jpg,4-0+3=7
train/61525.jpg,(9-6)*9=27
train/61526.jpg,(8+1)-9=0
train/61527.jpg,0+(7*7)=49
train/61528.jpg,2*(0+5)=10
train/61529.jpg,3*(9*2)=54
train/61530.jpg,(2+8)*4=40
train/61531.jpg,(2-7)+3=-2
train/61532.jpg,(3-2)*2=2
train/61533.jpg,(7-0)-5=2
train/61534.jpg,8-5-6=-3
train/61535.jpg,0*(8-0)=0
train/61536.jpg,8+(6*5)=38
train/61537.jpg,7-(1*4)=3
train/61538.jpg,(5-1)*7=28
train/61539.jpg,4+9+3=16
train/61540.jpg,(8-2)+5=11
train/61541.jpg,7*0+2=2
train/61542.jpg,6*7-9=33
train/61543.jpg,5*(0-5)=-25
train/61544.jpg,2-9+0=-7
train/61545.jpg,2-(2-8)=8
train/61546.jpg,6+(9+4)=19
train/61547.jpg,2*4*6=48
train/61548.jpg,1+7+1=9
train/61549.jpg,(5*2)*6=60
train/61550.jpg,(1+4)+9=14
train/61551.jpg,2-(1-5)=6
train/61552.jpg,4-6+7=5
train/61553.jpg,7+(3*5)=22
train/61554.jpg,(5-0)*3=15
train/61555.jpg,(7*1)-7=0
train/61556.jpg,6-(5*1)=1
train/61557.jpg,9-1+1=9
train/61558.jpg,(4-3)+6=7
train/61559.jpg,(2+3)*2=10
train/61560.jpg,(3+6)+3=12
train/61561.jpg,(0*5)*0=0
train/61562.jpg,5+(5+8)=18
train/61563.jpg,(3*9)-6=21
train/61564.jpg,(4*9)-6=30
train/61565.jpg,(0+5)+5=10
train/61566.jpg,0*(3*4)=0
train/61567.jpg,(1+9)*0=0
train/61568.jpg,1-3+7=5
train/61569.jpg,(9+2)*7=77
train/61570.jpg,4*9-4=32
train/61571.jpg,2-5*7=-33
train/61572.jpg,9-1*5=4
train/61573.jpg,9-(5*2)=-1
train/61574.jpg,9+(7*8)=65
train/61575.jpg,(0*0)-4=-4
train/61576.jpg,(9-5)-3=1
train/61577.jpg,9-(1+9)=-1
train/61578.jpg,7+(5*9)=52
train/61579.jpg,4+(2*6)=16
train/61580.jpg,1-(4*7)=-27
train/61581.jpg,9-7-3=-1
train/61582.jpg,(0-5)+5=0
train/61583.jpg,4+(6*0)=4
train/61584.jpg,4+9-0=13
train/61585.jpg,4*(1*4)=16
train/61586.jpg,(3*1)-4=-1
train/61587.jpg,7*3-3=18
train/61588.jpg,(0+4)*1=4
train/61589.jpg,1-2+6=5
train/61590.jpg,4+3+3=10
train/61591.jpg,0+8*4=32
train/61592.jpg,0*(4*8)=0
train/61593.jpg,3*(0+1)=3
train/61594.jpg,3*4*4=48
train/61595.jpg,(4+7)-0=11
train/61596.jpg,8*(8+7)=120
train/61597.jpg,5-(7+7)=-9
train/61598.jpg,(5-0)-1=4
train/61599.jpg,(5-0)+7=12
train/61600.jpg,(7-8)-4=-5
train/61601.jpg,6*6+6=42
train/61602.jpg,(2+5)*8=56
train/61603.jpg,5+(1+9)=15
train/61604.jpg,6-4+7=9
train/61605.jpg,3*(5-0)=15
train/61606.jpg,(6+7)*2=26
train/61607.jpg,1+(6*1)=7
train/61608.jpg,4*(2+1)=12
train/61609.jpg,7-7*1=0
train/61610.jpg,(0*8)+8=8
train/61611.jpg,2-(1*1)=1
train/61612.jpg,9+(4*2)=17
train/61613.jpg,7*(1*1)=7
train/61614.jpg,7+(7-1)=13
train/61615.jpg,9-2-2=5
train/61616.jpg,7+(8*7)=63
train/61617.jpg,8+8*4=40
train/61618.jpg,4*8-2=30
train/61619.jpg,2-(9+9)=-16
train/61620.jpg,6-3+0=3
train/61621.jpg,1*(0-7)=-7
train/61622.jpg,7+(6*9)=61
train/61623.jpg,7*6*6=252
train/61624.jpg,9-(4+8)=-3
train/61625.jpg,4+(2*7)=18
train/61626.jpg,7-(6-2)=3
train/61627.jpg,(2*1)-3=-1
train/61628.jpg,(9*9)+1=82
train/61629.jpg,0+(1*9)=9
train/61630.jpg,0-(9+1)=-10
train/61631.jpg,3+4-7=0
train/61632.jpg,(8-8)-7=-7
train/61633.jpg,5-(6*1)=-1
train/61634.jpg,5+5*1=10
train/61635.jpg,3+(4+5)=12
train/61636.jpg,3-0*7=3
train/61637.jpg,3+(5+1)=9
train/61638.jpg,0*(4-2)=0
train/61639.jpg,(9+2)+0=11
train/61640.jpg,2+(3*4)=14
train/61641.jpg,6+(0-8)=-2
train/61642.jpg,(5-2)+0=3
train/61643.jpg,(3*9)-3=24
train/61644.jpg,9*(2*9)=162
train/61645.jpg,1*6+7=13
train/61646.jpg,4*2-3=5
train/61647.jpg,(2-3)-8=-9
train/61648.jpg,(5*7)+6=41
train/61649.jpg,3+7*7=52
train/61650.jpg,4+5+2=11
train/61651.jpg,(9*8)*0=0
train/61652.jpg,7+1*1=8
train/61653.jpg,(8*3)-3=21
train/61654.jpg,(4*0)*1=0
train/61655.jpg,3-(0*5)=3
train/61656.jpg,4*8-6=26
train/61657.jpg,0+3*9=27
train/61658.jpg,7+0-6=1
train/61659.jpg,6-6+9=9
train/61660.jpg,3*(9+8)=51
train/61661.jpg,(9-7)+7=9
train/61662.jpg,7*(3+0)=21
train/61663.jpg,9-(7*0)=9
train/61664.jpg,(4+6)-4=6
train/61665.jpg,2*(2+0)=4
train/61666.jpg,(0*3)*4=0
train/61667.jpg,0+6-1=5
train/61668.jpg,8*4*6=192
train/61669.jpg,(0+4)-4=0
train/61670.jpg,(3+5)+2=10
train/61671.jpg,(0+4)-7=-3
train/61672.jpg,(2*0)+2=2
train/61673.jpg,1+0-5=-4
train/61674.jpg,(8*9)+2=74
train/61675.jpg,2-5*9=-43
train/61676.jpg,9*(2+0)=18
train/61677.jpg,(2*9)-8=10
train/61678.jpg,(9+2)+9=20
train/61679.jpg,(8*1)-1=7
train/61680.jpg,(7*9)+8=71
train/61681.jpg,9+1+6=16
train/61682.jpg,1+(0-8)=-7
train/61683.jpg,6-(2*3)=0
train/61684.jpg,(9*2)*8=144
train/61685.jpg,9-3*4=-3
train/61686.jpg,(9-5)*4=16
train/61687.jpg,(0*9)-9=-9
train/61688.jpg,0-(5+9)=-14
train/61689.jpg,9*(8*4)=288
train/61690.jpg,(9-6)*9=27
train/61691.jpg,(2-6)-5=-9
train/61692.jpg,1*6-0=6
train/61693.jpg,3+3+9=15
train/61694.jpg,1+9*6=55
train/61695.jpg,9-(8-4)=5
train/61696.jpg,8-9+1=0
train/61697.jpg,(2+5)*5=35
train/61698.jpg,0*(9-2)=0
train/61699.jpg,9*1*5=45
train/61700.jpg,9-(3+1)=5
train/61701.jpg,2*3-2=4
train/61702.jpg,9-(6*5)=-21
train/61703.jpg,2*4+9=17
train/61704.jpg,5+(0+0)=5
train/61705.jpg,(7*6)+0=42
train/61706.jpg,(9+9)+1=19
train/61707.jpg,7+1+4=12
train/61708.jpg,(2-8)+0=-6
train/61709.jpg,8-(9-3)=2
train/61710.jpg,1-0*2=1
train/61711.jpg,5*6+0=30
train/61712.jpg,(5*3)-2=13
train/61713.jpg,3+3*6=21
train/61714.jpg,(0-1)*1=-1
train/61715.jpg,(7-6)*7=7
train/61716.jpg,4-9-2=-7
train/61717.jpg,4*(0+2)=8
train/61718.jpg,8-1+5=12
train/61719.jpg,7*6+9=51
train/61720.jpg,8+(5-7)=6
train/61721.jpg,(1-8)*3=-21
train/61722.jpg,5-(8*1)=-3
train/61723.jpg,(0-7)+0=-7
train/61724.jpg,8+2-8=2
train/61725.jpg,1-(4+7)=-10
train/61726.jpg,(4-0)+5=9
train/61727.jpg,(0*8)+9=9
train/61728.jpg,0-4*3=-12
train/61729.jpg,7+(0+4)=11
train/61730.jpg,(0-1)+4=3
train/61731.jpg,(9+1)-4=6
train/61732.jpg,(8+5)+7=20
train/61733.jpg,2*6*8=96
train/61734.jpg,(1+1)*1=2
train/61735.jpg,2*7*5=70
train/61736.jpg,(4-4)-5=-5
train/61737.jpg,8*0*5=0
train/61738.jpg,(0+2)-9=-7
train/61739.jpg,8*7+9=65
train/61740.jpg,(9*3)-0=27
train/61741.jpg,2-(8-6)=0
train/61742.jpg,3-4-7=-8
train/61743.jpg,(8+1)*1=9
train/61744.jpg,1+(3+4)=8
train/61745.jpg,(1+4)*2=10
train/61746.jpg,(7-1)*9=54
train/61747.jpg,3-(3-9)=9
train/61748.jpg,(5*4)*8=160
train/61749.jpg,5-(3-4)=6
train/61750.jpg,3+9-8=4
train/61751.jpg,4*0-4=-4
train/61752.jpg,7*(0*3)=0
train/61753.jpg,(6-0)-7=-1
train/61754.jpg,5*(3*3)=45
train/61755.jpg,5+0*1=5
train/61756.jpg,(1+4)*0=0
train/61757.jpg,(8*2)+0=16
train/61758.jpg,0-(0-5)=5
train/61759.jpg,0*6-5=-5
train/61760.jpg,(6*1)*5=30
train/61761.jpg,3*(0*0)=0
train/61762.jpg,(5-7)*5=-10
train/61763.jpg,9-(0+9)=0
train/61764.jpg,0*0*7=0
train/61765.jpg,2-(5+8)=-11
train/61766.jpg,7*1+8=15
train/61767.jpg,(5*7)-6=29
train/61768.jpg,3+(4+0)=7
train/61769.jpg,1+9*6=55
train/61770.jpg,(3+2)-2=3
train/61771.jpg,2*5-0=10
train/61772.jpg,4-(7*9)=-59
train/61773.jpg,9+5-3=11
train/61774.jpg,8-(4*8)=-24
train/61775.jpg,4-9+7=2
train/61776.jpg,9+(4-2)=11
train/61777.jpg,8-5-2=1
train/61778.jpg,(2*3)*2=12
train/61779.jpg,3+(3*6)=21
train/61780.jpg,(5-1)+3=7
train/61781.jpg,2-9+0=-7
train/61782.jpg,4*8-0=32
train/61783.jpg,6-(0+9)=-3
train/61784.jpg,(2-7)-1=-6
train/61785.jpg,0*1*6=0
train/61786.jpg,4+(6+7)=17
train/61787.jpg,3+5*5=28
train/61788.jpg,5*3+3=18
train/61789.jpg,(6+1)-9=-2
train/61790.jpg,0+(6*0)=0
train/61791.jpg,(3+0)+2=5
train/61792.jpg,6+(5+6)=17
train/61793.jpg,9-(3+4)=2
train/61794.jpg,(6*0)*1=0
train/61795.jpg,(5*6)*4=120
train/61796.jpg,(7*0)-6=-6
train/61797.jpg,5+7+4=16
train/61798.jpg,(0*6)-2=-2
train/61799.jpg,(3-4)+1=0
train/61800.jpg,0+1-3=-2
train/61801.jpg,1*4*1=4
train/61802.jpg,2*(9*0)=0
train/61803.jpg,1*(2*9)=18
train/61804.jpg,7*(3+2)=35
train/61805.jpg,7-(2*3)=1
train/61806.jpg,6*(2+7)=54
train/61807.jpg,(6*5)*0=0
train/61808.jpg,5+(9+4)=18
train/61809.jpg,2+7+5=14
train/61810.jpg,3*(4+1)=15
train/61811.jpg,9-6+8=11
train/61812.jpg,(4-9)+8=3
train/61813.jpg,5-9-7=-11
train/61814.jpg,2+8*8=66
train/61815.jpg,(5-4)*2=2
train/61816.jpg,1*1+1=2
train/61817.jpg,1-8*3=-23
train/61818.jpg,6+(5*0)=6
train/61819.jpg,8+(9*0)=8
train/61820.jpg,0+(1*7)=7
train/61821.jpg,1+(0*2)=1
train/61822.jpg,(3-8)+2=-3
train/61823.jpg,6-9+3=0
train/61824.jpg,(2+6)-2=6
train/61825.jpg,(0-7)-6=-13
train/61826.jpg,7*4*2=56
train/61827.jpg,7+(3*3)=16
train/61828.jpg,3*(1*1)=3
train/61829.jpg,6-2-5=-1
train/61830.jpg,2+(7+4)=13
train/61831.jpg,(7*5)+2=37
train/61832.jpg,5-2+6=9
train/61833.jpg,(5*7)-6=29
train/61834.jpg,1*3-0=3
train/61835.jpg,8*7-6=50
train/61836.jpg,3*5-6=9
train/61837.jpg,(1*3)+8=11
train/61838.jpg,2-(8+5)=-11
train/61839.jpg,1+3*5=16
train/61840.jpg,6-(0-6)=12
train/61841.jpg,9-(9+8)=-8
train/61842.jpg,2-(0-6)=8
train/61843.jpg,6+(8*6)=54
train/61844.jpg,(5+7)+4=16
train/61845.jpg,(2-5)*3=-9
train/61846.jpg,8*3+4=28
train/61847.jpg,8-(2-1)=7
train/61848.jpg,8*(7*4)=224
train/61849.jpg,(8-7)-6=-5
train/61850.jpg,8-3-0=5
train/61851.jpg,5+7*7=54
train/61852.jpg,5*(8+5)=65
train/61853.jpg,(1-6)*4=-20
train/61854.jpg,(5-2)-3=0
train/61855.jpg,(8+3)*8=88
train/61856.jpg,1+(2+1)=4
train/61857.jpg,8+6*3=26
train/61858.jpg,6-4*5=-14
train/61859.jpg,(4-8)+8=4
train/61860.jpg,(2*1)-7=-5
train/61861.jpg,(7*9)-3=60
train/61862.jpg,(8-3)+0=5
train/61863.jpg,(8+3)-0=11
train/61864.jpg,2-(1-7)=8
train/61865.jpg,6-3+3=6
train/61866.jpg,(3-6)-9=-12
train/61867.jpg,2-(9*6)=-52
train/61868.jpg,(8+2)-1=9
train/61869.jpg,1-(7+1)=-7
train/61870.jpg,3-(6+5)=-8
train/61871.jpg,2+4+9=15
train/61872.jpg,(8*6)-9=39
train/61873.jpg,4-5+1=0
train/61874.jpg,(8-2)+9=15
train/61875.jpg,3+(7+9)=19
train/61876.jpg,5+(3*7)=26
train/61877.jpg,3+0+1=4
train/61878.jpg,1*(4+1)=5
train/61879.jpg,1-(8+1)=-8
train/61880.jpg,(9-2)+8=15
train/61881.jpg,2+5+9=16
train/61882.jpg,8+(8+6)=22
train/61883.jpg,7+8-2=13
train/61884.jpg,(2*8)+8=24
train/61885.jpg,(9-5)-7=-3
train/61886.jpg,8*(7*1)=56
train/61887.jpg,5+0*4=5
train/61888.jpg,8*4+6=38
train/61889.jpg,9*(0-3)=-27
train/61890.jpg,(0+1)+5=6
train/61891.jpg,(5*5)-3=22
train/61892.jpg,6+(6+5)=17
train/61893.jpg,9-(3+8)=-2
train/61894.jpg,0-(5+6)=-11
train/61895.jpg,0+(7+9)=16
train/61896.jpg,6*8-6=42
train/61897.jpg,7-(1+3)=3
train/61898.jpg,3+(4+9)=16
train/61899.jpg,3*(3-4)=-3
train/61900.jpg,1*(8-0)=8
train/61901.jpg,(2*4)*8=64
train/61902.jpg,6*(5*3)=90
train/61903.jpg,8*8-6=58
train/61904.jpg,7-(5*7)=-28
train/61905.jpg,(6-7)+9=8
train/61906.jpg,(6-3)+0=3
train/61907.jpg,0*9+5=5
train/61908.jpg,0*7*5=0
train/61909.jpg,3*(1-4)=-9
train/61910.jpg,4+(4-9)=-1
train/61911.jpg,(3*7)+4=25
train/61912.jpg,7*(3*7)=147
train/61913.jpg,(8+9)-7=10
train/61914.jpg,5+4-1=8
train/61915.jpg,(4+5)*1=9
train/61916.jpg,9-9+8=8
train/61917.jpg,(0*7)*4=0
train/61918.jpg,5*(5+3)=40
train/61919.jpg,0+2+1=3
train/61920.jpg,4-3-7=-6
train/61921.jpg,(0*9)-9=-9
train/61922.jpg,8+(5*6)=38
train/61923.jpg,(1*0)*2=0
train/61924.jpg,5-8*0=5
train/61925.jpg,(6-1)*5=25
train/61926.jpg,0-(0-0)=0
train/61927.jpg,(6*9)+9=63
train/61928.jpg,8*(8+2)=80
train/61929.jpg,(1+6)*0=0
train/61930.jpg,1-(8+0)=-7
train/61931.jpg,0+4-3=1
train/61932.jpg,4*(0-0)=0
train/61933.jpg,6+(3-7)=2
train/61934.jpg,(1*3)-2=1
train/61935.jpg,2+(9-1)=10
train/61936.jpg,9-5*0=9
train/61937.jpg,8+(6+4)=18
train/61938.jpg,8*5+9=49
train/61939.jpg,3-5+5=3
train/61940.jpg,(4*1)*7=28
train/61941.jpg,9*8*4=288
train/61942.jpg,9-1-3=5
train/61943.jpg,1+(6-1)=6
train/61944.jpg,9+(2-0)=11
train/61945.jpg,(9-1)+5=13
train/61946.jpg,(6-5)+7=8
train/61947.jpg,1*(8-7)=1
train/61948.jpg,(7+5)-2=10
train/61949.jpg,(2*9)-0=18
train/61950.jpg,4+(0+9)=13
train/61951.jpg,2-4-3=-5
train/61952.jpg,7-(6*5)=-23
train/61953.jpg,6+1+1=8
train/61954.jpg,(8*9)-0=72
train/61955.jpg,(9+6)-2=13
train/61956.jpg,(2-4)+6=4
train/61957.jpg,5+5-9=1
train/61958.jpg,4+0*3=4
train/61959.jpg,2*0+5=5
train/61960.jpg,(4*3)-6=6
train/61961.jpg,6+9-3=12
train/61962.jpg,9+(1+6)=16
train/61963.jpg,(5*8)+6=46
train/61964.jpg,(6-6)-0=0
train/61965.jpg,5*5-1=24
train/61966.jpg,2*4-5=3
train/61967.jpg,(0-4)*6=-24
train/61968.jpg,(5-2)+2=5
train/61969.jpg,6*5*3=90
train/61970.jpg,(3+8)+0=11
train/61971.jpg,1-4+6=3
train/61972.jpg,0-2+9=7
train/61973.jpg,3*6*7=126
train/61974.jpg,(5+8)-1=12
train/61975.jpg,(4*4)+5=21
train/61976.jpg,1-6*4=-23
train/61977.jpg,2+(1+6)=9
train/61978.jpg,6*9*3=162
train/61979.jpg,(7-9)+6=4
train/61980.jpg,1*8-6=2
train/61981.jpg,4+(2+9)=15
train/61982.jpg,(9*7)-0=63
train/61983.jpg,2*(1-3)=-4
train/61984.jpg,2+6-9=-1
train/61985.jpg,6-(6-3)=3
train/61986.jpg,0*(6*6)=0
train/61987.jpg,(6*8)*3=144
train/61988.jpg,(8-8)-3=-3
train/61989.jpg,9+6-7=8
train/61990.jpg,8-(8*4)=-24
train/61991.jpg,2-(5-0)=-3
train/61992.jpg,8+4-8=4
train/61993.jpg,4*6*4=96
train/61994.jpg,4-(6+5)=-7
train/61995.jpg,7*1+7=14
train/61996.jpg,(9+4)-6=7
train/61997.jpg,(5*7)-6=29
train/61998.jpg,(9*5)+8=53
train/61999.jpg,(5-5)+1=1
train/62000.jpg,(5*8)*7=280
train/62001.jpg,(8-1)+2=9
train/62002.jpg,(3*7)+5=26
train/62003.jpg,2*(6+8)=28
train/62004.jpg,(6-7)+7=6
train/62005.jpg,7*9-8=55
train/62006.jpg,8+9-2=15
train/62007.jpg,(7*9)-2=61
train/62008.jpg,5*2-5=5
train/62009.jpg,(7+8)+3=18
train/62010.jpg,8-2*9=-10
train/62011.jpg,(4*9)*8=288
train/62012.jpg,0+5*4=20
train/62013.jpg,(5-0)*7=35
train/62014.jpg,8*0-9=-9
train/62015.jpg,7*8+2=58
train/62016.jpg,(0-0)+7=7
train/62017.jpg,7*2+2=16
train/62018.jpg,8*3*8=192
train/62019.jpg,0-8+7=-1
train/62020.jpg,(6*5)-4=26
train/62021.jpg,6+(8-9)=5
train/62022.jpg,(3+5)-4=4
train/62023.jpg,9*6*2=108
train/62024.jpg,(2+7)*5=45
train/62025.jpg,(5*1)+2=7
train/62026.jpg,(7-8)*0=0
train/62027.jpg,(8-2)+8=14
train/62028.jpg,7+4*9=43
train/62029.jpg,0*9*9=0
train/62030.jpg,1+4+2=7
train/62031.jpg,3-2+8=9
train/62032.jpg,5+3*8=29
train/62033.jpg,8+6-1=13
train/62034.jpg,6-(8-2)=0
train/62035.jpg,2-3+1=0
train/62036.jpg,(9+8)-4=13
train/62037.jpg,6+5*3=21
train/62038.jpg,(7*2)*5=70
train/62039.jpg,0*6+5=5
train/62040.jpg,0*(2*6)=0
train/62041.jpg,2-6-8=-12
train/62042.jpg,(6-6)*5=0
train/62043.jpg,7-(4*0)=7
train/62044.jpg,7-(4-5)=8
train/62045.jpg,(1+0)-1=0
train/62046.jpg,(4*6)-4=20
train/62047.jpg,1+9-4=6
train/62048.jpg,6+(0*5)=6
train/62049.jpg,0+(8*6)=48
train/62050.jpg,(0-1)-7=-8
train/62051.jpg,8*4-4=28
train/62052.jpg,0-4+8=4
train/62053.jpg,8-6*0=8
train/62054.jpg,1+6-1=6
train/62055.jpg,3*(7*3)=63
train/62056.jpg,(1+2)-4=-1
train/62057.jpg,8+(2-6)=4
train/62058.jpg,(7+8)-6=9
train/62059.jpg,(7*6)+8=50
train/62060.jpg,0*1+2=2
train/62061.jpg,8-4*1=4
train/62062.jpg,8-(5+7)=-4
train/62063.jpg,7-(2-5)=10
train/62064.jpg,(7*0)*0=0
train/62065.jpg,8+(7*7)=57
train/62066.jpg,(4+3)-0=7
train/62067.jpg,8*(5*7)=280
train/62068.jpg,8-(8-3)=3
train/62069.jpg,2+(4+1)=7
train/62070.jpg,(8*9)+1=73
train/62071.jpg,4*1-6=-2
train/62072.jpg,6*5+7=37
train/62073.jpg,1*8+4=12
train/62074.jpg,0*(9*5)=0
train/62075.jpg,(3*5)+9=24
train/62076.jpg,2+3-3=2
train/62077.jpg,6+6+4=16
train/62078.jpg,8+(7*8)=64
train/62079.jpg,1+(2+2)=5
train/62080.jpg,(5*7)*4=140
train/62081.jpg,9-(7+8)=-6
train/62082.jpg,0+9*5=45
train/62083.jpg,5*2-0=10
train/62084.jpg,7+3*1=10
train/62085.jpg,(3*1)+0=3
train/62086.jpg,5-(6*1)=-1
train/62087.jpg,4*(8-2)=24
train/62088.jpg,(3+1)*1=4
train/62089.jpg,(2*6)-2=10
train/62090.jpg,6*(3+0)=18
train/62091.jpg,(8+2)-7=3
train/62092.jpg,6*7+4=46
train/62093.jpg,(5*9)+7=52
train/62094.jpg,8-(0*7)=8
train/62095.jpg,5*8*0=0
train/62096.jpg,(7+4)+4=15
train/62097.jpg,9+8-4=13
train/62098.jpg,9+(9-4)=14
train/62099.jpg,5*2-4=6
train/62100.jpg,(0*2)*4=0
train/62101.jpg,(1*9)*7=63
train/62102.jpg,(7-6)+1=2
train/62103.jpg,(4+4)*5=40
train/62104.jpg,(0-1)+5=4
train/62105.jpg,(8+4)-7=5
train/62106.jpg,0-9*6=-54
train/62107.jpg,5*(3+6)=45
train/62108.jpg,5+(2*1)=7
train/62109.jpg,9-2*7=-5
train/62110.jpg,(0+3)*4=12
train/62111.jpg,(7*5)*7=245
train/62112.jpg,2-(9-2)=-5
train/62113.jpg,0*5*0=0
train/62114.jpg,0-(0+1)=-1
train/62115.jpg,8-9*1=-1
train/62116.jpg,(4-0)+7=11
train/62117.jpg,(0-0)+2=2
train/62118.jpg,5-3+7=9
train/62119.jpg,8+9+2=19
train/62120.jpg,(3*0)*0=0
train/62121.jpg,8+(3+2)=13
train/62122.jpg,1-4-1=-4
train/62123.jpg,3+(1-1)=3
train/62124.jpg,2*(4+3)=14
train/62125.jpg,0*4-4=-4
train/62126.jpg,4*(0*7)=0
train/62127.jpg,5+5-5=5
train/62128.jpg,5-(0+7)=-2
train/62129.jpg,6+7*9=69
train/62130.jpg,2*(4*7)=56
train/62131.jpg,(8+2)-0=10
train/62132.jpg,9-2+7=14
train/62133.jpg,3-5+0=-2
train/62134.jpg,2+1-4=-1
train/62135.jpg,1+(0+9)=10
train/62136.jpg,(2*8)+7=23
train/62137.jpg,4*(8-1)=28
train/62138.jpg,4+(0+8)=12
train/62139.jpg,(0-5)+1=-4
train/62140.jpg,3*(9*6)=162
train/62141.jpg,(5-0)-9=-4
train/62142.jpg,(9-4)-5=0
train/62143.jpg,0-8+1=-7
train/62144.jpg,(2+6)+1=9
train/62145.jpg,8+8-3=13
train/62146.jpg,8*9-9=63
train/62147.jpg,2+7+1=10
train/62148.jpg,7-(9+6)=-8
train/62149.jpg,8*3*3=72
train/62150.jpg,6-9+3=0
train/62151.jpg,6*9-9=45
train/62152.jpg,(5*6)*9=270
train/62153.jpg,5*8+4=44
train/62154.jpg,2+(5*1)=7
train/62155.jpg,7+(2*5)=17
train/62156.jpg,(5+5)-1=9
train/62157.jpg,(6+2)+8=16
train/62158.jpg,(3-4)+2=1
train/62159.jpg,3*8+3=27
train/62160.jpg,0+(0+7)=7
train/62161.jpg,(1-4)*8=-24
train/62162.jpg,(2+6)*1=8
train/62163.jpg,(9-4)-0=5
train/62164.jpg,7+7*4=35
train/62165.jpg,(1*2)-4=-2
train/62166.jpg,2-3*5=-13
train/62167.jpg,7*4-1=27
train/62168.jpg,9+(4-5)=8
train/62169.jpg,0+(4-3)=1
train/62170.jpg,8+8+0=16
train/62171.jpg,9+2-5=6
train/62172.jpg,2+(1+3)=6
train/62173.jpg,9-2-3=4
train/62174.jpg,8*6+5=53
train/62175.jpg,3*0+8=8
train/62176.jpg,(0+3)+8=11
train/62177.jpg,7-3*9=-20
train/62178.jpg,4*(6-6)=0
train/62179.jpg,3*(1*6)=18
train/62180.jpg,(8+1)-9=0
train/62181.jpg,(2*7)+6=20
train/62182.jpg,6+(8-6)=8
train/62183.jpg,(5+5)+8=18
train/62184.jpg,(9+6)-9=6
train/62185.jpg,5+4-7=2
train/62186.jpg,1-6*6=-35
train/62187.jpg,7*(3+7)=70
train/62188.jpg,(9*8)+5=77
train/62189.jpg,8-9*3=-19
train/62190.jpg,(2+2)+8=12
train/62191.jpg,(8-4)+3=7
train/62192.jpg,2-3+2=1
train/62193.jpg,5+3+7=15
train/62194.jpg,(8+4)+7=19
train/62195.jpg,3*9*5=135
train/62196.jpg,(5-9)-3=-7
train/62197.jpg,5*(5+1)=30
train/62198.jpg,(9-9)*2=0
train/62199.jpg,4-(2*8)=-12
train/62200.jpg,2-(2-4)=4
train/62201.jpg,8+0-5=3
train/62202.jpg,(0+4)+6=10
train/62203.jpg,7-2*7=-7
train/62204.jpg,3+(2*3)=9
train/62205.jpg,(2+0)+6=8
train/62206.jpg,7*(8*9)=504
train/62207.jpg,0+(6*0)=0
train/62208.jpg,(3-9)+4=-2
train/62209.jpg,0*3+8=8
train/62210.jpg,7*0-8=-8
train/62211.jpg,9*(2+4)=54
train/62212.jpg,4+(1+4)=9
train/62213.jpg,9-3-8=-2
train/62214.jpg,(7+7)*8=112
train/62215.jpg,(5+9)-1=13
train/62216.jpg,(6*6)*7=252
train/62217.jpg,3-4*1=-1
train/62218.jpg,(0-2)+0=-2
train/62219.jpg,(6-6)+1=1
train/62220.jpg,(2+7)+2=11
train/62221.jpg,8-(5*7)=-27
train/62222.jpg,1-(6*2)=-11
train/62223.jpg,7-(8-8)=7
train/62224.jpg,6*6+7=43
train/62225.jpg,4+1*9=13
train/62226.jpg,9-5+0=4
train/62227.jpg,9+(8+2)=19
train/62228.jpg,8+2+7=17
train/62229.jpg,(4*0)-5=-5
train/62230.jpg,2*(0+1)=2
train/62231.jpg,0+(3-3)=0
train/62232.jpg,3+(2+8)=13
train/62233.jpg,(3*6)*8=144
train/62234.jpg,0-4-4=-8
train/62235.jpg,3+4-6=1
train/62236.jpg,4+(6+0)=10
train/62237.jpg,4*(0-5)=-20
train/62238.jpg,9+3-0=12
train/62239.jpg,7*(8+2)=70
train/62240.jpg,3+(4+2)=9
train/62241.jpg,(8*3)*7=168
train/62242.jpg,(5-8)+4=1
train/62243.jpg,5+9*5=50
train/62244.jpg,6-1+6=11
train/62245.jpg,6*3+3=21
train/62246.jpg,5-(1*5)=0
train/62247.jpg,3-(7+0)=-4
train/62248.jpg,2*9*2=36
train/62249.jpg,3-(0+7)=-4
train/62250.jpg,(0+8)+7=15
train/62251.jpg,4*0-7=-7
train/62252.jpg,(3-8)*7=-35
train/62253.jpg,(9+0)-9=0
train/62254.jpg,6-6-5=-5
train/62255.jpg,(9*1)-5=4
train/62256.jpg,5-7+9=7
train/62257.jpg,(5-4)+5=6
train/62258.jpg,8+1*8=16
train/62259.jpg,5*3*4=60
train/62260.jpg,3-(3+3)=-3
train/62261.jpg,(2*4)-8=0
train/62262.jpg,5-3*0=5
train/62263.jpg,5-6-4=-5
train/62264.jpg,(4-4)+6=6
train/62265.jpg,6+7*6=48
train/62266.jpg,(6-5)*9=9
train/62267.jpg,3-1*9=-6
train/62268.jpg,4+6+4=14
train/62269.jpg,4*0-9=-9
train/62270.jpg,0-(7-6)=-1
train/62271.jpg,(9-5)*1=4
train/62272.jpg,9*2*4=72
train/62273.jpg,3-(1-5)=7
train/62274.jpg,6*(2-9)=-42
train/62275.jpg,8*(4-3)=8
train/62276.jpg,(7-9)*2=-4
train/62277.jpg,2+7+9=18
train/62278.jpg,9+(7-3)=13
train/62279.jpg,(1*2)-6=-4
train/62280.jpg,6-9+8=5
train/62281.jpg,(6*0)-6=-6
train/62282.jpg,2+(3*1)=5
train/62283.jpg,0*7+4=4
train/62284.jpg,6-8*1=-2
train/62285.jpg,(4-8)-3=-7
train/62286.jpg,4*5+0=20
train/62287.jpg,(5+3)+6=14
train/62288.jpg,5+4*3=17
train/62289.jpg,(7*6)-4=38
train/62290.jpg,(2-7)+0=-5
train/62291.jpg,7-(3*5)=-8
train/62292.jpg,(4+7)-7=4
train/62293.jpg,3+6*5=33
train/62294.jpg,(2-0)-1=1
train/62295.jpg,1*(8*4)=32
train/62296.jpg,(7*9)-5=58
train/62297.jpg,6+7-1=12
train/62298.jpg,8*(5*5)=200
train/62299.jpg,6*(3+1)=24
train/62300.jpg,3+4+6=13
train/62301.jpg,8-(2+1)=5
train/62302.jpg,7+3*0=7
train/62303.jpg,5-(1*9)=-4
train/62304.jpg,4-(9+8)=-13
train/62305.jpg,8-0-0=8
train/62306.jpg,8+(7+1)=16
train/62307.jpg,1*(3-1)=2
train/62308.jpg,7-8+9=8
train/62309.jpg,(6*3)*7=126
train/62310.jpg,(3+7)-0=10
train/62311.jpg,2-3+2=1
train/62312.jpg,(0-0)+5=5
train/62313.jpg,(1+3)+9=13
train/62314.jpg,3*7*0=0
train/62315.jpg,1-4-8=-11
train/62316.jpg,4+(8-0)=12
train/62317.jpg,2+(8+3)=13
train/62318.jpg,7*0*5=0
train/62319.jpg,(4+9)-7=6
train/62320.jpg,(1+0)+0=1
train/62321.jpg,5+(0*4)=5
train/62322.jpg,7-(4*4)=-9
train/62323.jpg,9*(5+6)=99
train/62324.jpg,4-4-0=0
train/62325.jpg,8-7*3=-13
train/62326.jpg,0+1+7=8
train/62327.jpg,9-3-8=-2
train/62328.jpg,1+(5-0)=6
train/62329.jpg,1*(4-6)=-2
train/62330.jpg,(0+1)*7=7
train/62331.jpg,1+5*9=46
train/62332.jpg,5-4*8=-27
train/62333.jpg,3*(2-7)=-15
train/62334.jpg,(2-6)*2=-8
train/62335.jpg,0-5-2=-7
train/62336.jpg,(1-8)-6=-13
train/62337.jpg,3+(8-6)=5
train/62338.jpg,2*(2*4)=16
train/62339.jpg,9-0-6=3
train/62340.jpg,0+(1-6)=-5
train/62341.jpg,8-9+1=0
train/62342.jpg,9+0+0=9
train/62343.jpg,5-8+2=-1
train/62344.jpg,1+6+0=7
train/62345.jpg,(2*3)*7=42
train/62346.jpg,3*1+2=5
train/62347.jpg,3+8-3=8
train/62348.jpg,3*8+9=33
train/62349.jpg,3*7-3=18
train/62350.jpg,9-(8+5)=-4
train/62351.jpg,8-(8+8)=-8
train/62352.jpg,(3*7)-5=16
train/62353.jpg,(1*4)*4=16
train/62354.jpg,1+4-6=-1
train/62355.jpg,(5+1)-5=1
train/62356.jpg,(7*0)-9=-9
train/62357.jpg,9-(6*8)=-39
train/62358.jpg,(3-7)+1=-3
train/62359.jpg,(8+6)+0=14
train/62360.jpg,1-5*3=-14
train/62361.jpg,4-6-6=-8
train/62362.jpg,0*1+5=5
train/62363.jpg,1-(2+0)=-1
train/62364.jpg,(1+4)+6=11
train/62365.jpg,2*(6*0)=0
train/62366.jpg,9-2+1=8
train/62367.jpg,(6*6)-8=28
train/62368.jpg,(6-1)-5=0
train/62369.jpg,6-(2+5)=-1
train/62370.jpg,(6-8)-4=-6
train/62371.jpg,7-(6-6)=7
train/62372.jpg,3+7*1=10
train/62373.jpg,9+(2-3)=8
train/62374.jpg,8+4*2=16
train/62375.jpg,5*(2+9)=55
train/62376.jpg,7+(2+4)=13
train/62377.jpg,(2*0)*6=0
train/62378.jpg,3*(3+4)=21
train/62379.jpg,5-(5*2)=-5
train/62380.jpg,8+(5+7)=20
train/62381.jpg,1+(3+6)=10
train/62382.jpg,(0*4)+7=7
train/62383.jpg,2+(3+7)=12
train/62384.jpg,4*(9+3)=48
train/62385.jpg,(9*3)+3=30
train/62386.jpg,1-(1+5)=-5
train/62387.jpg,(6-6)-7=-7
train/62388.jpg,(2-0)-7=-5
train/62389.jpg,0+4+5=9
train/62390.jpg,6-(1-0)=5
train/62391.jpg,4+0*5=4
train/62392.jpg,5*0-0=0
train/62393.jpg,4-8*8=-60
train/62394.jpg,6+(2+0)=8
train/62395.jpg,(3-6)-8=-11
train/62396.jpg,8*(2*0)=0
train/62397.jpg,8*3+2=26
train/62398.jpg,5*(3-2)=5
train/62399.jpg,3*4-1=11
train/62400.jpg,2*6-0=12
train/62401.jpg,(5+1)-8=-2
train/62402.jpg,2*1+2=4
train/62403.jpg,(9+5)+3=17
train/62404.jpg,1*8*5=40
train/62405.jpg,(4-0)*0=0
train/62406.jpg,5+2+8=15
train/62407.jpg,(5*3)-1=14
train/62408.jpg,8-(6-2)=4
train/62409.jpg,4+(6+3)=13
train/62410.jpg,4-(8-5)=1
train/62411.jpg,1*7*6=42
train/62412.jpg,2+0+7=9
train/62413.jpg,(3+9)+6=18
train/62414.jpg,9-8+5=6
train/62415.jpg,7*0-1=-1
train/62416.jpg,5+(6-8)=3
train/62417.jpg,7*9-8=55
train/62418.jpg,3+(8-9)=2
train/62419.jpg,(1-5)+2=-2
train/62420.jpg,7-5-7=-5
train/62421.jpg,0+(2+6)=8
train/62422.jpg,(5*1)-4=1
train/62423.jpg,1+(6-6)=1
train/62424.jpg,(9*3)*6=162
train/62425.jpg,3*6*3=54
train/62426.jpg,8-(6-1)=3
train/62427.jpg,4-2*6=-8
train/62428.jpg,6-(6+7)=-7
train/62429.jpg,(7-6)+0=1
train/62430.jpg,6-8-6=-8
train/62431.jpg,9+(2*2)=13
train/62432.jpg,(4+2)-9=-3
train/62433.jpg,6+6*3=24
train/62434.jpg,1*(6*6)=36
train/62435.jpg,0-8*8=-64
train/62436.jpg,8+(6+6)=20
train/62437.jpg,4+(0*1)=4
train/62438.jpg,(4*3)-3=9
train/62439.jpg,(9-0)*1=9
train/62440.jpg,(1+7)-5=3
train/62441.jpg,1+2*7=15
train/62442.jpg,6+7+7=20
train/62443.jpg,2+(2-8)=-4
train/62444.jpg,5-(8+9)=-12
train/62445.jpg,8-(5-0)=3
train/62446.jpg,0+(0*5)=0
train/62447.jpg,6-(9+0)=-3
train/62448.jpg,(9+3)+0=12
train/62449.jpg,(2*8)*8=128
train/62450.jpg,(4+3)-9=-2
train/62451.jpg,3*4-2=10
train/62452.jpg,5*5+3=28
train/62453.jpg,9*5+1=46
train/62454.jpg,(2+7)-7=2
train/62455.jpg,(2+1)+7=10
train/62456.jpg,(4+0)-6=-2
train/62457.jpg,3*(1-9)=-24
train/62458.jpg,5-(3+1)=1
train/62459.jpg,(3+9)*2=24
train/62460.jpg,5-(8+6)=-9
train/62461.jpg,1*5*2=10
train/62462.jpg,8-(6-6)=8
train/62463.jpg,9-7+7=9
train/62464.jpg,0*(6*0)=0
train/62465.jpg,2*3*5=30
train/62466.jpg,1+1+8=10
train/62467.jpg,1-(8+6)=-13
train/62468.jpg,(6*5)+9=39
train/62469.jpg,3+6*6=39
train/62470.jpg,7-1+4=10
train/62471.jpg,(8*3)+6=30
train/62472.jpg,7*(3*1)=21
train/62473.jpg,(7-6)-9=-8
train/62474.jpg,(0*4)+0=0
train/62475.jpg,(9+6)+5=20
train/62476.jpg,(8-4)*4=16
train/62477.jpg,4-6-4=-6
train/62478.jpg,2+(6*8)=50
train/62479.jpg,2+8*7=58
train/62480.jpg,3-9-8=-14
train/62481.jpg,6*7+0=42
train/62482.jpg,8*(4-9)=-40
train/62483.jpg,0-(3-7)=4
train/62484.jpg,(5+5)+5=15
train/62485.jpg,6+3+6=15
train/62486.jpg,(9-5)*9=36
train/62487.jpg,8*(1-8)=-56
train/62488.jpg,4-(7*6)=-38
train/62489.jpg,9-(2*1)=7
train/62490.jpg,6-4-9=-7
train/62491.jpg,0*0*3=0
train/62492.jpg,(2*2)*3=12
train/62493.jpg,3-5-6=-8
train/62494.jpg,(1+5)-1=5
train/62495.jpg,0+8-1=7
train/62496.jpg,(1-7)+3=-3
train/62497.jpg,4+(1+6)=11
train/62498.jpg,8*6-6=42
train/62499.jpg,2+4*3=14
train/62500.jpg,(4*0)-1=-1
train/62501.jpg,3*0*1=0
train/62502.jpg,3+(6+3)=12
train/62503.jpg,9*0*7=0
train/62504.jpg,8+(3*6)=26
train/62505.jpg,4-3+8=9
train/62506.jpg,1-4+8=5
train/62507.jpg,4-4+2=2
train/62508.jpg,(7-9)+4=2
train/62509.jpg,(8+4)*7=84
train/62510.jpg,(6+3)+1=10
train/62511.jpg,6-(2+0)=4
train/62512.jpg,(1+9)+1=11
train/62513.jpg,7-3*0=7
train/62514.jpg,0*6*6=0
train/62515.jpg,3*5*1=15
train/62516.jpg,1*(7+4)=11
train/62517.jpg,(5-1)+0=4
train/62518.jpg,4+(2*8)=20
train/62519.jpg,3-(4*6)=-21
train/62520.jpg,(8+0)*0=0
train/62521.jpg,2*(6*5)=60
train/62522.jpg,8-(3+4)=1
train/62523.jpg,7+(7*3)=28
train/62524.jpg,(5+9)+5=19
train/62525.jpg,8+7+0=15
train/62526.jpg,(8-6)+0=2
train/62527.jpg,(5*2)-9=1
train/62528.jpg,(6*6)*2=72
train/62529.jpg,8-4*9=-28
train/62530.jpg,(5+3)*1=8
train/62531.jpg,4-(5*4)=-16
train/62532.jpg,0*5-8=-8
train/62533.jpg,9+(4-7)=6
train/62534.jpg,(3+7)*0=0
train/62535.jpg,8*9*5=360
train/62536.jpg,0+0*1=0
train/62537.jpg,(3-0)*7=21
train/62538.jpg,(6*4)-0=24
train/62539.jpg,(3+7)-5=5
train/62540.jpg,(4*8)+2=34
train/62541.jpg,2+(3-6)=-1
train/62542.jpg,(8+8)-7=9
train/62543.jpg,3-(3*8)=-21
train/62544.jpg,1-(6+6)=-11
train/62545.jpg,(5-3)+7=9
train/62546.jpg,8+(5+1)=14
train/62547.jpg,0-6+2=-4
train/62548.jpg,4+(0-5)=-1
train/62549.jpg,2+(8*1)=10
train/62550.jpg,0+(7*4)=28
train/62551.jpg,(3+4)+3=10
train/62552.jpg,2-(9*5)=-43
train/62553.jpg,(9*6)-8=46
train/62554.jpg,1-(8-8)=1
train/62555.jpg,5-(3-5)=7
train/62556.jpg,6*(8+2)=60
train/62557.jpg,(4-4)-8=-8
train/62558.jpg,0-0+4=4
train/62559.jpg,(6+1)+1=8
train/62560.jpg,8-5*0=8
train/62561.jpg,3+(1+6)=10
train/62562.jpg,9*(4+7)=99
train/62563.jpg,(3+4)-6=1
train/62564.jpg,(5+9)+4=18
train/62565.jpg,9-(9*1)=0
train/62566.jpg,2+(1+0)=3
train/62567.jpg,4-5*4=-16
train/62568.jpg,(8-3)-2=3
train/62569.jpg,5-4*0=5
train/62570.jpg,8+(7*6)=50
train/62571.jpg,2+9*5=47
train/62572.jpg,(5*6)-6=24
train/62573.jpg,(9+0)-3=6
train/62574.jpg,2*(0*4)=0
train/62575.jpg,(9-0)*3=27
train/62576.jpg,(2+8)*9=90
train/62577.jpg,(7*0)-9=-9
train/62578.jpg,3+6+8=17
train/62579.jpg,0-(0-0)=0
train/62580.jpg,2-(4-2)=0
train/62581.jpg,(6+5)-9=2
train/62582.jpg,(9+9)+8=26
train/62583.jpg,0+6+1=7
train/62584.jpg,7*6+5=47
train/62585.jpg,3+2*0=3
train/62586.jpg,3-4*3=-9
train/62587.jpg,(8*5)*1=40
train/62588.jpg,1*2+2=4
train/62589.jpg,5*5-9=16
train/62590.jpg,1*(7+6)=13
train/62591.jpg,3-(8*8)=-61
train/62592.jpg,(6*1)+4=10
train/62593.jpg,9+9-4=14
train/62594.jpg,3-(9*3)=-24
train/62595.jpg,4*6+5=29
train/62596.jpg,4-(9+4)=-9
train/62597.jpg,9-(7-6)=8
train/62598.jpg,6-7+4=3
train/62599.jpg,8+(6-5)=9
train/62600.jpg,1+(8*1)=9
train/62601.jpg,(2-9)-8=-15
train/62602.jpg,5+(1-9)=-3
train/62603.jpg,4*(4-3)=4
train/62604.jpg,4+5-6=3
train/62605.jpg,(8*1)-1=7
train/62606.jpg,6+(6*9)=60
train/62607.jpg,(7+8)+4=19
train/62608.jpg,(3-0)*2=6
train/62609.jpg,7*1*4=28
train/62610.jpg,(5+4)+5=14
train/62611.jpg,5*2+6=16
train/62612.jpg,8*(7-4)=24
train/62613.jpg,5+(3+4)=12
train/62614.jpg,2+4*5=22
train/62615.jpg,6*5+1=31
train/62616.jpg,1*(4*0)=0
train/62617.jpg,5+(4-2)=7
train/62618.jpg,2+(6-6)=2
train/62619.jpg,3+(9*8)=75
train/62620.jpg,4*(6+6)=48
train/62621.jpg,(2-4)+2=0
train/62622.jpg,3-8+8=3
train/62623.jpg,8+(2-1)=9
train/62624.jpg,(2*0)-9=-9
train/62625.jpg,5-(8-8)=5
train/62626.jpg,1-1-7=-7
train/62627.jpg,(5+8)+7=20
train/62628.jpg,(1-1)*3=0
train/62629.jpg,7-(6-2)=3
train/62630.jpg,5+(8+4)=17
train/62631.jpg,(2-6)*3=-12
train/62632.jpg,6*2-5=7
train/62633.jpg,1*(0+7)=7
train/62634.jpg,5+(6*5)=35
train/62635.jpg,(4+5)*1=9
train/62636.jpg,0-(4-6)=2
train/62637.jpg,3-2+6=7
train/62638.jpg,(0*7)+1=1
train/62639.jpg,8-(1+2)=5
train/62640.jpg,1-1-7=-7
train/62641.jpg,0*3-7=-7
train/62642.jpg,3-(2+4)=-3
train/62643.jpg,7-(7-6)=6
train/62644.jpg,(3*3)-5=4
train/62645.jpg,4+(5-3)=6
train/62646.jpg,2+8+7=17
train/62647.jpg,(6+3)+8=17
train/62648.jpg,9+0+1=10
train/62649.jpg,(1*3)*5=15
train/62650.jpg,9*(8-5)=27
train/62651.jpg,(7+5)-3=9
train/62652.jpg,(9*9)+7=88
train/62653.jpg,9+3-7=5
train/62654.jpg,(0*9)*6=0
train/62655.jpg,(2-6)+9=5
train/62656.jpg,(6*3)*2=36
train/62657.jpg,(8+3)+8=19
train/62658.jpg,(1+0)-0=1
train/62659.jpg,0-1+8=7
train/62660.jpg,(7*5)+3=38
train/62661.jpg,6-(6*4)=-18
train/62662.jpg,9-(2-7)=14
train/62663.jpg,(4+2)*2=12
train/62664.jpg,6-(4+6)=-4
train/62665.jpg,(9*9)-6=75
train/62666.jpg,7*(2+0)=14
train/62667.jpg,(6+4)-5=5
train/62668.jpg,(4*8)*8=256
train/62669.jpg,1+6-3=4
train/62670.jpg,1+8*4=33
train/62671.jpg,(1-4)+0=-3
train/62672.jpg,(6+7)-3=10
train/62673.jpg,4-(0*7)=4
train/62674.jpg,(1-6)*3=-15
train/62675.jpg,3-1-6=-4
train/62676.jpg,0-5-2=-7
train/62677.jpg,(1-1)*1=0
train/62678.jpg,(7-4)-5=-2
train/62679.jpg,7*4-1=27
train/62680.jpg,(7+2)-2=7
train/62681.jpg,6+9-0=15
train/62682.jpg,4*(2-2)=0
train/62683.jpg,2+6+6=14
train/62684.jpg,4*(8*1)=32
train/62685.jpg,3-(6*9)=-51
train/62686.jpg,8*(9*6)=432
train/62687.jpg,(5+3)+0=8
train/62688.jpg,6*3*2=36
train/62689.jpg,(0*1)-1=-1
train/62690.jpg,(9*7)-0=63
train/62691.jpg,(4-2)*7=14
train/62692.jpg,5*(3-1)=10
train/62693.jpg,3+6+7=16
train/62694.jpg,5*(8-8)=0
train/62695.jpg,(2+9)-4=7
train/62696.jpg,7-0*4=7
train/62697.jpg,(3+8)-1=10
train/62698.jpg,(2*6)*7=84
train/62699.jpg,7+(7*6)=49
train/62700.jpg,7*(4+3)=49
train/62701.jpg,2*0-6=-6
train/62702.jpg,(7+9)*3=48
train/62703.jpg,5*0*9=0
train/62704.jpg,2+1+0=3
train/62705.jpg,9+(9+7)=25
train/62706.jpg,6-(4-5)=7
train/62707.jpg,3+(1+0)=4
train/62708.jpg,0*(2+4)=0
train/62709.jpg,(5*2)-8=2
train/62710.jpg,8*0-9=-9
train/62711.jpg,8+8*4=40
train/62712.jpg,(2-3)*1=-1
train/62713.jpg,(8*7)*3=168
train/62714.jpg,4-(0*2)=4
train/62715.jpg,6*5+7=37
train/62716.jpg,0*2+4=4
train/62717.jpg,2*(4-1)=6
train/62718.jpg,5*9-6=39
train/62719.jpg,6+(2*1)=8
train/62720.jpg,8-(9+5)=-6
train/62721.jpg,9-5+7=11
train/62722.jpg,1*(9*6)=54
train/62723.jpg,8*9*7=504
train/62724.jpg,4+(5-6)=3
train/62725.jpg,0*(7-1)=0
train/62726.jpg,5-(4-5)=6
train/62727.jpg,2-(2+4)=-4
train/62728.jpg,2-(5+4)=-7
train/62729.jpg,4+1*6=10
train/62730.jpg,6+3-2=7
train/62731.jpg,(6+4)+0=10
train/62732.jpg,(9-9)+2=2
train/62733.jpg,(3+8)-2=9
train/62734.jpg,5-(8-7)=4
train/62735.jpg,0+(4*4)=16
train/62736.jpg,(6-9)+5=2
train/62737.jpg,4+7-3=8
train/62738.jpg,3+(2-2)=3
train/62739.jpg,6+9*7=69
train/62740.jpg,4+6*4=28
train/62741.jpg,(1+5)-5=1
train/62742.jpg,7-9*8=-65
train/62743.jpg,0-(1+7)=-8
train/62744.jpg,6-8+2=0
train/62745.jpg,4+7+0=11
train/62746.jpg,8-(8*0)=8
train/62747.jpg,0*7*0=0
train/62748.jpg,1*(5-9)=-4
train/62749.jpg,(1-7)-5=-11
train/62750.jpg,2-(0-6)=8
train/62751.jpg,8*8*6=384
train/62752.jpg,(4-8)-2=-6
train/62753.jpg,(8+8)-5=11
train/62754.jpg,6-1*2=4
train/62755.jpg,(5-3)+1=3
train/62756.jpg,(9+6)+3=18
train/62757.jpg,(3-2)-8=-7
train/62758.jpg,6*(5-4)=6
train/62759.jpg,(3-2)-8=-7
train/62760.jpg,5-5-7=-7
train/62761.jpg,5-4-7=-6
train/62762.jpg,4-(9-6)=1
train/62763.jpg,9*(2*2)=36
train/62764.jpg,2*(4-6)=-4
train/62765.jpg,6+(5+2)=13
train/62766.jpg,(1-1)+7=7
train/62767.jpg,4*(0+5)=20
train/62768.jpg,2*3+6=12
train/62769.jpg,5*8*8=320
train/62770.jpg,9*(6*9)=486
train/62771.jpg,(3-1)*9=18
train/62772.jpg,(2+3)+9=14
train/62773.jpg,(6*5)*3=90
train/62774.jpg,(4+8)-0=12
train/62775.jpg,2-(8+7)=-13
train/62776.jpg,2-2-5=-5
train/62777.jpg,6*(2-3)=-6
train/62778.jpg,9*(0-2)=-18
train/62779.jpg,4-(1*3)=1
train/62780.jpg,3-3*9=-24
train/62781.jpg,1-5-9=-13
train/62782.jpg,7+3-8=2
train/62783.jpg,(2*8)*2=32
train/62784.jpg,4*(8*5)=160
train/62785.jpg,3*(6-0)=18
train/62786.jpg,1*(2+4)=6
train/62787.jpg,(2+3)-5=0
train/62788.jpg,0-0-4=-4
train/62789.jpg,5-(4-8)=9
train/62790.jpg,(4+1)+0=5
train/62791.jpg,(1-7)+2=-4
train/62792.jpg,7*(5*4)=140
train/62793.jpg,(8-9)+2=1
train/62794.jpg,3-(1+7)=-5
train/62795.jpg,7-2+7=12
train/62796.jpg,0-7-5=-12
train/62797.jpg,8-7+0=1
train/62798.jpg,(6+9)*6=90
train/62799.jpg,7-(6-2)=3
train/62800.jpg,5*(8+3)=55
train/62801.jpg,1+(2-7)=-4
train/62802.jpg,(4-0)-9=-5
train/62803.jpg,(3+5)*3=24
train/62804.jpg,1*(0+8)=8
train/62805.jpg,(1+1)*4=8
train/62806.jpg,8-7-9=-8
train/62807.jpg,4*1*6=24
train/62808.jpg,5-1+7=11
train/62809.jpg,7*9+9=72
train/62810.jpg,2-(5+0)=-3
train/62811.jpg,(5+5)-9=1
train/62812.jpg,(7+6)*4=52
train/62813.jpg,0*1+8=8
train/62814.jpg,(4+8)*2=24
train/62815.jpg,(8-6)*2=4
train/62816.jpg,8*(6*7)=336
train/62817.jpg,1*(4*5)=20
train/62818.jpg,(3+4)+2=9
train/62819.jpg,(1-0)+4=5
train/62820.jpg,(8+5)-9=4
train/62821.jpg,4*(4*1)=16
train/62822.jpg,6+8-6=8
train/62823.jpg,8+(6*0)=8
train/62824.jpg,(6+8)+2=16
train/62825.jpg,(3-6)-3=-6
train/62826.jpg,(4+2)-5=1
train/62827.jpg,(2*5)-6=4
train/62828.jpg,2-1*4=-2
train/62829.jpg,6*(9-4)=30
train/62830.jpg,0-(1-9)=8
train/62831.jpg,5-2+0=3
train/62832.jpg,(1+8)*3=27
train/62833.jpg,(9-1)-7=1
train/62834.jpg,9+1*1=10
train/62835.jpg,1*(6-2)=4
train/62836.jpg,0+7-2=5
train/62837.jpg,1+3+0=4
train/62838.jpg,3*(0*1)=0
train/62839.jpg,(6+4)*2=20
train/62840.jpg,(8*0)-0=0
train/62841.jpg,9-2*3=3
train/62842.jpg,4*(7-3)=16
train/62843.jpg,(7*6)+2=44
train/62844.jpg,(9*0)*3=0
train/62845.jpg,(2-6)-0=-4
train/62846.jpg,1*(8-9)=-1
train/62847.jpg,(8-9)-4=-5
train/62848.jpg,(5*3)*0=0
train/62849.jpg,8*7*1=56
train/62850.jpg,(4-1)*9=27
train/62851.jpg,0*8-8=-8
train/62852.jpg,(4-6)+9=7
train/62853.jpg,(8*0)*7=0
train/62854.jpg,7-(2+9)=-4
train/62855.jpg,3-(8-2)=-3
train/62856.jpg,(2-8)-9=-15
train/62857.jpg,(0-8)-4=-12
train/62858.jpg,(7+8)-7=8
train/62859.jpg,0-8-1=-9
train/62860.jpg,6*5+4=34
train/62861.jpg,(7*8)*2=112
train/62862.jpg,7*(5*2)=70
train/62863.jpg,(9*7)+0=63
train/62864.jpg,(9-0)*5=45
train/62865.jpg,0-9-4=-13
train/62866.jpg,(9-4)-1=4
train/62867.jpg,4+5-0=9
train/62868.jpg,5*(0+5)=25
train/62869.jpg,(5*1)-0=5
train/62870.jpg,1+0-2=-1
train/62871.jpg,4+8-7=5
train/62872.jpg,(5+7)-8=4
train/62873.jpg,(0*5)+0=0
train/62874.jpg,(7*1)*0=0
train/62875.jpg,2+(0*3)=2
train/62876.jpg,3*(4-6)=-6
train/62877.jpg,(4-8)*0=0
train/62878.jpg,(7-0)+2=9
train/62879.jpg,1-7*9=-62
train/62880.jpg,2*(9-2)=14
train/62881.jpg,4*(4*1)=16
train/62882.jpg,1+3-4=0
train/62883.jpg,6-(3-5)=8
train/62884.jpg,5+8-5=8
train/62885.jpg,7-5-5=-3
train/62886.jpg,4-0+8=12
train/62887.jpg,(4*5)-8=12
train/62888.jpg,(6+3)*3=27
train/62889.jpg,2*(5*2)=20
train/62890.jpg,9+7-9=7
train/62891.jpg,(9+1)-6=4
train/62892.jpg,(5+8)+0=13
train/62893.jpg,8*(9+5)=112
train/62894.jpg,3*6-6=12
train/62895.jpg,7*(6+0)=42
train/62896.jpg,1*6*8=48
train/62897.jpg,1*6+3=9
train/62898.jpg,6-(7+7)=-8
train/62899.jpg,1-(0+1)=0
train/62900.jpg,(9+4)-1=12
train/62901.jpg,(5*9)+1=46
train/62902.jpg,(8+6)*4=56
train/62903.jpg,1-1*0=1
train/62904.jpg,8-(8+7)=-7
train/62905.jpg,(5+2)-2=5
train/62906.jpg,(4+8)-5=7
train/62907.jpg,(0+5)*0=0
train/62908.jpg,7+(3+7)=17
train/62909.jpg,4-(8+3)=-7
train/62910.jpg,3*9+6=33
train/62911.jpg,4-4+7=7
train/62912.jpg,(9-2)-1=6
train/62913.jpg,0+6+6=12
train/62914.jpg,4*2*6=48
train/62915.jpg,9-1+6=14
train/62916.jpg,1*(2+2)=4
train/62917.jpg,(1*8)-3=5
train/62918.jpg,1-(2+8)=-9
train/62919.jpg,(6+7)+5=18
train/62920.jpg,0*9+7=7
train/62921.jpg,(0*0)-0=0
train/62922.jpg,(0*4)-5=-5
train/62923.jpg,0-8+8=0
train/62924.jpg,0+7+7=14
train/62925.jpg,0-6*0=0
train/62926.jpg,4+(7*2)=18
train/62927.jpg,4*(3*9)=108
train/62928.jpg,(9*1)+6=15
train/62929.jpg,3-(8*9)=-69
train/62930.jpg,(9+9)+8=26
train/62931.jpg,3-(6*0)=3
train/62932.jpg,7-(8-5)=4
train/62933.jpg,3-1-7=-5
train/62934.jpg,2+(7-4)=5
train/62935.jpg,0+(9+8)=17
train/62936.jpg,9+(9+3)=21
train/62937.jpg,0*6*5=0
train/62938.jpg,1-6+6=1
train/62939.jpg,1+(7-5)=3
train/62940.jpg,2+0*1=2
train/62941.jpg,(8*5)*9=360
train/62942.jpg,7*(3-0)=21
train/62943.jpg,(1+5)*6=36
train/62944.jpg,(1-5)-8=-12
train/62945.jpg,6*4+1=25
train/62946.jpg,7+(6*5)=37
train/62947.jpg,(0+9)-1=8
train/62948.jpg,5-9*7=-58
train/62949.jpg,0+1*6=6
train/62950.jpg,4*(4*4)=64
train/62951.jpg,0+(7+4)=11
train/62952.jpg,2-(2-6)=6
train/62953.jpg,8+(2*1)=10
train/62954.jpg,5+1+6=12
train/62955.jpg,0-(8+2)=-10
train/62956.jpg,6*3-1=17
train/62957.jpg,2-8*2=-14
train/62958.jpg,(0*2)-7=-7
train/62959.jpg,7-(3+3)=1
train/62960.jpg,0*6+0=0
train/62961.jpg,3+(2+0)=5
train/62962.jpg,2*7-2=12
train/62963.jpg,9*(0+3)=27
train/62964.jpg,(2*8)-0=16
train/62965.jpg,(9+1)-9=1
train/62966.jpg,(7+0)+1=8
train/62967.jpg,(8-7)+9=10
train/62968.jpg,(8-3)+8=13
train/62969.jpg,1-4+2=-1
train/62970.jpg,(1*3)-3=0
train/62971.jpg,1*6+1=7
train/62972.jpg,(9+4)+1=14
train/62973.jpg,2+1-7=-4
train/62974.jpg,0+(0+2)=2
train/62975.jpg,6*1+7=13
train/62976.jpg,2+(9*3)=29
train/62977.jpg,(5*4)+7=27
train/62978.jpg,(3*9)+1=28
train/62979.jpg,5*(2*9)=90
train/62980.jpg,3+3+7=13
train/62981.jpg,0*4-3=-3
train/62982.jpg,7-8*7=-49
train/62983.jpg,0+(4*6)=24
train/62984.jpg,3-9+1=-5
train/62985.jpg,8*6-2=46
train/62986.jpg,(7*4)+6=34
train/62987.jpg,(4-5)*4=-4
train/62988.jpg,8+(9-7)=10
train/62989.jpg,(6*0)-0=0
train/62990.jpg,8-(8*8)=-56
train/62991.jpg,9+(1+7)=17
train/62992.jpg,0+(8*4)=32
train/62993.jpg,5+7+0=12
train/62994.jpg,(0+0)+6=6
train/62995.jpg,6-(3*5)=-9
train/62996.jpg,(9+1)+4=14
train/62997.jpg,9*(7+1)=72
train/62998.jpg,(9*6)*9=486
train/62999.jpg,8+0*7=8
train/63000.jpg,3*(8-4)=12
train/63001.jpg,(7+0)-0=7
train/63002.jpg,0+(7-3)=4
train/63003.jpg,8+(6+5)=19
train/63004.jpg,0*2+6=6
train/63005.jpg,(2*6)+0=12
train/63006.jpg,4-(8-7)=3
train/63007.jpg,5*2-0=10
train/63008.jpg,(2*2)-7=-3
train/63009.jpg,8*(2*8)=128
train/63010.jpg,7*(5+3)=56
train/63011.jpg,(7*1)-6=1
train/63012.jpg,2-(7+4)=-9
train/63013.jpg,7+(9-5)=11
train/63014.jpg,1*7+3=10
train/63015.jpg,(7-8)+9=8
train/63016.jpg,(1-5)*6=-24
train/63017.jpg,(6+9)+0=15
train/63018.jpg,(5+4)-0=9
train/63019.jpg,5+(6+8)=19
train/63020.jpg,8*(6-9)=-24
train/63021.jpg,(5-9)+4=0
train/63022.jpg,(6-6)*7=0
train/63023.jpg,(4-8)-3=-7
train/63024.jpg,1+(6+3)=10
train/63025.jpg,(5-5)-2=-2
train/63026.jpg,2*8+5=21
train/63027.jpg,8-8+9=9
train/63028.jpg,2*(3*2)=12
train/63029.jpg,(5*7)+9=44
train/63030.jpg,1-(1-4)=4
train/63031.jpg,1*6-7=-1
train/63032.jpg,7+(4+3)=14
train/63033.jpg,6-0*3=6
train/63034.jpg,9*5-1=44
train/63035.jpg,8*(0*3)=0
train/63036.jpg,0+(3+4)=7
train/63037.jpg,(8+2)+8=18
train/63038.jpg,1-(7*8)=-55
train/63039.jpg,4-(8*1)=-4
train/63040.jpg,(3*0)*6=0
train/63041.jpg,(3-7)*3=-12
train/63042.jpg,(6*2)-1=11
train/63043.jpg,9*(1+4)=45
train/63044.jpg,0+(4+3)=7
train/63045.jpg,3-9+7=1
train/63046.jpg,0-4-3=-7
train/63047.jpg,3+4*7=31
train/63048.jpg,4-(0+7)=-3
train/63049.jpg,2+7+5=14
train/63050.jpg,3+0-5=-2
train/63051.jpg,2-6-8=-12
train/63052.jpg,(1*7)-9=-2
train/63053.jpg,7+(8+0)=15
train/63054.jpg,8*0*8=0
train/63055.jpg,0-(5+8)=-13
train/63056.jpg,(0-6)-6=-12
train/63057.jpg,(2*8)*6=96
train/63058.jpg,8*1-3=5
train/63059.jpg,6+(0-7)=-1
train/63060.jpg,7+(0*5)=7
train/63061.jpg,7*(2-1)=7
train/63062.jpg,9+(4-1)=12
train/63063.jpg,9+(9+6)=24
train/63064.jpg,(4*9)-3=33
train/63065.jpg,(9+1)*7=70
train/63066.jpg,8*8*7=448
train/63067.jpg,(5+7)*3=36
train/63068.jpg,2+6-6=2
train/63069.jpg,8-9-9=-10
train/63070.jpg,8+(4*4)=24
train/63071.jpg,7+9*7=70
train/63072.jpg,(8-5)+0=3
train/63073.jpg,(1-7)*4=-24
train/63074.jpg,(6+3)-7=2
train/63075.jpg,0*(2-8)=0
train/63076.jpg,9*8-6=66
train/63077.jpg,2-4-4=-6
train/63078.jpg,(4+7)+0=11
train/63079.jpg,5+(4-8)=1
train/63080.jpg,(6-4)+1=3
train/63081.jpg,9*(7+9)=144
train/63082.jpg,(9+9)*7=126
train/63083.jpg,0*(2+3)=0
train/63084.jpg,0-(6+4)=-10
train/63085.jpg,1-(3+8)=-10
train/63086.jpg,(1-2)+9=8
train/63087.jpg,(0-7)-2=-9
train/63088.jpg,(8-6)+4=6
train/63089.jpg,3+7-6=4
train/63090.jpg,5+(5-7)=3
train/63091.jpg,(9*8)+1=73
train/63092.jpg,1*2-4=-2
train/63093.jpg,(2-9)*9=-63
train/63094.jpg,5-(7+2)=-4
train/63095.jpg,(0-9)+0=-9
train/63096.jpg,5*(4*6)=120
train/63097.jpg,7-5-5=-3
train/63098.jpg,(6-2)*3=12
train/63099.jpg,8+(2+5)=15
train/63100.jpg,6-(8*5)=-34
train/63101.jpg,6*(4-7)=-18
train/63102.jpg,(9-3)+9=15
train/63103.jpg,0*7+9=9
train/63104.jpg,3-6*6=-33
train/63105.jpg,(0+0)-9=-9
train/63106.jpg,1+(9*6)=55
train/63107.jpg,(8+1)-2=7
train/63108.jpg,9-(6*4)=-15
train/63109.jpg,7*0-2=-2
train/63110.jpg,2-(9+6)=-13
train/63111.jpg,2-(3-3)=2
train/63112.jpg,(6*7)-3=39
train/63113.jpg,(3+7)*5=50
train/63114.jpg,1+8+1=10
train/63115.jpg,5+3*3=14
train/63116.jpg,(7-9)-8=-10
train/63117.jpg,6+(0-0)=6
train/63118.jpg,9-(2*6)=-3
train/63119.jpg,5-9+2=-2
train/63120.jpg,5-(2-5)=8
train/63121.jpg,3-(0*1)=3
train/63122.jpg,6-7+4=3
train/63123.jpg,(0-8)-5=-13
train/63124.jpg,(7-8)*1=-1
train/63125.jpg,8-(1*1)=7
train/63126.jpg,(5-3)*8=16
train/63127.jpg,5+(2-8)=-1
train/63128.jpg,(1-1)-1=-1
train/63129.jpg,9-5*4=-11
train/63130.jpg,6*(4+4)=48
train/63131.jpg,3-(1+9)=-7
train/63132.jpg,2-9*2=-16
train/63133.jpg,(1*3)*6=18
train/63134.jpg,(3-7)-2=-6
train/63135.jpg,0-(0*6)=0
train/63136.jpg,(6+6)*1=12
train/63137.jpg,1-2*5=-9
train/63138.jpg,(5+4)-6=3
train/63139.jpg,4*3+3=15
train/63140.jpg,(8+3)-0=11
train/63141.jpg,1*6+0=6
train/63142.jpg,0*0*6=0
train/63143.jpg,0+9+2=11
train/63144.jpg,(4*9)+1=37
train/63145.jpg,2-(3+9)=-10
train/63146.jpg,0*4-2=-2
train/63147.jpg,(3-7)*6=-24
train/63148.jpg,6*5+0=30
train/63149.jpg,(4*8)*3=96
train/63150.jpg,4+(5+5)=14
train/63151.jpg,(4-3)-4=-3
train/63152.jpg,(2+8)*6=60
train/63153.jpg,4+4-3=5
train/63154.jpg,9*8+8=80
train/63155.jpg,(6*8)-3=45
train/63156.jpg,3-(4*1)=-1
train/63157.jpg,3+7+9=19
train/63158.jpg,2-4-5=-7
train/63159.jpg,(8-2)-5=1
train/63160.jpg,9*6+7=61
train/63161.jpg,(0*9)+7=7
train/63162.jpg,0-(0*4)=0
train/63163.jpg,6*5+0=30
train/63164.jpg,(1+9)+0=10
train/63165.jpg,3+2-5=0
train/63166.jpg,4+7+7=18
train/63167.jpg,3+(5-9)=-1
train/63168.jpg,(1-8)+1=-6
train/63169.jpg,2+6*2=14
train/63170.jpg,8*3*0=0
train/63171.jpg,8*4-1=31
train/63172.jpg,(3+2)*3=15
train/63173.jpg,(5-3)-8=-6
train/63174.jpg,8+4-1=11
train/63175.jpg,0-7*0=0
train/63176.jpg,2-4+9=7
train/63177.jpg,(8+6)-0=14
train/63178.jpg,(6-0)*0=0
train/63179.jpg,9-(3+8)=-2
train/63180.jpg,3-(2+2)=-1
train/63181.jpg,(5+7)+6=18
train/63182.jpg,0-1-5=-6
train/63183.jpg,(7+2)*7=63
train/63184.jpg,(7-3)*3=12
train/63185.jpg,7-(1*2)=5
train/63186.jpg,(5-7)+1=-1
train/63187.jpg,2*9+4=22
train/63188.jpg,5-(4+1)=0
train/63189.jpg,4*5*0=0
train/63190.jpg,3+0-0=3
train/63191.jpg,5*9+4=49
train/63192.jpg,(4*7)+9=37
train/63193.jpg,6-(7+5)=-6
train/63194.jpg,(7-7)-3=-3
train/63195.jpg,(7+1)+9=17
train/63196.jpg,(2*2)+3=7
train/63197.jpg,(0*0)*3=0
train/63198.jpg,6-0*0=6
train/63199.jpg,2-0+6=8
train/63200.jpg,5-(0+3)=2
train/63201.jpg,(6-3)-3=0
train/63202.jpg,(8*5)*2=80
train/63203.jpg,7-8+7=6
train/63204.jpg,(8*0)+6=6
train/63205.jpg,(0+6)*7=42
train/63206.jpg,3*(7+7)=42
train/63207.jpg,6*6+4=40
train/63208.jpg,(2-7)-3=-8
train/63209.jpg,(6-3)-8=-5
train/63210.jpg,(7+9)*3=48
train/63211.jpg,(0-6)-0=-6
train/63212.jpg,0-(4-0)=-4
train/63213.jpg,5-(0+4)=1
train/63214.jpg,(2+8)+8=18
train/63215.jpg,5+4+1=10
train/63216.jpg,4*(9*2)=72
train/63217.jpg,0-(5*1)=-5
train/63218.jpg,8-(7*7)=-41
train/63219.jpg,4+(6+9)=19
train/63220.jpg,5-3*0=5
train/63221.jpg,9-8+3=4
train/63222.jpg,2*(8*1)=16
train/63223.jpg,7-3+0=4
train/63224.jpg,(3-0)+7=10
train/63225.jpg,1-(0+2)=-1
train/63226.jpg,(3-1)*9=18
train/63227.jpg,5-3*0=5
train/63228.jpg,9+7-2=14
train/63229.jpg,(9-0)+6=15
train/63230.jpg,4-4-4=-4
train/63231.jpg,9*7-2=61
train/63232.jpg,(3-9)+1=-5
train/63233.jpg,6*9+7=61
train/63234.jpg,(3+7)-7=3
train/63235.jpg,4+0+6=10
train/63236.jpg,0-0-1=-1
train/63237.jpg,(2+1)-8=-5
train/63238.jpg,(0-6)*6=-36
train/63239.jpg,(9-1)*7=56
train/63240.jpg,(4-8)-0=-4
train/63241.jpg,7-3+8=12
train/63242.jpg,1*(7+5)=12
train/63243.jpg,8+4-9=3
train/63244.jpg,2-(0*3)=2
train/63245.jpg,9*0+2=2
train/63246.jpg,7+(6-1)=12
train/63247.jpg,2*(0+2)=4
train/63248.jpg,7+(7+1)=15
train/63249.jpg,(0+1)-4=-3
train/63250.jpg,0*(3+2)=0
train/63251.jpg,5*6+0=30
train/63252.jpg,4-(4-4)=4
train/63253.jpg,3+(7-4)=6
train/63254.jpg,0-(8-1)=-7
train/63255.jpg,1-(1-5)=5
train/63256.jpg,(4*0)+7=7
train/63257.jpg,6*(2+7)=54
train/63258.jpg,6+(9*0)=6
train/63259.jpg,7*(2*4)=56
train/63260.jpg,4+4*0=4
train/63261.jpg,8+1+1=10
train/63262.jpg,7+3*6=25
train/63263.jpg,5-(9+5)=-9
train/63264.jpg,5*5-2=23
train/63265.jpg,4*7-0=28
train/63266.jpg,9*(7-6)=9
train/63267.jpg,4*9-7=29
train/63268.jpg,(0+8)*6=48
train/63269.jpg,(5+9)+8=22
train/63270.jpg,7*(2+4)=42
train/63271.jpg,0+7+1=8
train/63272.jpg,(8*6)-7=41
train/63273.jpg,(5+2)-8=-1
train/63274.jpg,6-1+1=6
train/63275.jpg,0+(6-3)=3
train/63276.jpg,6*3-2=16
train/63277.jpg,1+3+1=5
train/63278.jpg,6-(1-6)=11
train/63279.jpg,(3+7)+3=13
train/63280.jpg,(2*6)+2=14
train/63281.jpg,(9+5)-6=8
train/63282.jpg,3+4-9=-2
train/63283.jpg,1+(3*1)=4
train/63284.jpg,5-(9+7)=-11
train/63285.jpg,4-(3-6)=7
train/63286.jpg,2+0*2=2
train/63287.jpg,3+3+0=6
train/63288.jpg,(9+9)+7=25
train/63289.jpg,(8*1)+6=14
train/63290.jpg,3-9*0=3
train/63291.jpg,6*(6+0)=36
train/63292.jpg,7+8-6=9
train/63293.jpg,(1-7)*4=-24
train/63294.jpg,(6-1)+2=7
train/63295.jpg,2-(5-1)=-2
train/63296.jpg,7*(6-8)=-14
train/63297.jpg,3-2-6=-5
train/63298.jpg,7*0+3=3
train/63299.jpg,9-4-1=4
train/63300.jpg,(7+0)*4=28
train/63301.jpg,(4-9)+0=-5
train/63302.jpg,(0*7)-5=-5
train/63303.jpg,(8+8)-8=8
train/63304.jpg,0-4+1=-3
train/63305.jpg,4-(0-7)=11
train/63306.jpg,(8-1)*2=14
train/63307.jpg,5+7-0=12
train/63308.jpg,7-(2*3)=1
train/63309.jpg,4*(9*0)=0
train/63310.jpg,(5+4)*6=54
train/63311.jpg,0+6*4=24
train/63312.jpg,6+3-6=3
train/63313.jpg,1-9-4=-12
train/63314.jpg,(5*0)*0=0
train/63315.jpg,4+(9-0)=13
train/63316.jpg,4+(7*7)=53
train/63317.jpg,9+4-5=8
train/63318.jpg,(6-8)+8=6
train/63319.jpg,8+6+2=16
train/63320.jpg,3-(0*6)=3
train/63321.jpg,8-5-2=1
train/63322.jpg,0-(5*6)=-30
train/63323.jpg,(8+4)-9=3
train/63324.jpg,(3-2)*9=9
train/63325.jpg,(3-3)-4=-4
train/63326.jpg,8*9+3=75
train/63327.jpg,8*4-3=29
train/63328.jpg,3-(7*6)=-39
train/63329.jpg,8-(4*4)=-8
train/63330.jpg,3-4+6=5
train/63331.jpg,2+2-4=0
train/63332.jpg,(1+1)-7=-5
train/63333.jpg,7+(2+8)=17
train/63334.jpg,0*(1-6)=0
train/63335.jpg,2*(5*3)=30
train/63336.jpg,6*(2*3)=36
train/63337.jpg,5+(7*5)=40
train/63338.jpg,6*5*0=0
train/63339.jpg,6*(3-2)=6
train/63340.jpg,4-(6*1)=-2
train/63341.jpg,9-(6+7)=-4
train/63342.jpg,4+5+8=17
train/63343.jpg,6*5*3=90
train/63344.jpg,6-(5+6)=-5
train/63345.jpg,8+2-0=10
train/63346.jpg,(0+5)-1=4
train/63347.jpg,(5-9)+4=0
train/63348.jpg,3+3*6=21
train/63349.jpg,8-4-9=-5
train/63350.jpg,3*9*3=81
train/63351.jpg,4-3*0=4
train/63352.jpg,6*(8-4)=24
train/63353.jpg,1+7-6=2
train/63354.jpg,2*6-5=7
train/63355.jpg,(6+1)*2=14
train/63356.jpg,(3*4)+2=14
train/63357.jpg,6-(1+1)=4
train/63358.jpg,(6+4)*9=90
train/63359.jpg,4+(2*2)=8
train/63360.jpg,3*(5+0)=15
train/63361.jpg,(5+0)-5=0
train/63362.jpg,8*(9*5)=360
train/63363.jpg,3*(7+6)=39
train/63364.jpg,(5*4)-0=20
train/63365.jpg,0-(1-1)=0
train/63366.jpg,9-(5*0)=9
train/63367.jpg,3+8*3=27
train/63368.jpg,2+6*6=38
train/63369.jpg,8+9+5=22
train/63370.jpg,5-(4-2)=3
train/63371.jpg,1-0*1=1
train/63372.jpg,3+(1*3)=6
train/63373.jpg,7*2-1=13
train/63374.jpg,5*5-7=18
train/63375.jpg,(1-6)-3=-8
train/63376.jpg,9-(3+6)=0
train/63377.jpg,(7-6)-8=-7
train/63378.jpg,4*(1+5)=24
train/63379.jpg,2+(4*3)=14
train/63380.jpg,(2-5)+8=5
train/63381.jpg,9*5+5=50
train/63382.jpg,(1+2)+4=7
train/63383.jpg,3+6-4=5
train/63384.jpg,3*(7*6)=126
train/63385.jpg,(5-8)+8=5
train/63386.jpg,(9+2)-0=11
train/63387.jpg,(2*0)-9=-9
train/63388.jpg,3*(7*3)=63
train/63389.jpg,5*1-7=-2
train/63390.jpg,(3+3)+2=8
train/63391.jpg,1-6-6=-11
train/63392.jpg,(8+0)*0=0
train/63393.jpg,2-(2-1)=1
train/63394.jpg,0+(6*7)=42
train/63395.jpg,(6+2)-9=-1
train/63396.jpg,(2*2)+5=9
train/63397.jpg,1*0+5=5
train/63398.jpg,4+0*8=4
train/63399.jpg,0-0-5=-5
train/63400.jpg,5+(8+1)=14
train/63401.jpg,(5*9)-3=42
train/63402.jpg,(5-1)*1=4
train/63403.jpg,2+(3*3)=11
train/63404.jpg,8*(4-0)=32
train/63405.jpg,0+(7+6)=13
train/63406.jpg,2-(3-4)=3
train/63407.jpg,(9*6)-5=49
train/63408.jpg,2+3+7=12
train/63409.jpg,0*(9*6)=0
train/63410.jpg,(0+3)-1=2
train/63411.jpg,7+9*9=88
train/63412.jpg,5*7*5=175
train/63413.jpg,5+5-8=2
train/63414.jpg,(3+3)+7=13
train/63415.jpg,8-(3+5)=0
train/63416.jpg,0*(6+6)=0
train/63417.jpg,(1+1)*2=4
train/63418.jpg,1+8*2=17
train/63419.jpg,0*3*6=0
train/63420.jpg,(7*2)-4=10
train/63421.jpg,9*(8*3)=216
train/63422.jpg,2*(1*6)=12
train/63423.jpg,1+(3*2)=7
train/63424.jpg,(1-6)+3=-2
train/63425.jpg,(9-9)-0=0
train/63426.jpg,8*9-3=69
train/63427.jpg,(4-4)-6=-6
train/63428.jpg,7+5+3=15
train/63429.jpg,5*1-3=2
train/63430.jpg,2-(8+6)=-12
train/63431.jpg,4*(6-6)=0
train/63432.jpg,3+(7*1)=10
train/63433.jpg,0*8+1=1
train/63434.jpg,(6*9)+6=60
train/63435.jpg,(9+8)-7=10
train/63436.jpg,(3-6)+1=-2
train/63437.jpg,(7+4)+0=11
train/63438.jpg,2*5*3=30
train/63439.jpg,8*2+0=16
train/63440.jpg,8+(8*8)=72
train/63441.jpg,1*(2-9)=-7
train/63442.jpg,3*(4*3)=36
train/63443.jpg,7*6-5=37
train/63444.jpg,(5-0)+9=14
train/63445.jpg,6+6*2=18
train/63446.jpg,8+8-4=12
train/63447.jpg,(4+2)+8=14
train/63448.jpg,0+(3+6)=9
train/63449.jpg,(0*2)*3=0
train/63450.jpg,2+1-3=0
train/63451.jpg,2+(0-7)=-5
train/63452.jpg,1*9+1=10
train/63453.jpg,8*7-4=52
train/63454.jpg,7*(3+1)=28
train/63455.jpg,(3*5)+5=20
train/63456.jpg,0*7*0=0
train/63457.jpg,4*(9-7)=8
train/63458.jpg,(9+9)*5=90
train/63459.jpg,(7+7)-3=11
train/63460.jpg,6*(8+4)=72
train/63461.jpg,4+(9*6)=58
train/63462.jpg,4-7+6=3
train/63463.jpg,(0-3)+2=-1
train/63464.jpg,6+5+0=11
train/63465.jpg,8+2+0=10
train/63466.jpg,(5-1)+7=11
train/63467.jpg,2-(1+5)=-4
train/63468.jpg,(6-6)*3=0
train/63469.jpg,(9-9)*5=0
train/63470.jpg,(1+5)*0=0
train/63471.jpg,3-(8+8)=-13
train/63472.jpg,2*5-3=7
train/63473.jpg,1*6*4=24
train/63474.jpg,0+(1+8)=9
train/63475.jpg,4-(0+5)=-1
train/63476.jpg,6-(1-1)=6
train/63477.jpg,0*(1+0)=0
train/63478.jpg,(6+2)-2=6
train/63479.jpg,(0+8)*7=56
train/63480.jpg,9+3*9=36
train/63481.jpg,5-(5-2)=2
train/63482.jpg,(7-8)*7=-7
train/63483.jpg,3+(3-8)=-2
train/63484.jpg,6+(8+1)=15
train/63485.jpg,7-8-9=-10
train/63486.jpg,(7+7)*9=126
train/63487.jpg,5+6*8=53
train/63488.jpg,5*(6-2)=20
train/63489.jpg,3-(4-0)=-1
train/63490.jpg,(7-7)-1=-1
train/63491.jpg,1-5+3=-1
train/63492.jpg,6*(8*7)=336
train/63493.jpg,2-3-5=-6
train/63494.jpg,4*3*6=72
train/63495.jpg,1*(7+7)=14
train/63496.jpg,8+9+3=20
train/63497.jpg,(4+2)+7=13
train/63498.jpg,8+7-8=7
train/63499.jpg,(0*2)-7=-7
train/63500.jpg,8-4-9=-5
train/63501.jpg,3*9+1=28
train/63502.jpg,5*(9+4)=65
train/63503.jpg,(6-6)+6=6
train/63504.jpg,2+4-1=5
train/63505.jpg,5-5+4=4
train/63506.jpg,6*(9+1)=60
train/63507.jpg,7*8-9=47
train/63508.jpg,(2-1)-1=0
train/63509.jpg,6*3*5=90
train/63510.jpg,1*(9-4)=5
train/63511.jpg,7-9*0=7
train/63512.jpg,9*(3-0)=27
train/63513.jpg,5-(8-2)=-1
train/63514.jpg,4-6-4=-6
train/63515.jpg,2*(7-5)=4
train/63516.jpg,(4*3)+4=16
train/63517.jpg,8-6+8=10
train/63518.jpg,(7+3)*9=90
train/63519.jpg,(2-3)*4=-4
train/63520.jpg,0+8*5=40
train/63521.jpg,(4+0)*9=36
train/63522.jpg,3+9-6=6
train/63523.jpg,(6-6)-0=0
train/63524.jpg,(7*0)+8=8
train/63525.jpg,(6-7)-2=-3
train/63526.jpg,6-4*6=-18
train/63527.jpg,8-7*6=-34
train/63528.jpg,8+6*9=62
train/63529.jpg,(1*6)-1=5
train/63530.jpg,(6-1)*4=20
train/63531.jpg,8-6*3=-10
train/63532.jpg,7+(1*5)=12
train/63533.jpg,8+8*5=48
train/63534.jpg,(9+5)*0=0
train/63535.jpg,0-(8-6)=-2
train/63536.jpg,3-(1+0)=2
train/63537.jpg,(8-8)+2=2
train/63538.jpg,5*4+8=28
train/63539.jpg,(4*2)*5=40
train/63540.jpg,(3*2)*1=6
train/63541.jpg,0-(7+2)=-9
train/63542.jpg,6-(4+9)=-7
train/63543.jpg,9-2*7=-5
train/63544.jpg,6*(3-0)=18
train/63545.jpg,7-(3*7)=-14
train/63546.jpg,(0*4)-0=0
train/63547.jpg,7*6-7=35
train/63548.jpg,9*9-2=79
train/63549.jpg,6+(6+8)=20
train/63550.jpg,9-6-0=3
train/63551.jpg,(7*8)*4=224
train/63552.jpg,(3+4)-5=2
train/63553.jpg,(3+2)+7=12
train/63554.jpg,9-(8-3)=4
train/63555.jpg,2+(9-1)=10
train/63556.jpg,3-(1*3)=0
train/63557.jpg,6-5+0=1
train/63558.jpg,1+(7*1)=8
train/63559.jpg,4*3+4=16
train/63560.jpg,2+(5-9)=-2
train/63561.jpg,7*6+4=46
train/63562.jpg,(8+0)-9=-1
train/63563.jpg,1+7-2=6
train/63564.jpg,3-(1*8)=-5
train/63565.jpg,9-(1*8)=1
train/63566.jpg,5+4+8=17
train/63567.jpg,3*(1-1)=0
train/63568.jpg,(8-8)*3=0
train/63569.jpg,(9-1)+4=12
train/63570.jpg,5+(6-0)=11
train/63571.jpg,(3*3)-0=9
train/63572.jpg,1+(5*6)=31
train/63573.jpg,(8+2)+8=18
train/63574.jpg,(5+1)+1=7
train/63575.jpg,8*(7+0)=56
train/63576.jpg,9-7*4=-19
train/63577.jpg,(5+9)*0=0
train/63578.jpg,3+0-3=0
train/63579.jpg,5-6-8=-9
train/63580.jpg,8-(0*4)=8
train/63581.jpg,3+5-1=7
train/63582.jpg,9*1*1=9
train/63583.jpg,(4-2)-1=1
train/63584.jpg,9-(0-6)=15
train/63585.jpg,3-(1+7)=-5
train/63586.jpg,9-(7-1)=3
train/63587.jpg,(6+3)*0=0
train/63588.jpg,(1+6)-2=5
train/63589.jpg,(0+2)-3=-1
train/63590.jpg,3-(9+8)=-14
train/63591.jpg,0*4*7=0
train/63592.jpg,5-0+2=7
train/63593.jpg,8+(5+0)=13
train/63594.jpg,(8+1)+2=11
train/63595.jpg,7*(8-3)=35
train/63596.jpg,(3-2)-2=-1
train/63597.jpg,9*(7*2)=126
train/63598.jpg,9*4*1=36
train/63599.jpg,1+(8+3)=12
train/63600.jpg,3*5+5=20
train/63601.jpg,2-(0*7)=2
train/63602.jpg,(1+9)+2=12
train/63603.jpg,(8+7)-8=7
train/63604.jpg,6-2+5=9
train/63605.jpg,(4-2)*2=4
train/63606.jpg,(9+2)+5=16
train/63607.jpg,(9*4)-5=31
train/63608.jpg,(1-2)-1=-2
train/63609.jpg,6-8*8=-58
train/63610.jpg,(5+6)-3=8
train/63611.jpg,2-(1+6)=-5
train/63612.jpg,(5-5)*0=0
train/63613.jpg,0*(6-9)=0
train/63614.jpg,(5+3)*0=0
train/63615.jpg,5-(2+5)=-2
train/63616.jpg,9-6+9=12
train/63617.jpg,0-(5-5)=0
train/63618.jpg,7-9*7=-56
train/63619.jpg,6+(7-3)=10
train/63620.jpg,1*4-2=2
train/63621.jpg,(4+6)+9=19
train/63622.jpg,(0-6)+1=-5
train/63623.jpg,(2+0)-5=-3
train/63624.jpg,2*(2*9)=36
train/63625.jpg,(5-5)*0=0
train/63626.jpg,3-(3*4)=-9
train/63627.jpg,3+(4*1)=7
train/63628.jpg,4*(9*4)=144
train/63629.jpg,(0-6)*8=-48
train/63630.jpg,(2*3)-6=0
train/63631.jpg,(4-4)-4=-4
train/63632.jpg,(7-1)-0=6
train/63633.jpg,(8+7)+2=17
train/63634.jpg,9*(0+5)=45
train/63635.jpg,3*(2-7)=-15
train/63636.jpg,5-9*5=-40
train/63637.jpg,0+(8-3)=5
train/63638.jpg,0*3+2=2
train/63639.jpg,3+5+8=16
train/63640.jpg,(8+0)-2=6
train/63641.jpg,8+(6*2)=20
train/63642.jpg,9-1*9=0
train/63643.jpg,(1+6)-1=6
train/63644.jpg,6*(1*8)=48
train/63645.jpg,0*2+3=3
train/63646.jpg,(5+3)+5=13
train/63647.jpg,(1-3)+9=7
train/63648.jpg,7-(7+7)=-7
train/63649.jpg,1*0*4=0
train/63650.jpg,(4+8)-9=3
train/63651.jpg,3*8*3=72
train/63652.jpg,3*5-8=7
train/63653.jpg,(3-2)-8=-7
train/63654.jpg,2+(6+5)=13
train/63655.jpg,(4-5)+2=1
train/63656.jpg,(8*7)*5=280
train/63657.jpg,7-5+1=3
train/63658.jpg,0*(9*3)=0
train/63659.jpg,0-(3-3)=0
train/63660.jpg,3-(2-3)=4
train/63661.jpg,(5+1)+4=10
train/63662.jpg,0*9+1=1
train/63663.jpg,(6-8)-1=-3
train/63664.jpg,3-(2-0)=1
train/63665.jpg,2*9-6=12
train/63666.jpg,0*9+1=1
train/63667.jpg,6+8-8=6
train/63668.jpg,0+6*5=30
train/63669.jpg,(2*5)+1=11
train/63670.jpg,(1-5)*2=-8
train/63671.jpg,6*9-6=48
train/63672.jpg,(7*7)-5=44
train/63673.jpg,5*(4+9)=65
train/63674.jpg,7*2*0=0
train/63675.jpg,(9*6)-7=47
train/63676.jpg,(8-2)+2=8
train/63677.jpg,5+(8*2)=21
train/63678.jpg,9*5-4=41
train/63679.jpg,7-8+6=5
train/63680.jpg,9*(0+5)=45
train/63681.jpg,7*5+5=40
train/63682.jpg,(6*5)+8=38
train/63683.jpg,7-(5-9)=11
train/63684.jpg,(3*0)*5=0
train/63685.jpg,(0-7)-8=-15
train/63686.jpg,(9+3)+9=21
train/63687.jpg,4+6*4=28
train/63688.jpg,2-4+1=-1
train/63689.jpg,(2+5)-8=-1
train/63690.jpg,5+9-3=11
train/63691.jpg,4*5+5=25
train/63692.jpg,2+1-3=0
train/63693.jpg,9-1+6=14
train/63694.jpg,9+3*2=15
train/63695.jpg,3-6*6=-33
train/63696.jpg,(9-7)+5=7
train/63697.jpg,8*(0-7)=-56
train/63698.jpg,2*(9-7)=4
train/63699.jpg,(5-6)-3=-4
train/63700.jpg,(3*9)-5=22
train/63701.jpg,1-(9*5)=-44
train/63702.jpg,(1+1)*4=8
train/63703.jpg,(6+3)*5=45
train/63704.jpg,(3*5)-4=11
train/63705.jpg,4+(4-7)=1
train/63706.jpg,1-(7*7)=-48
train/63707.jpg,5+8+3=16
train/63708.jpg,1*(9*8)=72
train/63709.jpg,1-3*1=-2
train/63710.jpg,(9-2)*7=49
train/63711.jpg,2+(2*3)=8
train/63712.jpg,5-(2*9)=-13
train/63713.jpg,5+2-6=1
train/63714.jpg,3*(5-8)=-9
train/63715.jpg,4*(4+6)=40
train/63716.jpg,8*5+4=44
train/63717.jpg,(5-5)*4=0
train/63718.jpg,(8-9)*8=-8
train/63719.jpg,6+0+5=11
train/63720.jpg,(7-1)-6=0
train/63721.jpg,(2*2)+5=9
train/63722.jpg,6+(5*5)=31
train/63723.jpg,(9+7)+0=16
train/63724.jpg,4*(4-1)=12
train/63725.jpg,6*(7*8)=336
train/63726.jpg,(0+5)-2=3
train/63727.jpg,4+1+7=12
train/63728.jpg,7*3-9=12
train/63729.jpg,9+6-7=8
train/63730.jpg,4*6*0=0
train/63731.jpg,4+(8+1)=13
train/63732.jpg,1*(8-2)=6
train/63733.jpg,(9*9)*2=162
train/63734.jpg,3+(4*5)=23
train/63735.jpg,(6-6)*1=0
train/63736.jpg,(7*7)+8=57
train/63737.jpg,1-5+6=2
train/63738.jpg,0-8+0=-8
train/63739.jpg,0*5*0=0
train/63740.jpg,(1+6)+8=15
train/63741.jpg,7-0+0=7
train/63742.jpg,(4-2)-6=-4
train/63743.jpg,(3*9)*5=135
train/63744.jpg,3-(8+5)=-10
train/63745.jpg,(3+2)-2=3
train/63746.jpg,(6-6)-7=-7
train/63747.jpg,(3-2)*7=7
train/63748.jpg,4*8*4=128
train/63749.jpg,(4+9)*0=0
train/63750.jpg,(3+1)*3=12
train/63751.jpg,6-(4-0)=2
train/63752.jpg,3-8*8=-61
train/63753.jpg,(9-0)+7=16
train/63754.jpg,(7*3)-8=13
train/63755.jpg,2*3-9=-3
train/63756.jpg,(5*4)-7=13
train/63757.jpg,7*7*7=343
train/63758.jpg,3-(6+0)=-3
train/63759.jpg,(4*9)+3=39
train/63760.jpg,9*6-7=47
train/63761.jpg,6+(1*8)=14
train/63762.jpg,(2+9)-8=3
train/63763.jpg,3+0*1=3
train/63764.jpg,0+(5*9)=45
train/63765.jpg,6+(3*0)=6
train/63766.jpg,(2-0)*3=6
train/63767.jpg,0+6*8=48
train/63768.jpg,(6+3)*7=63
train/63769.jpg,8-7-3=-2
train/63770.jpg,8-4*0=8
train/63771.jpg,2+(9-0)=11
train/63772.jpg,(5+7)-8=4
train/63773.jpg,0*(3-2)=0
train/63774.jpg,(9+8)-7=10
train/63775.jpg,(0+4)+2=6
train/63776.jpg,2-(8+2)=-8
train/63777.jpg,5-0-3=2
train/63778.jpg,5*(0*3)=0
train/63779.jpg,0-5+0=-5
train/63780.jpg,9-(8-3)=4
train/63781.jpg,3-(2-9)=10
train/63782.jpg,5+(1-5)=1
train/63783.jpg,(2*5)*1=10
train/63784.jpg,3+4+4=11
train/63785.jpg,(5+2)+0=7
train/63786.jpg,0+5-6=-1
train/63787.jpg,(5-0)+4=9
train/63788.jpg,6+(0-9)=-3
train/63789.jpg,(9-6)+5=8
train/63790.jpg,(5-6)-7=-8
train/63791.jpg,9-(8*3)=-15
train/63792.jpg,8+(3+0)=11
train/63793.jpg,3*(7+6)=39
train/63794.jpg,4*(6+8)=56
train/63795.jpg,(8+3)+6=17
train/63796.jpg,(4-0)*6=24
train/63797.jpg,8+(7+3)=18
train/63798.jpg,2+(7+1)=10
train/63799.jpg,8-2-7=-1
train/63800.jpg,4*7+0=28
train/63801.jpg,(6*4)+7=31
train/63802.jpg,2+(9*0)=2
train/63803.jpg,2+4-3=3
train/63804.jpg,7+8-1=14
train/63805.jpg,(9-6)-3=0
train/63806.jpg,2+9+7=18
train/63807.jpg,3-(4+9)=-10
train/63808.jpg,1-4-1=-4
train/63809.jpg,6+(0-2)=4
train/63810.jpg,8+(9+4)=21
train/63811.jpg,4+(1-6)=-1
train/63812.jpg,5-(1*6)=-1
train/63813.jpg,2*(2+8)=20
train/63814.jpg,(7-3)+7=11
train/63815.jpg,0-(6-9)=3
train/63816.jpg,5-3-2=0
train/63817.jpg,5*5-0=25
train/63818.jpg,(1+1)+2=4
train/63819.jpg,3+(1*5)=8
train/63820.jpg,(3+0)-0=3
train/63821.jpg,2*0-1=-1
train/63822.jpg,(8+0)-2=6
train/63823.jpg,6+(5*3)=21
train/63824.jpg,1-(7*6)=-41
train/63825.jpg,8-(6+8)=-6
train/63826.jpg,(7*3)*0=0
train/63827.jpg,1+(7-3)=5
train/63828.jpg,2*(2-4)=-4
train/63829.jpg,0-(3+5)=-8
train/63830.jpg,2-(7+4)=-9
train/63831.jpg,(4-6)-7=-9
train/63832.jpg,(5-9)-3=-7
train/63833.jpg,(5-8)+0=-3
train/63834.jpg,8-0*1=8
train/63835.jpg,(1-2)-9=-10
train/63836.jpg,3*7-1=20
train/63837.jpg,(3*4)-5=7
train/63838.jpg,9+1-9=1
train/63839.jpg,(2+5)-0=7
train/63840.jpg,2+(8*6)=50
train/63841.jpg,(8-1)-3=4
train/63842.jpg,9-(8*4)=-23
train/63843.jpg,(5+3)+2=10
train/63844.jpg,3*(6-9)=-9
train/63845.jpg,7+4+0=11
train/63846.jpg,4+(2-8)=-2
train/63847.jpg,(7-0)-1=6
train/63848.jpg,5*7+3=38
train/63849.jpg,1+(1*3)=4
train/63850.jpg,6*(3+3)=36
train/63851.jpg,7-(2-6)=11
train/63852.jpg,(9-0)*7=63
train/63853.jpg,7+(1-2)=6
train/63854.jpg,9+4*5=29
train/63855.jpg,0-(2*0)=0
train/63856.jpg,6*2+8=20
train/63857.jpg,1*3*9=27
train/63858.jpg,7*5-9=26
train/63859.jpg,1-(7-5)=-1
train/63860.jpg,(2*0)+1=1
train/63861.jpg,6*(5*5)=150
train/63862.jpg,(1*9)-3=6
train/63863.jpg,2-9+8=1
train/63864.jpg,7+(7+8)=22
train/63865.jpg,1-(9+2)=-10
train/63866.jpg,3-(7-8)=4
train/63867.jpg,(7+4)-7=4
train/63868.jpg,9+7+0=16
train/63869.jpg,2+(0-6)=-4
train/63870.jpg,5*(0*9)=0
train/63871.jpg,6-(5*7)=-29
train/63872.jpg,(6*0)*4=0
train/63873.jpg,7+(3*3)=16
train/63874.jpg,7+(8+2)=17
train/63875.jpg,5*(4*2)=40
train/63876.jpg,(2-2)*6=0
train/63877.jpg,2-8-0=-6
train/63878.jpg,0*(3*3)=0
train/63879.jpg,(1*5)+6=11
train/63880.jpg,8+4-2=10
train/63881.jpg,4*0-4=-4
train/63882.jpg,(3-9)*1=-6
train/63883.jpg,8*3+4=28
train/63884.jpg,(0+5)+1=6
train/63885.jpg,3*9*3=81
train/63886.jpg,1*(4*8)=32
train/63887.jpg,7+7+3=17
train/63888.jpg,(9-3)+1=7
train/63889.jpg,5-(4+7)=-6
train/63890.jpg,6-3-6=-3
train/63891.jpg,0+2+0=2
train/63892.jpg,0+1+4=5
train/63893.jpg,1-8*4=-31
train/63894.jpg,5-0*1=5
train/63895.jpg,7-2-8=-3
train/63896.jpg,9*(9+4)=117
train/63897.jpg,6*(3-1)=12
train/63898.jpg,(1+0)*6=6
train/63899.jpg,8-(2*6)=-4
train/63900.jpg,4+2*9=22
train/63901.jpg,(4-3)+9=10
train/63902.jpg,9-2*1=7
train/63903.jpg,1+8-0=9
train/63904.jpg,1*4*4=16
train/63905.jpg,(0-3)*4=-12
train/63906.jpg,4+7-8=3
train/63907.jpg,8*7-1=55
train/63908.jpg,5*1-3=2
train/63909.jpg,5*(7*0)=0
train/63910.jpg,6+1-5=2
train/63911.jpg,1-3*9=-26
train/63912.jpg,6-(7+2)=-3
train/63913.jpg,9-(6*3)=-9
train/63914.jpg,(3-5)*7=-14
train/63915.jpg,(2+9)-4=7
train/63916.jpg,5-(3-5)=7
train/63917.jpg,4+(3-2)=5
train/63918.jpg,1-1+8=8
train/63919.jpg,3*4-7=5
train/63920.jpg,9*(3*7)=189
train/63921.jpg,8+5-8=5
train/63922.jpg,(0+1)+3=4
train/63923.jpg,(4+7)*0=0
train/63924.jpg,1-4+8=5
train/63925.jpg,6*(0*3)=0
train/63926.jpg,9+5*9=54
train/63927.jpg,(3-0)*2=6
train/63928.jpg,3-(9*9)=-78
train/63929.jpg,5+(1-8)=-2
train/63930.jpg,2*8-5=11
train/63931.jpg,1-3-5=-7
train/63932.jpg,(5+8)-7=6
train/63933.jpg,(3-9)+2=-4
train/63934.jpg,3-5-1=-3
train/63935.jpg,(0*3)-8=-8
train/63936.jpg,7-3*6=-11
train/63937.jpg,4+8+4=16
train/63938.jpg,(5-9)-1=-5
train/63939.jpg,(2-9)*3=-21
train/63940.jpg,(7*1)+4=11
train/63941.jpg,5+(0-0)=5
train/63942.jpg,(4-0)*5=20
train/63943.jpg,2*(9+8)=34
train/63944.jpg,8*(0*4)=0
train/63945.jpg,(1-6)+5=0
train/63946.jpg,(7+0)*7=49
train/63947.jpg,(3-7)+9=5
train/63948.jpg,8*(7*3)=168
train/63949.jpg,(1*9)+0=9
train/63950.jpg,9-(7-7)=9
train/63951.jpg,(5-8)-4=-7
train/63952.jpg,0-7-4=-11
train/63953.jpg,8-9-3=-4
train/63954.jpg,4-(5+8)=-9
train/63955.jpg,(8*8)+9=73
train/63956.jpg,(4*9)-6=30
train/63957.jpg,(0*4)-1=-1
train/63958.jpg,6*(6*7)=252
train/63959.jpg,(9-5)*3=12
train/63960.jpg,(5+3)*1=8
train/63961.jpg,5*(8*4)=160
train/63962.jpg,1-(4+7)=-10
train/63963.jpg,(8*5)*3=120
train/63964.jpg,9*(7+1)=72
train/63965.jpg,(7*6)*6=252
train/63966.jpg,6+0*8=6
train/63967.jpg,6-6*1=0
train/63968.jpg,(6-5)+5=6
train/63969.jpg,8-9+2=1
train/63970.jpg,2-0+4=6
train/63971.jpg,(0+3)-5=-2
train/63972.jpg,6+7-7=6
train/63973.jpg,0+8*8=64
train/63974.jpg,7*(8*3)=168
train/63975.jpg,3-(5*0)=3
train/63976.jpg,(5*6)*4=120
train/63977.jpg,9+(2*5)=19
train/63978.jpg,(5+3)+5=13
train/63979.jpg,9-1+6=14
train/63980.jpg,8*3+9=33
train/63981.jpg,(4*5)-0=20
train/63982.jpg,7+(1-1)=7
train/63983.jpg,(8+3)*8=88
train/63984.jpg,8-(0+5)=3
train/63985.jpg,0+(2-5)=-3
train/63986.jpg,5*0*6=0
train/63987.jpg,3*3*1=9
train/63988.jpg,2*(8-6)=4
train/63989.jpg,(0+3)-2=1
train/63990.jpg,9*(7+1)=72
train/63991.jpg,9+1*3=12
train/63992.jpg,3+(2*5)=13
train/63993.jpg,(9+2)-7=4
train/63994.jpg,2*6+4=16
train/63995.jpg,1*1-6=-5
train/63996.jpg,4-(0*2)=4
train/63997.jpg,(6-5)-6=-5
train/63998.jpg,2+(4*2)=10
train/63999.jpg,9-0*7=9
train/64000.jpg,7*7*8=392
train/64001.jpg,(4+7)+7=18
train/64002.jpg,(4*4)-1=15
train/64003.jpg,7*(2+3)=35
train/64004.jpg,(1*6)-5=1
train/64005.jpg,0*8+2=2
train/64006.jpg,8*(9*9)=648
train/64007.jpg,5+7+6=18
train/64008.jpg,0-(1*7)=-7
train/64009.jpg,(0-6)-7=-13
train/64010.jpg,(6*9)-4=50
train/64011.jpg,9+2-5=6
train/64012.jpg,(6-5)+4=5
train/64013.jpg,(3-3)*2=0
train/64014.jpg,9+(3-6)=6
train/64015.jpg,2-5*0=2
train/64016.jpg,(0+0)*3=0
train/64017.jpg,7+(9*0)=7
train/64018.jpg,(4+0)+3=7
train/64019.jpg,0-(1*7)=-7
train/64020.jpg,8-(1-2)=9
train/64021.jpg,0-1+1=0
train/64022.jpg,0-6+3=-3
train/64023.jpg,6-(2+1)=3
train/64024.jpg,1*9+1=10
train/64025.jpg,(8+5)-1=12
train/64026.jpg,(3*0)+0=0
train/64027.jpg,3-3-4=-4
train/64028.jpg,6*3*7=126
train/64029.jpg,(0+3)+0=3
train/64030.jpg,6-9*7=-57
train/64031.jpg,4*(4+6)=40
train/64032.jpg,5*7-9=26
train/64033.jpg,(6-8)-3=-5
train/64034.jpg,1*(3+5)=8
train/64035.jpg,(8+4)+8=20
train/64036.jpg,2+(6-0)=8
train/64037.jpg,(4+3)-9=-2
train/64038.jpg,7+(4-8)=3
train/64039.jpg,8*(0*3)=0
train/64040.jpg,9*0*8=0
train/64041.jpg,(2*3)+3=9
train/64042.jpg,7+8+1=16
train/64043.jpg,(7-4)+9=12
train/64044.jpg,3*6-5=13
train/64045.jpg,(0+5)-0=5
train/64046.jpg,9-1-0=8
train/64047.jpg,6-(8+6)=-8
train/64048.jpg,6-4*8=-26
train/64049.jpg,7-7*0=7
train/64050.jpg,(5-7)+2=0
train/64051.jpg,(6-9)+8=5
train/64052.jpg,9*2+0=18
train/64053.jpg,3+3-2=4
train/64054.jpg,5*8-8=32
train/64055.jpg,1+8*1=9
train/64056.jpg,(5*3)-8=7
train/64057.jpg,2+(6-1)=7
train/64058.jpg,(2*2)*5=20
train/64059.jpg,5*1-9=-4
train/64060.jpg,9-1*4=5
train/64061.jpg,6+(0-5)=1
train/64062.jpg,8*(6+0)=48
train/64063.jpg,(0-1)-4=-5
train/64064.jpg,(8-3)+8=13
train/64065.jpg,6+8-3=11
train/64066.jpg,5+(7+7)=19
train/64067.jpg,1+(4*9)=37
train/64068.jpg,1+(9-0)=10
train/64069.jpg,5-(7+4)=-6
train/64070.jpg,5+(7+5)=17
train/64071.jpg,(7+8)-0=15
train/64072.jpg,9*(5*9)=405
train/64073.jpg,(4+6)-7=3
train/64074.jpg,(0+0)*5=0
train/64075.jpg,4*6-4=20
train/64076.jpg,9*(9-2)=63
train/64077.jpg,5-5*3=-10
train/64078.jpg,(7+2)*2=18
train/64079.jpg,(7*3)-5=16
train/64080.jpg,9+7+5=21
train/64081.jpg,5-(6*2)=-7
train/64082.jpg,(9*7)+8=71
train/64083.jpg,(4*4)*6=96
train/64084.jpg,1-9+6=-2
train/64085.jpg,(0-7)*3=-21
train/64086.jpg,3-4*1=-1
train/64087.jpg,2+(6+6)=14
train/64088.jpg,5-(4+9)=-8
train/64089.jpg,(6-8)+6=4
train/64090.jpg,0+4*2=8
train/64091.jpg,(4-0)+5=9
train/64092.jpg,3-1*7=-4
train/64093.jpg,3+0*9=3
train/64094.jpg,(2+6)-0=8
train/64095.jpg,5*4+6=26
train/64096.jpg,6-(9*6)=-48
train/64097.jpg,7*(1*7)=49
train/64098.jpg,2-(8-4)=-2
train/64099.jpg,3+(7+7)=17
train/64100.jpg,9-(9*9)=-72
train/64101.jpg,0*(2+3)=0
train/64102.jpg,(8-7)*6=6
train/64103.jpg,(1*5)-0=5
train/64104.jpg,1+0*9=1
train/64105.jpg,3+5-3=5
train/64106.jpg,(5-7)-1=-3
train/64107.jpg,1*(7*3)=21
train/64108.jpg,(0-5)+1=-4
train/64109.jpg,1*3-6=-3
train/64110.jpg,1*9-5=4
train/64111.jpg,(5+1)*9=54
train/64112.jpg,7-(2-1)=6
train/64113.jpg,2-(2-3)=3
train/64114.jpg,9*(2+7)=81
train/64115.jpg,4*(9*1)=36
train/64116.jpg,(0-5)-9=-14
train/64117.jpg,6-(7-2)=1
train/64118.jpg,(7+4)*4=44
train/64119.jpg,(1*4)*8=32
train/64120.jpg,(8-4)-7=-3
train/64121.jpg,(9+2)-9=2
train/64122.jpg,1*(2+8)=10
train/64123.jpg,8-8+1=1
train/64124.jpg,2+8*3=26
train/64125.jpg,(9-9)*1=0
train/64126.jpg,(4-2)+4=6
train/64127.jpg,3+(4+5)=12
train/64128.jpg,5-2-5=-2
train/64129.jpg,5-(8*1)=-3
train/64130.jpg,3*(2+4)=18
train/64131.jpg,(0*5)-6=-6
train/64132.jpg,7-(8*0)=7
train/64133.jpg,(4-3)*4=4
train/64134.jpg,4+0*5=4
train/64135.jpg,(9-8)-8=-7
train/64136.jpg,7+(7+4)=18
train/64137.jpg,6+7+7=20
train/64138.jpg,0*(7-6)=0
train/64139.jpg,5*(2+4)=30
train/64140.jpg,(7*0)+9=9
train/64141.jpg,(0-1)-9=-10
train/64142.jpg,6-4+4=6
train/64143.jpg,5*(2+2)=20
train/64144.jpg,7*6*1=42
train/64145.jpg,4*9+6=42
train/64146.jpg,(3*0)*6=0
train/64147.jpg,4-1*9=-5
train/64148.jpg,0*(0-2)=0
train/64149.jpg,4+(6*9)=58
train/64150.jpg,(5+7)+2=14
train/64151.jpg,9*6+8=62
train/64152.jpg,4-(1+3)=0
train/64153.jpg,8+0*9=8
train/64154.jpg,(7-6)*8=8
train/64155.jpg,3+0+6=9
train/64156.jpg,(9*2)*6=108
train/64157.jpg,8+(7+1)=16
train/64158.jpg,3-9-6=-12
train/64159.jpg,6-(9-8)=5
train/64160.jpg,9-(4-6)=11
train/64161.jpg,(6-0)+8=14
train/64162.jpg,5*(7*9)=315
train/64163.jpg,(4-2)+3=5
train/64164.jpg,2+(1*8)=10
train/64165.jpg,(6-3)-6=-3
train/64166.jpg,5*(6*3)=90
train/64167.jpg,(6*6)-9=27
train/64168.jpg,6*(2*6)=72
train/64169.jpg,8+(8-5)=11
train/64170.jpg,0*(9+1)=0
train/64171.jpg,4+(2*5)=14
train/64172.jpg,1*(9-5)=4
train/64173.jpg,(6-3)*8=24
train/64174.jpg,4-(4+2)=-2
train/64175.jpg,0-(9-4)=-5
train/64176.jpg,4+(0*7)=4
train/64177.jpg,7*7-4=45
train/64178.jpg,1-(3-7)=5
train/64179.jpg,5*(8+6)=70
train/64180.jpg,5*5+6=31
train/64181.jpg,(6-2)*2=8
train/64182.jpg,(9-9)-5=-5
train/64183.jpg,7+(5-2)=10
train/64184.jpg,7+6-4=9
train/64185.jpg,(0-3)-0=-3
train/64186.jpg,7-0*0=7
train/64187.jpg,0+0*4=0
train/64188.jpg,(5*1)+2=7
train/64189.jpg,6-6-6=-6
train/64190.jpg,9*6+1=55
train/64191.jpg,(1-2)*0=0
train/64192.jpg,2*9+8=26
train/64193.jpg,(3+1)-7=-3
train/64194.jpg,6*(4-8)=-24
train/64195.jpg,6*(3+8)=66
train/64196.jpg,4-(3*0)=4
train/64197.jpg,8-(9+6)=-7
train/64198.jpg,(4-1)+1=4
train/64199.jpg,0-(9-4)=-5
train/64200.jpg,3*3*3=27
train/64201.jpg,(6-1)+0=5
train/64202.jpg,7*(7+1)=56
train/64203.jpg,(4*6)-2=22
train/64204.jpg,(1+3)-2=2
train/64205.jpg,(6*0)-5=-5
train/64206.jpg,(0-3)+8=5
train/64207.jpg,(7*8)-3=53
train/64208.jpg,(8*0)+0=0
train/64209.jpg,3+9+3=15
train/64210.jpg,4*0+0=0
train/64211.jpg,2+9*4=38
train/64212.jpg,(4-5)+6=5
train/64213.jpg,1+(0+6)=7
train/64214.jpg,0*(7+1)=0
train/64215.jpg,(2-6)-0=-4
train/64216.jpg,1+1*8=9
train/64217.jpg,0-(3*4)=-12
train/64218.jpg,7-(7-5)=5
train/64219.jpg,1-(3+0)=-2
train/64220.jpg,9-6*8=-39
train/64221.jpg,(9-8)+4=5
train/64222.jpg,(8+7)+4=19
train/64223.jpg,3-(4-1)=0
train/64224.jpg,7-8*3=-17
train/64225.jpg,9+(1*6)=15
train/64226.jpg,5+3+0=8
train/64227.jpg,5-2-4=-1
train/64228.jpg,(5-3)*7=14
train/64229.jpg,9-9+3=3
train/64230.jpg,7+(0*2)=7
train/64231.jpg,(4*3)+5=17
train/64232.jpg,(9*2)-7=11
train/64233.jpg,1-(4+9)=-12
train/64234.jpg,9*9-4=77
train/64235.jpg,0*(5-7)=0
train/64236.jpg,6*(2-4)=-12
train/64237.jpg,1-(7+8)=-14
train/64238.jpg,(4*3)*9=108
train/64239.jpg,(9+3)+6=18
train/64240.jpg,3-(8*7)=-53
train/64241.jpg,8-5+7=10
train/64242.jpg,2+9-7=4
train/64243.jpg,(9*6)-8=46
train/64244.jpg,3+5*7=38
train/64245.jpg,6*8*3=144
train/64246.jpg,9-1*6=3
train/64247.jpg,8-(6*9)=-46
train/64248.jpg,2*(2-4)=-4
train/64249.jpg,1-8-4=-11
train/64250.jpg,4+(5+1)=10
train/64251.jpg,(4-5)-5=-6
train/64252.jpg,8+3-2=9
train/64253.jpg,2*9*9=162
train/64254.jpg,7*8-8=48
train/64255.jpg,2+(0*6)=2
train/64256.jpg,(6+4)-7=3
train/64257.jpg,8*5*1=40
train/64258.jpg,(1+5)+7=13
train/64259.jpg,(8*9)-5=67
train/64260.jpg,(7+5)*8=96
train/64261.jpg,7-4*5=-13
train/64262.jpg,7-(4+3)=0
train/64263.jpg,1+2-7=-4
train/64264.jpg,9*7-7=56
train/64265.jpg,8+(7*9)=71
train/64266.jpg,6*1-4=2
train/64267.jpg,4+4*5=24
train/64268.jpg,8*(4-3)=8
train/64269.jpg,8+0*7=8
train/64270.jpg,8*(2-0)=16
train/64271.jpg,(3*0)+9=9
train/64272.jpg,(9-1)+3=11
train/64273.jpg,0+6+4=10
train/64274.jpg,(3*2)-5=1
train/64275.jpg,5*(6-5)=5
train/64276.jpg,7-5+0=2
train/64277.jpg,6+0-7=-1
train/64278.jpg,3*(7+2)=27
train/64279.jpg,(4*6)-3=21
train/64280.jpg,5+(9-7)=7
train/64281.jpg,3*5+1=16
train/64282.jpg,5+(0+6)=11
train/64283.jpg,6*(8+7)=90
train/64284.jpg,0-4-0=-4
train/64285.jpg,0-(3+8)=-11
train/64286.jpg,2*(5-2)=6
train/64287.jpg,(1-1)+6=6
train/64288.jpg,9+(0-5)=4
train/64289.jpg,9+(1+2)=12
train/64290.jpg,1+6+4=11
train/64291.jpg,(7+9)*9=144
train/64292.jpg,1*1+2=3
train/64293.jpg,2*(9-9)=0
train/64294.jpg,0-(2*7)=-14
train/64295.jpg,(0+9)+8=17
train/64296.jpg,(7-7)-4=-4
train/64297.jpg,(8*7)+4=60
train/64298.jpg,(3-9)*7=-42
train/64299.jpg,6*(9-2)=42
train/64300.jpg,(4*1)*0=0
train/64301.jpg,3-9+9=3
train/64302.jpg,9+(5+9)=23
train/64303.jpg,0*2-0=0
train/64304.jpg,2+9-4=7
train/64305.jpg,(9+4)*5=65
train/64306.jpg,(9+6)-7=8
train/64307.jpg,3*(9-6)=9
train/64308.jpg,6+7-0=13
train/64309.jpg,8+6+3=17
train/64310.jpg,(0*0)*5=0
train/64311.jpg,(5-4)*2=2
train/64312.jpg,(1*4)*8=32
train/64313.jpg,(3-7)*2=-8
train/64314.jpg,(8-6)-3=-1
train/64315.jpg,3*(0-3)=-9
train/64316.jpg,8*(3-9)=-48
train/64317.jpg,2-5*1=-3
train/64318.jpg,1*(8-8)=0
train/64319.jpg,4*8-5=27
train/64320.jpg,(1*8)-5=3
train/64321.jpg,(1*7)-2=5
train/64322.jpg,(9+2)+1=12
train/64323.jpg,8+(1+6)=15
train/64324.jpg,7-(0+2)=5
train/64325.jpg,0-1+2=1
train/64326.jpg,7+(1-2)=6
train/64327.jpg,2-(5-5)=2
train/64328.jpg,(2+9)-5=6
train/64329.jpg,0+(6*1)=6
train/64330.jpg,(7+2)+9=18
train/64331.jpg,(4+7)-7=4
train/64332.jpg,5*9+7=52
train/64333.jpg,(4+8)+4=16
train/64334.jpg,9*0+7=7
train/64335.jpg,1*(7+3)=10
train/64336.jpg,(6+1)+7=14
train/64337.jpg,(6-8)*0=0
train/64338.jpg,9*3-4=23
train/64339.jpg,4-1+2=5
train/64340.jpg,9*(7+3)=90
train/64341.jpg,8*6*2=96
train/64342.jpg,1+5+7=13
train/64343.jpg,7*1+2=9
train/64344.jpg,(1+1)+3=5
train/64345.jpg,(2*5)-9=1
train/64346.jpg,6*(6-6)=0
train/64347.jpg,9+(2-2)=9
train/64348.jpg,1+(6*4)=25
train/64349.jpg,(3*2)+2=8
train/64350.jpg,3*(1+5)=18
train/64351.jpg,(3-0)-4=-1
train/64352.jpg,8+3-4=7
train/64353.jpg,(9*5)*2=90
train/64354.jpg,8*(8*0)=0
train/64355.jpg,9*7*8=504
train/64356.jpg,2-(9-5)=-2
train/64357.jpg,(5+6)*7=77
train/64358.jpg,(1+2)*7=21
train/64359.jpg,(9+5)*2=28
train/64360.jpg,2+(4+1)=7
train/64361.jpg,9*0*8=0
train/64362.jpg,6-1+0=5
train/64363.jpg,(9-0)-2=7
train/64364.jpg,9+2-8=3
train/64365.jpg,2*5-4=6
train/64366.jpg,4*4+8=24
train/64367.jpg,2*(7*0)=0
train/64368.jpg,4*(6+2)=32
train/64369.jpg,1-(6-4)=-1
train/64370.jpg,(5*7)+6=41
train/64371.jpg,7-4-1=2
train/64372.jpg,(1*5)*2=10
train/64373.jpg,(1+1)*5=10
train/64374.jpg,(7*4)-3=25
train/64375.jpg,2*2+1=5
train/64376.jpg,(1-3)-5=-7
train/64377.jpg,5*(9*2)=90
train/64378.jpg,(1-6)+6=1
train/64379.jpg,7*(8+8)=112
train/64380.jpg,9*2+5=23
train/64381.jpg,7-1+8=14
train/64382.jpg,2+(7*5)=37
train/64383.jpg,(2*8)*5=80
train/64384.jpg,(7-6)*9=9
train/64385.jpg,1+(3*1)=4
train/64386.jpg,8-5-1=2
train/64387.jpg,(7-9)+5=3
train/64388.jpg,(6*6)+6=42
train/64389.jpg,0+2*4=8
train/64390.jpg,2-(0-9)=11
train/64391.jpg,0+8*2=16
train/64392.jpg,2*(6*1)=12
train/64393.jpg,9*(8-7)=9
train/64394.jpg,(8+0)+9=17
train/64395.jpg,(8+9)-9=8
train/64396.jpg,(1-1)+5=5
train/64397.jpg,(4+7)-4=7
train/64398.jpg,8*(2+3)=40
train/64399.jpg,8+0*8=8
train/64400.jpg,(6*2)+3=15
train/64401.jpg,(0-2)-2=-4
train/64402.jpg,3+(2-9)=-4
train/64403.jpg,8*8-3=61
train/64404.jpg,0-6-9=-15
train/64405.jpg,9-0-8=1
train/64406.jpg,(5+3)+2=10
train/64407.jpg,4+2*0=4
train/64408.jpg,6*9-4=50
train/64409.jpg,4*8+4=36
train/64410.jpg,7*6+0=42
train/64411.jpg,8*(2-3)=-8
train/64412.jpg,2+(1*9)=11
train/64413.jpg,2+(3*2)=8
train/64414.jpg,3-1-7=-5
train/64415.jpg,1-4+8=5
train/64416.jpg,5+(9+6)=20
train/64417.jpg,6-(3+3)=0
train/64418.jpg,0+6+1=7
train/64419.jpg,9*(5-1)=36
train/64420.jpg,(5*1)-0=5
train/64421.jpg,(3*8)-2=22
train/64422.jpg,5*(0*2)=0
train/64423.jpg,3-6-2=-5
train/64424.jpg,7*7*2=98
train/64425.jpg,4-2*8=-12
train/64426.jpg,6*7+1=43
train/64427.jpg,1+(3*8)=25
train/64428.jpg,5-(3+1)=1
train/64429.jpg,2+2*6=14
train/64430.jpg,9+1*5=14
train/64431.jpg,7*7+7=56
train/64432.jpg,1*(6+6)=12
train/64433.jpg,(6*5)*5=150
train/64434.jpg,(9*6)*1=54
train/64435.jpg,5-(4*9)=-31
train/64436.jpg,2-(5+2)=-5
train/64437.jpg,(7-8)-8=-9
train/64438.jpg,3*8-6=18
train/64439.jpg,(0+3)*0=0
train/64440.jpg,1*1+2=3
train/64441.jpg,(3-8)*0=0
train/64442.jpg,3*(9*9)=243
train/64443.jpg,9*(9-4)=45
train/64444.jpg,1-(9*2)=-17
train/64445.jpg,0+4-7=-3
train/64446.jpg,0*6-9=-9
train/64447.jpg,6-2-0=4
train/64448.jpg,7*7-6=43
train/64449.jpg,1-5+0=-4
train/64450.jpg,2+(2+1)=5
train/64451.jpg,(2+4)*4=24
train/64452.jpg,2+4-0=6
train/64453.jpg,2-3*2=-4
train/64454.jpg,(4+9)*0=0
train/64455.jpg,(3+6)*4=36
train/64456.jpg,6+(7*1)=13
train/64457.jpg,5-7+9=7
train/64458.jpg,3+(5+3)=11
train/64459.jpg,3+(5*7)=38
train/64460.jpg,6*1*1=6
train/64461.jpg,0-7*3=-21
train/64462.jpg,8*4-0=32
train/64463.jpg,3-2*8=-13
train/64464.jpg,(9+1)*4=40
train/64465.jpg,8-2*0=8
train/64466.jpg,2-(2+2)=-2
train/64467.jpg,0-8*8=-64
train/64468.jpg,(5*7)-7=28
train/64469.jpg,5*(2-4)=-10
train/64470.jpg,0+7-6=1
train/64471.jpg,4+2*9=22
train/64472.jpg,7+(1-5)=3
train/64473.jpg,(1*0)*0=0
train/64474.jpg,1+0+2=3
train/64475.jpg,(0+1)-8=-7
train/64476.jpg,2-2*4=-6
train/64477.jpg,6+(9+9)=24
train/64478.jpg,(7-9)+5=3
train/64479.jpg,(5*8)-4=36
train/64480.jpg,(3+4)+6=13
train/64481.jpg,(2*4)+7=15
train/64482.jpg,0+0+8=8
train/64483.jpg,6-(2*5)=-4
train/64484.jpg,(3*8)*1=24
train/64485.jpg,6*3+1=19
train/64486.jpg,5+0+8=13
train/64487.jpg,7-8+3=2
train/64488.jpg,(1+4)-7=-2
train/64489.jpg,6+(7-1)=12
train/64490.jpg,7-(9*9)=-74
train/64491.jpg,3-0-7=-4
train/64492.jpg,7+(7*1)=14
train/64493.jpg,3-6-8=-11
train/64494.jpg,5*(4-6)=-10
train/64495.jpg,9-(3-6)=12
train/64496.jpg,2-4-1=-3
train/64497.jpg,3+(3*2)=9
train/64498.jpg,7*(8-0)=56
train/64499.jpg,8+(9-2)=15
train/64500.jpg,9+4-0=13
train/64501.jpg,(4*6)*0=0
train/64502.jpg,1+7-0=8
train/64503.jpg,(2+4)-2=4
train/64504.jpg,(1*7)+2=9
train/64505.jpg,9-(1*0)=9
train/64506.jpg,(4+6)+4=14
train/64507.jpg,(7-4)*6=18
train/64508.jpg,(6*4)-0=24
train/64509.jpg,(1*3)*2=6
train/64510.jpg,2-5*5=-23
train/64511.jpg,1+9*5=46
train/64512.jpg,6+(7-9)=4
train/64513.jpg,6+2*7=20
train/64514.jpg,5-6+3=2
train/64515.jpg,(5+8)*1=13
train/64516.jpg,4+1-7=-2
train/64517.jpg,(1+5)*3=18
train/64518.jpg,2-(1-5)=6
train/64519.jpg,9+6*2=21
train/64520.jpg,(3-7)-0=-4
train/64521.jpg,(3-2)-9=-8
train/64522.jpg,3+(9-9)=3
train/64523.jpg,(6+5)*1=11
train/64524.jpg,3-(6+5)=-8
train/64525.jpg,(0-6)*5=-30
train/64526.jpg,0-4*4=-16
train/64527.jpg,1+5*4=21
train/64528.jpg,3*5+5=20
train/64529.jpg,6-(7-0)=-1
train/64530.jpg,6-(2*7)=-8
train/64531.jpg,9+(7+2)=18
train/64532.jpg,8-7-4=-3
train/64533.jpg,0+4+7=11
train/64534.jpg,(4+2)-2=4
train/64535.jpg,5*3*3=45
train/64536.jpg,1+(1*0)=1
train/64537.jpg,6*(7*9)=378
train/64538.jpg,5+(6+0)=11
train/64539.jpg,3-0-9=-6
train/64540.jpg,0*7+7=7
train/64541.jpg,(9+1)*7=70
train/64542.jpg,7-(9*3)=-20
train/64543.jpg,1*0*0=0
train/64544.jpg,8-3*5=-7
train/64545.jpg,0*(1*9)=0
train/64546.jpg,0-7*2=-14
train/64547.jpg,8*(7-8)=-8
train/64548.jpg,0-4-7=-11
train/64549.jpg,5-(9+7)=-11
train/64550.jpg,(8*3)*5=120
train/64551.jpg,9+1*5=14
train/64552.jpg,0+5*6=30
train/64553.jpg,6+(2-5)=3
train/64554.jpg,9*(9*3)=243
train/64555.jpg,3*(7-1)=18
train/64556.jpg,3*(4+1)=15
train/64557.jpg,(4-1)*9=27
train/64558.jpg,3-(6*0)=3
train/64559.jpg,(7+4)-1=10
train/64560.jpg,3*(4+7)=33
train/64561.jpg,(9+0)-7=2
train/64562.jpg,8*(4-5)=-8
train/64563.jpg,(8+8)*8=128
train/64564.jpg,4+1-4=1
train/64565.jpg,(9+8)+3=20
train/64566.jpg,3+4+1=8
train/64567.jpg,7*(3*3)=63
train/64568.jpg,3-3-1=-1
train/64569.jpg,(2*0)+6=6
train/64570.jpg,0*(3*8)=0
train/64571.jpg,1-(2+8)=-9
train/64572.jpg,8+6+2=16
train/64573.jpg,9-2-7=0
train/64574.jpg,(1+9)-3=7
train/64575.jpg,8+1*7=15
train/64576.jpg,(9*3)+2=29
train/64577.jpg,7*(0*4)=0
train/64578.jpg,(7-9)*8=-16
train/64579.jpg,0-1*5=-5
train/64580.jpg,8+7+8=23
train/64581.jpg,(9*1)+1=10
train/64582.jpg,6-(0*6)=6
train/64583.jpg,(8*1)*7=56
train/64584.jpg,9-6*3=-9
train/64585.jpg,3+2-6=-1
train/64586.jpg,9-0*8=9
train/64587.jpg,(9*1)*2=18
train/64588.jpg,3*(8*6)=144
train/64589.jpg,5*7-5=30
train/64590.jpg,0-0+7=7
train/64591.jpg,(7*2)*7=98
train/64592.jpg,9*3*8=216
train/64593.jpg,(8*6)-0=48
train/64594.jpg,1*3*2=6
train/64595.jpg,4+7+3=14
train/64596.jpg,1-(8*4)=-31
train/64597.jpg,6*6*9=324
train/64598.jpg,2+1+8=11
train/64599.jpg,7-8*3=-17
train/64600.jpg,0+8-5=3
train/64601.jpg,2+(1+8)=11
train/64602.jpg,7*(7*9)=441
train/64603.jpg,7-(7*8)=-49
train/64604.jpg,6+9+8=23
train/64605.jpg,0-(8-7)=-1
train/64606.jpg,5*(5+2)=35
train/64607.jpg,0+0*0=0
train/64608.jpg,(3-4)+0=-1
train/64609.jpg,7-0*2=7
train/64610.jpg,(2-3)*2=-2
train/64611.jpg,0+2-0=2
train/64612.jpg,(9+6)+2=17
train/64613.jpg,2-3+9=8
train/64614.jpg,5+(5*5)=30
train/64615.jpg,(4*7)-5=23
train/64616.jpg,7-8-2=-3
train/64617.jpg,(8*0)-2=-2
train/64618.jpg,(5+6)-4=7
train/64619.jpg,1*1+2=3
train/64620.jpg,5*(4+6)=50
train/64621.jpg,6*(7-6)=6
train/64622.jpg,2+(3*6)=20
train/64623.jpg,7-8+3=2
train/64624.jpg,5-(0+0)=5
train/64625.jpg,0*4-7=-7
train/64626.jpg,1+(7*6)=43
train/64627.jpg,(8*0)*0=0
train/64628.jpg,3-0*2=3
train/64629.jpg,(0-9)*7=-63
train/64630.jpg,4+(4-0)=8
train/64631.jpg,8*(4*1)=32
train/64632.jpg,(9+0)-0=9
train/64633.jpg,(9+7)-4=12
train/64634.jpg,(5-2)*2=6
train/64635.jpg,9+(5+0)=14
train/64636.jpg,(3+4)*1=7
train/64637.jpg,4*(5*6)=120
train/64638.jpg,5+0-5=0
train/64639.jpg,4+3*5=19
train/64640.jpg,3*(7-4)=9
train/64641.jpg,7-1+1=7
train/64642.jpg,(7*9)-2=61
train/64643.jpg,4-1+5=8
train/64644.jpg,(8-3)*1=5
train/64645.jpg,(5*6)-5=25
train/64646.jpg,5-7-8=-10
train/64647.jpg,2-7-2=-7
train/64648.jpg,7-8+6=5
train/64649.jpg,9*(1-8)=-63
train/64650.jpg,(4*5)+7=27
train/64651.jpg,3+7+7=17
train/64652.jpg,1+3*0=1
train/64653.jpg,9+(8*8)=73
train/64654.jpg,2+(4*2)=10
train/64655.jpg,3+(1*9)=12
train/64656.jpg,(5-8)+7=4
train/64657.jpg,3+2*6=15
train/64658.jpg,(4+9)-3=10
train/64659.jpg,9+0+3=12
train/64660.jpg,8+1*1=9
train/64661.jpg,5*(0*0)=0
train/64662.jpg,(4+3)*8=56
train/64663.jpg,(3-8)-0=-5
train/64664.jpg,2+(0+8)=10
train/64665.jpg,7-9-0=-2
train/64666.jpg,1+(7-1)=7
train/64667.jpg,(9-8)+2=3
train/64668.jpg,(3*6)+3=21
train/64669.jpg,(6*4)+9=33
train/64670.jpg,5+(5-2)=8
train/64671.jpg,9*(6-8)=-18
train/64672.jpg,6+4-7=3
train/64673.jpg,(6-1)*7=35
train/64674.jpg,5+(8+5)=18
train/64675.jpg,(2*7)+0=14
train/64676.jpg,2+(2+1)=5
train/64677.jpg,6-(6+0)=0
train/64678.jpg,5*(5-9)=-20
train/64679.jpg,(1+3)*6=24
train/64680.jpg,1+3+2=6
train/64681.jpg,2-6+4=0
train/64682.jpg,6-(2+6)=-2
train/64683.jpg,4-1+1=4
train/64684.jpg,6+(3*4)=18
train/64685.jpg,9*6+2=56
train/64686.jpg,(8-0)-8=0
train/64687.jpg,9*(1+4)=45
train/64688.jpg,(4*3)+1=13
train/64689.jpg,2+(7-4)=5
train/64690.jpg,(2-4)+0=-2
train/64691.jpg,3-(9*8)=-69
train/64692.jpg,0+(1+7)=8
train/64693.jpg,6*(0-9)=-54
train/64694.jpg,3+9+6=18
train/64695.jpg,0+5-0=5
train/64696.jpg,9*5-5=40
train/64697.jpg,3-(4+6)=-7
train/64698.jpg,7*(8*8)=448
train/64699.jpg,(4*0)-2=-2
train/64700.jpg,0-(5-3)=-2
train/64701.jpg,6*4*0=0
train/64702.jpg,5*(1-4)=-15
train/64703.jpg,4+(2+8)=14
train/64704.jpg,0-(7*6)=-42
train/64705.jpg,4-9*6=-50
train/64706.jpg,4*(9-6)=12
train/64707.jpg,(1-3)-9=-11
train/64708.jpg,(2*9)-5=13
train/64709.jpg,(3*6)*6=108
train/64710.jpg,1+8+7=16
train/64711.jpg,8*(1*5)=40
train/64712.jpg,2-(6-0)=-4
train/64713.jpg,2+3*4=14
train/64714.jpg,6*8*0=0
train/64715.jpg,7*(3*5)=105
train/64716.jpg,5-(5+9)=-9
train/64717.jpg,(9+3)+5=17
train/64718.jpg,3+3-9=-3
train/64719.jpg,9*(3+9)=108
train/64720.jpg,8+(4*6)=32
train/64721.jpg,7*(2*3)=42
train/64722.jpg,(3*6)+0=18
train/64723.jpg,2-(0*8)=2
train/64724.jpg,(4+1)*2=10
train/64725.jpg,0*(7+5)=0
train/64726.jpg,3*4+3=15
train/64727.jpg,(2+0)+9=11
train/64728.jpg,7*3*6=126
train/64729.jpg,3*4+3=15
train/64730.jpg,9-(5+3)=1
train/64731.jpg,(0-0)-0=0
train/64732.jpg,1-2*6=-11
train/64733.jpg,0-(4*4)=-16
train/64734.jpg,4+0+9=13
train/64735.jpg,3-(9-9)=3
train/64736.jpg,6+4*6=30
train/64737.jpg,5-3*6=-13
train/64738.jpg,5-(5+0)=0
train/64739.jpg,1*3+9=12
train/64740.jpg,4+(4*8)=36
train/64741.jpg,7-9*9=-74
train/64742.jpg,7-(7-6)=6
train/64743.jpg,2-(0-7)=9
train/64744.jpg,(3*8)+1=25
train/64745.jpg,5+(7+4)=16
train/64746.jpg,6+(9-0)=15
train/64747.jpg,9*9+8=89
train/64748.jpg,5*0-1=-1
train/64749.jpg,9-(3-9)=15
train/64750.jpg,(9+5)*2=28
train/64751.jpg,7-4+4=7
train/64752.jpg,9-2*8=-7
train/64753.jpg,(4+2)+6=12
train/64754.jpg,2+(3*0)=2
train/64755.jpg,3*0*2=0
train/64756.jpg,6-(6*4)=-18
train/64757.jpg,3*8+2=26
train/64758.jpg,3+0*4=3
train/64759.jpg,6+9*2=24
train/64760.jpg,(7*8)*4=224
train/64761.jpg,6*(4-3)=6
train/64762.jpg,5*4-5=15
train/64763.jpg,(2-8)*2=-12
train/64764.jpg,2+(9+1)=12
train/64765.jpg,(0+8)*3=24
train/64766.jpg,2-5+3=0
train/64767.jpg,3-(1-7)=9
train/64768.jpg,(7-4)*6=18
train/64769.jpg,4*(8-8)=0
train/64770.jpg,3+(1+0)=4
train/64771.jpg,9-(5+7)=-3
train/64772.jpg,1*(7*0)=0
train/64773.jpg,1-9+0=-8
train/64774.jpg,5-(0-3)=8
train/64775.jpg,3*(1*2)=6
train/64776.jpg,0+(1*4)=4
train/64777.jpg,(9+1)+0=10
train/64778.jpg,5+5*7=40
train/64779.jpg,6*1+4=10
train/64780.jpg,4+7*3=25
train/64781.jpg,7*2-5=9
train/64782.jpg,2+(4-8)=-2
train/64783.jpg,2*(2+5)=14
train/64784.jpg,(4+5)*8=72
train/64785.jpg,7-(9*9)=-74
train/64786.jpg,0*(7+6)=0
train/64787.jpg,0-8-7=-15
train/64788.jpg,8-(6+9)=-7
train/64789.jpg,3-(9-0)=-6
train/64790.jpg,0+3+1=4
train/64791.jpg,4+0+0=4
train/64792.jpg,(8+0)+3=11
train/64793.jpg,8-4-6=-2
train/64794.jpg,5+7+7=19
train/64795.jpg,8*2+9=25
train/64796.jpg,2+(6+6)=14
train/64797.jpg,(5-1)+6=10
train/64798.jpg,5+(9-7)=7
train/64799.jpg,4+(9*8)=76
train/64800.jpg,2+(3*8)=26
train/64801.jpg,8*0+6=6
train/64802.jpg,0-(2-5)=3
train/64803.jpg,(9-5)+1=5
train/64804.jpg,(3+4)*0=0
train/64805.jpg,8*(1+5)=48
train/64806.jpg,0-(6-6)=0
train/64807.jpg,7*(6+3)=63
train/64808.jpg,7-3-6=-2
train/64809.jpg,9*5-5=40
train/64810.jpg,(8+4)+5=17
train/64811.jpg,(3-2)*8=8
train/64812.jpg,0*(7+6)=0
train/64813.jpg,(3+1)*2=8
train/64814.jpg,8-9+3=2
train/64815.jpg,0*5+9=9
train/64816.jpg,9*0-5=-5
train/64817.jpg,2-(0-2)=4
train/64818.jpg,4-(7*9)=-59
train/64819.jpg,1*(6-8)=-2
train/64820.jpg,6*3+9=27
train/64821.jpg,3+(0*2)=3
train/64822.jpg,(0*0)+4=4
train/64823.jpg,2*(4*1)=8
train/64824.jpg,(1+8)-0=9
train/64825.jpg,(7+5)+1=13
train/64826.jpg,(8*1)*9=72
train/64827.jpg,2-6+0=-4
train/64828.jpg,(3+7)*9=90
train/64829.jpg,(1*8)-9=-1
train/64830.jpg,2+6*5=32
train/64831.jpg,(5-4)+8=9
train/64832.jpg,6-4*3=-6
train/64833.jpg,7*(1*4)=28
train/64834.jpg,5*7+4=39
train/64835.jpg,1-(5-8)=4
train/64836.jpg,3-(1+5)=-3
train/64837.jpg,(8*9)*8=576
train/64838.jpg,1-(1+0)=0
train/64839.jpg,2-0+3=5
train/64840.jpg,5-(4-5)=6
train/64841.jpg,8-5*1=3
train/64842.jpg,3*7+5=26
train/64843.jpg,3*(5+9)=42
train/64844.jpg,1+(5+0)=6
train/64845.jpg,7-9*0=7
train/64846.jpg,8+8+8=24
train/64847.jpg,(1+3)-6=-2
train/64848.jpg,(5-7)-5=-7
train/64849.jpg,1+5*8=41
train/64850.jpg,2+0-7=-5
train/64851.jpg,(3+9)-3=9
train/64852.jpg,2+0*1=2
train/64853.jpg,6-2+5=9
train/64854.jpg,2*(3-1)=4
train/64855.jpg,(9-0)-0=9
train/64856.jpg,0-9*8=-72
train/64857.jpg,2+3+3=8
train/64858.jpg,(1*9)-8=1
train/64859.jpg,9*(3*7)=189
train/64860.jpg,(5+3)*2=16
train/64861.jpg,(5-1)-0=4
train/64862.jpg,7*(3-1)=14
train/64863.jpg,7*(0*4)=0
train/64864.jpg,3+1*5=8
train/64865.jpg,4*(9+2)=44
train/64866.jpg,3*6-5=13
train/64867.jpg,8*8+5=69
train/64868.jpg,2*(3*5)=30
train/64869.jpg,1-9-2=-10
train/64870.jpg,(7-2)-4=1
train/64871.jpg,8*(0*0)=0
train/64872.jpg,8+(1*7)=15
train/64873.jpg,1+(8*4)=33
train/64874.jpg,(4*7)*8=224
train/64875.jpg,(6+8)*9=126
train/64876.jpg,2+(8*7)=58
train/64877.jpg,(2+5)+9=16
train/64878.jpg,(2+6)*2=16
train/64879.jpg,7-(0+4)=3
train/64880.jpg,4+0+8=12
train/64881.jpg,0+(7-2)=5
train/64882.jpg,6*9+8=62
train/64883.jpg,3*(8*2)=48
train/64884.jpg,9-(2+7)=0
train/64885.jpg,6-(7+2)=-3
train/64886.jpg,8+(0+5)=13
train/64887.jpg,(2+9)*3=33
train/64888.jpg,4+4*2=12
train/64889.jpg,5+4*1=9
train/64890.jpg,7*3+2=23
train/64891.jpg,4*1+8=12
train/64892.jpg,(6*2)-5=7
train/64893.jpg,0*(0*8)=0
train/64894.jpg,6+(6+1)=13
train/64895.jpg,1+9+2=12
train/64896.jpg,2-3-1=-2
train/64897.jpg,1*7-8=-1
train/64898.jpg,0*(4+0)=0
train/64899.jpg,(8-8)-6=-6
train/64900.jpg,(9-9)*7=0
train/64901.jpg,9*(8*7)=504
train/64902.jpg,(3-8)+9=4
train/64903.jpg,6+(1*3)=9
train/64904.jpg,0+4-9=-5
train/64905.jpg,8*2+1=17
train/64906.jpg,(8+3)+4=15
train/64907.jpg,2*(7+0)=14
train/64908.jpg,6*(8+9)=102
train/64909.jpg,(4-1)+3=6
train/64910.jpg,(3-0)-5=-2
train/64911.jpg,4*7-8=20
train/64912.jpg,2-1*3=-1
train/64913.jpg,(0+3)*9=27
train/64914.jpg,(0-3)*9=-27
train/64915.jpg,(0+9)*6=54
train/64916.jpg,2+(7*0)=2
train/64917.jpg,6+(7*4)=34
train/64918.jpg,5-(6+1)=-2
train/64919.jpg,8-(3*0)=8
train/64920.jpg,4*(2+8)=40
train/64921.jpg,2+(0+2)=4
train/64922.jpg,(0-8)*1=-8
train/64923.jpg,(3-3)+0=0
train/64924.jpg,(3-4)*3=-3
train/64925.jpg,(4-4)-1=-1
train/64926.jpg,1+(4+3)=8
train/64927.jpg,0*(9+3)=0
train/64928.jpg,(5+2)*6=42
train/64929.jpg,3+(1+8)=12
train/64930.jpg,3+(9+1)=13
train/64931.jpg,(5*0)+6=6
train/64932.jpg,(7+5)*0=0
train/64933.jpg,2*(4*6)=48
train/64934.jpg,7*(7+6)=91
train/64935.jpg,8-5*4=-12
train/64936.jpg,(4-7)+1=-2
train/64937.jpg,(4*9)-9=27
train/64938.jpg,(7+2)-7=2
train/64939.jpg,0-(6+5)=-11
train/64940.jpg,7-3*9=-20
train/64941.jpg,(8-4)*1=4
train/64942.jpg,8-(9+8)=-9
train/64943.jpg,3*(3-3)=0
train/64944.jpg,5*(4-8)=-20
train/64945.jpg,(1*2)+7=9
train/64946.jpg,5-1*3=2
train/64947.jpg,0-(7-4)=-3
train/64948.jpg,(7*9)*3=189
train/64949.jpg,7*(4+9)=91
train/64950.jpg,7*(7+6)=91
train/64951.jpg,8-(2-8)=14
train/64952.jpg,0+1+1=2
train/64953.jpg,0+(0*9)=0
train/64954.jpg,(0-5)-1=-6
train/64955.jpg,1-9+8=0
train/64956.jpg,7*7-4=45
train/64957.jpg,7+4*0=7
train/64958.jpg,0-(4+1)=-5
train/64959.jpg,6*0*1=0
train/64960.jpg,(2-3)+0=-1
train/64961.jpg,4+7+4=15
train/64962.jpg,8*6+1=49
train/64963.jpg,7+(3-6)=4
train/64964.jpg,8+4+3=15
train/64965.jpg,(1-3)-0=-2
train/64966.jpg,5+(7+3)=15
train/64967.jpg,7-5-9=-7
train/64968.jpg,(9+4)+4=17
train/64969.jpg,9-9+4=4
train/64970.jpg,(8+2)-2=8
train/64971.jpg,1-(5*6)=-29
train/64972.jpg,5-1-2=2
train/64973.jpg,7+(8+5)=20
train/64974.jpg,(5+5)-5=5
train/64975.jpg,2*2+0=4
train/64976.jpg,2*5+2=12
train/64977.jpg,(1-5)*2=-8
train/64978.jpg,6-(0+6)=0
train/64979.jpg,(4*4)-4=12
train/64980.jpg,8+8+8=24
train/64981.jpg,(2*9)-3=15
train/64982.jpg,2*(3*2)=12
train/64983.jpg,8*(8*2)=128
train/64984.jpg,3*(7*7)=147
train/64985.jpg,(9*5)+8=53
train/64986.jpg,0-(9*7)=-63
train/64987.jpg,(3*4)+6=18
train/64988.jpg,4-0+6=10
train/64989.jpg,6+9*4=42
train/64990.jpg,8*(4*1)=32
train/64991.jpg,9+(1*8)=17
train/64992.jpg,(5+8)*2=26
train/64993.jpg,(0-4)+3=-1
train/64994.jpg,(8+5)-2=11
train/64995.jpg,3-(2+6)=-5
train/64996.jpg,(1-0)-2=-1
train/64997.jpg,1*(1*5)=5
train/64998.jpg,8-0-0=8
train/64999.jpg,5*(5+5)=50
train/65000.jpg,0-(9-9)=0
train/65001.jpg,5*(8-6)=10
train/65002.jpg,6*(6*7)=252
train/65003.jpg,(4+8)-3=9
train/65004.jpg,2-5+0=-3
train/65005.jpg,1-(3*3)=-8
train/65006.jpg,7-8+4=3
train/65007.jpg,3-(1+2)=0
train/65008.jpg,1+2*5=11
train/65009.jpg,9*7+2=65
train/65010.jpg,0*1*3=0
train/65011.jpg,6*2*2=24
train/65012.jpg,(5-8)+2=-1
train/65013.jpg,4-0+1=5
train/65014.jpg,(7*6)*9=378
train/65015.jpg,8+3*2=14
train/65016.jpg,2-3+8=7
train/65017.jpg,3+(5*9)=48
train/65018.jpg,5*(5-4)=5
train/65019.jpg,(7-1)-5=1
train/65020.jpg,1*(2*3)=6
train/65021.jpg,8*6*5=240
train/65022.jpg,1-5+0=-4
train/65023.jpg,4+1*3=7
train/65024.jpg,0*8+9=9
train/65025.jpg,1*4-4=0
train/65026.jpg,3-4+1=0
train/65027.jpg,4+1*5=9
train/65028.jpg,1*(5*0)=0
train/65029.jpg,1+(4+2)=7
train/65030.jpg,8*4-2=30
train/65031.jpg,4-7-1=-4
train/65032.jpg,1*(8+4)=12
train/65033.jpg,2-4+1=-1
train/65034.jpg,6*1-5=1
train/65035.jpg,(4*0)+7=7
train/65036.jpg,5-5+2=2
train/65037.jpg,(8+4)-2=10
train/65038.jpg,0*(3+0)=0
train/65039.jpg,(2-7)*9=-45
train/65040.jpg,(9+9)-8=10
train/65041.jpg,1*6-1=5
train/65042.jpg,3-(0-1)=4
train/65043.jpg,(9*8)-2=70
train/65044.jpg,7+9*1=16
train/65045.jpg,2*(4-2)=4
train/65046.jpg,0-3*4=-12
train/65047.jpg,3-0+2=5
train/65048.jpg,4+(3+3)=10
train/65049.jpg,(4+9)+1=14
train/65050.jpg,(7*4)+7=35
train/65051.jpg,3+(0+3)=6
train/65052.jpg,6+6+1=13
train/65053.jpg,7*(9*7)=441
train/65054.jpg,5+7*3=26
train/65055.jpg,2-(5*0)=2
train/65056.jpg,(1+1)-1=1
train/65057.jpg,0+0*6=0
train/65058.jpg,(4-8)-2=-6
train/65059.jpg,(6+6)*4=48
train/65060.jpg,(4+4)*3=24
train/65061.jpg,6+(8+6)=20
train/65062.jpg,5*(8+9)=85
train/65063.jpg,(7+2)*2=18
train/65064.jpg,1-(4*2)=-7
train/65065.jpg,(2*3)*7=42
train/65066.jpg,7*(5*6)=210
train/65067.jpg,2*3*3=18
train/65068.jpg,(6-6)+4=4
train/65069.jpg,5*(0+3)=15
train/65070.jpg,9+6-6=9
train/65071.jpg,(4+6)*2=20
train/65072.jpg,(0*2)-0=0
train/65073.jpg,(1+9)+8=18
train/65074.jpg,2-(9+2)=-9
train/65075.jpg,7-(9*6)=-47
train/65076.jpg,1*5+4=9
train/65077.jpg,(5+0)-4=1
train/65078.jpg,6+2*9=24
train/65079.jpg,7+(6+3)=16
train/65080.jpg,7*(9+5)=98
train/65081.jpg,5-(6+6)=-7
train/65082.jpg,5*8*9=360
train/65083.jpg,5+(5+1)=11
train/65084.jpg,5-(9-9)=5
train/65085.jpg,(6*5)-3=27
train/65086.jpg,(3-2)-9=-8
train/65087.jpg,(7*6)-5=37
train/65088.jpg,(2+4)-9=-3
train/65089.jpg,8-5+0=3
train/65090.jpg,4+(6*5)=34
train/65091.jpg,7*(8-4)=28
train/65092.jpg,(9-3)+7=13
train/65093.jpg,7-(3+3)=1
train/65094.jpg,(4*9)-1=35
train/65095.jpg,1*(3-5)=-2
train/65096.jpg,3-(3+0)=0
train/65097.jpg,9*(6+3)=81
train/65098.jpg,3*8+2=26
train/65099.jpg,(5-5)*3=0
train/65100.jpg,(4-2)-9=-7
train/65101.jpg,3*4+7=19
train/65102.jpg,7*(5*8)=280
train/65103.jpg,(8+1)-7=2
train/65104.jpg,(1*9)+1=10
train/65105.jpg,2-7*9=-61
train/65106.jpg,1+0*6=1
train/65107.jpg,0*5-5=-5
train/65108.jpg,4+8-6=6
train/65109.jpg,1+(3*4)=13
train/65110.jpg,1+2*5=11
train/65111.jpg,7-7-7=-7
train/65112.jpg,(3-3)-7=-7
train/65113.jpg,(0*3)+5=5
train/65114.jpg,(2+3)-0=5
train/65115.jpg,1*8*0=0
train/65116.jpg,5*3+7=22
train/65117.jpg,5-(0*2)=5
train/65118.jpg,8+(4*1)=12
train/65119.jpg,6*6*5=180
train/65120.jpg,8-5+6=9
train/65121.jpg,7+(6-0)=13
train/65122.jpg,(7+0)*9=63
train/65123.jpg,(8-3)-2=3
train/65124.jpg,(3*8)+5=29
train/65125.jpg,8-5+9=12
train/65126.jpg,8+(7*2)=22
train/65127.jpg,(4-4)*9=0
train/65128.jpg,4+(0+9)=13
train/65129.jpg,(0+3)-6=-3
train/65130.jpg,7+(3+3)=13
train/65131.jpg,9-0-6=3
train/65132.jpg,(7-1)*0=0
train/65133.jpg,8-(5-0)=3
train/65134.jpg,7-4*4=-9
train/65135.jpg,1-(3*5)=-14
train/65136.jpg,4-6*3=-14
train/65137.jpg,5+(7+3)=15
train/65138.jpg,7*9-2=61
train/65139.jpg,(2*8)+3=19
train/65140.jpg,0*2+4=4
train/65141.jpg,3*(2*9)=54
train/65142.jpg,(3+0)*6=18
train/65143.jpg,0*(5-3)=0
train/65144.jpg,6*9+0=54
train/65145.jpg,(2*1)+7=9
train/65146.jpg,2*3*0=0
train/65147.jpg,5-(8*9)=-67
train/65148.jpg,4+(0-2)=2
train/65149.jpg,(4-0)-2=2
train/65150.jpg,(0-9)+5=-4
train/65151.jpg,(5*7)*6=210
train/65152.jpg,(4-6)*9=-18
train/65153.jpg,8+(9*9)=89
train/65154.jpg,8+(1+3)=12
train/65155.jpg,(1*4)*6=24
train/65156.jpg,0-(4+5)=-9
train/65157.jpg,6+2*6=18
train/65158.jpg,(5-4)*3=3
train/65159.jpg,(1-6)-4=-9
train/65160.jpg,(7*4)+6=34
train/65161.jpg,3+8*7=59
train/65162.jpg,0-0+5=5
train/65163.jpg,5-(3-9)=11
train/65164.jpg,3+5+3=11
train/65165.jpg,1-5*2=-9
train/65166.jpg,9+3-8=4
train/65167.jpg,(6-1)-5=0
train/65168.jpg,6+(6-1)=11
train/65169.jpg,9+0+0=9
train/65170.jpg,6-1-1=4
train/65171.jpg,(2-5)*8=-24
train/65172.jpg,(7*0)*3=0
train/65173.jpg,(0*9)*4=0
train/65174.jpg,7-(0-8)=15
train/65175.jpg,(3*6)*1=18
train/65176.jpg,6*(5+3)=48
train/65177.jpg,6*5*3=90
train/65178.jpg,(0-4)*8=-32
train/65179.jpg,(2+7)+2=11
train/65180.jpg,9*8-5=67
train/65181.jpg,3+6*8=51
train/65182.jpg,(9+6)-7=8
train/65183.jpg,4*0*0=0
train/65184.jpg,9+(2*4)=17
train/65185.jpg,3-(0+9)=-6
train/65186.jpg,(3+2)*3=15
train/65187.jpg,7*(5-1)=28
train/65188.jpg,(3*9)*3=81
train/65189.jpg,2*4-8=0
train/65190.jpg,1+(1*8)=9
train/65191.jpg,0-5*3=-15
train/65192.jpg,2+(3+3)=8
train/65193.jpg,1-(2+0)=-1
train/65194.jpg,8+2*9=26
train/65195.jpg,(3*6)+2=20
train/65196.jpg,(5*9)-6=39
train/65197.jpg,(8+7)+0=15
train/65198.jpg,1-(6*9)=-53
train/65199.jpg,(0+1)*0=0
train/65200.jpg,7+3-3=7
train/65201.jpg,(6+0)+7=13
train/65202.jpg,(5+4)*3=27
train/65203.jpg,(2+9)+4=15
train/65204.jpg,0-(0*5)=0
train/65205.jpg,9-9*2=-9
train/65206.jpg,7+0-7=0
train/65207.jpg,(4+9)+3=16
train/65208.jpg,4*5+3=23
train/65209.jpg,5+6-6=5
train/65210.jpg,0*8*8=0
train/65211.jpg,(0-7)+4=-3
train/65212.jpg,8-(1-2)=9
train/65213.jpg,6-5*6=-24
train/65214.jpg,(7+4)*4=44
train/65215.jpg,6-8*4=-26
train/65216.jpg,0-(0*8)=0
train/65217.jpg,(9-2)*5=35
train/65218.jpg,(9-3)-0=6
train/65219.jpg,3+1*2=5
train/65220.jpg,7-(6+0)=1
train/65221.jpg,9*(2*6)=108
train/65222.jpg,4+(4+7)=15
train/65223.jpg,8+4*2=16
train/65224.jpg,6-(1+0)=5
train/65225.jpg,(1+6)*8=56
train/65226.jpg,8*0*8=0
train/65227.jpg,3+4-4=3
train/65228.jpg,2-(2+9)=-9
train/65229.jpg,8-0-7=1
train/65230.jpg,(5*7)+6=41
train/65231.jpg,(1+5)*5=30
train/65232.jpg,2+4-4=2
train/65233.jpg,4+(7+4)=15
train/65234.jpg,9*3+5=32
train/65235.jpg,7-(2*7)=-7
train/65236.jpg,3-8*3=-21
train/65237.jpg,0+2-1=1
train/65238.jpg,7+(0+1)=8
train/65239.jpg,3+(2+3)=8
train/65240.jpg,1+(4*8)=33
train/65241.jpg,(1+5)+6=12
train/65242.jpg,8*5-7=33
train/65243.jpg,8+(7+0)=15
train/65244.jpg,(3*3)+5=14
train/65245.jpg,6-6-8=-8
train/65246.jpg,0*3*7=0
train/65247.jpg,1+(5-8)=-2
train/65248.jpg,0*8*3=0
train/65249.jpg,5+0+9=14
train/65250.jpg,3-6+2=-1
train/65251.jpg,2-3+8=7
train/65252.jpg,9-8+3=4
train/65253.jpg,6-(5-5)=6
train/65254.jpg,5-1-5=-1
train/65255.jpg,4-9*8=-68
train/65256.jpg,0*4+9=9
train/65257.jpg,0+(8*1)=8
train/65258.jpg,8*(2+2)=32
train/65259.jpg,7-3+2=6
train/65260.jpg,9*(7+8)=135
train/65261.jpg,(7-2)*2=10
train/65262.jpg,3+(7+9)=19
train/65263.jpg,3+(9-3)=9
train/65264.jpg,9-7*7=-40
train/65265.jpg,5-5+8=8
train/65266.jpg,(7*4)*9=252
train/65267.jpg,9*5+0=45
train/65268.jpg,(6*5)+9=39
train/65269.jpg,1*3*2=6
train/65270.jpg,1*(7-3)=4
train/65271.jpg,0*5-2=-2
train/65272.jpg,0*(7-2)=0
train/65273.jpg,0-(8+7)=-15
train/65274.jpg,2+0*3=2
train/65275.jpg,2-5-6=-9
train/65276.jpg,5+9-2=12
train/65277.jpg,(5*1)*0=0
train/65278.jpg,2*(7-9)=-4
train/65279.jpg,(7-4)*2=6
train/65280.jpg,(6*9)+2=56
train/65281.jpg,9*(3-1)=18
train/65282.jpg,4-(3+1)=0
train/65283.jpg,2+(4+5)=11
train/65284.jpg,9-9-7=-7
train/65285.jpg,9*8*6=432
train/65286.jpg,1*(8+9)=17
train/65287.jpg,(5+6)*3=33
train/65288.jpg,6-7*0=6
train/65289.jpg,6*8-2=46
train/65290.jpg,(0*0)+6=6
train/65291.jpg,7-(9*9)=-74
train/65292.jpg,(5-2)+9=12
train/65293.jpg,0-4+6=2
train/65294.jpg,4+(9-7)=6
train/65295.jpg,0*8+4=4
train/65296.jpg,4+2-9=-3
train/65297.jpg,2+(5-9)=-2
train/65298.jpg,3*(4*8)=96
train/65299.jpg,8*(9*0)=0
train/65300.jpg,6*(0-1)=-6
train/65301.jpg,(9-6)+4=7
train/65302.jpg,4+4-0=8
train/65303.jpg,2+(9+0)=11
train/65304.jpg,8-(8+4)=-4
train/65305.jpg,7-(2*3)=1
train/65306.jpg,8-0+6=14
train/65307.jpg,6+4-9=1
train/65308.jpg,6+2*4=14
train/65309.jpg,2*(0+9)=18
train/65310.jpg,(2-5)-5=-8
train/65311.jpg,5-8-8=-11
train/65312.jpg,(5*9)+2=47
train/65313.jpg,8+6-1=13
train/65314.jpg,2-2+1=1
train/65315.jpg,9+(1+8)=18
train/65316.jpg,(4*8)+2=34
train/65317.jpg,(5-9)+6=2
train/65318.jpg,0*9+8=8
train/65319.jpg,9+9*1=18
train/65320.jpg,(8+5)*5=65
train/65321.jpg,9-(7*9)=-54
train/65322.jpg,(4-9)-8=-13
train/65323.jpg,7*4-1=27
train/65324.jpg,2-(2-3)=3
train/65325.jpg,3-5+5=3
train/65326.jpg,2+1+1=4
train/65327.jpg,7+(9+3)=19
train/65328.jpg,5+(4-6)=3
train/65329.jpg,5*4*2=40
train/65330.jpg,8-(6*7)=-34
train/65331.jpg,9-(8-6)=7
train/65332.jpg,8*(1+9)=80
train/65333.jpg,2*(0-5)=-10
train/65334.jpg,2-(9-1)=-6
train/65335.jpg,(4-6)+3=1
train/65336.jpg,3+(9*4)=39
train/65337.jpg,0*1+6=6
train/65338.jpg,8-3*7=-13
train/65339.jpg,6*(0*5)=0
train/65340.jpg,(9*0)+4=4
train/65341.jpg,(8+3)+9=20
train/65342.jpg,(8-3)*0=0
train/65343.jpg,6+6*5=36
train/65344.jpg,(5-6)+6=5
train/65345.jpg,9+4-8=5
train/65346.jpg,8*(7*8)=448
train/65347.jpg,1*(0*3)=0
train/65348.jpg,2-1+9=10
train/65349.jpg,(1-3)+1=-1
train/65350.jpg,7-(9+7)=-9
train/65351.jpg,(2*7)+4=18
train/65352.jpg,1*6-3=3
train/65353.jpg,4+(6+9)=19
train/65354.jpg,0-(1+6)=-7
train/65355.jpg,(0-1)*5=-5
train/65356.jpg,(4+5)*7=63
train/65357.jpg,1-8+5=-2
train/65358.jpg,3-(7+5)=-9
train/65359.jpg,(7-9)+1=-1
train/65360.jpg,(3*5)+7=22
train/65361.jpg,6-(1-2)=7
train/65362.jpg,8*(6*3)=144
train/65363.jpg,4*(2-3)=-4
train/65364.jpg,1*(5*7)=35
train/65365.jpg,(3+5)+7=15
train/65366.jpg,0-0+4=4
train/65367.jpg,(8-3)-7=-2
train/65368.jpg,1-(0*1)=1
train/65369.jpg,(5*9)-0=45
train/65370.jpg,9*1*3=27
train/65371.jpg,(3*9)-2=25
train/65372.jpg,1-(6*1)=-5
train/65373.jpg,(8*1)-9=-1
train/65374.jpg,6-1*7=-1
train/65375.jpg,4*6+1=25
train/65376.jpg,7+(5*1)=12
train/65377.jpg,(2+0)*6=12
train/65378.jpg,(8-0)*6=48
train/65379.jpg,0+(1*1)=1
train/65380.jpg,(6+1)*9=63
train/65381.jpg,(6*6)-8=28
train/65382.jpg,7-(6+6)=-5
train/65383.jpg,(1*6)-8=-2
train/65384.jpg,(9*7)*7=441
train/65385.jpg,(0-7)*0=0
train/65386.jpg,7+7+2=16
train/65387.jpg,(5-2)-4=-1
train/65388.jpg,6*(6*8)=288
train/65389.jpg,7-0*2=7
train/65390.jpg,(6+2)*5=40
train/65391.jpg,8-3+3=8
train/65392.jpg,(0+6)-9=-3
train/65393.jpg,9+4*4=25
train/65394.jpg,(1-7)+1=-5
train/65395.jpg,(6-8)+1=-1
train/65396.jpg,1-(8*7)=-55
train/65397.jpg,(2-5)+8=5
train/65398.jpg,(5*5)+3=28
train/65399.jpg,6*9-5=49
train/65400.jpg,7*(3+9)=84
train/65401.jpg,1*3-7=-4
train/65402.jpg,4+7-2=9
train/65403.jpg,6-(4+2)=0
train/65404.jpg,(3*5)*3=45
train/65405.jpg,(2+4)+9=15
train/65406.jpg,(2*0)+3=3
train/65407.jpg,3+(5*4)=23
train/65408.jpg,1*1+4=5
train/65409.jpg,9*(3-6)=-27
train/65410.jpg,4*(7+5)=48
train/65411.jpg,(3*3)*9=81
train/65412.jpg,(4-1)-9=-6
train/65413.jpg,3-9+1=-5
train/65414.jpg,(6*2)+0=12
train/65415.jpg,7-(8*9)=-65
train/65416.jpg,8-(4+4)=0
train/65417.jpg,6+(0-8)=-2
train/65418.jpg,5-(8-9)=6
train/65419.jpg,(1-3)-4=-6
train/65420.jpg,6+(5*6)=36
train/65421.jpg,(9+2)-7=4
train/65422.jpg,(8+5)+7=20
train/65423.jpg,0-5+6=1
train/65424.jpg,(0*4)*6=0
train/65425.jpg,9-5-5=-1
train/65426.jpg,5-5+0=0
train/65427.jpg,(6-7)-2=-3
train/65428.jpg,(9*3)*0=0
train/65429.jpg,(7+3)+8=18
train/65430.jpg,(8-9)-8=-9
train/65431.jpg,1-8-5=-12
train/65432.jpg,9-(2*3)=3
train/65433.jpg,2-0-3=-1
train/65434.jpg,8*(7-0)=56
train/65435.jpg,(8+8)*4=64
train/65436.jpg,8*5-0=40
train/65437.jpg,(2*1)+2=4
train/65438.jpg,(6-3)+9=12
train/65439.jpg,1*(0-0)=0
train/65440.jpg,0*(4*1)=0
train/65441.jpg,7*(5-0)=35
train/65442.jpg,6-8+1=-1
train/65443.jpg,1-(1*5)=-4
train/65444.jpg,1*4+1=5
train/65445.jpg,7*4-4=24
train/65446.jpg,1-(3+5)=-7
train/65447.jpg,9*(0+3)=27
train/65448.jpg,8+(6*1)=14
train/65449.jpg,9*(5*7)=315
train/65450.jpg,0+(4+3)=7
train/65451.jpg,0+(0*0)=0
train/65452.jpg,7+6-8=5
train/65453.jpg,(5*4)+6=26
train/65454.jpg,(3+9)*0=0
train/65455.jpg,5+6*3=23
train/65456.jpg,(7-1)-1=5
train/65457.jpg,(9*8)+8=80
train/65458.jpg,(8-2)*0=0
train/65459.jpg,1-(6-1)=-4
train/65460.jpg,6+6+3=15
train/65461.jpg,9+3+9=21
train/65462.jpg,1+6*4=25
train/65463.jpg,(7+5)-0=12
train/65464.jpg,(0*0)*1=0
train/65465.jpg,8+9*1=17
train/65466.jpg,(8*2)-1=15
train/65467.jpg,2+8*9=74
train/65468.jpg,4+(9+3)=16
train/65469.jpg,8*(7*0)=0
train/65470.jpg,6*(2+0)=12
train/65471.jpg,4-7*8=-52
train/65472.jpg,(7*9)-7=56
train/65473.jpg,2*0-4=-4
train/65474.jpg,(8*0)+1=1
train/65475.jpg,(6-1)-7=-2
train/65476.jpg,8*5*0=0
train/65477.jpg,0-6-5=-11
train/65478.jpg,(8*8)-6=58
train/65479.jpg,9*3+2=29
train/65480.jpg,(5*1)*3=15
train/65481.jpg,(4+7)-1=10
train/65482.jpg,(9*7)-0=63
train/65483.jpg,6*(5+0)=30
train/65484.jpg,5+(1*8)=13
train/65485.jpg,8*(7-0)=56
train/65486.jpg,(7*1)+2=9
train/65487.jpg,(4-8)+2=-2
train/65488.jpg,1-7+8=2
train/65489.jpg,(1*2)-8=-6
train/65490.jpg,4-6*2=-8
train/65491.jpg,4*5+8=28
train/65492.jpg,(5+0)*6=30
train/65493.jpg,2-(5*6)=-28
train/65494.jpg,7-1+5=11
train/65495.jpg,5+(0+5)=10
train/65496.jpg,4-(3+3)=-2
train/65497.jpg,5*3*3=45
train/65498.jpg,3*(3+9)=36
train/65499.jpg,5+3*2=11
train/65500.jpg,(2*3)-9=-3
train/65501.jpg,3-5*9=-42
train/65502.jpg,1+(8-3)=6
train/65503.jpg,9*(1*9)=81
train/65504.jpg,8*1-0=8
train/65505.jpg,(7+3)*4=40
train/65506.jpg,0-(5*0)=0
train/65507.jpg,1+2+1=4
train/65508.jpg,(6+0)-3=3
train/65509.jpg,(4+8)*0=0
train/65510.jpg,(1*9)-1=8
train/65511.jpg,0*(1-4)=0
train/65512.jpg,2+7+0=9
train/65513.jpg,7-2+7=12
train/65514.jpg,(4*6)+2=26
train/65515.jpg,6*5+2=32
train/65516.jpg,9*5+7=52
train/65517.jpg,5+(9+0)=14
train/65518.jpg,8*(4+3)=56
train/65519.jpg,7-3+9=13
train/65520.jpg,0*(1-0)=0
train/65521.jpg,0+6+6=12
train/65522.jpg,(1-4)-7=-10
train/65523.jpg,9+(3-0)=12
train/65524.jpg,(7*6)+0=42
train/65525.jpg,7-(4+1)=2
train/65526.jpg,(9-7)+9=11
train/65527.jpg,2-(1-2)=3
train/65528.jpg,5-8*3=-19
train/65529.jpg,(3+1)+7=11
train/65530.jpg,(3+9)-5=7
train/65531.jpg,2*7*1=14
train/65532.jpg,(9*9)-1=80
train/65533.jpg,(4-1)*6=18
train/65534.jpg,2-2+8=8
train/65535.jpg,8+(8-2)=14
train/65536.jpg,8-(8-9)=9
train/65537.jpg,8-1*1=7
train/65538.jpg,6-(8+0)=-2
train/65539.jpg,(5*0)*2=0
train/65540.jpg,6*(1+1)=12
train/65541.jpg,(2*1)-8=-6
train/65542.jpg,7*7+5=54
train/65543.jpg,1-2+5=4
train/65544.jpg,0-(0-8)=8
train/65545.jpg,(6*6)-2=34
train/65546.jpg,0*(5-5)=0
train/65547.jpg,(9-2)*9=63
train/65548.jpg,6-(0*7)=6
train/65549.jpg,(0-2)+4=2
train/65550.jpg,8-2+2=8
train/65551.jpg,7+2-8=1
train/65552.jpg,5-(4+2)=-1
train/65553.jpg,9+3-7=5
train/65554.jpg,(8*5)-3=37
train/65555.jpg,(6+6)-6=6
train/65556.jpg,(8*2)*5=80
train/65557.jpg,9-9-2=-2
train/65558.jpg,5+8*3=29
train/65559.jpg,(5*0)*2=0
train/65560.jpg,3+4*2=11
train/65561.jpg,6+(6+2)=14
train/65562.jpg,(9*8)-8=64
train/65563.jpg,3-(8-9)=4
train/65564.jpg,0-(0+4)=-4
train/65565.jpg,(9*5)*6=270
train/65566.jpg,9+(4*8)=41
train/65567.jpg,8*9-1=71
train/65568.jpg,(4*2)*3=24
train/65569.jpg,(9*2)+3=21
train/65570.jpg,6*(4*1)=24
train/65571.jpg,(0*6)-1=-1
train/65572.jpg,6-0*3=6
train/65573.jpg,7*7-8=41
train/65574.jpg,3+(8+9)=20
train/65575.jpg,2-(3-6)=5
train/65576.jpg,2*(0*8)=0
train/65577.jpg,(5+1)*9=54
train/65578.jpg,2+0+5=7
train/65579.jpg,(4*0)*7=0
train/65580.jpg,(1-6)-9=-14
train/65581.jpg,0+7+2=9
train/65582.jpg,(4-3)+0=1
train/65583.jpg,7-3-1=3
train/65584.jpg,8*(6*0)=0
train/65585.jpg,8+(5+4)=17
train/65586.jpg,(6*8)+0=48
train/65587.jpg,0-2+0=-2
train/65588.jpg,5+(7-0)=12
train/65589.jpg,2+(6-8)=0
train/65590.jpg,1*4+3=7
train/65591.jpg,(3+6)-0=9
train/65592.jpg,6-(1*0)=6
train/65593.jpg,7+9*4=43
train/65594.jpg,5-(5+2)=-2
train/65595.jpg,9*8-8=64
train/65596.jpg,3*(9-6)=9
train/65597.jpg,4+(2+6)=12
train/65598.jpg,(5+7)-0=12
train/65599.jpg,(5*0)-9=-9
train/65600.jpg,(1+9)-0=10
train/65601.jpg,5*9*9=405
train/65602.jpg,(0-5)+4=-1
train/65603.jpg,(1+5)*7=42
train/65604.jpg,(4+7)*6=66
train/65605.jpg,1+4-7=-2
train/65606.jpg,(0-1)*3=-3
train/65607.jpg,0+(7-3)=4
train/65608.jpg,8*5-6=34
train/65609.jpg,8*5*9=360
train/65610.jpg,6*8*2=96
train/65611.jpg,0+4*9=36
train/65612.jpg,0-7-3=-10
train/65613.jpg,(5+9)+1=15
train/65614.jpg,5*6+6=36
train/65615.jpg,(8+0)+7=15
train/65616.jpg,7-6-5=-4
train/65617.jpg,1+0-6=-5
train/65618.jpg,(3*8)+1=25
train/65619.jpg,2-(3-4)=3
train/65620.jpg,8*(2-4)=-16
train/65621.jpg,(5+0)*6=30
train/65622.jpg,4+3+8=15
train/65623.jpg,4-(7+8)=-11
train/65624.jpg,(2*6)*5=60
train/65625.jpg,(2+5)+6=13
train/65626.jpg,3-0+2=5
train/65627.jpg,(4*9)*4=144
train/65628.jpg,(5*2)+4=14
train/65629.jpg,(3*6)*8=144
train/65630.jpg,3+(2-0)=5
train/65631.jpg,7+(1+6)=14
train/65632.jpg,(2-4)*7=-14
train/65633.jpg,(1+0)-6=-5
train/65634.jpg,8-(2*5)=-2
train/65635.jpg,9-2-6=1
train/65636.jpg,(6-6)-6=-6
train/65637.jpg,(2*2)*1=4
train/65638.jpg,6+(0+1)=7
train/65639.jpg,8+(3-7)=4
train/65640.jpg,2-(0*9)=2
train/65641.jpg,4*1-7=-3
train/65642.jpg,(1-5)+6=2
train/65643.jpg,3+(7-4)=6
train/65644.jpg,6-(0-9)=15
train/65645.jpg,5*(1+4)=25
train/65646.jpg,8+3+5=16
train/65647.jpg,9-(6+2)=1
train/65648.jpg,(7+9)-2=14
train/65649.jpg,8-7+7=8
train/65650.jpg,9-(8+1)=0
train/65651.jpg,5*(8+3)=55
train/65652.jpg,8+9+7=24
train/65653.jpg,(4-0)+9=13
train/65654.jpg,5-8*6=-43
train/65655.jpg,3*(9-3)=18
train/65656.jpg,8*1-8=0
train/65657.jpg,(4+0)*0=0
train/65658.jpg,3+(1*5)=8
train/65659.jpg,1+(7+2)=10
train/65660.jpg,9-8+6=7
train/65661.jpg,4*9+3=39
train/65662.jpg,6-5-1=0
train/65663.jpg,0-5-6=-11
train/65664.jpg,(8-4)+2=6
train/65665.jpg,3+0*6=3
train/65666.jpg,1+9+5=15
train/65667.jpg,7-(6+9)=-8
train/65668.jpg,7-3+8=12
train/65669.jpg,(4+7)+2=13
train/65670.jpg,(5-4)+8=9
train/65671.jpg,7*5*5=175
train/65672.jpg,4-(6*4)=-20
train/65673.jpg,6+7+9=22
train/65674.jpg,(4*9)*3=108
train/65675.jpg,(4-8)-5=-9
train/65676.jpg,4*(4+7)=44
train/65677.jpg,(3-5)*9=-18
train/65678.jpg,9-1-8=0
train/65679.jpg,(7+8)+7=22
train/65680.jpg,0-(9*4)=-36
train/65681.jpg,(0-9)-6=-15
train/65682.jpg,5*(2+0)=10
train/65683.jpg,(7-0)-8=-1
train/65684.jpg,(5+3)-7=1
train/65685.jpg,7*(3-5)=-14
train/65686.jpg,1*7-4=3
train/65687.jpg,(6-7)*5=-5
train/65688.jpg,8*(5-6)=-8
train/65689.jpg,7-(5+2)=0
train/65690.jpg,(2*4)-4=4
train/65691.jpg,1*(5-6)=-1
train/65692.jpg,7-4+9=12
train/65693.jpg,9-1*9=0
train/65694.jpg,6+9-8=7
train/65695.jpg,6+0+5=11
train/65696.jpg,9-4-3=2
train/65697.jpg,4*1-5=-1
train/65698.jpg,5+7-1=11
train/65699.jpg,(2+8)-7=3
train/65700.jpg,(8*5)+1=41
train/65701.jpg,(2*2)+9=13
train/65702.jpg,(2-8)-8=-14
train/65703.jpg,9*(5-2)=27
train/65704.jpg,2-(2-7)=7
train/65705.jpg,3*8*1=24
train/65706.jpg,(0-1)-6=-7
train/65707.jpg,(3*8)+0=24
train/65708.jpg,1*(0+6)=6
train/65709.jpg,0+0*3=0
train/65710.jpg,2-(4+6)=-8
train/65711.jpg,5-9+6=2
train/65712.jpg,(7+6)+6=19
train/65713.jpg,4+8*1=12
train/65714.jpg,0-6+8=2
train/65715.jpg,8*(7+9)=128
train/65716.jpg,9-7*0=9
train/65717.jpg,(9+5)+3=17
train/65718.jpg,4*8+3=35
train/65719.jpg,(2-8)-1=-7
train/65720.jpg,(9+1)*3=30
train/65721.jpg,(6+1)*7=49
train/65722.jpg,0-(5*2)=-10
train/65723.jpg,8*6+3=51
train/65724.jpg,7-1+8=14
train/65725.jpg,(1+1)-9=-7
train/65726.jpg,7*5+1=36
train/65727.jpg,(9+6)*9=135
train/65728.jpg,2+3+7=12
train/65729.jpg,9*(8*9)=648
train/65730.jpg,6+(9*4)=42
train/65731.jpg,1*6-4=2
train/65732.jpg,(8+4)*4=48
train/65733.jpg,5-2+9=12
train/65734.jpg,3+(8*2)=19
train/65735.jpg,3+0+6=9
train/65736.jpg,5+4-2=7
train/65737.jpg,(1*5)+2=7
train/65738.jpg,(4*2)-0=8
train/65739.jpg,0-(5*0)=0
train/65740.jpg,8*2*1=16
train/65741.jpg,1+(5*6)=31
train/65742.jpg,(3*5)*2=30
train/65743.jpg,(0-4)*5=-20
train/65744.jpg,0*4-8=-8
train/65745.jpg,2-7+4=-1
train/65746.jpg,(1*4)*5=20
train/65747.jpg,(8-9)*1=-1
train/65748.jpg,6*7-2=40
train/65749.jpg,2+(0*7)=2
train/65750.jpg,(0-2)+5=3
train/65751.jpg,(2-7)*0=0
train/65752.jpg,6-2*2=2
train/65753.jpg,0+(7*7)=49
train/65754.jpg,4*(4-7)=-12
train/65755.jpg,(5+8)+7=20
train/65756.jpg,(9-8)-2=-1
train/65757.jpg,2*2-8=-4
train/65758.jpg,3+(5-3)=5
train/65759.jpg,(9-4)-6=-1
train/65760.jpg,6-(8-4)=2
train/65761.jpg,6*(5-2)=18
train/65762.jpg,1*2-7=-5
train/65763.jpg,(3+8)*3=33
train/65764.jpg,7*0*2=0
train/65765.jpg,(7-9)-8=-10
train/65766.jpg,(1*5)*8=40
train/65767.jpg,9*8-4=68
train/65768.jpg,(1*5)-4=1
train/65769.jpg,6*6+4=40
train/65770.jpg,(1+5)*4=24
train/65771.jpg,0+(5-7)=-2
train/65772.jpg,7-(7*7)=-42
train/65773.jpg,7-5*7=-28
train/65774.jpg,(9-6)+8=11
train/65775.jpg,9*1-7=2
train/65776.jpg,2*(4-8)=-8
train/65777.jpg,(1-8)-0=-7
train/65778.jpg,(7+6)-7=6
train/65779.jpg,5+3+0=8
train/65780.jpg,7+(8-1)=14
train/65781.jpg,5-(6*9)=-49
train/65782.jpg,1*9+1=10
train/65783.jpg,6*(6+6)=72
train/65784.jpg,(7*1)*3=21
train/65785.jpg,4-(9*0)=4
train/65786.jpg,(0*3)-1=-1
train/65787.jpg,(3*3)-5=4
train/65788.jpg,2+(7*8)=58
train/65789.jpg,8-(9-2)=1
train/65790.jpg,1*1*7=7
train/65791.jpg,2-(4-1)=-1
train/65792.jpg,4+(4*5)=24
train/65793.jpg,1*2+3=5
train/65794.jpg,3-(1+2)=0
train/65795.jpg,5*(5*7)=175
train/65796.jpg,7+6*9=61
train/65797.jpg,8-(8+3)=-3
train/65798.jpg,(1*2)*8=16
train/65799.jpg,(1-1)-8=-8
train/65800.jpg,6-(5+2)=-1
train/65801.jpg,(3-0)-3=0
train/65802.jpg,5*(3+3)=30
train/65803.jpg,7*(4+9)=91
train/65804.jpg,(8+8)-3=13
train/65805.jpg,5-(1-4)=8
train/65806.jpg,7*4+4=32
train/65807.jpg,2*(1-7)=-12
train/65808.jpg,(1+8)-9=0
train/65809.jpg,5*3+3=18
train/65810.jpg,5-5*3=-10
train/65811.jpg,9-(5*7)=-26
train/65812.jpg,6-0*6=6
train/65813.jpg,(8+3)*6=66
train/65814.jpg,(1-0)*4=4
train/65815.jpg,1*1+1=2
train/65816.jpg,(6+5)+7=18
train/65817.jpg,(2*6)+7=19
train/65818.jpg,(8+2)-7=3
train/65819.jpg,2*(2+5)=14
train/65820.jpg,4-0-4=0
train/65821.jpg,(0-8)*3=-24
train/65822.jpg,4-(6-9)=7
train/65823.jpg,(8*9)-6=66
train/65824.jpg,(0*7)*8=0
train/65825.jpg,(8+9)+4=21
train/65826.jpg,4+(4*7)=32
train/65827.jpg,0-2-2=-4
train/65828.jpg,(6*3)-2=16
train/65829.jpg,6+(8+8)=22
train/65830.jpg,1*3*8=24
train/65831.jpg,(2-8)+7=1
train/65832.jpg,9+(2-2)=9
train/65833.jpg,(7*6)*0=0
train/65834.jpg,1+(9+5)=15
train/65835.jpg,9+(4+6)=19
train/65836.jpg,(9+5)-1=13
train/65837.jpg,(2+8)*7=70
train/65838.jpg,4+3-8=-1
train/65839.jpg,(0-8)+0=-8
train/65840.jpg,(5*9)*9=405
train/65841.jpg,3+(2+1)=6
train/65842.jpg,1-5-6=-10
train/65843.jpg,3+(6-6)=3
train/65844.jpg,(9+6)+5=20
train/65845.jpg,5+(6+1)=12
train/65846.jpg,0+(5-1)=4
train/65847.jpg,4*0+1=1
train/65848.jpg,0+3-6=-3
train/65849.jpg,(8-2)+3=9
train/65850.jpg,(7*4)+0=28
train/65851.jpg,9-5+4=8
train/65852.jpg,0-(9*8)=-72
train/65853.jpg,7*(3+0)=21
train/65854.jpg,4*4*8=128
train/65855.jpg,(8+1)*8=72
train/65856.jpg,(8-0)+2=10
train/65857.jpg,(5*3)+9=24
train/65858.jpg,0-3+0=-3
train/65859.jpg,6-0*4=6
train/65860.jpg,4-(5+1)=-2
train/65861.jpg,(5+9)*7=98
train/65862.jpg,(8+9)+0=17
train/65863.jpg,(3-9)+6=0
train/65864.jpg,0-(0+6)=-6
train/65865.jpg,3*9-0=27
train/65866.jpg,0-9-0=-9
train/65867.jpg,3-(6*8)=-45
train/65868.jpg,7+(0*6)=7
train/65869.jpg,3*(5*2)=30
train/65870.jpg,(1+6)*2=14
train/65871.jpg,8+(8*1)=16
train/65872.jpg,(7*1)-5=2
train/65873.jpg,7+4*3=19
train/65874.jpg,(3-2)*7=7
train/65875.jpg,6+(2+4)=12
train/65876.jpg,1*5+8=13
train/65877.jpg,8+(4-3)=9
train/65878.jpg,2+3-3=2
train/65879.jpg,6-(7*9)=-57
train/65880.jpg,1+(2+5)=8
train/65881.jpg,3-(4-0)=-1
train/65882.jpg,0*(6*4)=0
train/65883.jpg,(7-4)*1=3
train/65884.jpg,0*(5*2)=0
train/65885.jpg,6*(5+6)=66
train/65886.jpg,1-(1-9)=9
train/65887.jpg,0-2-3=-5
train/65888.jpg,0*(4+0)=0
train/65889.jpg,0-(2-0)=-2
train/65890.jpg,(1*1)-4=-3
train/65891.jpg,5*3*8=120
train/65892.jpg,9+2-8=3
train/65893.jpg,(1*6)*7=42
train/65894.jpg,9-(6*3)=-9
train/65895.jpg,(1-2)*3=-3
train/65896.jpg,(3*7)*6=126
train/65897.jpg,2+(6*8)=50
train/65898.jpg,9-(0-4)=13
train/65899.jpg,(2*6)-3=9
train/65900.jpg,(3+1)-1=3
train/65901.jpg,9-(9-4)=4
train/65902.jpg,(5+2)*6=42
train/65903.jpg,8*1*3=24
train/65904.jpg,0*5*5=0
train/65905.jpg,8+(5*2)=18
train/65906.jpg,7+(3+0)=10
train/65907.jpg,(5*3)-9=6
train/65908.jpg,7*6*9=378
train/65909.jpg,4-9-2=-7
train/65910.jpg,3-(5*0)=3
train/65911.jpg,9-3-7=-1
train/65912.jpg,4-(7*2)=-10
train/65913.jpg,1-1+7=7
train/65914.jpg,(4+0)-0=4
train/65915.jpg,(1+0)+0=1
train/65916.jpg,6-(4*3)=-6
train/65917.jpg,(3+3)+9=15
train/65918.jpg,4*9*4=144
train/65919.jpg,(5-5)*4=0
train/65920.jpg,3+(0*5)=3
train/65921.jpg,3-7*7=-46
train/65922.jpg,5+(5+5)=15
train/65923.jpg,7-(2-2)=7
train/65924.jpg,8*(4+7)=88
train/65925.jpg,4*9+6=42
train/65926.jpg,7+6*6=43
train/65927.jpg,(8+8)*6=96
train/65928.jpg,8*(1*0)=0
train/65929.jpg,(4+3)+6=13
train/65930.jpg,3-(2*0)=3
train/65931.jpg,1+9-4=6
train/65932.jpg,7-5-0=2
train/65933.jpg,(5*2)*2=20
train/65934.jpg,(6+3)*5=45
train/65935.jpg,(1+7)*2=16
train/65936.jpg,5+(3*2)=11
train/65937.jpg,9*9+0=81
train/65938.jpg,(7*3)-4=17
train/65939.jpg,7+(5+5)=17
train/65940.jpg,(1*6)+4=10
train/65941.jpg,0+(3-4)=-1
train/65942.jpg,8*(8+0)=64
train/65943.jpg,9-2+6=13
train/65944.jpg,9-(7*7)=-40
train/65945.jpg,9+(9-5)=13
train/65946.jpg,3-(0-8)=11
train/65947.jpg,(7-3)+0=4
train/65948.jpg,8*2-2=14
train/65949.jpg,4+(9+3)=16
train/65950.jpg,7*3*7=147
train/65951.jpg,0*(6-8)=0
train/65952.jpg,2-(5-3)=0
train/65953.jpg,(2*4)+2=10
train/65954.jpg,0-7+1=-6
train/65955.jpg,5+(6*2)=17
train/65956.jpg,4-8+1=-3
train/65957.jpg,8*3*2=48
train/65958.jpg,(5-0)+3=8
train/65959.jpg,7+8-9=6
train/65960.jpg,1+(1*1)=2
train/65961.jpg,(3*0)*3=0
train/65962.jpg,5*2+6=16
train/65963.jpg,(2*1)*1=2
train/65964.jpg,(6-5)*5=5
train/65965.jpg,5*5-2=23
train/65966.jpg,4*3-2=10
train/65967.jpg,9+1-0=10
train/65968.jpg,(8-9)*7=-7
train/65969.jpg,(5*1)+2=7
train/65970.jpg,8*(3-5)=-16
train/65971.jpg,6+(6-7)=5
train/65972.jpg,9+6+9=24
train/65973.jpg,7*(6+3)=63
train/65974.jpg,3+(8+3)=14
train/65975.jpg,8+(7*9)=71
train/65976.jpg,4+9-4=9
train/65977.jpg,(9-8)-9=-8
train/65978.jpg,9*(3-4)=-9
train/65979.jpg,9+(0+7)=16
train/65980.jpg,3-(3*1)=0
train/65981.jpg,7+(9+5)=21
train/65982.jpg,4*(9*8)=288
train/65983.jpg,4-(3-1)=2
train/65984.jpg,6-(2*9)=-12
train/65985.jpg,9*8-9=63
train/65986.jpg,9-(9+3)=-3
train/65987.jpg,(9-5)+4=8
train/65988.jpg,(2+9)*0=0
train/65989.jpg,9+3-8=4
train/65990.jpg,4-(8*7)=-52
train/65991.jpg,9-(4*1)=5
train/65992.jpg,2*(6-1)=10
train/65993.jpg,(3*0)*2=0
train/65994.jpg,2*(6+6)=24
train/65995.jpg,(3*7)*6=126
train/65996.jpg,1*2+3=5
train/65997.jpg,(5-0)*9=45
train/65998.jpg,8+9*5=53
train/65999.jpg,(5+0)*4=20
train/66000.jpg,5+9+8=22
train/66001.jpg,(7-0)*4=28
train/66002.jpg,(0+6)*7=42
train/66003.jpg,0+3+0=3
train/66004.jpg,0-4-5=-9
train/66005.jpg,5-8*1=-3
train/66006.jpg,7+1-5=3
train/66007.jpg,5*(4+0)=20
train/66008.jpg,0-9+3=-6
train/66009.jpg,(5+1)*8=48
train/66010.jpg,3-(3+7)=-7
train/66011.jpg,6+(7*0)=6
train/66012.jpg,5-(7-1)=-1
train/66013.jpg,(9+9)*2=36
train/66014.jpg,3-1*0=3
train/66015.jpg,5+3-4=4
train/66016.jpg,(5-5)+0=0
train/66017.jpg,9*0+5=5
train/66018.jpg,9*(2*1)=18
train/66019.jpg,4-8-4=-8
train/66020.jpg,0+(8*1)=8
train/66021.jpg,0-1-2=-3
train/66022.jpg,(9*2)+0=18
train/66023.jpg,(1-2)+5=4
train/66024.jpg,6+2*5=16
train/66025.jpg,5+1+7=13
train/66026.jpg,7*9*6=378
train/66027.jpg,(8-2)-1=5
train/66028.jpg,8+2-3=7
train/66029.jpg,9+(8*1)=17
train/66030.jpg,5*7-6=29
train/66031.jpg,0*7-3=-3
train/66032.jpg,4-2+8=10
train/66033.jpg,(0-8)*2=-16
train/66034.jpg,3+1+4=8
train/66035.jpg,5*(6-5)=5
train/66036.jpg,0+0-8=-8
train/66037.jpg,3-(5-9)=7
train/66038.jpg,5+(4-5)=4
train/66039.jpg,(6*5)+5=35
train/66040.jpg,(0-6)*1=-6
train/66041.jpg,7-5*4=-13
train/66042.jpg,2-0*5=2
train/66043.jpg,5-(8-0)=-3
train/66044.jpg,7-5-5=-3
train/66045.jpg,0*4-4=-4
train/66046.jpg,6*2+3=15
train/66047.jpg,4-7+7=4
train/66048.jpg,4-(4+5)=-5
train/66049.jpg,(0+7)-9=-2
train/66050.jpg,7-0+1=8
train/66051.jpg,2*(0-9)=-18
train/66052.jpg,(6-9)*1=-3
train/66053.jpg,(7*0)-2=-2
train/66054.jpg,(6-9)-1=-4
train/66055.jpg,9+(9+8)=26
train/66056.jpg,6+3-7=2
train/66057.jpg,(6*6)-6=30
train/66058.jpg,(2+2)-7=-3
train/66059.jpg,3-(9-4)=-2
train/66060.jpg,1-4-1=-4
train/66061.jpg,(6-8)-8=-10
train/66062.jpg,4+(5-2)=7
train/66063.jpg,8-2*0=8
train/66064.jpg,2*2*9=36
train/66065.jpg,(0*4)*6=0
train/66066.jpg,7*4-1=27
train/66067.jpg,(2*3)*6=36
train/66068.jpg,6-4*9=-30
train/66069.jpg,(8-3)+2=7
train/66070.jpg,3-3*5=-12
train/66071.jpg,(6-5)+9=10
train/66072.jpg,0+(7*7)=49
train/66073.jpg,5*(1-2)=-5
train/66074.jpg,5*(7-2)=25
train/66075.jpg,7+(2+4)=13
train/66076.jpg,0+(8-9)=-1
train/66077.jpg,8*(5+1)=48
train/66078.jpg,1*4*3=12
train/66079.jpg,3+8*1=11
train/66080.jpg,6+7+0=13
train/66081.jpg,6*9+4=58
train/66082.jpg,9+(8-3)=14
train/66083.jpg,9+9+8=26
train/66084.jpg,6-(7+1)=-2
train/66085.jpg,6+0+6=12
train/66086.jpg,8-(3+7)=-2
train/66087.jpg,0*0*9=0
train/66088.jpg,9+7-1=15
train/66089.jpg,1+0*8=1
train/66090.jpg,8-(0+1)=7
train/66091.jpg,5+1-0=6
train/66092.jpg,1+1+7=9
train/66093.jpg,(3+2)*1=5
train/66094.jpg,(6*1)*4=24
train/66095.jpg,(8*9)-1=71
train/66096.jpg,(4+5)-5=4
train/66097.jpg,(1*5)*1=5
train/66098.jpg,6+1-9=-2
train/66099.jpg,4+(7*5)=39
train/66100.jpg,6+(0-8)=-2
train/66101.jpg,0*6+7=7
train/66102.jpg,4*(2-9)=-28
train/66103.jpg,(6*7)+6=48
train/66104.jpg,3*(3*5)=45
train/66105.jpg,8-5-9=-6
train/66106.jpg,9-(9-5)=5
train/66107.jpg,3+(1+4)=8
train/66108.jpg,7*(4*5)=140
train/66109.jpg,(7-0)-1=6
train/66110.jpg,(9-1)+7=15
train/66111.jpg,1*(0*3)=0
train/66112.jpg,(5-1)*1=4
train/66113.jpg,7-9+0=-2
train/66114.jpg,8+(5-6)=7
train/66115.jpg,2+(2+1)=5
train/66116.jpg,(9*3)-6=21
train/66117.jpg,2-1+7=8
train/66118.jpg,(8*1)+4=12
train/66119.jpg,1-0*9=1
train/66120.jpg,(4*6)*4=96
train/66121.jpg,9+(1-7)=3
train/66122.jpg,6+(0+1)=7
train/66123.jpg,(7+4)*3=33
train/66124.jpg,8-(0*6)=8
train/66125.jpg,(9*4)+3=39
train/66126.jpg,7-(9-2)=0
train/66127.jpg,2-(0-6)=8
train/66128.jpg,2-(5+2)=-5
train/66129.jpg,9+1*1=10
train/66130.jpg,8+(4-1)=11
train/66131.jpg,6*8+9=57
train/66132.jpg,2*9+8=26
train/66133.jpg,8-3+8=13
train/66134.jpg,4-2-9=-7
train/66135.jpg,7+(3-4)=6
train/66136.jpg,1*(9*2)=18
train/66137.jpg,(9*0)-1=-1
train/66138.jpg,(8-8)-4=-4
train/66139.jpg,0+0*8=0
train/66140.jpg,(4+2)+0=6
train/66141.jpg,(1+7)+7=15
train/66142.jpg,(5+2)+4=11
train/66143.jpg,(0-8)*9=-72
train/66144.jpg,(0*2)+2=2
train/66145.jpg,9+9-9=9
train/66146.jpg,9+0+1=10
train/66147.jpg,7-8-0=-1
train/66148.jpg,7*(7+6)=91
train/66149.jpg,2+8-4=6
train/66150.jpg,(9+8)+8=25
train/66151.jpg,9*(0-1)=-9
train/66152.jpg,(5-8)-5=-8
train/66153.jpg,3+5+5=13
train/66154.jpg,4*(5*6)=120
train/66155.jpg,(2-3)*1=-1
train/66156.jpg,5*5*0=0
train/66157.jpg,3+6-1=8
train/66158.jpg,2+1-2=1
train/66159.jpg,(1+5)-0=6
train/66160.jpg,1-(9-2)=-6
train/66161.jpg,2-(8*1)=-6
train/66162.jpg,2-(6-6)=2
train/66163.jpg,7*9*7=441
train/66164.jpg,(8-1)*0=0
train/66165.jpg,(1-6)+7=2
train/66166.jpg,4*(0+2)=8
train/66167.jpg,9+(6+1)=16
train/66168.jpg,3+7-4=6
train/66169.jpg,5+3-8=0
train/66170.jpg,7*0-9=-9
train/66171.jpg,3*(8*5)=120
train/66172.jpg,(8-5)-9=-6
train/66173.jpg,6+6-7=5
train/66174.jpg,6+(7*6)=48
train/66175.jpg,8-9*2=-10
train/66176.jpg,4+0*6=4
train/66177.jpg,7-0*4=7
train/66178.jpg,(7+3)-0=10
train/66179.jpg,(5*9)+0=45
train/66180.jpg,(3-3)*0=0
train/66181.jpg,0-(9+5)=-14
train/66182.jpg,8*6*6=288
train/66183.jpg,1*(2+3)=5
train/66184.jpg,9-(4+4)=1
train/66185.jpg,1+(6-5)=2
train/66186.jpg,(0-8)+4=-4
train/66187.jpg,(1*9)+0=9
train/66188.jpg,0*3-4=-4
train/66189.jpg,2*2-1=3
train/66190.jpg,7*6+5=47
train/66191.jpg,7+(9+9)=25
train/66192.jpg,(3-7)+3=-1
train/66193.jpg,5+(5*2)=15
train/66194.jpg,5*0*8=0
train/66195.jpg,(9-7)*3=6
train/66196.jpg,(9*0)-0=0
train/66197.jpg,6*4*9=216
train/66198.jpg,(7+2)*6=54
train/66199.jpg,3+8+2=13
train/66200.jpg,0+(2+1)=3
train/66201.jpg,2*(5*7)=70
train/66202.jpg,2-7*6=-40
train/66203.jpg,1+4-4=1
train/66204.jpg,(4+0)-1=3
train/66205.jpg,(3+7)*8=80
train/66206.jpg,(5+9)-6=8
train/66207.jpg,(5*9)*1=45
train/66208.jpg,(8+6)-8=6
train/66209.jpg,1-0+3=4
train/66210.jpg,(9*4)-2=34
train/66211.jpg,(3*5)+8=23
train/66212.jpg,5+(0-7)=-2
train/66213.jpg,(2+5)*5=35
train/66214.jpg,(7-1)*5=30
train/66215.jpg,(9*1)-3=6
train/66216.jpg,(8-4)-7=-3
train/66217.jpg,6*9-3=51
train/66218.jpg,1+7-3=5
train/66219.jpg,3-1+1=3
train/66220.jpg,0*3+6=6
train/66221.jpg,8-4-7=-3
train/66222.jpg,1-(0+6)=-5
train/66223.jpg,9-2-2=5
train/66224.jpg,0-(2+2)=-4
train/66225.jpg,(1*4)+3=7
train/66226.jpg,(3*7)*6=126
train/66227.jpg,4+(1+3)=8
train/66228.jpg,3*6-7=11
train/66229.jpg,7-7*2=-7
train/66230.jpg,(1-8)-5=-12
train/66231.jpg,(3-1)-2=0
train/66232.jpg,7-4+9=12
train/66233.jpg,(4-4)-8=-8
train/66234.jpg,7-6-1=0
train/66235.jpg,8-(7-1)=2
train/66236.jpg,7+1+7=15
train/66237.jpg,9*(5+3)=72
train/66238.jpg,(3+8)-7=4
train/66239.jpg,(0*2)*2=0
train/66240.jpg,4+(3-6)=1
train/66241.jpg,(2*6)*0=0
train/66242.jpg,(8+6)-6=8
train/66243.jpg,6-0*2=6
train/66244.jpg,3+2+2=7
train/66245.jpg,(8+9)*8=136
train/66246.jpg,9+(6*0)=9
train/66247.jpg,3-(0-4)=7
train/66248.jpg,(2-3)-2=-3
train/66249.jpg,(2+0)+3=5
train/66250.jpg,4+7*3=25
train/66251.jpg,8*8-8=56
train/66252.jpg,7*0+5=5
train/66253.jpg,(2-1)-7=-6
train/66254.jpg,9+(7-9)=7
train/66255.jpg,0+2*3=6
train/66256.jpg,(2+7)*7=63
train/66257.jpg,2-7*0=2
train/66258.jpg,(7*0)*7=0
train/66259.jpg,6+(6-3)=9
train/66260.jpg,(1*8)*2=16
train/66261.jpg,8+(5-4)=9
train/66262.jpg,(5*3)+9=24
train/66263.jpg,(3+6)+1=10
train/66264.jpg,3-(4-0)=-1
train/66265.jpg,6*9*9=486
train/66266.jpg,6*(1*0)=0
train/66267.jpg,0+1+5=6
train/66268.jpg,8*7+7=63
train/66269.jpg,5-7*8=-51
train/66270.jpg,4-(8+2)=-6
train/66271.jpg,9*2*4=72
train/66272.jpg,3-(2-7)=8
train/66273.jpg,2+(6-2)=6
train/66274.jpg,(5*8)+5=45
train/66275.jpg,7-(1-7)=13
train/66276.jpg,0-1+4=3
train/66277.jpg,(8+8)-7=9
train/66278.jpg,6+(5*5)=31
train/66279.jpg,2-(7*3)=-19
train/66280.jpg,(7+5)-3=9
train/66281.jpg,6-(6*7)=-36
train/66282.jpg,8+8+0=16
train/66283.jpg,3-(4-3)=2
train/66284.jpg,4-4-6=-6
train/66285.jpg,7*(5*5)=175
train/66286.jpg,0+(3*6)=18
train/66287.jpg,4-(0+6)=-2
train/66288.jpg,7-8*5=-33
train/66289.jpg,(1*9)+6=15
train/66290.jpg,(5*5)*1=25
train/66291.jpg,2-(7+3)=-8
train/66292.jpg,(1*0)-7=-7
train/66293.jpg,7*(5+2)=49
train/66294.jpg,4*(1*6)=24
train/66295.jpg,0*4-9=-9
train/66296.jpg,3+5*2=13
train/66297.jpg,6*(7+4)=66
train/66298.jpg,3+2+3=8
train/66299.jpg,(8-0)-1=7
train/66300.jpg,9+6-6=9
train/66301.jpg,(6*7)-4=38
train/66302.jpg,5+(3+3)=11
train/66303.jpg,9-6*2=-3
train/66304.jpg,7-9*6=-47
train/66305.jpg,(0-1)-5=-6
train/66306.jpg,4*(2+3)=20
train/66307.jpg,4+5*4=24
train/66308.jpg,(2*3)+6=12
train/66309.jpg,8-1+1=8
train/66310.jpg,6-(0-6)=12
train/66311.jpg,(1+4)+6=11
train/66312.jpg,9-1-9=-1
train/66313.jpg,2*0+7=7
train/66314.jpg,(7-2)*4=20
train/66315.jpg,6+3-3=6
train/66316.jpg,5-(3+5)=-3
train/66317.jpg,8+(3-5)=6
train/66318.jpg,0*0+6=6
train/66319.jpg,6+(6*9)=60
train/66320.jpg,0*(8-1)=0
train/66321.jpg,(1-4)*0=0
train/66322.jpg,7*(9*4)=252
train/66323.jpg,4-7+0=-3
train/66324.jpg,(9*7)+1=64
train/66325.jpg,(0-3)+4=1
train/66326.jpg,2+(6+8)=16
train/66327.jpg,(4+2)-4=2
train/66328.jpg,(9*1)+8=17
train/66329.jpg,(1*4)-8=-4
train/66330.jpg,(8*4)*0=0
train/66331.jpg,(4+2)+7=13
train/66332.jpg,9+3-8=4
train/66333.jpg,(1-4)-5=-8
train/66334.jpg,7-7+5=5
train/66335.jpg,4*3+1=13
train/66336.jpg,(1*3)+0=3
train/66337.jpg,(4*3)+3=15
train/66338.jpg,9*1+7=16
train/66339.jpg,2+6-5=3
train/66340.jpg,(1+3)*1=4
train/66341.jpg,(4-1)-6=-3
train/66342.jpg,(6-8)+6=4
train/66343.jpg,3-0-8=-5
train/66344.jpg,8+3+0=11
train/66345.jpg,(8-7)*4=4
train/66346.jpg,(7+0)-8=-1
train/66347.jpg,5-1+7=11
train/66348.jpg,9-0+8=17
train/66349.jpg,9*(8-9)=-9
train/66350.jpg,8-1-4=3
train/66351.jpg,6-(5+1)=0
train/66352.jpg,9*(7-2)=45
train/66353.jpg,(8*1)-9=-1
train/66354.jpg,7-9*8=-65
train/66355.jpg,0-(6-5)=-1
train/66356.jpg,4*(7-8)=-4
train/66357.jpg,2-8-4=-10
train/66358.jpg,7-(6*7)=-35
train/66359.jpg,1-9*2=-17
train/66360.jpg,9*(5*6)=270
train/66361.jpg,6-(9-9)=6
train/66362.jpg,5*(2+8)=50
train/66363.jpg,(5+5)-3=7
train/66364.jpg,8+(5*6)=38
train/66365.jpg,4-(3*1)=1
train/66366.jpg,7-(4+5)=-2
train/66367.jpg,0*9*1=0
train/66368.jpg,(0-3)-0=-3
train/66369.jpg,(7+9)-5=11
train/66370.jpg,(1*4)-6=-2
train/66371.jpg,0*(1+3)=0
train/66372.jpg,9-(1+2)=6
train/66373.jpg,(8-7)+8=9
train/66374.jpg,9+9*9=90
train/66375.jpg,1*3+9=12
train/66376.jpg,1+(4*1)=5
train/66377.jpg,1+(6*7)=43
train/66378.jpg,9-(5*8)=-31
train/66379.jpg,(6*9)+9=63
train/66380.jpg,9*8+6=78
train/66381.jpg,(2*9)+0=18
train/66382.jpg,(2-9)+6=-1
train/66383.jpg,2+(6-4)=4
train/66384.jpg,(4+6)*9=90
train/66385.jpg,(9+6)-5=10
train/66386.jpg,2+6*0=2
train/66387.jpg,2-(6*8)=-46
train/66388.jpg,8*(2*7)=112
train/66389.jpg,0*(0*8)=0
train/66390.jpg,3-(4*5)=-17
train/66391.jpg,(0*5)+0=0
train/66392.jpg,(1+9)+1=11
train/66393.jpg,0+4*6=24
train/66394.jpg,2+4*7=30
train/66395.jpg,(3-4)+3=2
train/66396.jpg,8+7*3=29
train/66397.jpg,2+(2+9)=13
train/66398.jpg,8+3+7=18
train/66399.jpg,5-7-3=-5
train/66400.jpg,6+(6-1)=11
train/66401.jpg,3+(6-3)=6
train/66402.jpg,2*(1-4)=-6
train/66403.jpg,5+(0*8)=5
train/66404.jpg,(6*7)+2=44
train/66405.jpg,(1-3)+3=1
train/66406.jpg,7*1+2=9
train/66407.jpg,6+0*7=6
train/66408.jpg,6+(0-1)=5
train/66409.jpg,(7*2)+5=19
train/66410.jpg,(8*6)*8=384
train/66411.jpg,7*3+6=27
train/66412.jpg,4*(9+2)=44
train/66413.jpg,(8*6)-3=45
train/66414.jpg,4-9*1=-5
train/66415.jpg,(5*0)+2=2
train/66416.jpg,(4-7)-6=-9
train/66417.jpg,3-(7+3)=-7
train/66418.jpg,8*(1+5)=48
train/66419.jpg,(1-2)-1=-2
train/66420.jpg,2-6+7=3
train/66421.jpg,(2+7)*3=27
train/66422.jpg,(1-2)-6=-7
train/66423.jpg,(3*3)-2=7
train/66424.jpg,5+0+7=12
train/66425.jpg,2-(5-6)=3
train/66426.jpg,4*7-6=22
train/66427.jpg,(5-3)+7=9
train/66428.jpg,4+(9-5)=8
train/66429.jpg,(3-0)*6=18
train/66430.jpg,(3+9)*0=0
train/66431.jpg,(8+8)+4=20
train/66432.jpg,2*6*7=84
train/66433.jpg,3*3-8=1
train/66434.jpg,(6*8)-4=44
train/66435.jpg,1*(3-8)=-5
train/66436.jpg,(9*7)+1=64
train/66437.jpg,5+(8*1)=13
train/66438.jpg,5-(9*2)=-13
train/66439.jpg,3-4+3=2
train/66440.jpg,(3+0)+8=11
train/66441.jpg,9*6+4=58
train/66442.jpg,(3-6)-8=-11
train/66443.jpg,5*6-3=27
train/66444.jpg,7*8+6=62
train/66445.jpg,(0*5)-9=-9
train/66446.jpg,(6*6)+9=45
train/66447.jpg,4+(7+7)=18
train/66448.jpg,7+(7+9)=23
train/66449.jpg,1-(7+7)=-13
train/66450.jpg,1-(3+5)=-7
train/66451.jpg,4*1+0=4
train/66452.jpg,5+2-6=1
train/66453.jpg,6-2*2=2
train/66454.jpg,3-(0+6)=-3
train/66455.jpg,5+(2+5)=12
train/66456.jpg,7*0*0=0
train/66457.jpg,8+(5-0)=13
train/66458.jpg,1+5+4=10
train/66459.jpg,(8-2)-4=2
train/66460.jpg,1-(5+0)=-4
train/66461.jpg,1*(7-0)=7
train/66462.jpg,1-(3+3)=-5
train/66463.jpg,7+5+9=21
train/66464.jpg,(0*7)+9=9
train/66465.jpg,4-(9*2)=-14
train/66466.jpg,(3+5)-7=1
train/66467.jpg,(4+1)*4=20
train/66468.jpg,(3-0)*8=24
train/66469.jpg,2*(6+3)=18
train/66470.jpg,6*2-1=11
train/66471.jpg,(4+1)-4=1
train/66472.jpg,(7-5)+6=8
train/66473.jpg,(2+3)-2=3
train/66474.jpg,(7-4)*1=3
train/66475.jpg,(9*2)+6=24
train/66476.jpg,8+7-3=12
train/66477.jpg,8-1-0=7
train/66478.jpg,(4*8)+3=35
train/66479.jpg,0+5-6=-1
train/66480.jpg,8*(0+3)=24
train/66481.jpg,(6-3)+6=9
train/66482.jpg,(6*5)-4=26
train/66483.jpg,(0*7)-7=-7
train/66484.jpg,6*1+7=13
train/66485.jpg,3+1+8=12
train/66486.jpg,9+(0+9)=18
train/66487.jpg,0+5+5=10
train/66488.jpg,(3*0)+2=2
train/66489.jpg,8+9*3=35
train/66490.jpg,6-(7+2)=-3
train/66491.jpg,0*(8+2)=0
train/66492.jpg,8*6-2=46
train/66493.jpg,8-6*1=2
train/66494.jpg,1-9-5=-13
train/66495.jpg,6+(4+1)=11
train/66496.jpg,1-4*5=-19
train/66497.jpg,6+5-2=9
train/66498.jpg,(5*2)-8=2
train/66499.jpg,1*8*4=32
train/66500.jpg,(9*6)*9=486
train/66501.jpg,3+(3-4)=2
train/66502.jpg,3-1*2=1
train/66503.jpg,(3+6)*6=54
train/66504.jpg,(6+9)-7=8
train/66505.jpg,(9-8)+5=6
train/66506.jpg,(8+4)*4=48
train/66507.jpg,5-(4+1)=0
train/66508.jpg,6-(9+9)=-12
train/66509.jpg,(0+9)+2=11
train/66510.jpg,8-(9-1)=0
train/66511.jpg,6-7-8=-9
train/66512.jpg,(4*8)*1=32
train/66513.jpg,6*(6+2)=48
train/66514.jpg,1+(8+3)=12
train/66515.jpg,(8+9)*5=85
train/66516.jpg,7+8-6=9
train/66517.jpg,6-(6-4)=4
train/66518.jpg,3-(0*4)=3
train/66519.jpg,3-1*5=-2
train/66520.jpg,2+(2*0)=2
train/66521.jpg,(8+0)-5=3
train/66522.jpg,(8+9)-2=15
train/66523.jpg,9-(2+9)=-2
train/66524.jpg,3*3-6=3
train/66525.jpg,4*5+3=23
train/66526.jpg,(3+2)+1=6
train/66527.jpg,(5-0)+2=7
train/66528.jpg,1-4-7=-10
train/66529.jpg,3*(0*5)=0
train/66530.jpg,5+(3+6)=14
train/66531.jpg,2+(5+6)=13
train/66532.jpg,7+(4-3)=8
train/66533.jpg,4+(3+6)=13
train/66534.jpg,9-8*9=-63
train/66535.jpg,(3*5)-6=9
train/66536.jpg,(9-8)-6=-5
train/66537.jpg,8*6-4=44
train/66538.jpg,(0*3)*2=0
train/66539.jpg,(3+1)+7=11
train/66540.jpg,9*9-6=75
train/66541.jpg,3-0-5=-2
train/66542.jpg,0*3*8=0
train/66543.jpg,(9-9)-6=-6
train/66544.jpg,(9-0)+2=11
train/66545.jpg,(0*6)-7=-7
train/66546.jpg,5*(0-0)=0
train/66547.jpg,5+(1+0)=6
train/66548.jpg,1+(5-8)=-2
train/66549.jpg,3+(5*6)=33
train/66550.jpg,3+(7-0)=10
train/66551.jpg,7-3-1=3
train/66552.jpg,3*(6-9)=-9
train/66553.jpg,1*(2*2)=4
train/66554.jpg,5*7*9=315
train/66555.jpg,(3-7)+0=-4
train/66556.jpg,3*1+7=10
train/66557.jpg,5+(5+9)=19
train/66558.jpg,6*(4-2)=12
train/66559.jpg,3+(2-6)=-1
train/66560.jpg,7*(7+2)=63
train/66561.jpg,(0-2)+8=6
train/66562.jpg,8+3*0=8
train/66563.jpg,(1*0)+9=9
train/66564.jpg,1+(4-2)=3
train/66565.jpg,(6-0)+7=13
train/66566.jpg,1+(7*8)=57
train/66567.jpg,0+8+3=11
train/66568.jpg,(2*1)*7=14
train/66569.jpg,2+(8+2)=12
train/66570.jpg,(0+7)+5=12
train/66571.jpg,4*0*1=0
train/66572.jpg,(7-7)+4=4
train/66573.jpg,(4-3)+7=8
train/66574.jpg,5*(8+9)=85
train/66575.jpg,(6+9)+5=20
train/66576.jpg,(4+7)+5=16
train/66577.jpg,0-7*9=-63
train/66578.jpg,(3*9)+3=30
train/66579.jpg,2+4+0=6
train/66580.jpg,2*7-1=13
train/66581.jpg,2*(2-9)=-14
train/66582.jpg,5*6+1=31
train/66583.jpg,(7+7)+9=23
train/66584.jpg,8-7-2=-1
train/66585.jpg,2-(2-1)=1
train/66586.jpg,7+(8+9)=24
train/66587.jpg,(5+8)*2=26
train/66588.jpg,1+(1+5)=7
train/66589.jpg,7+(6*1)=13
train/66590.jpg,7-4-4=-1
train/66591.jpg,(5*5)-1=24
train/66592.jpg,(8+8)-0=16
train/66593.jpg,9-3-7=-1
train/66594.jpg,2*(1-3)=-4
train/66595.jpg,2+9-6=5
train/66596.jpg,1+(6*1)=7
train/66597.jpg,4-(0*3)=4
train/66598.jpg,4+(6-6)=4
train/66599.jpg,(3-4)+6=5
train/66600.jpg,(6+0)-4=2
train/66601.jpg,0*(5-1)=0
train/66602.jpg,(3-2)*9=9
train/66603.jpg,4-(6*4)=-20
train/66604.jpg,7*0-4=-4
train/66605.jpg,7*8-8=48
train/66606.jpg,(8*4)+3=35
train/66607.jpg,7*5-3=32
train/66608.jpg,5+6+0=11
train/66609.jpg,6+8+0=14
train/66610.jpg,8+2-5=5
train/66611.jpg,7+4-4=7
train/66612.jpg,1*(4+3)=7
train/66613.jpg,3-2*4=-5
train/66614.jpg,4-(2+9)=-7
train/66615.jpg,(6-4)*2=4
train/66616.jpg,2-(7+6)=-11
train/66617.jpg,(5*8)-1=39
train/66618.jpg,(7+2)*0=0
train/66619.jpg,5*(1+4)=25
train/66620.jpg,0+(3*6)=18
train/66621.jpg,(7-5)+9=11
train/66622.jpg,0+1*0=0
train/66623.jpg,2*(2-9)=-14
train/66624.jpg,6-2-7=-3
train/66625.jpg,2+5+2=9
train/66626.jpg,6+8-0=14
train/66627.jpg,(1-8)*5=-35
train/66628.jpg,4*9-0=36
train/66629.jpg,2+1+0=3
train/66630.jpg,2-(8-5)=-1
train/66631.jpg,0*4+4=4
train/66632.jpg,5*(0*4)=0
train/66633.jpg,1+4*7=29
train/66634.jpg,7*(1-8)=-49
train/66635.jpg,1*3-6=-3
train/66636.jpg,(5+3)*4=32
train/66637.jpg,8+(2*5)=18
train/66638.jpg,6+4+2=12
train/66639.jpg,6*5*5=150
train/66640.jpg,(5*5)-5=20
train/66641.jpg,5*(0*0)=0
train/66642.jpg,(0+5)+7=12
train/66643.jpg,9+(8+6)=23
train/66644.jpg,8-(5-8)=11
train/66645.jpg,4-(4+3)=-3
train/66646.jpg,4+(5+9)=18
train/66647.jpg,4*5-7=13
train/66648.jpg,1*(1*6)=6
train/66649.jpg,2+9+4=15
train/66650.jpg,(3+0)-3=0
train/66651.jpg,9-(0*4)=9
train/66652.jpg,2-(3-8)=7
train/66653.jpg,5-6*6=-31
train/66654.jpg,6+3*1=9
train/66655.jpg,1-(8+5)=-12
train/66656.jpg,(2-7)*9=-45
train/66657.jpg,0*(5+7)=0
train/66658.jpg,8+(7+4)=19
train/66659.jpg,(2-5)-2=-5
train/66660.jpg,6-(4-3)=5
train/66661.jpg,5-(4+8)=-7
train/66662.jpg,2-5*5=-23
train/66663.jpg,(5+5)+0=10
train/66664.jpg,(7+8)*5=75
train/66665.jpg,(9+4)+4=17
train/66666.jpg,9*(2-2)=0
train/66667.jpg,(1*9)*6=54
train/66668.jpg,9+2+4=15
train/66669.jpg,8-(1+8)=-1
train/66670.jpg,3*(5-8)=-9
train/66671.jpg,(9+9)*7=126
train/66672.jpg,2-5+6=3
train/66673.jpg,(2-3)+1=0
train/66674.jpg,6+0*1=6
train/66675.jpg,(3*3)+9=18
train/66676.jpg,6-7*6=-36
train/66677.jpg,0-3+2=-1
train/66678.jpg,0+(2-4)=-2
train/66679.jpg,9-(4*8)=-23
train/66680.jpg,5*9+5=50
train/66681.jpg,(1*8)-5=3
train/66682.jpg,9*(5+7)=108
train/66683.jpg,(4*0)-9=-9
train/66684.jpg,(7+8)*4=60
train/66685.jpg,5+(7*0)=5
train/66686.jpg,(1-3)*5=-10
train/66687.jpg,2-(0-5)=7
train/66688.jpg,2+6+0=8
train/66689.jpg,7-(9+3)=-5
train/66690.jpg,(8*8)*1=64
train/66691.jpg,(6+0)+6=12
train/66692.jpg,9*(9-5)=36
train/66693.jpg,4*0*2=0
train/66694.jpg,(4+4)-1=7
train/66695.jpg,3*1+8=11
train/66696.jpg,7-5*6=-23
train/66697.jpg,4*(7+5)=48
train/66698.jpg,4+4-6=2
train/66699.jpg,7*(9+7)=112
train/66700.jpg,0-2*8=-16
train/66701.jpg,6*7+5=47
train/66702.jpg,(2*4)*7=56
train/66703.jpg,(8+9)*1=17
train/66704.jpg,8*8*3=192
train/66705.jpg,(6*3)*9=162
train/66706.jpg,(5+9)*4=56
train/66707.jpg,8-0+0=8
train/66708.jpg,4-(0-2)=6
train/66709.jpg,(2-9)+8=1
train/66710.jpg,1+(5*6)=31
train/66711.jpg,1*0*1=0
train/66712.jpg,3-7-7=-11
train/66713.jpg,(3+4)+2=9
train/66714.jpg,(7+6)+3=16
train/66715.jpg,8-3*0=8
train/66716.jpg,6-1*8=-2
train/66717.jpg,(6*8)-9=39
train/66718.jpg,4-(7*9)=-59
train/66719.jpg,(0-7)*2=-14
train/66720.jpg,8-1*5=3
train/66721.jpg,(7*2)+4=18
train/66722.jpg,5-(0*7)=5
train/66723.jpg,(8+7)-1=14
train/66724.jpg,2*(1*0)=0
train/66725.jpg,6-(2+9)=-5
train/66726.jpg,(2-8)+9=3
train/66727.jpg,1-(4*4)=-15
train/66728.jpg,1-(3+8)=-10
train/66729.jpg,0-6+7=1
train/66730.jpg,8*(0*4)=0
train/66731.jpg,7*8*3=168
train/66732.jpg,(2-8)-0=-6
train/66733.jpg,(6-5)*4=4
train/66734.jpg,3-4*9=-33
train/66735.jpg,(5+1)-2=4
train/66736.jpg,(4+7)-2=9
train/66737.jpg,7*(9-2)=49
train/66738.jpg,2+5+3=10
train/66739.jpg,8+0+1=9
train/66740.jpg,4*4+6=22
train/66741.jpg,3-(4*9)=-33
train/66742.jpg,(1-9)*7=-56
train/66743.jpg,(9-8)+6=7
train/66744.jpg,8-2*0=8
train/66745.jpg,2*3-5=1
train/66746.jpg,(7*2)*4=56
train/66747.jpg,0-2-6=-8
train/66748.jpg,(5*0)+1=1
train/66749.jpg,0*3+3=3
train/66750.jpg,4*9+8=44
train/66751.jpg,0-4-9=-13
train/66752.jpg,(4+5)+2=11
train/66753.jpg,5+4+8=17
train/66754.jpg,2+(1*1)=3
train/66755.jpg,4+8+1=13
train/66756.jpg,(2-4)+5=3
train/66757.jpg,0*1*7=0
train/66758.jpg,9*0*2=0
train/66759.jpg,5*0-7=-7
train/66760.jpg,7-0+1=8
train/66761.jpg,5-7-6=-8
train/66762.jpg,2-(7-5)=0
train/66763.jpg,5*(2-1)=5
train/66764.jpg,2*(1*0)=0
train/66765.jpg,(8+2)-4=6
train/66766.jpg,0-(3+4)=-7
train/66767.jpg,(4+1)*8=40
train/66768.jpg,3+(2*8)=19
train/66769.jpg,0-(6*8)=-48
train/66770.jpg,(1+3)-9=-5
train/66771.jpg,(2*8)*0=0
train/66772.jpg,(0+6)-6=0
train/66773.jpg,1-(7+7)=-13
train/66774.jpg,3-9+3=-3
train/66775.jpg,5-(0+5)=0
train/66776.jpg,(3+5)+7=15
train/66777.jpg,(5*4)+8=28
train/66778.jpg,5-(2-3)=6
train/66779.jpg,3*(6-0)=18
train/66780.jpg,(9*0)-6=-6
train/66781.jpg,(3-3)+3=3
train/66782.jpg,6+8*1=14
train/66783.jpg,3-8*3=-21
train/66784.jpg,1+5+4=10
train/66785.jpg,5*1*0=0
train/66786.jpg,2+(7+4)=13
train/66787.jpg,3-4-3=-4
train/66788.jpg,8-(1+8)=-1
train/66789.jpg,9+7-5=11
train/66790.jpg,(1+1)+3=5
train/66791.jpg,(8-2)*2=12
train/66792.jpg,7+(1+3)=11
train/66793.jpg,(3*4)-0=12
train/66794.jpg,9-8*3=-15
train/66795.jpg,2+6+7=15
train/66796.jpg,(6+8)-5=9
train/66797.jpg,5-(4+3)=-2
train/66798.jpg,9+(9-2)=16
train/66799.jpg,9-5*7=-26
train/66800.jpg,(9-2)+1=8
train/66801.jpg,1*(8*5)=40
train/66802.jpg,2*1+3=5
train/66803.jpg,(6-7)*4=-4
train/66804.jpg,(2+8)+9=19
train/66805.jpg,(6*3)*4=72
train/66806.jpg,5*0+1=1
train/66807.jpg,8-(9-7)=6
train/66808.jpg,3-2+1=2
train/66809.jpg,1-2+4=3
train/66810.jpg,(0-5)-0=-5
train/66811.jpg,2-5+0=-3
train/66812.jpg,(1-6)+0=-5
train/66813.jpg,(0*3)*1=0
train/66814.jpg,3-7+7=3
train/66815.jpg,8*(2*9)=144
train/66816.jpg,5-9*8=-67
train/66817.jpg,8*7-5=51
train/66818.jpg,1-1-7=-7
train/66819.jpg,1-(4+0)=-3
train/66820.jpg,(1*4)-8=-4
train/66821.jpg,5*(2*8)=80
train/66822.jpg,(1+1)*6=12
train/66823.jpg,(0-7)+1=-6
train/66824.jpg,(4+2)-3=3
train/66825.jpg,3*(1*1)=3
train/66826.jpg,9*1+4=13
train/66827.jpg,(9-2)*0=0
train/66828.jpg,1+(9+7)=17
train/66829.jpg,5+4-6=3
train/66830.jpg,(6*0)-6=-6
train/66831.jpg,0*(6*0)=0
train/66832.jpg,0-0+1=1
train/66833.jpg,1*(4-2)=2
train/66834.jpg,0*(0-2)=0
train/66835.jpg,7+(8+8)=23
train/66836.jpg,8-(9+6)=-7
train/66837.jpg,(9-3)*3=18
train/66838.jpg,(6+4)-8=2
train/66839.jpg,2-0*1=2
train/66840.jpg,3+3*2=9
train/66841.jpg,0*9-7=-7
train/66842.jpg,(7-6)*8=8
train/66843.jpg,7*2*3=42
train/66844.jpg,6*(0*8)=0
train/66845.jpg,6*6-3=33
train/66846.jpg,7+2-0=9
train/66847.jpg,(5+0)+5=10
train/66848.jpg,(8*5)*1=40
train/66849.jpg,5+(6*6)=41
train/66850.jpg,(8*4)-4=28
train/66851.jpg,2+1*5=7
train/66852.jpg,(0+3)*3=9
train/66853.jpg,8*0*4=0
train/66854.jpg,9-(3-8)=14
train/66855.jpg,1-(4-1)=-2
train/66856.jpg,(1-8)-2=-9
train/66857.jpg,6*6+8=44
train/66858.jpg,(5+4)*1=9
train/66859.jpg,1*5+7=12
train/66860.jpg,0-(3*1)=-3
train/66861.jpg,(6*8)+0=48
train/66862.jpg,4+(2+4)=10
train/66863.jpg,1-8-4=-11
train/66864.jpg,6*(7+2)=54
train/66865.jpg,5+(1+6)=12
train/66866.jpg,4+0*0=4
train/66867.jpg,7+(6*5)=37
train/66868.jpg,9*(7+9)=144
train/66869.jpg,0*(3*9)=0
train/66870.jpg,2-2+4=4
train/66871.jpg,2*(6-6)=0
train/66872.jpg,2*(6*0)=0
train/66873.jpg,3+(7+2)=12
train/66874.jpg,5-4+7=8
train/66875.jpg,(9+5)+4=18
train/66876.jpg,1+3+9=13
train/66877.jpg,6+(7+6)=19
train/66878.jpg,1+(5-7)=-1
train/66879.jpg,7*(4-7)=-21
train/66880.jpg,(4-0)-9=-5
train/66881.jpg,(8*6)+2=50
train/66882.jpg,0-8-1=-9
train/66883.jpg,8+(4-2)=10
train/66884.jpg,(5-7)*3=-6
train/66885.jpg,8-1+2=9
train/66886.jpg,9+2-1=10
train/66887.jpg,4+(4*9)=40
train/66888.jpg,(0*0)-3=-3
train/66889.jpg,8*3+9=33
train/66890.jpg,2*(7*0)=0
train/66891.jpg,(3*0)*6=0
train/66892.jpg,4-0-9=-5
train/66893.jpg,(3*2)-2=4
train/66894.jpg,(5-1)+6=10
train/66895.jpg,9-(6-5)=8
train/66896.jpg,(1-2)-1=-2
train/66897.jpg,4*8*3=96
train/66898.jpg,7-3*6=-11
train/66899.jpg,5-2+8=11
train/66900.jpg,0-9+7=-2
train/66901.jpg,4-(8-1)=-3
train/66902.jpg,(6-6)-2=-2
train/66903.jpg,8*1*7=56
train/66904.jpg,8*6+7=55
train/66905.jpg,7*8+7=63
train/66906.jpg,(0+4)+9=13
train/66907.jpg,7-(9+3)=-5
train/66908.jpg,2+(0-1)=1
train/66909.jpg,1+0*9=1
train/66910.jpg,(8+0)+0=8
train/66911.jpg,7*7*6=294
train/66912.jpg,5*6*6=180
train/66913.jpg,(7+9)+8=24
train/66914.jpg,8+(6-5)=9
train/66915.jpg,2*(2-2)=0
train/66916.jpg,0*7+4=4
train/66917.jpg,4*(9+2)=44
train/66918.jpg,0+(3+8)=11
train/66919.jpg,9*6+5=59
train/66920.jpg,(8+2)*5=50
train/66921.jpg,(5+2)-2=5
train/66922.jpg,8-(0*9)=8
train/66923.jpg,5*(2-4)=-10
train/66924.jpg,4-(3-5)=6
train/66925.jpg,4-(2*8)=-12
train/66926.jpg,2*(9*9)=162
train/66927.jpg,6*(6-6)=0
train/66928.jpg,1*(2*1)=2
train/66929.jpg,0-(3+9)=-12
train/66930.jpg,(5-0)-2=3
train/66931.jpg,(0+0)-4=-4
train/66932.jpg,9+(0-0)=9
train/66933.jpg,(4*1)*6=24
train/66934.jpg,3+(0-4)=-1
train/66935.jpg,(5+9)*0=0
train/66936.jpg,6+(0+2)=8
train/66937.jpg,6+(4+5)=15
train/66938.jpg,1+0+9=10
train/66939.jpg,6-6-6=-6
train/66940.jpg,4-(8-3)=-1
train/66941.jpg,6*0-3=-3
train/66942.jpg,1+(3+9)=13
train/66943.jpg,0+(9-2)=7
train/66944.jpg,8*(6-5)=8
train/66945.jpg,6-(0+8)=-2
train/66946.jpg,0+9-9=0
train/66947.jpg,(5+4)*3=27
train/66948.jpg,2+1+3=6
train/66949.jpg,(0*2)+7=7
train/66950.jpg,1+4+7=12
train/66951.jpg,4+(5-7)=2
train/66952.jpg,6+1*1=7
train/66953.jpg,8-(6-0)=2
train/66954.jpg,(1-7)-3=-9
train/66955.jpg,(4*8)-4=28
train/66956.jpg,0-(6*9)=-54
train/66957.jpg,(9-5)-5=-1
train/66958.jpg,(9+1)-6=4
train/66959.jpg,3+8+2=13
train/66960.jpg,0*(0+9)=0
train/66961.jpg,8-7-7=-6
train/66962.jpg,(9-4)*8=40
train/66963.jpg,2+(7*1)=9
train/66964.jpg,8+(6+5)=19
train/66965.jpg,9+4*2=17
train/66966.jpg,(1+3)-2=2
train/66967.jpg,4*(3+1)=16
train/66968.jpg,0*(2*2)=0
train/66969.jpg,3-(0*9)=3
train/66970.jpg,(3*5)-2=13
train/66971.jpg,1-(6+8)=-13
train/66972.jpg,5-3-0=2
train/66973.jpg,7-(5*6)=-23
train/66974.jpg,9+2+5=16
train/66975.jpg,(0*0)+0=0
train/66976.jpg,4-0+4=8
train/66977.jpg,3+7*5=38
train/66978.jpg,2+1+2=5
train/66979.jpg,3+(9*1)=12
train/66980.jpg,4+(0*4)=4
train/66981.jpg,2*3+7=13
train/66982.jpg,7-0*7=7
train/66983.jpg,(0+9)*8=72
train/66984.jpg,(4+7)-2=9
train/66985.jpg,5-3+9=11
train/66986.jpg,9+6-5=10
train/66987.jpg,2*6*0=0
train/66988.jpg,7+1-5=3
train/66989.jpg,(8-1)+0=7
train/66990.jpg,(1+1)*0=0
train/66991.jpg,9-4*2=1
train/66992.jpg,0*(8+6)=0
train/66993.jpg,(1-6)+2=-3
train/66994.jpg,(4-2)*1=2
train/66995.jpg,(4+9)*5=65
train/66996.jpg,0*(4+9)=0
train/66997.jpg,(0+7)*2=14
train/66998.jpg,9*9-2=79
train/66999.jpg,4+(1*3)=7
train/67000.jpg,(6-4)+0=2
train/67001.jpg,(3+7)*0=0
train/67002.jpg,(7*2)*0=0
train/67003.jpg,(2+6)-1=7
train/67004.jpg,2*8-7=9
train/67005.jpg,3+1+2=6
train/67006.jpg,(5-9)+4=0
train/67007.jpg,8-(1+6)=1
train/67008.jpg,1*3-5=-2
train/67009.jpg,(3+2)+2=7
train/67010.jpg,(8-7)-3=-2
train/67011.jpg,7+7-9=5
train/67012.jpg,(0+0)+8=8
train/67013.jpg,4+0+6=10
train/67014.jpg,3*9-5=22
train/67015.jpg,(4+3)-0=7
train/67016.jpg,(4+4)-2=6
train/67017.jpg,(7+9)*3=48
train/67018.jpg,7-6*6=-29
train/67019.jpg,1*1-7=-6
train/67020.jpg,(9+6)-5=10
train/67021.jpg,4+1+5=10
train/67022.jpg,(1*7)*6=42
train/67023.jpg,6+(5+4)=15
train/67024.jpg,6*1+2=8
train/67025.jpg,(7-8)+8=7
train/67026.jpg,8+0+2=10
train/67027.jpg,3-2*9=-15
train/67028.jpg,7-(7-5)=5
train/67029.jpg,6*(1-1)=0
train/67030.jpg,9*(8-0)=72
train/67031.jpg,2*(6+3)=18
train/67032.jpg,(1*3)*2=6
train/67033.jpg,(4+4)*6=48
train/67034.jpg,(1+6)-0=7
train/67035.jpg,1-(7*7)=-48
train/67036.jpg,4-(5-2)=1
train/67037.jpg,(0-7)+5=-2
train/67038.jpg,0+6-4=2
train/67039.jpg,(2*3)*8=48
train/67040.jpg,2*6-6=6
train/67041.jpg,0+(5*6)=30
train/67042.jpg,5-(8*5)=-35
train/67043.jpg,(3+4)+1=8
train/67044.jpg,1*(2*0)=0
train/67045.jpg,6+1*5=11
train/67046.jpg,(7*8)-4=52
train/67047.jpg,1*(5*6)=30
train/67048.jpg,5*1*8=40
train/67049.jpg,0+(4-6)=-2
train/67050.jpg,4-5*2=-6
train/67051.jpg,9+(2*7)=23
train/67052.jpg,8+(1-7)=2
train/67053.jpg,5*(6*4)=120
train/67054.jpg,1+(8-1)=8
train/67055.jpg,9+5+9=23
train/67056.jpg,6+4-0=10
train/67057.jpg,7+9+7=23
train/67058.jpg,(7*5)-8=27
train/67059.jpg,(6*8)*6=288
train/67060.jpg,9+7+8=24
train/67061.jpg,(5-4)*0=0
train/67062.jpg,5+1+2=8
train/67063.jpg,5-2*8=-11
train/67064.jpg,2-(6+3)=-7
train/67065.jpg,5-(1+6)=-2
train/67066.jpg,9*8+4=76
train/67067.jpg,(4-9)-2=-7
train/67068.jpg,2-5+3=0
train/67069.jpg,5-(1-7)=11
train/67070.jpg,7-(8+5)=-6
train/67071.jpg,8-6+2=4
train/67072.jpg,0+5*0=0
train/67073.jpg,4-2-2=0
train/67074.jpg,6*(5-6)=-6
train/67075.jpg,2-(3+2)=-3
train/67076.jpg,2-(3+9)=-10
train/67077.jpg,(7-5)-1=1
train/67078.jpg,(1-8)*4=-28
train/67079.jpg,(7*0)*2=0
train/67080.jpg,0+7*5=35
train/67081.jpg,2*8*9=144
train/67082.jpg,4*(5+5)=40
train/67083.jpg,(2+6)+1=9
train/67084.jpg,(8+6)+5=19
train/67085.jpg,8+(7-9)=6
train/67086.jpg,5-5+1=1
train/67087.jpg,2+(1*2)=4
train/67088.jpg,5*6+1=31
train/67089.jpg,1*(1-6)=-5
train/67090.jpg,(7-3)-5=-1
train/67091.jpg,6+3-5=4
train/67092.jpg,(9-7)-2=0
train/67093.jpg,7-(0-8)=15
train/67094.jpg,0-1*2=-2
train/67095.jpg,(5-2)-5=-2
train/67096.jpg,9-(3-1)=7
train/67097.jpg,5*6-3=27
train/67098.jpg,8-6+2=4
train/67099.jpg,(0*9)*0=0
train/67100.jpg,(4+1)*1=5
train/67101.jpg,(5+0)-8=-3
train/67102.jpg,4-(1-2)=5
train/67103.jpg,(7-9)+0=-2
train/67104.jpg,0*8-3=-3
train/67105.jpg,9+(8-3)=14
train/67106.jpg,9*(7+7)=126
train/67107.jpg,(7-1)*5=30
train/67108.jpg,(1+5)-3=3
train/67109.jpg,(4*3)*7=84
train/67110.jpg,(4+5)-8=1
train/67111.jpg,8+2+9=19
train/67112.jpg,(3-9)+6=0
train/67113.jpg,(9-6)*1=3
train/67114.jpg,(2+3)-8=-3
train/67115.jpg,7+0+7=14
train/67116.jpg,(2-7)-9=-14
train/67117.jpg,(7*9)*9=567
train/67118.jpg,6*1*2=12
train/67119.jpg,1-5*5=-24
train/67120.jpg,(4*3)*5=60
train/67121.jpg,6+4-3=7
train/67122.jpg,(3-3)+8=8
train/67123.jpg,(7-6)*2=2
train/67124.jpg,6+9*1=15
train/67125.jpg,(7-9)+5=3
train/67126.jpg,2*(5-8)=-6
train/67127.jpg,(6-4)*6=12
train/67128.jpg,8-8+7=7
train/67129.jpg,(5-8)+0=-3
train/67130.jpg,2+(0-9)=-7
train/67131.jpg,0*9+7=7
train/67132.jpg,(7+0)-3=4
train/67133.jpg,6*(3+7)=60
train/67134.jpg,5-(6+2)=-3
train/67135.jpg,1*0+6=6
train/67136.jpg,(5+8)+1=14
train/67137.jpg,1+(0*7)=1
train/67138.jpg,4-(4*2)=-4
train/67139.jpg,(4-4)-4=-4
train/67140.jpg,(8+7)*9=135
train/67141.jpg,(5+9)-9=5
train/67142.jpg,6-(6-1)=1
train/67143.jpg,8-6+6=8
train/67144.jpg,(2-1)*7=7
train/67145.jpg,(7-8)-4=-5
train/67146.jpg,6+(6+1)=13
train/67147.jpg,8+2-5=5
train/67148.jpg,(9-3)+5=11
train/67149.jpg,1+(8+6)=15
train/67150.jpg,(5-0)+7=12
train/67151.jpg,4-(7-2)=-1
train/67152.jpg,8*(6-3)=24
train/67153.jpg,0+(6*7)=42
train/67154.jpg,3+0+6=9
train/67155.jpg,(9*5)-8=37
train/67156.jpg,(4-3)*5=5
train/67157.jpg,3*0-1=-1
train/67158.jpg,7-(6+4)=-3
train/67159.jpg,6+5-4=7
train/67160.jpg,1+(1+7)=9
train/67161.jpg,8+3-9=2
train/67162.jpg,5-4+1=2
train/67163.jpg,9-(1-0)=8
train/67164.jpg,1-4*0=1
train/67165.jpg,8-(1+0)=7
train/67166.jpg,6+(7+7)=20
train/67167.jpg,(6*0)*6=0
train/67168.jpg,2*(3+5)=16
train/67169.jpg,4+(8*6)=52
train/67170.jpg,4*(8+8)=64
train/67171.jpg,(5*5)+8=33
train/67172.jpg,3+(4-2)=5
train/67173.jpg,4*(6*0)=0
train/67174.jpg,(2+7)+9=18
train/67175.jpg,7+(7-4)=10
train/67176.jpg,6-(0*0)=6
train/67177.jpg,4-8-4=-8
train/67178.jpg,(0-6)-3=-9
train/67179.jpg,8-9+7=6
train/67180.jpg,9*4-2=34
train/67181.jpg,9+0+0=9
train/67182.jpg,5+2*5=15
train/67183.jpg,8+(0+9)=17
train/67184.jpg,4-(4+2)=-2
train/67185.jpg,7*(8+5)=91
train/67186.jpg,(2+2)*8=32
train/67187.jpg,8-5*8=-32
train/67188.jpg,(7*9)*6=378
train/67189.jpg,1-6*6=-35
train/67190.jpg,9*(3*8)=216
train/67191.jpg,1*6*6=36
train/67192.jpg,1-5+7=3
train/67193.jpg,1-(6*4)=-23
train/67194.jpg,3*8*0=0
train/67195.jpg,6+(4+5)=15
train/67196.jpg,(1-0)*9=9
train/67197.jpg,5+6-2=9
train/67198.jpg,(4-5)*8=-8
train/67199.jpg,(3-1)-9=-7
train/67200.jpg,(5-4)*8=8
train/67201.jpg,(5+6)*9=99
train/67202.jpg,8-9-3=-4
train/67203.jpg,(4*2)-7=1
train/67204.jpg,1-5*8=-39
train/67205.jpg,1*(3+7)=10
train/67206.jpg,1+(7+4)=12
train/67207.jpg,7-(4+0)=3
train/67208.jpg,(8*0)+7=7
train/67209.jpg,(1*9)*1=9
train/67210.jpg,0-4-2=-6
train/67211.jpg,1+(8+2)=11
train/67212.jpg,8*(8*4)=256
train/67213.jpg,7+7-2=12
train/67214.jpg,(3*3)*2=18
train/67215.jpg,(7*4)+1=29
train/67216.jpg,(5-3)*6=12
train/67217.jpg,8+(4*5)=28
train/67218.jpg,(1+0)-2=-1
train/67219.jpg,0+(0*0)=0
train/67220.jpg,6*1*1=6
train/67221.jpg,(7+7)-4=10
train/67222.jpg,5+(4-5)=4
train/67223.jpg,0-5*2=-10
train/67224.jpg,6*7*5=210
train/67225.jpg,3*4+0=12
train/67226.jpg,4+3*7=25
train/67227.jpg,6*5+4=34
train/67228.jpg,(6*9)-5=49
train/67229.jpg,(0+0)-9=-9
train/67230.jpg,9+9-4=14
train/67231.jpg,(7+1)-3=5
train/67232.jpg,3*8-6=18
train/67233.jpg,4-(1*7)=-3
train/67234.jpg,3+3-6=0
train/67235.jpg,(5+7)*7=84
train/67236.jpg,4-(2+6)=-4
train/67237.jpg,(0*5)+5=5
train/67238.jpg,9*4-7=29
train/67239.jpg,(1*1)-7=-6
train/67240.jpg,(9-0)-8=1
train/67241.jpg,(1+9)*5=50
train/67242.jpg,(2*0)+5=5
train/67243.jpg,(5*5)+5=30
train/67244.jpg,4+(9-1)=12
train/67245.jpg,5-4+8=9
train/67246.jpg,0*(3-5)=0
train/67247.jpg,(0-2)+8=6
train/67248.jpg,2+6+6=14
train/67249.jpg,7+8-3=12
train/67250.jpg,6-(7+8)=-9
train/67251.jpg,(8*6)*0=0
train/67252.jpg,3+8-2=9
train/67253.jpg,2-(1+9)=-8
train/67254.jpg,(6+6)-0=12
train/67255.jpg,(2+3)+8=13
train/67256.jpg,1+1-2=0
train/67257.jpg,(4-4)*8=0
train/67258.jpg,4+(8*6)=52
train/67259.jpg,7-5-8=-6
train/67260.jpg,(0*5)+9=9
train/67261.jpg,0*(2*6)=0
train/67262.jpg,(3+9)+2=14
train/67263.jpg,3+8+5=16
train/67264.jpg,(0+0)*1=0
train/67265.jpg,9+(5-3)=11
train/67266.jpg,3+(6-5)=4
train/67267.jpg,0+(1-5)=-4
train/67268.jpg,8*(0-4)=-32
train/67269.jpg,5+1-0=6
train/67270.jpg,2-(9-2)=-5
train/67271.jpg,9*9-2=79
train/67272.jpg,(6*5)-1=29
train/67273.jpg,7-(8*6)=-41
train/67274.jpg,1-(2*2)=-3
train/67275.jpg,(6+1)+6=13
train/67276.jpg,6*0*9=0
train/67277.jpg,1-(7+6)=-12
train/67278.jpg,7*7-7=42
train/67279.jpg,(2-0)+2=4
train/67280.jpg,6-(5-7)=8
train/67281.jpg,(5+1)-9=-3
train/67282.jpg,4+9*3=31
train/67283.jpg,0-5+8=3
train/67284.jpg,9+1+8=18
train/67285.jpg,(1*5)+7=12
train/67286.jpg,(0*4)+9=9
train/67287.jpg,3-7-7=-11
train/67288.jpg,(3*1)-3=0
train/67289.jpg,(0*5)+9=9
train/67290.jpg,6-7+5=4
train/67291.jpg,3+(4-5)=2
train/67292.jpg,5+6*0=5
train/67293.jpg,1+1*9=10
train/67294.jpg,(6+3)*3=27
train/67295.jpg,1-(1*6)=-5
train/67296.jpg,0*(7-6)=0
train/67297.jpg,4*(8*3)=96
train/67298.jpg,3-(9+2)=-8
train/67299.jpg,(3*3)+5=14
train/67300.jpg,(2-7)-3=-8
train/67301.jpg,4+(1+5)=10
train/67302.jpg,8-1-5=2
train/67303.jpg,8*(3+6)=72
train/67304.jpg,(4-9)-8=-13
train/67305.jpg,(8*5)-8=32
train/67306.jpg,(2*2)-5=-1
train/67307.jpg,0+1+4=5
train/67308.jpg,7*0*4=0
train/67309.jpg,1+0-4=-3
train/67310.jpg,(8*0)*7=0
train/67311.jpg,(4+4)+0=8
train/67312.jpg,5*(2*5)=50
train/67313.jpg,(0-6)-1=-7
train/67314.jpg,7+5+0=12
train/67315.jpg,6+7-3=10
train/67316.jpg,(7-4)-1=2
train/67317.jpg,0+(4+5)=9
train/67318.jpg,(5+1)*7=42
train/67319.jpg,8-(1*9)=-1
train/67320.jpg,(6-3)-5=-2
train/67321.jpg,6*6+0=36
train/67322.jpg,4*(8+1)=36
train/67323.jpg,9*9+5=86
train/67324.jpg,5-(4+6)=-5
train/67325.jpg,8-(2+9)=-3
train/67326.jpg,(3-6)+3=0
train/67327.jpg,(0+3)-8=-5
train/67328.jpg,6+0+3=9
train/67329.jpg,6*(2*0)=0
train/67330.jpg,8*(9+5)=112
train/67331.jpg,7*2*6=84
train/67332.jpg,(9-0)*6=54
train/67333.jpg,(7+9)*1=16
train/67334.jpg,(1+5)*9=54
train/67335.jpg,9*6*4=216
train/67336.jpg,(7-0)+7=14
train/67337.jpg,5-(2+0)=3
train/67338.jpg,0*(3-0)=0
train/67339.jpg,3-(3*9)=-24
train/67340.jpg,(5+1)*4=24
train/67341.jpg,9-(9-0)=0
train/67342.jpg,(0-0)-6=-6
train/67343.jpg,(8+9)+2=19
train/67344.jpg,(9-2)*2=14
train/67345.jpg,(6+9)+1=16
train/67346.jpg,(8+9)+9=26
train/67347.jpg,6*(1-0)=6
train/67348.jpg,0+(7-5)=2
train/67349.jpg,(3*8)*0=0
train/67350.jpg,6-(5*7)=-29
train/67351.jpg,2+(4*1)=6
train/67352.jpg,5+2*4=13
train/67353.jpg,3+1+1=5
train/67354.jpg,9-(9*0)=9
train/67355.jpg,6*1-0=6
train/67356.jpg,7-(4-6)=9
train/67357.jpg,6-9+9=6
train/67358.jpg,(5+6)*9=99
train/67359.jpg,0+(8*1)=8
train/67360.jpg,1-(6-1)=-4
train/67361.jpg,0-3+4=1
train/67362.jpg,4*(7*0)=0
train/67363.jpg,7-(0+9)=-2
train/67364.jpg,(4*1)+2=6
train/67365.jpg,4+(8*6)=52
train/67366.jpg,6*(3-0)=18
train/67367.jpg,5*(6-4)=10
train/67368.jpg,0-3-0=-3
train/67369.jpg,(7-5)-6=-4
train/67370.jpg,0+(6-0)=6
train/67371.jpg,(9-0)*8=72
train/67372.jpg,7*1+7=14
train/67373.jpg,1*0*2=0
train/67374.jpg,1*9*7=63
train/67375.jpg,2+2-9=-5
train/67376.jpg,8+1*7=15
train/67377.jpg,0*5*0=0
train/67378.jpg,(4*7)+5=33
train/67379.jpg,6*3*9=162
train/67380.jpg,(1+2)*3=9
train/67381.jpg,(1-2)+5=4
train/67382.jpg,8-(6+1)=1
train/67383.jpg,3-4+6=5
train/67384.jpg,5+4+5=14
train/67385.jpg,(5+5)*5=50
train/67386.jpg,(5+1)*0=0
train/67387.jpg,3-4+9=8
train/67388.jpg,0+(8-1)=7
train/67389.jpg,3-(3+6)=-6
train/67390.jpg,8-(1*6)=2
train/67391.jpg,(8*8)-3=61
train/67392.jpg,(9*4)*9=324
train/67393.jpg,8*(7*8)=448
train/67394.jpg,2-(3*5)=-13
train/67395.jpg,6+8-6=8
train/67396.jpg,9-1+7=15
train/67397.jpg,2*(7-9)=-4
train/67398.jpg,4+0*9=4
train/67399.jpg,6*(7+2)=54
train/67400.jpg,9+(4+3)=16
train/67401.jpg,(8-7)+5=6
train/67402.jpg,(2*5)-4=6
train/67403.jpg,6-(6*4)=-18
train/67404.jpg,(7+4)+5=16
train/67405.jpg,(9*7)*3=189
train/67406.jpg,5-(5*3)=-10
train/67407.jpg,(6-6)-9=-9
train/67408.jpg,1-(1+8)=-8
train/67409.jpg,8*4+0=32
train/67410.jpg,(9-8)*7=7
train/67411.jpg,(6-2)*4=16
train/67412.jpg,5+0+1=6
train/67413.jpg,(1*3)+3=6
train/67414.jpg,(1-5)+9=5
train/67415.jpg,4-(4*5)=-16
train/67416.jpg,4-(1*7)=-3
train/67417.jpg,2+8+8=18
train/67418.jpg,8+7-8=7
train/67419.jpg,(8*6)+2=50
train/67420.jpg,2+(3-0)=5
train/67421.jpg,(4+9)*4=52
train/67422.jpg,(8+2)+9=19
train/67423.jpg,1*3-3=0
train/67424.jpg,3-(9+5)=-11
train/67425.jpg,(3+0)-2=1
train/67426.jpg,4*(1+5)=24
train/67427.jpg,0-(0-1)=1
train/67428.jpg,6-0+3=9
train/67429.jpg,5+5-1=9
train/67430.jpg,5*2+0=10
train/67431.jpg,(8-0)-3=5
train/67432.jpg,4-0*0=4
train/67433.jpg,8+(1+4)=13
train/67434.jpg,(0+6)+2=8
train/67435.jpg,(9*3)*9=243
train/67436.jpg,(7-8)*9=-9
train/67437.jpg,2+2*0=2
train/67438.jpg,(9+1)*1=10
train/67439.jpg,(8*5)+3=43
train/67440.jpg,(6+1)+6=13
train/67441.jpg,(1-8)-8=-15
train/67442.jpg,2+2-0=4
train/67443.jpg,(1-3)*0=0
train/67444.jpg,(8-5)+1=4
train/67445.jpg,7-(9*4)=-29
train/67446.jpg,9*5+7=52
train/67447.jpg,(7*1)-6=1
train/67448.jpg,(2-4)*1=-2
train/67449.jpg,9-6-9=-6
train/67450.jpg,(1-0)*7=7
train/67451.jpg,(5*9)*7=315
train/67452.jpg,2-8*6=-46
train/67453.jpg,7+3*3=16
train/67454.jpg,5+(5-4)=6
train/67455.jpg,0*(8+2)=0
train/67456.jpg,9+2*1=11
train/67457.jpg,4-8-1=-5
train/67458.jpg,(8+0)*9=72
train/67459.jpg,4+(1*0)=4
train/67460.jpg,9+6*5=39
train/67461.jpg,6+(5*1)=11
train/67462.jpg,0+0*8=0
train/67463.jpg,9+6-4=11
train/67464.jpg,6*0-6=-6
train/67465.jpg,(6*5)-9=21
train/67466.jpg,9+(7*6)=51
train/67467.jpg,4+(6+5)=15
train/67468.jpg,(0+6)-3=3
train/67469.jpg,(1+6)*2=14
train/67470.jpg,(6-1)*0=0
train/67471.jpg,6+9-5=10
train/67472.jpg,6*(1*8)=48
train/67473.jpg,4-5*2=-6
train/67474.jpg,7+(3-5)=5
train/67475.jpg,8+7*7=57
train/67476.jpg,8+1-3=6
train/67477.jpg,5*6-7=23
train/67478.jpg,(0-0)+7=7
train/67479.jpg,1-(6-1)=-4
train/67480.jpg,9-(2*2)=5
train/67481.jpg,5+8-2=11
train/67482.jpg,0*6+1=1
train/67483.jpg,(4+4)-4=4
train/67484.jpg,(2*4)-8=0
train/67485.jpg,9*(1-3)=-18
train/67486.jpg,(4+5)+5=14
train/67487.jpg,2*7+1=15
train/67488.jpg,5-(7+0)=-2
train/67489.jpg,3*1-1=2
train/67490.jpg,4+1+1=6
train/67491.jpg,0-4*9=-36
train/67492.jpg,5*9+7=52
train/67493.jpg,(4+8)*3=36
train/67494.jpg,(7+7)*5=70
train/67495.jpg,5*9-0=45
train/67496.jpg,8-5*7=-27
train/67497.jpg,(3+5)+9=17
train/67498.jpg,3-1+9=11
train/67499.jpg,4+5+5=14
train/67500.jpg,2-4-7=-9
train/67501.jpg,1-9-7=-15
train/67502.jpg,(0-6)-7=-13
train/67503.jpg,(9-0)-8=1
train/67504.jpg,(3+7)+6=16
train/67505.jpg,3*(0-9)=-27
train/67506.jpg,(8+9)-1=16
train/67507.jpg,(6-4)-5=-3
train/67508.jpg,8-(5*1)=3
train/67509.jpg,7-(0*6)=7
train/67510.jpg,1-(5-9)=5
train/67511.jpg,1-(6-5)=0
train/67512.jpg,5*8-4=36
train/67513.jpg,9*0+5=5
train/67514.jpg,9+(9+5)=23
train/67515.jpg,(8+8)+7=23
train/67516.jpg,(2*5)+3=13
train/67517.jpg,5*3-4=11
train/67518.jpg,9-(0*8)=9
train/67519.jpg,8+2-3=7
train/67520.jpg,3+2*6=15
train/67521.jpg,0*3+8=8
train/67522.jpg,0+(2*0)=0
train/67523.jpg,(1-0)-2=-1
train/67524.jpg,(9-0)*0=0
train/67525.jpg,5+(9-0)=14
train/67526.jpg,2*0+1=1
train/67527.jpg,(7*1)*9=63
train/67528.jpg,8+9+2=19
train/67529.jpg,(0-8)*6=-48
train/67530.jpg,1*(6-0)=6
train/67531.jpg,1-6-5=-10
train/67532.jpg,8*(5*2)=80
train/67533.jpg,4*8-5=27
train/67534.jpg,(5-3)*6=12
train/67535.jpg,5*1+5=10
train/67536.jpg,2+(8-1)=9
train/67537.jpg,(6-7)-8=-9
train/67538.jpg,6-6+5=5
train/67539.jpg,(2*3)+2=8
train/67540.jpg,(4+4)*2=16
train/67541.jpg,4*(9+4)=52
train/67542.jpg,8*6-0=48
train/67543.jpg,(8+7)+6=21
train/67544.jpg,1+4*5=21
train/67545.jpg,7*(1*3)=21
train/67546.jpg,8-(7+6)=-5
train/67547.jpg,(0+4)-9=-5
train/67548.jpg,(9+6)-6=9
train/67549.jpg,(7*6)*5=210
train/67550.jpg,8-1-9=-2
train/67551.jpg,(2*0)*6=0
train/67552.jpg,(2-6)+3=-1
train/67553.jpg,1+(0-4)=-3
train/67554.jpg,2+4-3=3
train/67555.jpg,5+4+6=15
train/67556.jpg,(6*9)*4=216
train/67557.jpg,(9-3)-5=1
train/67558.jpg,2+(9*8)=74
train/67559.jpg,(0*1)+0=0
train/67560.jpg,2+(1+7)=10
train/67561.jpg,5-1+5=9
train/67562.jpg,(9+3)+0=12
train/67563.jpg,3*(9+2)=33
train/67564.jpg,9-6+5=8
train/67565.jpg,2+0+5=7
train/67566.jpg,5+(8-6)=7
train/67567.jpg,(0-4)+9=5
train/67568.jpg,(1+6)+7=14
train/67569.jpg,4*3-7=5
train/67570.jpg,(6*6)*5=180
train/67571.jpg,(3-7)-9=-13
train/67572.jpg,7*9+3=66
train/67573.jpg,6*6+0=36
train/67574.jpg,(8+8)-0=16
train/67575.jpg,(1*7)*8=56
train/67576.jpg,(1+7)+4=12
train/67577.jpg,(0*9)-6=-6
train/67578.jpg,4-(2-3)=5
train/67579.jpg,1*2+9=11
train/67580.jpg,0+(3-2)=1
train/67581.jpg,(6*5)*4=120
train/67582.jpg,3+(6+7)=16
train/67583.jpg,5+(6-9)=2
train/67584.jpg,(3*1)-1=2
train/67585.jpg,0*(5-3)=0
train/67586.jpg,6*8-6=42
train/67587.jpg,(8-3)+3=8
train/67588.jpg,5-7+2=0
train/67589.jpg,7+(1-1)=7
train/67590.jpg,(9+4)-6=7
train/67591.jpg,8-9*5=-37
train/67592.jpg,5-(9-0)=-4
train/67593.jpg,6*0*6=0
train/67594.jpg,9+0-9=0
train/67595.jpg,6+1+2=9
train/67596.jpg,(4-5)*6=-6
train/67597.jpg,1-3*8=-23
train/67598.jpg,(7*9)*3=189
train/67599.jpg,3+2-9=-4
train/67600.jpg,(4-5)-5=-6
train/67601.jpg,7-3-0=4
train/67602.jpg,6-4+2=4
train/67603.jpg,8-8*1=0
train/67604.jpg,(1-1)*6=0
train/67605.jpg,7*2+4=18
train/67606.jpg,9*0+9=9
train/67607.jpg,1*3*1=3
train/67608.jpg,(1-5)+2=-2
train/67609.jpg,5+(7+2)=14
train/67610.jpg,(0-7)+1=-6
train/67611.jpg,7+3+5=15
train/67612.jpg,(4+0)+6=10
train/67613.jpg,5+(4+9)=18
train/67614.jpg,4+3+3=10
train/67615.jpg,9-(9+2)=-2
train/67616.jpg,(7+3)-2=8
train/67617.jpg,3-3-1=-1
train/67618.jpg,7+2-2=7
train/67619.jpg,1-3*4=-11
train/67620.jpg,3*0+9=9
train/67621.jpg,(1-4)+4=1
train/67622.jpg,6*8-8=40
train/67623.jpg,(8+3)-1=10
train/67624.jpg,9*4*6=216
train/67625.jpg,7*3+1=22
train/67626.jpg,(1-6)+0=-5
train/67627.jpg,(0*7)+1=1
train/67628.jpg,3-2*5=-7
train/67629.jpg,8*(4*7)=224
train/67630.jpg,(0+8)+0=8
train/67631.jpg,0-(9*3)=-27
train/67632.jpg,1*(6-2)=4
train/67633.jpg,4-6+5=3
train/67634.jpg,5-(5-2)=2
train/67635.jpg,(7+3)+3=13
train/67636.jpg,8-4-1=3
train/67637.jpg,6-(8*4)=-26
train/67638.jpg,3+7*4=31
train/67639.jpg,(9+2)+4=15
train/67640.jpg,1-0*1=1
train/67641.jpg,9+6*7=51
train/67642.jpg,9*(7*2)=126
train/67643.jpg,0-6*3=-18
train/67644.jpg,5+8+5=18
train/67645.jpg,(3+6)*0=0
train/67646.jpg,5*1*4=20
train/67647.jpg,(1+1)+7=9
train/67648.jpg,(2*0)-3=-3
train/67649.jpg,(4*5)+4=24
train/67650.jpg,(3*9)-2=25
train/67651.jpg,9+9*0=9
train/67652.jpg,4+(8-4)=8
train/67653.jpg,1+2-8=-5
train/67654.jpg,5-(1+4)=0
train/67655.jpg,9-8*1=1
train/67656.jpg,(6+9)-4=11
train/67657.jpg,(8+4)*8=96
train/67658.jpg,4-(4+6)=-6
train/67659.jpg,0*7+8=8
train/67660.jpg,(9+3)*7=84
train/67661.jpg,4*1+9=13
train/67662.jpg,9-5-4=0
train/67663.jpg,0*4-1=-1
train/67664.jpg,4+6-2=8
train/67665.jpg,(2+9)+8=19
train/67666.jpg,7+(7+3)=17
train/67667.jpg,(2*3)*7=42
train/67668.jpg,7+(3+3)=13
train/67669.jpg,2+1+4=7
train/67670.jpg,0*4+7=7
train/67671.jpg,0*9+0=0
train/67672.jpg,9-(0+5)=4
train/67673.jpg,(1*4)+5=9
train/67674.jpg,(7*6)-7=35
train/67675.jpg,5*(5-2)=15
train/67676.jpg,8*(5+0)=40
train/67677.jpg,4*(0*8)=0
train/67678.jpg,(0*0)+8=8
train/67679.jpg,(4*0)*6=0
train/67680.jpg,(4*3)+6=18
train/67681.jpg,0+(1-0)=1
train/67682.jpg,(3+5)*2=16
train/67683.jpg,9*(9-0)=81
train/67684.jpg,7+8-3=12
train/67685.jpg,(6*8)*1=48
train/67686.jpg,0+9*3=27
train/67687.jpg,(3-5)*2=-4
train/67688.jpg,(0-2)+0=-2
train/67689.jpg,6*(8-5)=18
train/67690.jpg,4-(7*4)=-24
train/67691.jpg,7+6-5=8
train/67692.jpg,(8-2)-4=2
train/67693.jpg,(0*1)*9=0
train/67694.jpg,0-9+0=-9
train/67695.jpg,(6-0)*7=42
train/67696.jpg,6*(1*1)=6
train/67697.jpg,2*(1*2)=4
train/67698.jpg,(9*1)+9=18
train/67699.jpg,(7-0)*2=14
train/67700.jpg,6-(6-1)=1
train/67701.jpg,9-(4+5)=0
train/67702.jpg,(4*3)*1=12
train/67703.jpg,(4-4)*6=0
train/67704.jpg,3*(4-9)=-15
train/67705.jpg,(2+6)*3=24
train/67706.jpg,9+6+6=21
train/67707.jpg,0-7+4=-3
train/67708.jpg,(6-6)+8=8
train/67709.jpg,3*5-7=8
train/67710.jpg,0-4-9=-13
train/67711.jpg,(0*3)-2=-2
train/67712.jpg,(8*3)+8=32
train/67713.jpg,5+(8-2)=11
train/67714.jpg,(2*0)*0=0
train/67715.jpg,5-(2+6)=-3
train/67716.jpg,6-(1-5)=10
train/67717.jpg,(5-5)-9=-9
train/67718.jpg,1*(6-9)=-3
train/67719.jpg,7*0*0=0
train/67720.jpg,(0+9)*6=54
train/67721.jpg,2*8+9=25
train/67722.jpg,(8*9)-8=64
train/67723.jpg,0*0*5=0
train/67724.jpg,6+5-0=11
train/67725.jpg,(1-3)*0=0
train/67726.jpg,0+3*9=27
train/67727.jpg,1*4+4=8
train/67728.jpg,(1+3)*8=32
train/67729.jpg,2-(4-7)=5
train/67730.jpg,7*(7-4)=21
train/67731.jpg,(5-0)+0=5
train/67732.jpg,4+(1-6)=-1
train/67733.jpg,6-(1*8)=-2
train/67734.jpg,(8+9)+5=22
train/67735.jpg,7*(2+6)=56
train/67736.jpg,8*9+4=76
train/67737.jpg,4*6+3=27
train/67738.jpg,5+(7*0)=5
train/67739.jpg,(2+0)-3=-1
train/67740.jpg,8-8-6=-6
train/67741.jpg,2+(6-9)=-1
train/67742.jpg,2*(8+0)=16
train/67743.jpg,(4*5)*1=20
train/67744.jpg,8-5-2=1
train/67745.jpg,(9+9)+4=22
train/67746.jpg,9-5*2=-1
train/67747.jpg,3*(7-6)=3
train/67748.jpg,9-9+4=4
train/67749.jpg,(3*4)-9=3
train/67750.jpg,(5-9)-4=-8
train/67751.jpg,(5+0)-3=2
train/67752.jpg,(7-6)-0=1
train/67753.jpg,1+(4*0)=1
train/67754.jpg,5+(8-2)=11
train/67755.jpg,7+3-5=5
train/67756.jpg,9-(5-7)=11
train/67757.jpg,8-(5-0)=3
train/67758.jpg,3-(9+2)=-8
train/67759.jpg,4+(5-5)=4
train/67760.jpg,(0*7)-1=-1
train/67761.jpg,2-4*5=-18
train/67762.jpg,1-1+2=2
train/67763.jpg,(7*9)-5=58
train/67764.jpg,9+(3*3)=18
train/67765.jpg,4-2*8=-12
train/67766.jpg,7*(2*0)=0
train/67767.jpg,(7*9)+2=65
train/67768.jpg,6-(3+2)=1
train/67769.jpg,9*(4*3)=108
train/67770.jpg,0-(4-9)=5
train/67771.jpg,(8*5)+6=46
train/67772.jpg,(6*2)-6=6
train/67773.jpg,3-(9+3)=-9
train/67774.jpg,8-(2*3)=2
train/67775.jpg,(0-6)-5=-11
train/67776.jpg,(7-0)+1=8
train/67777.jpg,4-7+9=6
train/67778.jpg,6*6-8=28
train/67779.jpg,7+(3*9)=34
train/67780.jpg,9*(0*1)=0
train/67781.jpg,(0-7)+9=2
train/67782.jpg,(8-1)-4=3
train/67783.jpg,6-1*7=-1
train/67784.jpg,(2*3)+7=13
train/67785.jpg,5-8*8=-59
train/67786.jpg,6+(0+5)=11
train/67787.jpg,(7*3)+8=29
train/67788.jpg,(7-5)+8=10
train/67789.jpg,(7-5)-5=-3
train/67790.jpg,3*(9*8)=216
train/67791.jpg,9-6*5=-21
train/67792.jpg,2+1+8=11
train/67793.jpg,(3-2)*1=1
train/67794.jpg,3*(8-5)=9
train/67795.jpg,(9-1)-3=5
train/67796.jpg,8+(2*9)=26
train/67797.jpg,8-1-8=-1
train/67798.jpg,(4-1)*7=21
train/67799.jpg,5+7*9=68
train/67800.jpg,4-7+3=0
train/67801.jpg,(2+4)+0=6
train/67802.jpg,(7-9)*4=-8
train/67803.jpg,(9+7)-2=14
train/67804.jpg,2*9-9=9
train/67805.jpg,4-9-6=-11
train/67806.jpg,0-3+5=2
train/67807.jpg,7+(6+2)=15
train/67808.jpg,9*(1*0)=0
train/67809.jpg,(4-4)+1=1
train/67810.jpg,9+8+5=22
train/67811.jpg,(0+3)-7=-4
train/67812.jpg,1+7+7=15
train/67813.jpg,5+(6-1)=10
train/67814.jpg,3*3-8=1
train/67815.jpg,3-(9*3)=-24
train/67816.jpg,9-8-2=-1
train/67817.jpg,7+0-9=-2
train/67818.jpg,2*5+8=18
train/67819.jpg,7+(3+7)=17
train/67820.jpg,(3*1)*3=9
train/67821.jpg,0-6*8=-48
train/67822.jpg,8*7+3=59
train/67823.jpg,6*(6*9)=324
train/67824.jpg,1-9*9=-80
train/67825.jpg,0+9-9=0
train/67826.jpg,1+(6+3)=10
train/67827.jpg,4-(2-3)=5
train/67828.jpg,(6-2)*5=20
train/67829.jpg,8-8*4=-24
train/67830.jpg,(1*2)-5=-3
train/67831.jpg,6-(3*5)=-9
train/67832.jpg,9+3+6=18
train/67833.jpg,0*8*7=0
train/67834.jpg,2+0+5=7
train/67835.jpg,9+(4*5)=29
train/67836.jpg,(7-4)+3=6
train/67837.jpg,4+(5-6)=3
train/67838.jpg,3+(1+2)=6
train/67839.jpg,3-2-7=-6
train/67840.jpg,6*6*4=144
train/67841.jpg,1*(0-6)=-6
train/67842.jpg,(4+5)+9=18
train/67843.jpg,6-(6*9)=-48
train/67844.jpg,9*(7+6)=117
train/67845.jpg,(3-2)*4=4
train/67846.jpg,0*5+1=1
train/67847.jpg,4+(4*3)=16
train/67848.jpg,(5-4)-9=-8
train/67849.jpg,(0-7)+2=-5
train/67850.jpg,(8-3)*2=10
train/67851.jpg,4-(3+3)=-2
train/67852.jpg,8+(3-7)=4
train/67853.jpg,7+(6-2)=11
train/67854.jpg,5+(0*9)=5
train/67855.jpg,(1+8)-0=9
train/67856.jpg,5*3-0=15
train/67857.jpg,7*8*8=448
train/67858.jpg,(4-0)*5=20
train/67859.jpg,(2+9)+8=19
train/67860.jpg,(2*9)+7=25
train/67861.jpg,1+(6-5)=2
train/67862.jpg,(8+2)*8=80
train/67863.jpg,9-(3-4)=10
train/67864.jpg,(7-3)+5=9
train/67865.jpg,4*(2*2)=16
train/67866.jpg,(6-3)-4=-1
train/67867.jpg,4*(7*0)=0
train/67868.jpg,0*(3-6)=0
train/67869.jpg,7*6+2=44
train/67870.jpg,(8-5)-9=-6
train/67871.jpg,(5*3)*0=0
train/67872.jpg,5+2-4=3
train/67873.jpg,(7+2)-4=5
train/67874.jpg,4+8*7=60
train/67875.jpg,5+(2-4)=3
train/67876.jpg,(1*0)-5=-5
train/67877.jpg,5+(4*2)=13
train/67878.jpg,4*3*7=84
train/67879.jpg,1-(7+8)=-14
train/67880.jpg,(5*0)-8=-8
train/67881.jpg,(5*6)*3=90
train/67882.jpg,3-4*3=-9
train/67883.jpg,2+(7-6)=3
train/67884.jpg,4+0-1=3
train/67885.jpg,(8-2)*6=36
train/67886.jpg,5*(5-2)=15
train/67887.jpg,(8-7)*8=8
train/67888.jpg,1*(4-3)=1
train/67889.jpg,3+6-9=0
train/67890.jpg,0*5*6=0
train/67891.jpg,3-(5-0)=-2
train/67892.jpg,8+0+0=8
train/67893.jpg,(9+5)+5=19
train/67894.jpg,(7*0)*3=0
train/67895.jpg,0+(5-8)=-3
train/67896.jpg,(9*3)+8=35
train/67897.jpg,(0+0)*7=0
train/67898.jpg,8*(2+9)=88
train/67899.jpg,(1+7)*1=8
train/67900.jpg,(7+1)+1=9
train/67901.jpg,(2*3)+2=8
train/67902.jpg,(9*8)*8=576
train/67903.jpg,6-(2*8)=-10
train/67904.jpg,(8+0)*3=24
train/67905.jpg,0-8+1=-7
train/67906.jpg,(1+6)-4=3
train/67907.jpg,(4+3)+1=8
train/67908.jpg,4-2+9=11
train/67909.jpg,9-0+8=17
train/67910.jpg,4-(6+9)=-11
train/67911.jpg,(0*0)+0=0
train/67912.jpg,6-2*0=6
train/67913.jpg,5+(6*5)=35
train/67914.jpg,6-(7*7)=-43
train/67915.jpg,5*(0*4)=0
train/67916.jpg,7+(0*8)=7
train/67917.jpg,9*(2-8)=-54
train/67918.jpg,2+1*0=2
train/67919.jpg,(7+5)-3=9
train/67920.jpg,9-2-0=7
train/67921.jpg,(5*8)-7=33
train/67922.jpg,(4+5)*3=27
train/67923.jpg,3*(9*9)=243
train/67924.jpg,5*9+4=49
train/67925.jpg,8+2-8=2
train/67926.jpg,(2-0)-5=-3
train/67927.jpg,(0*3)+6=6
train/67928.jpg,(6*5)-0=30
train/67929.jpg,(9-5)+6=10
train/67930.jpg,(1+6)+6=13
train/67931.jpg,9-(5*0)=9
train/67932.jpg,2*4-1=7
train/67933.jpg,5-(4*8)=-27
train/67934.jpg,4*9*7=252
train/67935.jpg,3+7-2=8
train/67936.jpg,(0+6)*2=12
train/67937.jpg,2-(9*4)=-34
train/67938.jpg,2-(7*5)=-33
train/67939.jpg,1*7+6=13
train/67940.jpg,2+(6*3)=20
train/67941.jpg,9-(0+8)=1
train/67942.jpg,0-0*2=0
train/67943.jpg,6-(3*0)=6
train/67944.jpg,7+4+7=18
train/67945.jpg,1-(2+9)=-10
train/67946.jpg,(3-4)+4=3
train/67947.jpg,6-(5-8)=9
train/67948.jpg,(1-2)+8=7
train/67949.jpg,2*(7+8)=30
train/67950.jpg,(6+5)*2=22
train/67951.jpg,(7*5)*8=280
train/67952.jpg,8-8+0=0
train/67953.jpg,2-(9-2)=-5
train/67954.jpg,8*0-7=-7
train/67955.jpg,(9+8)*7=119
train/67956.jpg,5-(6+8)=-9
train/67957.jpg,5*2*5=50
train/67958.jpg,(1+5)+4=10
train/67959.jpg,9*9*6=486
train/67960.jpg,(2*7)+1=15
train/67961.jpg,(2*7)*8=112
train/67962.jpg,6+(6+8)=20
train/67963.jpg,(3-6)-8=-11
train/67964.jpg,0-7-3=-10
train/67965.jpg,(2-1)+5=6
train/67966.jpg,8-5+4=7
train/67967.jpg,4*(3+8)=44
train/67968.jpg,(2*2)*6=24
train/67969.jpg,(7-9)+0=-2
train/67970.jpg,8-(2-8)=14
train/67971.jpg,5-1*4=1
train/67972.jpg,0*(5*9)=0
train/67973.jpg,(4*0)*9=0
train/67974.jpg,7*(5-1)=28
train/67975.jpg,6-1-0=5
train/67976.jpg,5-(3+2)=0
train/67977.jpg,(8*4)-7=25
train/67978.jpg,(6+5)*6=66
train/67979.jpg,8+(5+3)=16
train/67980.jpg,(6-0)-2=4
train/67981.jpg,0-1-8=-9
train/67982.jpg,(5+9)*2=28
train/67983.jpg,8+(5+7)=20
train/67984.jpg,2-6+3=-1
train/67985.jpg,(0-2)+4=2
train/67986.jpg,(0+8)*8=64
train/67987.jpg,8*(3*6)=144
train/67988.jpg,5*(5-1)=20
train/67989.jpg,8*3-5=19
train/67990.jpg,9*6-6=48
train/67991.jpg,4+(0-7)=-3
train/67992.jpg,7-(4*7)=-21
train/67993.jpg,6*9+4=58
train/67994.jpg,3-0+2=5
train/67995.jpg,1*(1-5)=-4
train/67996.jpg,8*5+7=47
train/67997.jpg,(7+4)+9=20
train/67998.jpg,1+(8+3)=12
train/67999.jpg,(5*5)+5=30
train/68000.jpg,1*(0-7)=-7
train/68001.jpg,(7-0)*2=14
train/68002.jpg,7-4*4=-9
train/68003.jpg,5*(8+3)=55
train/68004.jpg,4-9*6=-50
train/68005.jpg,6-5+8=9
train/68006.jpg,5-(6+4)=-5
train/68007.jpg,2-7+4=-1
train/68008.jpg,(9+2)-9=2
train/68009.jpg,4+0+5=9
train/68010.jpg,(6-6)-7=-7
train/68011.jpg,4*0*2=0
train/68012.jpg,9+1+4=14
train/68013.jpg,(9-8)*6=6
train/68014.jpg,3*(7+4)=33
train/68015.jpg,4+0+6=10
train/68016.jpg,(3+6)-1=8
train/68017.jpg,7+2-9=0
train/68018.jpg,(2-9)-7=-14
train/68019.jpg,7+0*2=7
train/68020.jpg,9-1-7=1
train/68021.jpg,(7-1)+0=6
train/68022.jpg,7+(4+3)=14
train/68023.jpg,(5+9)*8=112
train/68024.jpg,(4-1)+2=5
train/68025.jpg,1+8*1=9
train/68026.jpg,0-(3+8)=-11
train/68027.jpg,(8+6)-8=6
train/68028.jpg,(1+8)*3=27
train/68029.jpg,5+5+6=16
train/68030.jpg,9+(0*3)=9
train/68031.jpg,7*1*2=14
train/68032.jpg,(6+8)-1=13
train/68033.jpg,(3+6)*1=9
train/68034.jpg,3-4*2=-5
train/68035.jpg,8*(0*7)=0
train/68036.jpg,2*3-1=5
train/68037.jpg,(6*6)*6=216
train/68038.jpg,0*4-2=-2
train/68039.jpg,4+3-0=7
train/68040.jpg,(7*1)*9=63
train/68041.jpg,(3+1)*7=28
train/68042.jpg,8+0+2=10
train/68043.jpg,0*(9+8)=0
train/68044.jpg,9*(3+8)=99
train/68045.jpg,4+(3-5)=2
train/68046.jpg,5+3+4=12
train/68047.jpg,(6+7)+3=16
train/68048.jpg,6+7-2=11
train/68049.jpg,3-(6+9)=-12
train/68050.jpg,8+8+8=24
train/68051.jpg,7-3+4=8
train/68052.jpg,0*4*9=0
train/68053.jpg,9-(7-3)=5
train/68054.jpg,0*(8-5)=0
train/68055.jpg,(3*3)+0=9
train/68056.jpg,(3+1)*0=0
train/68057.jpg,2-4+6=4
train/68058.jpg,(3*9)+5=32
train/68059.jpg,(6-1)*9=45
train/68060.jpg,7+0+5=12
train/68061.jpg,(1*0)-8=-8
train/68062.jpg,6-8*6=-42
train/68063.jpg,2+(7-5)=4
train/68064.jpg,5+6-6=5
train/68065.jpg,3+9-1=11
train/68066.jpg,0*(8*9)=0
train/68067.jpg,(0+6)+3=9
train/68068.jpg,6*(0+2)=12
train/68069.jpg,8+(3*7)=29
train/68070.jpg,3-1+8=10
train/68071.jpg,(2+3)*5=25
train/68072.jpg,(0+7)*5=35
train/68073.jpg,(9+7)-9=7
train/68074.jpg,(5+3)-4=4
train/68075.jpg,(8-5)+5=8
train/68076.jpg,5-5*4=-15
train/68077.jpg,8+1-5=4
train/68078.jpg,8+(7-7)=8
train/68079.jpg,0*(9-2)=0
train/68080.jpg,9*2-1=17
train/68081.jpg,3-(8+4)=-9
train/68082.jpg,2-(9-5)=-2
train/68083.jpg,8+(6-4)=10
train/68084.jpg,1+4+1=6
train/68085.jpg,(7*5)+4=39
train/68086.jpg,6-(5*8)=-34
train/68087.jpg,1+(8+9)=18
train/68088.jpg,(1*9)*5=45
train/68089.jpg,0+(8+9)=17
train/68090.jpg,(9+6)-1=14
train/68091.jpg,(9+6)*7=105
train/68092.jpg,6*(3*5)=90
train/68093.jpg,(2*4)+4=12
train/68094.jpg,(0-8)-8=-16
train/68095.jpg,(9-6)*7=21
train/68096.jpg,4-9-2=-7
train/68097.jpg,(4-1)*1=3
train/68098.jpg,2-(6+6)=-10
train/68099.jpg,(1-4)*6=-18
train/68100.jpg,(0+4)-0=4
train/68101.jpg,2*4+7=15
train/68102.jpg,5+7-7=5
train/68103.jpg,8-(9-6)=5
train/68104.jpg,8*(2+0)=16
train/68105.jpg,0+4*1=4
train/68106.jpg,0+0*1=0
train/68107.jpg,8+5*1=13
train/68108.jpg,(6-4)+5=7
train/68109.jpg,6*6*2=72
train/68110.jpg,2-(7*3)=-19
train/68111.jpg,4*(2-7)=-20
train/68112.jpg,0*9-5=-5
train/68113.jpg,8*7+0=56
train/68114.jpg,8*(2+5)=56
train/68115.jpg,3-3*5=-12
train/68116.jpg,6-(6-2)=2
train/68117.jpg,(2-7)*4=-20
train/68118.jpg,(4+6)*7=70
train/68119.jpg,4+7*5=39
train/68120.jpg,8-(2+8)=-2
train/68121.jpg,(7+8)-6=9
train/68122.jpg,0*(9-7)=0
train/68123.jpg,(2+8)-2=8
train/68124.jpg,6*6*3=108
train/68125.jpg,6*(1+0)=6
train/68126.jpg,(7*0)*6=0
train/68127.jpg,(8*9)+0=72
train/68128.jpg,1*(8+3)=11
train/68129.jpg,(0-8)-9=-17
train/68130.jpg,0*5+8=8
train/68131.jpg,(7+9)-5=11
train/68132.jpg,2*(2+4)=12
train/68133.jpg,(3-3)+8=8
train/68134.jpg,8-(6+1)=1
train/68135.jpg,9*(9+6)=135
train/68136.jpg,(4*1)-6=-2
train/68137.jpg,5-0-3=2
train/68138.jpg,(4-7)-3=-6
train/68139.jpg,4+7+6=17
train/68140.jpg,7+2+6=15
train/68141.jpg,(1-0)+7=8
train/68142.jpg,1-(4*0)=1
train/68143.jpg,6*(9-0)=54
train/68144.jpg,7*(4*0)=0
train/68145.jpg,1*0*1=0
train/68146.jpg,1+(9-5)=5
train/68147.jpg,5+3*3=14
train/68148.jpg,8+(7*6)=50
train/68149.jpg,7*2-1=13
train/68150.jpg,(2*7)+4=18
train/68151.jpg,3-0*0=3
train/68152.jpg,2+4*6=26
train/68153.jpg,8-5-3=0
train/68154.jpg,(2-7)*4=-20
train/68155.jpg,9+(9+9)=27
train/68156.jpg,5+0-7=-2
train/68157.jpg,6*5*4=120
train/68158.jpg,2+(2-6)=-2
train/68159.jpg,(2+3)+0=5
train/68160.jpg,1+5*5=26
train/68161.jpg,6*(4-4)=0
train/68162.jpg,(4*1)-8=-4
train/68163.jpg,2+(7*5)=37
train/68164.jpg,6-7+9=8
train/68165.jpg,1*(3-5)=-2
train/68166.jpg,(8+0)-6=2
train/68167.jpg,(7*1)*7=49
train/68168.jpg,1+(0+2)=3
train/68169.jpg,7+(5+6)=18
train/68170.jpg,1*(2-6)=-4
train/68171.jpg,(7+7)-2=12
train/68172.jpg,5+4+0=9
train/68173.jpg,3+(0+4)=7
train/68174.jpg,8-8*8=-56
train/68175.jpg,(1+1)+7=9
train/68176.jpg,1*(5*8)=40
train/68177.jpg,(2*9)+4=22
train/68178.jpg,(9+3)+3=15
train/68179.jpg,7*3+8=29
train/68180.jpg,7-(9-7)=5
train/68181.jpg,1-0-2=-1
train/68182.jpg,7*(4*8)=224
train/68183.jpg,(4*1)+0=4
train/68184.jpg,8*8-4=60
train/68185.jpg,(8+2)*2=20
train/68186.jpg,(2*6)-0=12
train/68187.jpg,5*4+7=27
train/68188.jpg,(7-1)+8=14
train/68189.jpg,7*(8*6)=336
train/68190.jpg,1*(6+8)=14
train/68191.jpg,(0*7)+2=2
train/68192.jpg,8+9*2=26
train/68193.jpg,6*(0+0)=0
train/68194.jpg,(5-4)*5=5
train/68195.jpg,8+(5-0)=13
train/68196.jpg,(7*1)+6=13
train/68197.jpg,(3+1)+2=6
train/68198.jpg,(8*6)*2=96
train/68199.jpg,3+1+4=8
train/68200.jpg,2+(5*8)=42
train/68201.jpg,(8+2)-6=4
train/68202.jpg,(1-5)*0=0
train/68203.jpg,(8-5)+8=11
train/68204.jpg,6*8-7=41
train/68205.jpg,7+5+6=18
train/68206.jpg,3*4-0=12
train/68207.jpg,(8+1)*1=9
train/68208.jpg,(3*0)-0=0
train/68209.jpg,4*(0*0)=0
train/68210.jpg,4+4-9=-1
train/68211.jpg,8+0-5=3
train/68212.jpg,(5+8)-2=11
train/68213.jpg,3+0+3=6
train/68214.jpg,1*4-0=4
train/68215.jpg,3*(8-2)=18
train/68216.jpg,2+(3*9)=29
train/68217.jpg,7-4-9=-6
train/68218.jpg,(3-5)+8=6
train/68219.jpg,(1+6)*4=28
train/68220.jpg,(6*0)-0=0
train/68221.jpg,(2+1)+6=9
train/68222.jpg,2+5-5=2
train/68223.jpg,(7-1)-5=1
train/68224.jpg,0+3-4=-1
train/68225.jpg,7+(0+0)=7
train/68226.jpg,4-(0*7)=4
train/68227.jpg,(2+5)-7=0
train/68228.jpg,6*(2*2)=24
train/68229.jpg,(4-9)*7=-35
train/68230.jpg,(0*5)-4=-4
train/68231.jpg,6+2-5=3
train/68232.jpg,3-8-8=-13
train/68233.jpg,7*0+4=4
train/68234.jpg,4+(9*0)=4
train/68235.jpg,6*(4*2)=48
train/68236.jpg,4*4+7=23
train/68237.jpg,3-(4*3)=-9
train/68238.jpg,3*4*8=96
train/68239.jpg,6-(2+0)=4
train/68240.jpg,8+6*0=8
train/68241.jpg,4-4*9=-32
train/68242.jpg,8-(2-8)=14
train/68243.jpg,1-3*5=-14
train/68244.jpg,(0+5)-4=1
train/68245.jpg,(8*5)*6=240
train/68246.jpg,(8+4)+8=20
train/68247.jpg,7*(2+0)=14
train/68248.jpg,3*1*5=15
train/68249.jpg,7+(4*0)=7
train/68250.jpg,(2+4)*0=0
train/68251.jpg,9*(9-6)=27
train/68252.jpg,4*4-6=10
train/68253.jpg,1+2+2=5
train/68254.jpg,0-(9*2)=-18
train/68255.jpg,7-(1-2)=8
train/68256.jpg,7-(0-2)=9
train/68257.jpg,(9+3)-3=9
train/68258.jpg,(8-4)+5=9
train/68259.jpg,(5+4)+6=15
train/68260.jpg,4*6-6=18
train/68261.jpg,4+3*3=13
train/68262.jpg,1*2-6=-4
train/68263.jpg,1+9*7=64
train/68264.jpg,(4+9)-1=12
train/68265.jpg,(7*3)*6=126
train/68266.jpg,5*(8+1)=45
train/68267.jpg,0-(4-3)=-1
train/68268.jpg,0-8+9=1
train/68269.jpg,0*(7+9)=0
train/68270.jpg,9*7+4=67
train/68271.jpg,(1*6)*8=48
train/68272.jpg,1-(8+0)=-7
train/68273.jpg,2-0+2=4
train/68274.jpg,(6*2)*7=84
train/68275.jpg,(7-7)+7=7
train/68276.jpg,(3-8)-5=-10
train/68277.jpg,(0+0)-0=0
train/68278.jpg,3-(2*6)=-9
train/68279.jpg,(4*1)-9=-5
train/68280.jpg,(1+7)*6=48
train/68281.jpg,(6+9)-0=15
train/68282.jpg,4-(8+6)=-10
train/68283.jpg,4+1*8=12
train/68284.jpg,5-3-1=1
train/68285.jpg,1*(6-9)=-3
train/68286.jpg,(8*5)+7=47
train/68287.jpg,3*(2-1)=3
train/68288.jpg,5*8*0=0
train/68289.jpg,0+(9-3)=6
train/68290.jpg,(2+7)+3=12
train/68291.jpg,8-(2-7)=13
train/68292.jpg,3+(4*3)=15
train/68293.jpg,7*(5+5)=70
train/68294.jpg,5*7-5=30
train/68295.jpg,4*(2+6)=32
train/68296.jpg,1*9*3=27
train/68297.jpg,6+(2+3)=11
train/68298.jpg,(2*4)*0=0
train/68299.jpg,(6-8)+0=-2
train/68300.jpg,7*(8*4)=224
train/68301.jpg,1+7*2=15
train/68302.jpg,5-0+1=6
train/68303.jpg,5*(7+5)=60
train/68304.jpg,(8+9)*9=153
train/68305.jpg,8+4+9=21
train/68306.jpg,1-4*3=-11
train/68307.jpg,9-6+5=8
train/68308.jpg,(5*3)-9=6
train/68309.jpg,7-9*7=-56
train/68310.jpg,4*(1-7)=-24
train/68311.jpg,1+(2*2)=5
train/68312.jpg,1+8-0=9
train/68313.jpg,0*0*6=0
train/68314.jpg,5-(8-7)=4
train/68315.jpg,(1-3)-9=-11
train/68316.jpg,4+2*2=8
train/68317.jpg,8-8*6=-40
train/68318.jpg,(6*4)-5=19
train/68319.jpg,4*8-2=30
train/68320.jpg,(6+4)-8=2
train/68321.jpg,8+(1-0)=9
train/68322.jpg,7*(7-3)=28
train/68323.jpg,4+(4-0)=8
train/68324.jpg,3*(4+6)=30
train/68325.jpg,5-(4*2)=-3
train/68326.jpg,7+(9+6)=22
train/68327.jpg,5+5+6=16
train/68328.jpg,0-6+1=-5
train/68329.jpg,(7*6)+6=48
train/68330.jpg,(4+1)*6=30
train/68331.jpg,1+(7-7)=1
train/68332.jpg,(7*9)+5=68
train/68333.jpg,2*8*6=96
train/68334.jpg,7*2*9=126
train/68335.jpg,(5+6)*0=0
train/68336.jpg,(1-9)+1=-7
train/68337.jpg,0*(9-5)=0
train/68338.jpg,8-(6+9)=-7
train/68339.jpg,(6*9)+8=62
train/68340.jpg,(1-5)-0=-4
train/68341.jpg,(3*7)-3=18
train/68342.jpg,(3+1)-0=4
train/68343.jpg,9*(1*2)=18
train/68344.jpg,0*8+5=5
train/68345.jpg,4*(0-0)=0
train/68346.jpg,8-7-4=-3
train/68347.jpg,9-(5+5)=-1
train/68348.jpg,5+4+8=17
train/68349.jpg,5*(6*2)=60
train/68350.jpg,7+(4-1)=10
train/68351.jpg,(1+7)*4=32
train/68352.jpg,(1+9)+2=12
train/68353.jpg,1-8-4=-11
train/68354.jpg,5+(5+7)=17
train/68355.jpg,(2*3)+2=8
train/68356.jpg,(4+7)*7=77
train/68357.jpg,1+(4*3)=13
train/68358.jpg,2-(4-6)=4
train/68359.jpg,9+8-3=14
train/68360.jpg,(4-1)+8=11
train/68361.jpg,(3*0)*9=0
train/68362.jpg,4+6*5=34
train/68363.jpg,0*7+3=3
train/68364.jpg,(9*7)-7=56
train/68365.jpg,5*(4-6)=-10
train/68366.jpg,9+1*7=16
train/68367.jpg,6-(6+3)=-3
train/68368.jpg,2*9*6=108
train/68369.jpg,1*0*7=0
train/68370.jpg,4+(5-5)=4
train/68371.jpg,(2+5)-8=-1
train/68372.jpg,(4*4)+2=18
train/68373.jpg,0+(0*8)=0
train/68374.jpg,5*(0+8)=40
train/68375.jpg,(1*2)+4=6
train/68376.jpg,2-0*1=2
train/68377.jpg,4-(8+0)=-4
train/68378.jpg,3+(2+9)=14
train/68379.jpg,(0-1)+4=3
train/68380.jpg,(8+7)-0=15
train/68381.jpg,(1*9)*7=63
train/68382.jpg,0*0*4=0
train/68383.jpg,9-2-6=1
train/68384.jpg,(6*8)-5=43
train/68385.jpg,5+0-6=-1
train/68386.jpg,4-5-5=-6
train/68387.jpg,3*9+0=27
train/68388.jpg,(0+9)+6=15
train/68389.jpg,6-3-2=1
train/68390.jpg,3*(0*7)=0
train/68391.jpg,(1-7)-9=-15
train/68392.jpg,(3*4)+7=19
train/68393.jpg,3*(7+4)=33
train/68394.jpg,(4*6)*8=192
train/68395.jpg,3*2-5=1
train/68396.jpg,6-(7-0)=-1
train/68397.jpg,0-(1-9)=8
train/68398.jpg,6*(1-0)=6
train/68399.jpg,2+9*5=47
train/68400.jpg,(6*2)-3=9
train/68401.jpg,8-3-1=4
train/68402.jpg,1+(9+0)=10
train/68403.jpg,7-8+6=5
train/68404.jpg,3-4-4=-5
train/68405.jpg,(4*1)*8=32
train/68406.jpg,(2*2)*8=32
train/68407.jpg,1-7-5=-11
train/68408.jpg,0+(8-4)=4
train/68409.jpg,(3-4)*1=-1
train/68410.jpg,0-(8+0)=-8
train/68411.jpg,(0+5)-6=-1
train/68412.jpg,(5*7)*7=245
train/68413.jpg,3-(2*7)=-11
train/68414.jpg,(6+1)-3=4
train/68415.jpg,(0*9)-9=-9
train/68416.jpg,4-(4*2)=-4
train/68417.jpg,(8+3)-3=8
train/68418.jpg,1*(4-3)=1
train/68419.jpg,(7+6)-1=12
train/68420.jpg,(5+0)*5=25
train/68421.jpg,(5*1)*7=35
train/68422.jpg,6*(4-0)=24
train/68423.jpg,2*(8-9)=-2
train/68424.jpg,4*(5+4)=36
train/68425.jpg,(2+3)-6=-1
train/68426.jpg,8-0-3=5
train/68427.jpg,1*5+5=10
train/68428.jpg,(2-3)+7=6
train/68429.jpg,(6*7)-8=34
train/68430.jpg,(7-5)-8=-6
train/68431.jpg,4*(8*8)=256
train/68432.jpg,3*0+6=6
train/68433.jpg,6-5-4=-3
train/68434.jpg,6-(3-0)=3
train/68435.jpg,9+9-3=15
train/68436.jpg,0-2+3=1
train/68437.jpg,3-2-8=-7
train/68438.jpg,1+(8*4)=33
train/68439.jpg,(5+4)+7=16
train/68440.jpg,(7*0)-1=-1
train/68441.jpg,(2-9)+2=-5
train/68442.jpg,9*5+5=50
train/68443.jpg,4+(8+0)=12
train/68444.jpg,5+(2+5)=12
train/68445.jpg,(2*3)+3=9
train/68446.jpg,8-4*1=4
train/68447.jpg,4+(8*9)=76
train/68448.jpg,5-(4*1)=1
train/68449.jpg,6+(8*8)=70
train/68450.jpg,7*(1*8)=56
train/68451.jpg,(5*3)*9=135
train/68452.jpg,8-(8*9)=-64
train/68453.jpg,6-(0*7)=6
train/68454.jpg,2-(6*5)=-28
train/68455.jpg,(0-6)*3=-18
train/68456.jpg,(4-2)*7=14
train/68457.jpg,(4-9)-6=-11
train/68458.jpg,(1-8)+5=-2
train/68459.jpg,(4+0)-3=1
train/68460.jpg,(2*0)-9=-9
train/68461.jpg,0-(8*1)=-8
train/68462.jpg,(8+9)-5=12
train/68463.jpg,5-(8-3)=0
train/68464.jpg,(6+7)+3=16
train/68465.jpg,7-0+6=13
train/68466.jpg,5*8-4=36
train/68467.jpg,3-(7+4)=-8
train/68468.jpg,1+6*8=49
train/68469.jpg,3-(8-5)=0
train/68470.jpg,1*8-4=4
train/68471.jpg,5*7*2=70
train/68472.jpg,2-(4-4)=2
train/68473.jpg,5-(2-0)=3
train/68474.jpg,6-6-8=-8
train/68475.jpg,7-(7-4)=4
train/68476.jpg,9*1-6=3
train/68477.jpg,3+(6+8)=17
train/68478.jpg,4+(5+6)=15
train/68479.jpg,3+(3*3)=12
train/68480.jpg,4-0*5=4
train/68481.jpg,7*(7+6)=91
train/68482.jpg,2+(9-8)=3
train/68483.jpg,8+(4*9)=44
train/68484.jpg,8+2+2=12
train/68485.jpg,7*(4*8)=224
train/68486.jpg,2+7*7=51
train/68487.jpg,(9+9)+0=18
train/68488.jpg,(0*1)*0=0
train/68489.jpg,8+(5+9)=22
train/68490.jpg,(6+3)*8=72
train/68491.jpg,(8-6)+5=7
train/68492.jpg,8+(0-7)=1
train/68493.jpg,5-(4*5)=-15
train/68494.jpg,8*7+7=63
train/68495.jpg,9*3+8=35
train/68496.jpg,9*(8*0)=0
train/68497.jpg,4+(6+7)=17
train/68498.jpg,7*0*2=0
train/68499.jpg,(6*7)+3=45
train/68500.jpg,2*(8-7)=2
train/68501.jpg,(6-5)*4=4
train/68502.jpg,(9-5)*9=36
train/68503.jpg,0-9*1=-9
train/68504.jpg,(1-2)*7=-7
train/68505.jpg,4+9-6=7
train/68506.jpg,8+0-9=-1
train/68507.jpg,8-(2+0)=6
train/68508.jpg,(6*2)-5=7
train/68509.jpg,5+(1-8)=-2
train/68510.jpg,(4*2)*6=48
train/68511.jpg,0+(4+3)=7
train/68512.jpg,6-(9-1)=-2
train/68513.jpg,3+(6*3)=21
train/68514.jpg,3*6-6=12
train/68515.jpg,(6*6)-3=33
train/68516.jpg,9-(9-9)=9
train/68517.jpg,3*6-7=11
train/68518.jpg,7*9+6=69
train/68519.jpg,8*(5*5)=200
train/68520.jpg,2*6*7=84
train/68521.jpg,4*6-0=24
train/68522.jpg,5+6+7=18
train/68523.jpg,(9-4)-6=-1
train/68524.jpg,(2+0)-8=-6
train/68525.jpg,9+(4+7)=20
train/68526.jpg,(8*2)*5=80
train/68527.jpg,6-(4*2)=-2
train/68528.jpg,3*0+7=7
train/68529.jpg,4*6*8=192
train/68530.jpg,7+(5*2)=17
train/68531.jpg,0+(5*1)=5
train/68532.jpg,2*(2-5)=-6
train/68533.jpg,2*6+4=16
train/68534.jpg,8*(2-4)=-16
train/68535.jpg,(4+1)*5=25
train/68536.jpg,(1+3)-4=0
train/68537.jpg,5*(4*6)=120
train/68538.jpg,(8+2)*6=60
train/68539.jpg,0*4+6=6
train/68540.jpg,2-1-4=-3
train/68541.jpg,2*5-4=6
train/68542.jpg,6-(6-3)=3
train/68543.jpg,(2-9)-3=-10
train/68544.jpg,5*(5*2)=50
train/68545.jpg,6*(0*7)=0
train/68546.jpg,4*6*8=192
train/68547.jpg,7+8*8=71
train/68548.jpg,(7-0)-1=6
train/68549.jpg,6*(6-7)=-6
train/68550.jpg,3-(5*5)=-22
train/68551.jpg,(4*2)-8=0
train/68552.jpg,(3-6)*9=-27
train/68553.jpg,(0*8)+1=1
train/68554.jpg,7+(0-0)=7
train/68555.jpg,6+(7*4)=34
train/68556.jpg,4+0+0=4
train/68557.jpg,7-5+8=10
train/68558.jpg,9+(4+1)=14
train/68559.jpg,9-(6+7)=-4
train/68560.jpg,7-(6+3)=-2
train/68561.jpg,3+7+2=12
train/68562.jpg,(9-2)+0=7
train/68563.jpg,2-(3*3)=-7
train/68564.jpg,(3*9)-5=22
train/68565.jpg,2*9-1=17
train/68566.jpg,(9*0)+2=2
train/68567.jpg,6+6-2=10
train/68568.jpg,2*(0+4)=8
train/68569.jpg,(8-1)*3=21
train/68570.jpg,3+9-4=8
train/68571.jpg,3+(4-7)=0
train/68572.jpg,(9*9)-3=78
train/68573.jpg,4+4*0=4
train/68574.jpg,5+9-0=14
train/68575.jpg,2*(3+4)=14
train/68576.jpg,(3+9)*5=60
train/68577.jpg,(4+2)-2=4
train/68578.jpg,7*(2-0)=14
train/68579.jpg,4-(8*1)=-4
train/68580.jpg,9*(1-0)=9
train/68581.jpg,(0+1)*8=8
train/68582.jpg,4*(8+6)=56
train/68583.jpg,(8*4)+3=35
train/68584.jpg,3+(4+7)=14
train/68585.jpg,(7*5)-4=31
train/68586.jpg,2+(1-1)=2
train/68587.jpg,4+(0-8)=-4
train/68588.jpg,0*(3-3)=0
train/68589.jpg,4*(7-4)=12
train/68590.jpg,4-(9+7)=-12
train/68591.jpg,6+8+2=16
train/68592.jpg,9-(7-3)=5
train/68593.jpg,1+3-7=-3
train/68594.jpg,9+(3-9)=3
train/68595.jpg,1+(9+9)=19
train/68596.jpg,0+(8-4)=4
train/68597.jpg,3*9-3=24
train/68598.jpg,4+2-9=-3
train/68599.jpg,(0*9)-9=-9
train/68600.jpg,7+3+3=13
train/68601.jpg,(9-8)+6=7
train/68602.jpg,1+4-0=5
train/68603.jpg,5*(7+4)=55
train/68604.jpg,6+(6+5)=17
train/68605.jpg,4-3-3=-2
train/68606.jpg,2-9-8=-15
train/68607.jpg,(8*6)+5=53
train/68608.jpg,7+4+6=17
train/68609.jpg,3+(1*9)=12
train/68610.jpg,8-(5+9)=-6
train/68611.jpg,0*3+5=5
train/68612.jpg,(7-2)*4=20
train/68613.jpg,(7+2)-1=8
train/68614.jpg,0*6*0=0
train/68615.jpg,0*2*5=0
train/68616.jpg,2+(1-6)=-3
train/68617.jpg,8-(3*2)=2
train/68618.jpg,1*(1*9)=9
train/68619.jpg,(2*8)+4=20
train/68620.jpg,(5*4)*0=0
train/68621.jpg,9+7-5=11
train/68622.jpg,1+(6-9)=-2
train/68623.jpg,7+6+3=16
train/68624.jpg,(2-5)+2=-1
train/68625.jpg,5-(5*2)=-5
train/68626.jpg,6*7*5=210
train/68627.jpg,2-2+2=2
train/68628.jpg,1-(8+5)=-12
train/68629.jpg,7*3-0=21
train/68630.jpg,(7-3)-3=1
train/68631.jpg,4-(6*1)=-2
train/68632.jpg,4-4*4=-12
train/68633.jpg,0-(2+7)=-9
train/68634.jpg,5+(6*5)=35
train/68635.jpg,8*(6+8)=112
train/68636.jpg,(4-6)+9=7
train/68637.jpg,2-3*2=-4
train/68638.jpg,3*4+6=18
train/68639.jpg,(4-6)+2=0
train/68640.jpg,9-9*3=-18
train/68641.jpg,(6-4)+1=3
train/68642.jpg,(6*2)*5=60
train/68643.jpg,6*1+0=6
train/68644.jpg,(1+4)-5=0
train/68645.jpg,(0*4)-8=-8
train/68646.jpg,1-(3-3)=1
train/68647.jpg,1-(8+4)=-11
train/68648.jpg,(9+9)-8=10
train/68649.jpg,(5+5)-3=7
train/68650.jpg,(7-0)*1=7
train/68651.jpg,(1+9)*0=0
train/68652.jpg,8+9*2=26
train/68653.jpg,3+(2+0)=5
train/68654.jpg,2*(5+5)=20
train/68655.jpg,6*(5-5)=0
train/68656.jpg,1-(3-9)=7
train/68657.jpg,(2*9)*8=144
train/68658.jpg,5-0-1=4
train/68659.jpg,4*(9*4)=144
train/68660.jpg,0-9+8=-1
train/68661.jpg,(9-4)*2=10
train/68662.jpg,(3-7)-9=-13
train/68663.jpg,9*(6-9)=-27
train/68664.jpg,7*5*7=245
train/68665.jpg,(3-9)-3=-9
train/68666.jpg,9-(5-9)=13
train/68667.jpg,2+(4+5)=11
train/68668.jpg,(7+5)+0=12
train/68669.jpg,9-1*5=4
train/68670.jpg,3-(6+0)=-3
train/68671.jpg,4-8-2=-6
train/68672.jpg,2+(6+1)=9
train/68673.jpg,3-1+8=10
train/68674.jpg,2+8*3=26
train/68675.jpg,(8-2)-0=6
train/68676.jpg,(0-6)-9=-15
train/68677.jpg,(4*9)*4=144
train/68678.jpg,1*1+6=7
train/68679.jpg,6-(2*9)=-12
train/68680.jpg,6*(0+2)=12
train/68681.jpg,(8*8)-3=61
train/68682.jpg,(2*7)-7=7
train/68683.jpg,(4*3)-5=7
train/68684.jpg,(3-0)+0=3
train/68685.jpg,1-(0+7)=-6
train/68686.jpg,6*(6+3)=54
train/68687.jpg,0*3+4=4
train/68688.jpg,3-7+0=-4
train/68689.jpg,7+(8*4)=39
train/68690.jpg,(7-6)*2=2
train/68691.jpg,0*(3*1)=0
train/68692.jpg,9*(5-9)=-36
train/68693.jpg,2-(6*3)=-16
train/68694.jpg,3*(9*5)=135
train/68695.jpg,6*6-4=32
train/68696.jpg,(1+5)-3=3
train/68697.jpg,4*(3+5)=32
train/68698.jpg,7+(0+9)=16
train/68699.jpg,1+(2+2)=5
train/68700.jpg,4*(4*4)=64
train/68701.jpg,7*0+8=8
train/68702.jpg,8*(5+7)=96
train/68703.jpg,(6-4)+5=7
train/68704.jpg,(5+4)+0=9
train/68705.jpg,4+4-7=1
train/68706.jpg,2+(7+9)=18
train/68707.jpg,5+9-6=8
train/68708.jpg,(8+4)-2=10
train/68709.jpg,(6*9)*2=108
train/68710.jpg,6*(6+9)=90
train/68711.jpg,5-(1*9)=-4
train/68712.jpg,9+(5-0)=14
train/68713.jpg,8+6+1=15
train/68714.jpg,5-7-4=-6
train/68715.jpg,(1*5)+8=13
train/68716.jpg,1-4-9=-12
train/68717.jpg,1-9*5=-44
train/68718.jpg,7-4*1=3
train/68719.jpg,0*8+1=1
train/68720.jpg,(4+8)*4=48
train/68721.jpg,(0*8)+0=0
train/68722.jpg,(3*2)*5=30
train/68723.jpg,(1*1)-9=-8
train/68724.jpg,7+7*1=14
train/68725.jpg,1+(2+7)=10
train/68726.jpg,6-(9*6)=-48
train/68727.jpg,9+2+3=14
train/68728.jpg,(8+1)*4=36
train/68729.jpg,(1+3)-4=0
train/68730.jpg,(2+0)*5=10
train/68731.jpg,3*(9-6)=9
train/68732.jpg,(3+8)+8=19
train/68733.jpg,(2-5)*0=0
train/68734.jpg,2-2+0=0
train/68735.jpg,0+(5+4)=9
train/68736.jpg,4+(0-6)=-2
train/68737.jpg,(4*5)+7=27
train/68738.jpg,7-(6*4)=-17
train/68739.jpg,(7-7)-0=0
train/68740.jpg,1+7-1=7
train/68741.jpg,(1-1)-6=-6
train/68742.jpg,7+2+5=14
train/68743.jpg,9+(8*7)=65
train/68744.jpg,8*6-8=40
train/68745.jpg,4*(7+6)=52
train/68746.jpg,5*7-9=26
train/68747.jpg,4-5-1=-2
train/68748.jpg,0+(1+5)=6
train/68749.jpg,8-3-5=0
train/68750.jpg,(0+1)*0=0
train/68751.jpg,(7*6)*7=294
train/68752.jpg,(2+2)-0=4
train/68753.jpg,(3*6)-7=11
train/68754.jpg,(5*3)+6=21
train/68755.jpg,1+(9+1)=11
train/68756.jpg,(0-3)+8=5
train/68757.jpg,(9-3)+3=9
train/68758.jpg,8+0-4=4
train/68759.jpg,3*5-6=9
train/68760.jpg,7+(1-3)=5
train/68761.jpg,4+7+7=18
train/68762.jpg,(2-5)*2=-6
train/68763.jpg,0+(6+6)=12
train/68764.jpg,9*(1*8)=72
train/68765.jpg,8-3*4=-4
train/68766.jpg,(0+7)+9=16
train/68767.jpg,(0-5)*0=0
train/68768.jpg,(4*0)*7=0
train/68769.jpg,9-(6+1)=2
train/68770.jpg,3-5+5=3
train/68771.jpg,9+(5-5)=9
train/68772.jpg,4+8-3=9
train/68773.jpg,6+(9*3)=33
train/68774.jpg,(4+0)+1=5
train/68775.jpg,2-2+6=6
train/68776.jpg,(6+9)-8=7
train/68777.jpg,6+0-7=-1
train/68778.jpg,7+(3+1)=11
train/68779.jpg,5+6-5=6
train/68780.jpg,7+(1+1)=9
train/68781.jpg,(8-4)-4=0
train/68782.jpg,3*(5+6)=33
train/68783.jpg,8+(7+3)=18
train/68784.jpg,4-(7-1)=-2
train/68785.jpg,(7-2)+4=9
train/68786.jpg,(8*1)*3=24
train/68787.jpg,(0-1)+5=4
train/68788.jpg,0-3-8=-11
train/68789.jpg,1*5+0=5
train/68790.jpg,(0-5)*1=-5
train/68791.jpg,2*7-6=8
train/68792.jpg,2+(8*0)=2
train/68793.jpg,(9+0)*4=36
train/68794.jpg,9-(1+9)=-1
train/68795.jpg,7-(2+6)=-1
train/68796.jpg,5+(6-2)=9
train/68797.jpg,7+5*1=12
train/68798.jpg,(1-8)-8=-15
train/68799.jpg,8+0+6=14
train/68800.jpg,4+1+7=12
train/68801.jpg,(8+3)*8=88
train/68802.jpg,1+7-9=-1
train/68803.jpg,(9-0)*6=54
train/68804.jpg,5-(7+2)=-4
train/68805.jpg,(6*0)+4=4
train/68806.jpg,9+2+1=12
train/68807.jpg,9+(6*2)=21
train/68808.jpg,8*(6-8)=-16
train/68809.jpg,1-(4-8)=5
train/68810.jpg,(0+8)+2=10
train/68811.jpg,(2-4)*0=0
train/68812.jpg,(1*6)-2=4
train/68813.jpg,1+(5+0)=6
train/68814.jpg,9+(9*6)=63
train/68815.jpg,0+8*3=24
train/68816.jpg,(7*7)*9=441
train/68817.jpg,5+(6*5)=35
train/68818.jpg,(4-3)+9=10
train/68819.jpg,9+7+0=16
train/68820.jpg,2-1-5=-4
train/68821.jpg,1-0+7=8
train/68822.jpg,0*6+6=6
train/68823.jpg,3-(0*8)=3
train/68824.jpg,2+4+5=11
train/68825.jpg,6+4-1=9
train/68826.jpg,9+8-8=9
train/68827.jpg,(3+9)-4=8
train/68828.jpg,3-2*9=-15
train/68829.jpg,6+(9+0)=15
train/68830.jpg,6-0-2=4
train/68831.jpg,(9*9)+5=86
train/68832.jpg,1*(2+2)=4
train/68833.jpg,1-5-3=-7
train/68834.jpg,5+(8+5)=18
train/68835.jpg,7-5-3=-1
train/68836.jpg,7+8-8=7
train/68837.jpg,(9-1)*4=32
train/68838.jpg,7+2+6=15
train/68839.jpg,8-(3+2)=3
train/68840.jpg,8*(8-0)=64
train/68841.jpg,3-(1-3)=5
train/68842.jpg,7+7+8=22
train/68843.jpg,2+(3-6)=-1
train/68844.jpg,0+1*3=3
train/68845.jpg,5*2-8=2
train/68846.jpg,(5-1)+7=11
train/68847.jpg,(6*0)*8=0
train/68848.jpg,9*9+7=88
train/68849.jpg,9+(2-4)=7
train/68850.jpg,(0-5)-2=-7
train/68851.jpg,9*(8+9)=153
train/68852.jpg,(3-5)*6=-12
train/68853.jpg,7-(7-5)=5
train/68854.jpg,(5-5)+2=2
train/68855.jpg,0*(7-2)=0
train/68856.jpg,0-(8*8)=-64
train/68857.jpg,5+7+5=17
train/68858.jpg,(1*7)+6=13
train/68859.jpg,1+5+5=11
train/68860.jpg,3+3-7=-1
train/68861.jpg,(1+8)-0=9
train/68862.jpg,(1-4)+8=5
train/68863.jpg,6+(2*8)=22
train/68864.jpg,7-2+2=7
train/68865.jpg,6*3+9=27
train/68866.jpg,2+(1+9)=12
train/68867.jpg,(6*0)+2=2
train/68868.jpg,3+2-7=-2
train/68869.jpg,(5*9)+7=52
train/68870.jpg,(1*4)-4=0
train/68871.jpg,4+(7*2)=18
train/68872.jpg,0+(3-7)=-4
train/68873.jpg,5-0*9=5
train/68874.jpg,(1-2)*8=-8
train/68875.jpg,6*(8*2)=96
train/68876.jpg,(3*9)-4=23
train/68877.jpg,(7*5)*8=280
train/68878.jpg,(2*8)-3=13
train/68879.jpg,6*(2-3)=-6
train/68880.jpg,(9-5)+0=4
train/68881.jpg,8*3*0=0
train/68882.jpg,(6*0)+9=9
train/68883.jpg,2-(8+6)=-12
train/68884.jpg,(3-6)+0=-3
train/68885.jpg,5+(7+4)=16
train/68886.jpg,2+9-7=4
train/68887.jpg,7-(0*2)=7
train/68888.jpg,0+(5-2)=3
train/68889.jpg,2-4*0=2
train/68890.jpg,5+(1+5)=11
train/68891.jpg,(7-6)+0=1
train/68892.jpg,4*(8+3)=44
train/68893.jpg,1-(4-8)=5
train/68894.jpg,8+8+4=20
train/68895.jpg,7-9+1=-1
train/68896.jpg,(0-3)+3=0
train/68897.jpg,0*(4+7)=0
train/68898.jpg,5+(2+3)=10
train/68899.jpg,(5-7)-3=-5
train/68900.jpg,6-(3-2)=5
train/68901.jpg,4*(7*0)=0
train/68902.jpg,(8-7)+2=3
train/68903.jpg,1+(4-4)=1
train/68904.jpg,1*4-3=1
train/68905.jpg,3*4*9=108
train/68906.jpg,(1-7)+5=-1
train/68907.jpg,7-5-5=-3
train/68908.jpg,1*(2+1)=3
train/68909.jpg,(5*3)+7=22
train/68910.jpg,1+(1+0)=2
train/68911.jpg,(8+8)*1=16
train/68912.jpg,2+3*4=14
train/68913.jpg,1+0*0=1
train/68914.jpg,(7*7)-6=43
train/68915.jpg,1+(1+7)=9
train/68916.jpg,3-2*4=-5
train/68917.jpg,(9*5)-3=42
train/68918.jpg,4*8-3=29
train/68919.jpg,(4-1)-0=3
train/68920.jpg,(0-9)+0=-9
train/68921.jpg,(3-8)+7=2
train/68922.jpg,0+5-2=3
train/68923.jpg,1+(8-4)=5
train/68924.jpg,5+(6-4)=7
train/68925.jpg,(7*1)*2=14
train/68926.jpg,(6-4)*9=18
train/68927.jpg,(5+7)+1=13
train/68928.jpg,5+5*3=20
train/68929.jpg,2+(3-5)=0
train/68930.jpg,5-4+8=9
train/68931.jpg,8*9*0=0
train/68932.jpg,(2+9)-4=7
train/68933.jpg,2-0-1=1
train/68934.jpg,4*7+7=35
train/68935.jpg,6-6+0=0
train/68936.jpg,9-9*9=-72
train/68937.jpg,7+7*3=28
train/68938.jpg,2*(7-8)=-2
train/68939.jpg,4+(1-3)=2
train/68940.jpg,7*3-8=13
train/68941.jpg,3-9+3=-3
train/68942.jpg,(5*4)*4=80
train/68943.jpg,4+2*0=4
train/68944.jpg,7*5*1=35
train/68945.jpg,3-(8-0)=-5
train/68946.jpg,1-(8+8)=-15
train/68947.jpg,6*(8*9)=432
train/68948.jpg,5+(5-3)=7
train/68949.jpg,(2-6)+3=-1
train/68950.jpg,7*6+3=45
train/68951.jpg,(7+5)+6=18
train/68952.jpg,(0+4)-4=0
train/68953.jpg,(0-5)-4=-9
train/68954.jpg,2+1+6=9
train/68955.jpg,4*(9+0)=36
train/68956.jpg,3*(3-4)=-3
train/68957.jpg,(7-0)*6=42
train/68958.jpg,1*7*1=7
train/68959.jpg,6*(9-1)=48
train/68960.jpg,9*2+8=26
train/68961.jpg,2-(8*7)=-54
train/68962.jpg,(4*9)+0=36
train/68963.jpg,0+9+3=12
train/68964.jpg,2+3-9=-4
train/68965.jpg,2+(2+3)=7
train/68966.jpg,(4+5)-5=4
train/68967.jpg,6-(1-5)=10
train/68968.jpg,1-(6-2)=-3
train/68969.jpg,7+(6-0)=13
train/68970.jpg,8+2+7=17
train/68971.jpg,5+(7+2)=14
train/68972.jpg,7*(8-9)=-7
train/68973.jpg,5-7+9=7
train/68974.jpg,(9*2)+6=24
train/68975.jpg,5+(4*6)=29
train/68976.jpg,0+3*3=9
train/68977.jpg,9-4*8=-23
train/68978.jpg,2-3*8=-22
train/68979.jpg,(7+5)+7=19
train/68980.jpg,3+(2-4)=1
train/68981.jpg,0-7+8=1
train/68982.jpg,5*2+6=16
train/68983.jpg,9-3-0=6
train/68984.jpg,1+6+3=10
train/68985.jpg,6+(5*8)=46
train/68986.jpg,1+2*9=19
train/68987.jpg,(1-0)-8=-7
train/68988.jpg,(5-2)*2=6
train/68989.jpg,(3-6)*0=0
train/68990.jpg,(1+6)*4=28
train/68991.jpg,3*(6+8)=42
train/68992.jpg,5-(8*0)=5
train/68993.jpg,5-(4*1)=1
train/68994.jpg,4*(0+5)=20
train/68995.jpg,6*5+7=37
train/68996.jpg,4-(0-0)=4
train/68997.jpg,(9+0)-9=0
train/68998.jpg,4-0*0=4
train/68999.jpg,7-9*0=7
train/69000.jpg,(9*0)+8=8
train/69001.jpg,(7+4)+2=13
train/69002.jpg,4*(1-0)=4
train/69003.jpg,(8*8)-3=61
train/69004.jpg,5-(2*6)=-7
train/69005.jpg,3-6+2=-1
train/69006.jpg,0-(8-5)=-3
train/69007.jpg,2-(3+0)=-1
train/69008.jpg,6+2+8=16
train/69009.jpg,(9-1)-0=8
train/69010.jpg,6+(3*3)=15
train/69011.jpg,(1-3)*7=-14
train/69012.jpg,4+1+2=7
train/69013.jpg,5-(3*5)=-10
train/69014.jpg,(9-5)-9=-5
train/69015.jpg,(2+5)*6=42
train/69016.jpg,7-6*6=-29
train/69017.jpg,8*7+0=56
train/69018.jpg,3*7-6=15
train/69019.jpg,(5+6)*7=77
train/69020.jpg,(8-1)*6=42
train/69021.jpg,(3+4)*8=56
train/69022.jpg,7-(4+0)=3
train/69023.jpg,7*5+3=38
train/69024.jpg,3*6*2=36
train/69025.jpg,(3*8)+8=32
train/69026.jpg,1+(4-8)=-3
train/69027.jpg,2+6-8=0
train/69028.jpg,2+(2+3)=7
train/69029.jpg,(7*9)*3=189
train/69030.jpg,(7+5)*0=0
train/69031.jpg,4-(8-2)=-2
train/69032.jpg,0-2-3=-5
train/69033.jpg,4+(0-8)=-4
train/69034.jpg,8-0-9=-1
train/69035.jpg,(0+0)*3=0
train/69036.jpg,6-(9-4)=1
train/69037.jpg,3+0-8=-5
train/69038.jpg,(9-3)+4=10
train/69039.jpg,4*(5-9)=-16
train/69040.jpg,9-(6*0)=9
train/69041.jpg,(2*9)-2=16
train/69042.jpg,(9-7)*1=2
train/69043.jpg,5*1-6=-1
train/69044.jpg,1*0+0=0
train/69045.jpg,(1+4)-8=-3
train/69046.jpg,(6*6)-6=30
train/69047.jpg,(5*0)-9=-9
train/69048.jpg,6+2*0=6
train/69049.jpg,1+0+8=9
train/69050.jpg,8*(8-5)=24
train/69051.jpg,(1-7)+8=2
train/69052.jpg,9+2-9=2
train/69053.jpg,3+(3*6)=21
train/69054.jpg,(6*8)+1=49
train/69055.jpg,6+(7+2)=15
train/69056.jpg,0-(4*8)=-32
train/69057.jpg,(0*6)+7=7
train/69058.jpg,(2+9)-8=3
train/69059.jpg,(7*3)+5=26
train/69060.jpg,9+(5*4)=29
train/69061.jpg,(5*3)*2=30
train/69062.jpg,(3-0)*0=0
train/69063.jpg,2*8+2=18
train/69064.jpg,8+(7+5)=20
train/69065.jpg,(8*8)+8=72
train/69066.jpg,(9+2)+4=15
train/69067.jpg,5+7-0=12
train/69068.jpg,4*(4-7)=-12
train/69069.jpg,1-(3*3)=-8
train/69070.jpg,3+2-6=-1
train/69071.jpg,(7+3)*7=70
train/69072.jpg,(0-6)-7=-13
train/69073.jpg,8-4*0=8
train/69074.jpg,6*5+6=36
train/69075.jpg,9+7*3=30
train/69076.jpg,(2*2)+0=4
train/69077.jpg,0+5+4=9
train/69078.jpg,7-(8+2)=-3
train/69079.jpg,2*(0*8)=0
train/69080.jpg,6-(6+0)=0
train/69081.jpg,(6-0)*5=30
train/69082.jpg,1-7*0=1
train/69083.jpg,9+(6*9)=63
train/69084.jpg,(8-7)-3=-2
train/69085.jpg,(4*0)-9=-9
train/69086.jpg,3+(2*0)=3
train/69087.jpg,9-9+3=3
train/69088.jpg,4*(1-8)=-28
train/69089.jpg,1+2-7=-4
train/69090.jpg,3+(8+9)=20
train/69091.jpg,(5+4)*6=54
train/69092.jpg,5+(5*6)=35
train/69093.jpg,(4-9)+5=0
train/69094.jpg,4+(7-8)=3
train/69095.jpg,8*(6*5)=240
train/69096.jpg,6*7+1=43
train/69097.jpg,9-(5-7)=11
train/69098.jpg,4+1*3=7
train/69099.jpg,4+8-2=10
train/69100.jpg,3-(5*3)=-12
train/69101.jpg,8+1+7=16
train/69102.jpg,(0*7)*3=0
train/69103.jpg,7+8*5=47
train/69104.jpg,(2*9)-7=11
train/69105.jpg,6*5*0=0
train/69106.jpg,(5-9)*7=-28
train/69107.jpg,0-5-3=-8
train/69108.jpg,(4*3)*9=108
train/69109.jpg,6*(3-7)=-24
train/69110.jpg,5*(2+3)=25
train/69111.jpg,8*3-5=19
train/69112.jpg,6+(9-0)=15
train/69113.jpg,(9+2)-5=6
train/69114.jpg,3*(1-9)=-24
train/69115.jpg,9+0*2=9
train/69116.jpg,(0-3)+5=2
train/69117.jpg,(2*8)+3=19
train/69118.jpg,(0+8)+6=14
train/69119.jpg,1+(3+0)=4
train/69120.jpg,(3-4)+8=7
train/69121.jpg,0-(0-9)=9
train/69122.jpg,2-1-2=-1
train/69123.jpg,0*(5*0)=0
train/69124.jpg,5+7*3=26
train/69125.jpg,4*2*5=40
train/69126.jpg,(6*4)+2=26
train/69127.jpg,(4*7)-6=22
train/69128.jpg,5+(2+4)=11
train/69129.jpg,(8*9)*3=216
train/69130.jpg,6+(7*8)=62
train/69131.jpg,7+0-5=2
train/69132.jpg,3*3-9=0
train/69133.jpg,1+(1-6)=-4
train/69134.jpg,(0-4)-6=-10
train/69135.jpg,(8*2)*3=48
train/69136.jpg,3+(0-0)=3
train/69137.jpg,(3+7)*4=40
train/69138.jpg,7*8*8=448
train/69139.jpg,9*4-7=29
train/69140.jpg,9+6-5=10
train/69141.jpg,6+8+9=23
train/69142.jpg,6-6-0=0
train/69143.jpg,(0+5)*6=30
train/69144.jpg,6+(3*5)=21
train/69145.jpg,1-(7*5)=-34
train/69146.jpg,(8+9)-4=13
train/69147.jpg,(6-8)+4=2
train/69148.jpg,6-(3+7)=-4
train/69149.jpg,6-(8-8)=6
train/69150.jpg,5+0+5=10
train/69151.jpg,(0*7)*7=0
train/69152.jpg,(3-4)-8=-9
train/69153.jpg,6*(2-1)=6
train/69154.jpg,3+(8*7)=59
train/69155.jpg,(7-7)+1=1
train/69156.jpg,9*(5+7)=108
train/69157.jpg,(8-4)*7=28
train/69158.jpg,2-0*6=2
train/69159.jpg,(4*2)-3=5
train/69160.jpg,5+6-9=2
train/69161.jpg,0-(8-0)=-8
train/69162.jpg,4*1*3=12
train/69163.jpg,(3+1)*3=12
train/69164.jpg,5-(3-2)=4
train/69165.jpg,7*(6-4)=14
train/69166.jpg,3*6-9=9
train/69167.jpg,5+(9-5)=9
train/69168.jpg,(7-0)+5=12
train/69169.jpg,2*(5*6)=60
train/69170.jpg,9+3*7=30
train/69171.jpg,1-(1-5)=5
train/69172.jpg,6+1*6=12
train/69173.jpg,(3*5)+5=20
train/69174.jpg,7+(5+1)=13
train/69175.jpg,6*2-8=4
train/69176.jpg,(2-7)*1=-5
train/69177.jpg,7-(1-6)=12
train/69178.jpg,6+(0*9)=6
train/69179.jpg,0-0-9=-9
train/69180.jpg,2+(7+2)=11
train/69181.jpg,(8+9)-4=13
train/69182.jpg,0+9*2=18
train/69183.jpg,(3-7)-4=-8
train/69184.jpg,(6+5)*8=88
train/69185.jpg,(8-7)+8=9
train/69186.jpg,(9-7)-0=2
train/69187.jpg,7*4-3=25
train/69188.jpg,8*(9+5)=112
train/69189.jpg,(9-4)+5=10
train/69190.jpg,(7+5)+8=20
train/69191.jpg,7-1-7=-1
train/69192.jpg,2*(9*0)=0
train/69193.jpg,3+5+5=13
train/69194.jpg,(8*3)*9=216
train/69195.jpg,0*2*1=0
train/69196.jpg,(7+5)-2=10
train/69197.jpg,(7*6)+4=46
train/69198.jpg,(0+1)+6=7
train/69199.jpg,(1+1)*8=16
train/69200.jpg,5*2-0=10
train/69201.jpg,1-6*5=-29
train/69202.jpg,(5+7)*4=48
train/69203.jpg,(1-4)+4=1
train/69204.jpg,(0+3)+7=10
train/69205.jpg,(9+5)+2=16
train/69206.jpg,3*4-5=7
train/69207.jpg,8-4-3=1
train/69208.jpg,1-(2+7)=-8
train/69209.jpg,(8-8)+9=9
train/69210.jpg,0-3-1=-4
train/69211.jpg,8+(6-7)=7
train/69212.jpg,6-4+9=11
train/69213.jpg,0+3-9=-6
train/69214.jpg,1+7*0=1
train/69215.jpg,(2*5)+0=10
train/69216.jpg,9*(9*3)=243
train/69217.jpg,5-0-2=3
train/69218.jpg,9*9*9=729
train/69219.jpg,(1-2)*2=-2
train/69220.jpg,9*(6+3)=81
train/69221.jpg,1+2+7=10
train/69222.jpg,4-0-2=2
train/69223.jpg,1-(1-4)=4
train/69224.jpg,1+(1*3)=4
train/69225.jpg,1*8*7=56
train/69226.jpg,(4-8)+3=-1
train/69227.jpg,3*(9-9)=0
train/69228.jpg,(2*5)*1=10
train/69229.jpg,8+4+1=13
train/69230.jpg,2*0-1=-1
train/69231.jpg,(9+5)-4=10
train/69232.jpg,(7+7)*8=112
train/69233.jpg,(4*2)-7=1
train/69234.jpg,5*(0+4)=20
train/69235.jpg,9*4-4=32
train/69236.jpg,1*9+1=10
train/69237.jpg,6*4+7=31
train/69238.jpg,0-9+7=-2
train/69239.jpg,0*(9*4)=0
train/69240.jpg,(1*6)+3=9
train/69241.jpg,(4*9)*2=72
train/69242.jpg,9*1-4=5
train/69243.jpg,(4*9)-5=31
train/69244.jpg,5-5-5=-5
train/69245.jpg,(9-0)-2=7
train/69246.jpg,(4-2)+6=8
train/69247.jpg,8*(8-0)=64
train/69248.jpg,7*(4-0)=28
train/69249.jpg,(1*4)*6=24
train/69250.jpg,8*(3*0)=0
train/69251.jpg,(9+5)*7=98
train/69252.jpg,(2+9)*2=22
train/69253.jpg,(3-4)-3=-4
train/69254.jpg,6+2-6=2
train/69255.jpg,0+(9*2)=18
train/69256.jpg,3*(8*8)=192
train/69257.jpg,(3-8)*2=-10
train/69258.jpg,2*(5-6)=-2
train/69259.jpg,(9*8)*0=0
train/69260.jpg,8+(5-0)=13
train/69261.jpg,4+(5+0)=9
train/69262.jpg,0-8+3=-5
train/69263.jpg,7+(5-8)=4
train/69264.jpg,(7-1)+5=11
train/69265.jpg,2-9+6=-1
train/69266.jpg,0-4+2=-2
train/69267.jpg,9+(8-1)=16
train/69268.jpg,2*(6-8)=-4
train/69269.jpg,(2*0)+8=8
train/69270.jpg,(9-9)*3=0
train/69271.jpg,(0*4)*6=0
train/69272.jpg,(6+0)*1=6
train/69273.jpg,3+8-8=3
train/69274.jpg,2*(5+9)=28
train/69275.jpg,(7*7)-7=42
train/69276.jpg,8*(4+9)=104
train/69277.jpg,3*2-0=6
train/69278.jpg,(3-2)-9=-8
train/69279.jpg,2+(8-6)=4
train/69280.jpg,1+5*1=6
train/69281.jpg,1*(8*5)=40
train/69282.jpg,(7+9)+9=25
train/69283.jpg,5*4*1=20
train/69284.jpg,4-0+3=7
train/69285.jpg,1-4+8=5
train/69286.jpg,6-(4-3)=5
train/69287.jpg,5-(7+5)=-7
train/69288.jpg,(3+4)+5=12
train/69289.jpg,5*(8+6)=70
train/69290.jpg,(1*7)-1=6
train/69291.jpg,1*4-3=1
train/69292.jpg,9-(8+7)=-6
train/69293.jpg,8+8-9=7
train/69294.jpg,(6*6)-6=30
train/69295.jpg,5+(3*6)=23
train/69296.jpg,3+4+5=12
train/69297.jpg,(6-8)+3=1
train/69298.jpg,5-(4-9)=10
train/69299.jpg,9*(4*3)=108
train/69300.jpg,(3+6)-3=6
train/69301.jpg,4-6-0=-2
train/69302.jpg,(2*0)*7=0
train/69303.jpg,5+5+3=13
train/69304.jpg,4-(1-2)=5
train/69305.jpg,0*(4-4)=0
train/69306.jpg,5*(6*8)=240
train/69307.jpg,(9*7)+2=65
train/69308.jpg,(5-2)*6=18
train/69309.jpg,0-(7+7)=-14
train/69310.jpg,1+(0*0)=1
train/69311.jpg,5*(3+8)=55
train/69312.jpg,4-8+7=3
train/69313.jpg,(1-5)+6=2
train/69314.jpg,(1*6)-3=3
train/69315.jpg,3*(1*9)=27
train/69316.jpg,0-4+7=3
train/69317.jpg,1-0+9=10
train/69318.jpg,7+7-5=9
train/69319.jpg,(7+6)*6=78
train/69320.jpg,2*(5+8)=26
train/69321.jpg,9-2+0=7
train/69322.jpg,4+7*3=25
train/69323.jpg,1*(1*3)=3
train/69324.jpg,(5+4)*4=36
train/69325.jpg,4*4*2=32
train/69326.jpg,9*7-4=59
train/69327.jpg,8-(6-6)=8
train/69328.jpg,(9-6)-1=2
train/69329.jpg,6+(9+9)=24
train/69330.jpg,(3*1)*1=3
train/69331.jpg,5*(5-0)=25
train/69332.jpg,(5*1)-8=-3
train/69333.jpg,(5+1)+9=15
train/69334.jpg,2*(9+5)=28
train/69335.jpg,5-(8*7)=-51
train/69336.jpg,7*(5+6)=77
train/69337.jpg,2+(5*9)=47
train/69338.jpg,8+3-8=3
train/69339.jpg,(7*6)*5=210
train/69340.jpg,8-7*4=-20
train/69341.jpg,(0+9)+8=17
train/69342.jpg,0+9-7=2
train/69343.jpg,(1+4)-2=3
train/69344.jpg,3*4*0=0
train/69345.jpg,5*0+5=5
train/69346.jpg,(0+4)-3=1
train/69347.jpg,3-(5*2)=-7
train/69348.jpg,(9-2)-6=1
train/69349.jpg,0+(2-7)=-5
train/69350.jpg,2*5-1=9
train/69351.jpg,3+0-3=0
train/69352.jpg,(7-3)*5=20
train/69353.jpg,2*4*6=48
train/69354.jpg,2+(9*8)=74
train/69355.jpg,9*(8+9)=153
train/69356.jpg,6-3+6=9
train/69357.jpg,3*0-9=-9
train/69358.jpg,7-7+3=3
train/69359.jpg,0-2*3=-6
train/69360.jpg,(5*7)-2=33
train/69361.jpg,6+1-4=3
train/69362.jpg,8+6-0=14
train/69363.jpg,(9-5)+8=12
train/69364.jpg,7-4-5=-2
train/69365.jpg,9+(4+5)=18
train/69366.jpg,8-(9-7)=6
train/69367.jpg,(5*4)+7=27
train/69368.jpg,1+2-2=1
train/69369.jpg,5+(8*4)=37
train/69370.jpg,3+(0+3)=6
train/69371.jpg,2-2+5=5
train/69372.jpg,7+1+8=16
train/69373.jpg,1-6-6=-11
train/69374.jpg,0+6*4=24
train/69375.jpg,6+(8+5)=19
train/69376.jpg,7+6+4=17
train/69377.jpg,7-(1-7)=13
train/69378.jpg,9+8+8=25
train/69379.jpg,3*(1*2)=6
train/69380.jpg,(5-1)+0=4
train/69381.jpg,2*(8+4)=24
train/69382.jpg,6*(3*0)=0
train/69383.jpg,8+(5*5)=33
train/69384.jpg,0*(6+3)=0
train/69385.jpg,9*1*5=45
train/69386.jpg,7+2-2=7
train/69387.jpg,4*(5*3)=60
train/69388.jpg,9+(0*0)=9
train/69389.jpg,4+5+6=15
train/69390.jpg,9*(1*1)=9
train/69391.jpg,5-(3-5)=7
train/69392.jpg,(0-8)-9=-17
train/69393.jpg,7-6*1=1
train/69394.jpg,9-7+8=10
train/69395.jpg,2*2+4=8
train/69396.jpg,7+7+9=23
train/69397.jpg,5-(5-4)=4
train/69398.jpg,7+(5-9)=3
train/69399.jpg,4*6-2=22
train/69400.jpg,4-8*4=-28
train/69401.jpg,(4-7)+2=-1
train/69402.jpg,6+(4+8)=18
train/69403.jpg,(7+8)-9=6
train/69404.jpg,2-6*8=-46
train/69405.jpg,(1*1)-5=-4
train/69406.jpg,(6*7)+8=50
train/69407.jpg,8*(5+8)=104
train/69408.jpg,6*(7*7)=294
train/69409.jpg,(8*8)-7=57
train/69410.jpg,8*(6*8)=384
train/69411.jpg,1-4+7=4
train/69412.jpg,(5-3)*1=2
train/69413.jpg,(8+2)*3=30
train/69414.jpg,(9-9)+7=7
train/69415.jpg,1+(1-3)=-1
train/69416.jpg,7+7*1=14
train/69417.jpg,4+6-8=2
train/69418.jpg,0-(1+1)=-2
train/69419.jpg,5*(8-2)=30
train/69420.jpg,2*(2+2)=8
train/69421.jpg,0*(0+5)=0
train/69422.jpg,1-(1+4)=-4
train/69423.jpg,7*(3+3)=42
train/69424.jpg,(1*5)+0=5
train/69425.jpg,(4+4)-1=7
train/69426.jpg,3+3*8=27
train/69427.jpg,(9-0)-3=6
train/69428.jpg,9+2+9=20
train/69429.jpg,(2+7)*6=54
train/69430.jpg,8*2-6=10
train/69431.jpg,0+(9-2)=7
train/69432.jpg,(0+3)-4=-1
train/69433.jpg,6-(9-7)=4
train/69434.jpg,(4-7)+0=-3
train/69435.jpg,4*0*0=0
train/69436.jpg,3+(0-3)=0
train/69437.jpg,(3*7)*0=0
train/69438.jpg,0-7*2=-14
train/69439.jpg,(1+9)+5=15
train/69440.jpg,(0+1)-2=-1
train/69441.jpg,8-(3+0)=5
train/69442.jpg,(6*8)*6=288
train/69443.jpg,1+(6*1)=7
train/69444.jpg,6-(3*4)=-6
train/69445.jpg,7+9*1=16
train/69446.jpg,(1+6)*4=28
train/69447.jpg,9*(9-2)=63
train/69448.jpg,(4-6)+5=3
train/69449.jpg,2*4*7=56
train/69450.jpg,0-(1*2)=-2
train/69451.jpg,(9-3)+0=6
train/69452.jpg,(1-7)+7=1
train/69453.jpg,1*0+2=2
train/69454.jpg,7*7+0=49
train/69455.jpg,4*5+1=21
train/69456.jpg,6-5-6=-5
train/69457.jpg,7-(8+2)=-3
train/69458.jpg,2-2-7=-7
train/69459.jpg,(5-8)-5=-8
train/69460.jpg,6-4*9=-30
train/69461.jpg,2*9+6=24
train/69462.jpg,7+2-7=2
train/69463.jpg,(1*7)+0=7
train/69464.jpg,2+(5*9)=47
train/69465.jpg,7+8+4=19
train/69466.jpg,1+0+5=6
train/69467.jpg,7+(0-0)=7
train/69468.jpg,4*(5-6)=-4
train/69469.jpg,2-3+8=7
train/69470.jpg,(2*3)+2=8
train/69471.jpg,(5-8)*1=-3
train/69472.jpg,7*3*6=126
train/69473.jpg,3-(9*5)=-42
train/69474.jpg,(3-4)*7=-7
train/69475.jpg,0+7*2=14
train/69476.jpg,4-(0*2)=4
train/69477.jpg,1-5-3=-7
train/69478.jpg,(2*8)+3=19
train/69479.jpg,6+(2*4)=14
train/69480.jpg,1+9-9=1
train/69481.jpg,0+(3-2)=1
train/69482.jpg,8+(0-5)=3
train/69483.jpg,(2-3)-6=-7
train/69484.jpg,2-(1-3)=4
train/69485.jpg,0*(1*2)=0
train/69486.jpg,6*3*2=36
train/69487.jpg,1-3-7=-9
train/69488.jpg,5*(4*4)=80
train/69489.jpg,8*(3*4)=96
train/69490.jpg,4+(9+5)=18
train/69491.jpg,0+(8-4)=4
train/69492.jpg,(2*8)*5=80
train/69493.jpg,(0-1)-1=-2
train/69494.jpg,5+(6*9)=59
train/69495.jpg,0+8-5=3
train/69496.jpg,(4*3)-3=9
train/69497.jpg,8*(2*2)=32
train/69498.jpg,0*3+0=0
train/69499.jpg,6*6+1=37
train/69500.jpg,1+(4-5)=0
train/69501.jpg,7-9-1=-3
train/69502.jpg,0*(7-1)=0
train/69503.jpg,1*4+8=12
train/69504.jpg,9*5+3=48
train/69505.jpg,3-5*0=3
train/69506.jpg,9+(9+5)=23
train/69507.jpg,(8+6)*5=70
train/69508.jpg,5-7-7=-9
train/69509.jpg,(6-1)-8=-3
train/69510.jpg,(4*2)*4=32
train/69511.jpg,9-8*2=-7
train/69512.jpg,(9+2)-2=9
train/69513.jpg,(2-4)*7=-14
train/69514.jpg,(5-1)-0=4
train/69515.jpg,4+6-8=2
train/69516.jpg,(2+6)-8=0
train/69517.jpg,6+7+9=22
train/69518.jpg,3-(4+4)=-5
train/69519.jpg,(0+2)+1=3
train/69520.jpg,9+4*3=21
train/69521.jpg,9+(3+7)=19
train/69522.jpg,5*(4+1)=25
train/69523.jpg,2*(3-3)=0
train/69524.jpg,(3+9)-6=6
train/69525.jpg,5-7*5=-30
train/69526.jpg,6-(1-7)=12
train/69527.jpg,1*8-0=8
train/69528.jpg,1+(0+2)=3
train/69529.jpg,4*8*8=256
train/69530.jpg,8*8*6=384
train/69531.jpg,8*9+8=80
train/69532.jpg,3*3-7=2
train/69533.jpg,7-2-3=2
train/69534.jpg,(8-5)+0=3
train/69535.jpg,5*(6+9)=75
train/69536.jpg,1+(6*0)=1
train/69537.jpg,3*(9-7)=6
train/69538.jpg,7-8+4=3
train/69539.jpg,7-8*0=7
train/69540.jpg,(6*9)*6=324
train/69541.jpg,(3*8)*3=72
train/69542.jpg,(1-7)-1=-7
train/69543.jpg,1-0-8=-7
train/69544.jpg,1-(3+1)=-3
train/69545.jpg,7+7+4=18
train/69546.jpg,8*(7*4)=224
train/69547.jpg,(2*6)*4=48
train/69548.jpg,5-5-0=0
train/69549.jpg,2+7+0=9
train/69550.jpg,7-0*6=7
train/69551.jpg,(9+9)-2=16
train/69552.jpg,(5+7)-8=4
train/69553.jpg,(4+2)-9=-3
train/69554.jpg,2*2+3=7
train/69555.jpg,(4+8)-1=11
train/69556.jpg,0*(4*1)=0
train/69557.jpg,(5-8)+5=2
train/69558.jpg,(9+8)*1=17
train/69559.jpg,9-9*1=0
train/69560.jpg,1*(9*4)=36
train/69561.jpg,(3-4)+0=-1
train/69562.jpg,2*3+0=6
train/69563.jpg,5*(1-1)=0
train/69564.jpg,8*1-6=2
train/69565.jpg,(1+0)+1=2
train/69566.jpg,0-(2-4)=2
train/69567.jpg,0*(0+5)=0
train/69568.jpg,(3-4)-5=-6
train/69569.jpg,0+(4-1)=3
train/69570.jpg,(5-7)+8=6
train/69571.jpg,3*(9-8)=3
train/69572.jpg,5+0+9=14
train/69573.jpg,3+(4*6)=27
train/69574.jpg,0+4+9=13
train/69575.jpg,(8-6)*5=10
train/69576.jpg,6-(7*8)=-50
train/69577.jpg,(4*5)+9=29
train/69578.jpg,(9+0)+5=14
train/69579.jpg,(3-6)-1=-4
train/69580.jpg,(8-8)-9=-9
train/69581.jpg,0+7+3=10
train/69582.jpg,4+(5+3)=12
train/69583.jpg,6+(3*4)=18
train/69584.jpg,(6*9)-5=49
train/69585.jpg,1+(6*9)=55
train/69586.jpg,8*(9*1)=72
train/69587.jpg,(6-2)*0=0
train/69588.jpg,6*0-6=-6
train/69589.jpg,3-9-8=-14
train/69590.jpg,2+(4*2)=10
train/69591.jpg,7-(1-8)=14
train/69592.jpg,(7-2)+0=5
train/69593.jpg,(6-1)-8=-3
train/69594.jpg,9-2-5=2
train/69595.jpg,0-(2+8)=-10
train/69596.jpg,(5+7)+8=20
train/69597.jpg,6*4+8=32
train/69598.jpg,9-2*6=-3
train/69599.jpg,2*9+1=19
train/69600.jpg,(0*4)*7=0
train/69601.jpg,5+(9*3)=32
train/69602.jpg,6-9*0=6
train/69603.jpg,5*(6-3)=15
train/69604.jpg,(5-6)-1=-2
train/69605.jpg,(3-8)*8=-40
train/69606.jpg,(7-3)*4=16
train/69607.jpg,4*8*6=192
train/69608.jpg,1+4*0=1
train/69609.jpg,0*8*7=0
train/69610.jpg,(5+1)*7=42
train/69611.jpg,(7-6)+5=6
train/69612.jpg,(9-6)+1=4
train/69613.jpg,(3*2)*5=30
train/69614.jpg,8-(1+9)=-2
train/69615.jpg,2*(7-8)=-2
train/69616.jpg,7-(1+0)=6
train/69617.jpg,(1*0)-7=-7
train/69618.jpg,(7*9)+4=67
train/69619.jpg,3-(0+1)=2
train/69620.jpg,(3-2)-7=-6
train/69621.jpg,(3-7)*1=-4
train/69622.jpg,7*6+7=49
train/69623.jpg,(9*0)*2=0
train/69624.jpg,5+7+4=16
train/69625.jpg,8+(6-7)=7
train/69626.jpg,(7*3)-4=17
train/69627.jpg,2+0+8=10
train/69628.jpg,5*(7-1)=30
train/69629.jpg,8-8-8=-8
train/69630.jpg,6*5-3=27
train/69631.jpg,6-9+9=6
train/69632.jpg,(1-9)*7=-56
train/69633.jpg,(5+1)*7=42
train/69634.jpg,(9*4)-6=30
train/69635.jpg,9+(8*5)=49
train/69636.jpg,3*(8-1)=21
train/69637.jpg,1*(4*8)=32
train/69638.jpg,(2-6)-8=-12
train/69639.jpg,3*(1-3)=-6
train/69640.jpg,9*2+1=19
train/69641.jpg,(7-4)-5=-2
train/69642.jpg,9*(9*9)=729
train/69643.jpg,(0-1)*7=-7
train/69644.jpg,1+7*9=64
train/69645.jpg,(5-1)+3=7
train/69646.jpg,8+3+6=17
train/69647.jpg,7+(0-5)=2
train/69648.jpg,4+(4-7)=1
train/69649.jpg,(3-9)+1=-5
train/69650.jpg,(8+3)*3=33
train/69651.jpg,(2+1)+1=4
train/69652.jpg,0*1+6=6
train/69653.jpg,(4*3)+9=21
train/69654.jpg,(2*0)*0=0
train/69655.jpg,(6-8)*7=-14
train/69656.jpg,4*1*3=12
train/69657.jpg,0*(0+1)=0
train/69658.jpg,0+9-4=5
train/69659.jpg,0-(1-5)=4
train/69660.jpg,1*0-9=-9
train/69661.jpg,(4*8)+7=39
train/69662.jpg,4+2-9=-3
train/69663.jpg,(4+9)-2=11
train/69664.jpg,(4+5)*7=63
train/69665.jpg,(6-3)*9=27
train/69666.jpg,7-(8*9)=-65
train/69667.jpg,2+(4-6)=0
train/69668.jpg,(4*5)+3=23
train/69669.jpg,5-(7*1)=-2
train/69670.jpg,0*(9*6)=0
train/69671.jpg,4*7-1=27
train/69672.jpg,8+(2+1)=11
train/69673.jpg,5*8*4=160
train/69674.jpg,2+4*0=2
train/69675.jpg,4*8*3=96
train/69676.jpg,(3+6)-8=1
train/69677.jpg,(1+9)-2=8
train/69678.jpg,5+3+9=17
train/69679.jpg,(1*1)*3=3
train/69680.jpg,3*5-5=10
train/69681.jpg,5-(0+8)=-3
train/69682.jpg,6-5-0=1
train/69683.jpg,0-(9*4)=-36
train/69684.jpg,7-2*1=5
train/69685.jpg,5+3-6=2
train/69686.jpg,1+4*0=1
train/69687.jpg,(9*2)-1=17
train/69688.jpg,(7*0)+4=4
train/69689.jpg,0*(0*3)=0
train/69690.jpg,(3*4)*6=72
train/69691.jpg,0*(9+1)=0
train/69692.jpg,9+(4*5)=29
train/69693.jpg,8*(1-9)=-64
train/69694.jpg,6*5-4=26
train/69695.jpg,(8*6)+4=52
train/69696.jpg,3-(4-7)=6
train/69697.jpg,4-(0+0)=4
train/69698.jpg,1*(8*8)=64
train/69699.jpg,8+4*7=36
train/69700.jpg,6+8+4=18
train/69701.jpg,8+1*0=8
train/69702.jpg,(3+2)*5=25
train/69703.jpg,(8*5)+9=49
train/69704.jpg,6+5*0=6
train/69705.jpg,(6*9)+9=63
train/69706.jpg,7*(3-5)=-14
train/69707.jpg,7*6*5=210
train/69708.jpg,7-2*1=5
train/69709.jpg,2-4-8=-10
train/69710.jpg,7-(5+0)=2
train/69711.jpg,(7+1)-2=6
train/69712.jpg,5-1+6=10
train/69713.jpg,(0*6)+9=9
train/69714.jpg,(5+1)+4=10
train/69715.jpg,(6-8)-1=-3
train/69716.jpg,5-(2+4)=-1
train/69717.jpg,2+(6*1)=8
train/69718.jpg,0+7*8=56
train/69719.jpg,(7-7)-9=-9
train/69720.jpg,2*3*9=54
train/69721.jpg,(9+9)+0=18
train/69722.jpg,(0+0)+9=9
train/69723.jpg,(0+4)+9=13
train/69724.jpg,(9*7)-2=61
train/69725.jpg,(0*8)+3=3
train/69726.jpg,0-9-8=-17
train/69727.jpg,6*4-1=23
train/69728.jpg,(1-0)+4=5
train/69729.jpg,8*5+5=45
train/69730.jpg,5-(3-3)=5
train/69731.jpg,(6+8)+2=16
train/69732.jpg,8*(7*0)=0
train/69733.jpg,4*(5+7)=48
train/69734.jpg,1*2+2=4
train/69735.jpg,7+1*8=15
train/69736.jpg,6-7+6=5
train/69737.jpg,(7+9)*7=112
train/69738.jpg,7+(7-6)=8
train/69739.jpg,7*6+7=49
train/69740.jpg,3-(1*3)=0
train/69741.jpg,4-(6*1)=-2
train/69742.jpg,7-9+6=4
train/69743.jpg,8*(1*1)=8
train/69744.jpg,(0*0)*4=0
train/69745.jpg,7+8-2=13
train/69746.jpg,2+0-4=-2
train/69747.jpg,5+0-1=4
train/69748.jpg,3*(9-6)=9
train/69749.jpg,3-5-7=-9
train/69750.jpg,5+9+1=15
train/69751.jpg,(2+9)-7=4
train/69752.jpg,8+5-9=4
train/69753.jpg,6*(3+1)=24
train/69754.jpg,3-(5-1)=-1
train/69755.jpg,(4*3)-6=6
train/69756.jpg,(1+6)-2=5
train/69757.jpg,4*3*5=60
train/69758.jpg,(0-8)-7=-15
train/69759.jpg,1-(4-7)=4
train/69760.jpg,(4+3)*1=7
train/69761.jpg,(1*6)+5=11
train/69762.jpg,2*(5-7)=-4
train/69763.jpg,1+(7+5)=13
train/69764.jpg,8*(2-3)=-8
train/69765.jpg,5*7-3=32
train/69766.jpg,(3+3)-0=6
train/69767.jpg,6+(9+7)=22
train/69768.jpg,(9+9)-2=16
train/69769.jpg,2-(0*2)=2
train/69770.jpg,7-9+8=6
train/69771.jpg,(7-3)-4=0
train/69772.jpg,7+0-4=3
train/69773.jpg,1*(2-5)=-3
train/69774.jpg,1+3*0=1
train/69775.jpg,(3-8)*7=-35
train/69776.jpg,5*3*3=45
train/69777.jpg,(6+3)-2=7
train/69778.jpg,(4+8)+8=20
train/69779.jpg,9*(0-3)=-27
train/69780.jpg,5-(8*8)=-59
train/69781.jpg,9-1*5=4
train/69782.jpg,(6-5)*8=8
train/69783.jpg,(8-5)+3=6
train/69784.jpg,0*(1+0)=0
train/69785.jpg,9-(7*1)=2
train/69786.jpg,9+(8*0)=9
train/69787.jpg,(7-3)-4=0
train/69788.jpg,3*(7*1)=21
train/69789.jpg,1+0+7=8
train/69790.jpg,(4*3)+9=21
train/69791.jpg,(0*7)*4=0
train/69792.jpg,2-(2-9)=9
train/69793.jpg,1-(6-4)=-1
train/69794.jpg,9*(1+4)=45
train/69795.jpg,8+1-2=7
train/69796.jpg,9-(7-4)=6
train/69797.jpg,(6*4)+4=28
train/69798.jpg,5-0*0=5
train/69799.jpg,(5*1)*8=40
train/69800.jpg,6*0-5=-5
train/69801.jpg,(7+3)-1=9
train/69802.jpg,8+1+1=10
train/69803.jpg,2*(4+5)=18
train/69804.jpg,(6-2)*5=20
train/69805.jpg,(7*0)+0=0
train/69806.jpg,0-(0+9)=-9
train/69807.jpg,2-6+5=1
train/69808.jpg,4+(9+5)=18
train/69809.jpg,2+(1+5)=8
train/69810.jpg,(4+6)-7=3
train/69811.jpg,(2+1)*6=18
train/69812.jpg,(6*7)*4=168
train/69813.jpg,4+(1-1)=4
train/69814.jpg,8*(9*2)=144
train/69815.jpg,2-(4-8)=6
train/69816.jpg,(6+2)*9=72
train/69817.jpg,(3-1)*7=14
train/69818.jpg,(4+8)*9=108
train/69819.jpg,(6+3)-7=2
train/69820.jpg,6*6+4=40
train/69821.jpg,3*(7*9)=189
train/69822.jpg,8*(0+7)=56
train/69823.jpg,0*(1*8)=0
train/69824.jpg,(7+6)-4=9
train/69825.jpg,2+(0-5)=-3
train/69826.jpg,2+9*8=74
train/69827.jpg,2-1-6=-5
train/69828.jpg,9*(5*4)=180
train/69829.jpg,(4*2)*8=64
train/69830.jpg,8*8*8=512
train/69831.jpg,(4-9)-5=-10
train/69832.jpg,0*2+9=9
train/69833.jpg,3+1-2=2
train/69834.jpg,7-(9-0)=-2
train/69835.jpg,7+(0*2)=7
train/69836.jpg,0+(4-7)=-3
train/69837.jpg,1-0*8=1
train/69838.jpg,6*(5-7)=-12
train/69839.jpg,8*(4-9)=-40
train/69840.jpg,3-(1+3)=-1
train/69841.jpg,(6*5)*3=90
train/69842.jpg,(3*3)-5=4
train/69843.jpg,7-2-5=0
train/69844.jpg,2-(2*6)=-10
train/69845.jpg,9*(4*0)=0
train/69846.jpg,0*(2+2)=0
train/69847.jpg,2+9*2=20
train/69848.jpg,(3+0)*0=0
train/69849.jpg,5-9+2=-2
train/69850.jpg,8-(9-3)=2
train/69851.jpg,1-9+1=-7
train/69852.jpg,(9-3)*8=48
train/69853.jpg,(1-3)*2=-4
train/69854.jpg,9*9+7=88
train/69855.jpg,0*(3-5)=0
train/69856.jpg,9+5*4=29
train/69857.jpg,(0*3)*4=0
train/69858.jpg,1+8-9=0
train/69859.jpg,(1-5)*8=-32
train/69860.jpg,9+(5+2)=16
train/69861.jpg,(7*3)-9=12
train/69862.jpg,0*0-6=-6
train/69863.jpg,5*(3-6)=-15
train/69864.jpg,4*(2-8)=-24
train/69865.jpg,(4+2)+0=6
train/69866.jpg,9+(7+4)=20
train/69867.jpg,(7-7)*1=0
train/69868.jpg,(4+6)+2=12
train/69869.jpg,(5+7)-8=4
train/69870.jpg,2-(4*6)=-22
train/69871.jpg,5+0-9=-4
train/69872.jpg,7*2+8=22
train/69873.jpg,1*4+1=5
train/69874.jpg,2-(7+7)=-12
train/69875.jpg,7-6-7=-6
train/69876.jpg,(3*4)+2=14
train/69877.jpg,1+9-6=4
train/69878.jpg,9+5*5=34
train/69879.jpg,2*(9+5)=28
train/69880.jpg,(2-4)*3=-6
train/69881.jpg,(3*9)*1=27
train/69882.jpg,9+5+4=18
train/69883.jpg,(3*0)-9=-9
train/69884.jpg,(0+8)+9=17
train/69885.jpg,9+(5-7)=7
train/69886.jpg,0+0-4=-4
train/69887.jpg,(7*8)*0=0
train/69888.jpg,(7+7)*1=14
train/69889.jpg,(6*8)+9=57
train/69890.jpg,3*(3-1)=6
train/69891.jpg,(9+0)-6=3
train/69892.jpg,(6-0)-5=1
train/69893.jpg,3*(9*2)=54
train/69894.jpg,6-2+0=4
train/69895.jpg,1-(5*5)=-24
train/69896.jpg,9+8+4=21
train/69897.jpg,4-1-0=3
train/69898.jpg,4+(6*4)=28
train/69899.jpg,(5*8)*4=160
train/69900.jpg,(1-9)+0=-8
train/69901.jpg,(9*2)*0=0
train/69902.jpg,1*3+9=12
train/69903.jpg,5*5-4=21
train/69904.jpg,(6-6)+7=7
train/69905.jpg,8-2+0=6
train/69906.jpg,8+(6+6)=20
train/69907.jpg,0*(9*7)=0
train/69908.jpg,(1*7)-4=3
train/69909.jpg,3-9+7=1
train/69910.jpg,9+5+9=23
train/69911.jpg,1-(6*1)=-5
train/69912.jpg,8+5-2=11
train/69913.jpg,(7*1)*4=28
train/69914.jpg,0-(5-0)=-5
train/69915.jpg,8-2-5=1
train/69916.jpg,4*2-1=7
train/69917.jpg,(3*5)-6=9
train/69918.jpg,9-(7*0)=9
train/69919.jpg,5*(8*3)=120
train/69920.jpg,6*4-6=18
train/69921.jpg,6-(4+9)=-7
train/69922.jpg,8*2+7=23
train/69923.jpg,4-(7*8)=-52
train/69924.jpg,7*(4-4)=0
train/69925.jpg,6-(8*9)=-66
train/69926.jpg,6+7-5=8
train/69927.jpg,3-3+4=4
train/69928.jpg,5-4-0=1
train/69929.jpg,1-(6+4)=-9
train/69930.jpg,0*9-0=0
train/69931.jpg,0+(0+4)=4
train/69932.jpg,9+(2+4)=15
train/69933.jpg,(5*4)*4=80
train/69934.jpg,(3+6)+2=11
train/69935.jpg,7*(6*7)=294
train/69936.jpg,9+(6-8)=7
train/69937.jpg,7*(0+2)=14
train/69938.jpg,(8+3)*5=55
train/69939.jpg,2*(6-9)=-6
train/69940.jpg,3-0+0=3
train/69941.jpg,1*8+1=9
train/69942.jpg,0*5*2=0
train/69943.jpg,4+(1-5)=0
train/69944.jpg,4+(9+4)=17
train/69945.jpg,6*(2-5)=-18
train/69946.jpg,(4*6)+2=26
train/69947.jpg,8*(9-6)=24
train/69948.jpg,(1+4)-3=2
train/69949.jpg,5-(8*0)=5
train/69950.jpg,(7*9)+9=72
train/69951.jpg,9+(9-2)=16
train/69952.jpg,3+1-9=-5
train/69953.jpg,(0*4)-9=-9
train/69954.jpg,7-8-2=-3
train/69955.jpg,7+(1+4)=12
train/69956.jpg,(6*7)*4=168
train/69957.jpg,(2*6)*5=60
train/69958.jpg,(7-0)*4=28
train/69959.jpg,0*2+3=3
train/69960.jpg,5*2-9=1
train/69961.jpg,9+0*5=9
train/69962.jpg,9+4-2=11
train/69963.jpg,(1*8)+7=15
train/69964.jpg,8+(3*6)=26
train/69965.jpg,(5-2)*4=12
train/69966.jpg,9*5*0=0
train/69967.jpg,3+(4+7)=14
train/69968.jpg,(7+8)-9=6
train/69969.jpg,1+(9+3)=13
train/69970.jpg,(1*0)-0=0
train/69971.jpg,1+0-9=-8
train/69972.jpg,8-3*6=-10
train/69973.jpg,4*2+5=13
train/69974.jpg,1+(6*1)=7
train/69975.jpg,2*5+2=12
train/69976.jpg,(4+7)-7=4
train/69977.jpg,1*2*8=16
train/69978.jpg,7*(0+9)=63
train/69979.jpg,2-4-4=-6
train/69980.jpg,(4-4)-7=-7
train/69981.jpg,(8-2)*6=36
train/69982.jpg,8-2*4=0
train/69983.jpg,2-7-2=-7
train/69984.jpg,6-(0+1)=5
train/69985.jpg,2-8+6=0
train/69986.jpg,3+7+9=19
train/69987.jpg,5*(9-6)=15
train/69988.jpg,(3-6)+7=4
train/69989.jpg,(8+8)+5=21
train/69990.jpg,2-(2*2)=-2
train/69991.jpg,6-7-7=-8
train/69992.jpg,(8*7)-9=47
train/69993.jpg,3*(7+5)=36
train/69994.jpg,1*(3*5)=15
train/69995.jpg,8-(4+6)=-2
train/69996.jpg,9+(6*4)=33
train/69997.jpg,(4-0)+1=5
train/69998.jpg,(4*9)+5=41
train/69999.jpg,(7-6)-2=-1
train/70000.jpg,5+(8*5)=45
train/70001.jpg,4+8*8=68
train/70002.jpg,(4*9)+3=39
train/70003.jpg,(0-0)-4=-4
train/70004.jpg,(7-2)*4=20
train/70005.jpg,(6*4)*4=96
train/70006.jpg,6+(0-6)=0
train/70007.jpg,0+8*9=72
train/70008.jpg,9*1-9=0
train/70009.jpg,(2*4)+7=15
train/70010.jpg,(1-6)*1=-5
train/70011.jpg,(5*3)-1=14
train/70012.jpg,(6-2)+6=10
train/70013.jpg,5*(4+5)=45
train/70014.jpg,7+(3*0)=7
train/70015.jpg,(1+3)-6=-2
train/70016.jpg,1-9+9=1
train/70017.jpg,(4+6)-8=2
train/70018.jpg,(0+3)+0=3
train/70019.jpg,8-(4+6)=-2
train/70020.jpg,(2-6)+2=-2
train/70021.jpg,9+(5-5)=9
train/70022.jpg,1-0*9=1
train/70023.jpg,7+5*3=22
train/70024.jpg,1*6*6=36
train/70025.jpg,0-(2+5)=-7
train/70026.jpg,(1-8)*2=-14
train/70027.jpg,7*7-8=41
train/70028.jpg,(7*0)*7=0
train/70029.jpg,(7-8)+0=-1
train/70030.jpg,7+1+4=12
train/70031.jpg,8-(2+2)=4
train/70032.jpg,3+4-6=1
train/70033.jpg,(0+5)+2=7
train/70034.jpg,(8+6)*5=70
train/70035.jpg,(8-8)-4=-4
train/70036.jpg,9-1*6=3
train/70037.jpg,0-7+0=-7
train/70038.jpg,3+(0*4)=3
train/70039.jpg,(6+1)*2=14
train/70040.jpg,6-(9+1)=-4
train/70041.jpg,2-(9-3)=-4
train/70042.jpg,4+(6-1)=9
train/70043.jpg,4-(2+3)=-1
train/70044.jpg,0*(7*7)=0
train/70045.jpg,9+(2-2)=9
train/70046.jpg,2-2+1=1
train/70047.jpg,(6*7)-0=42
train/70048.jpg,2+(7+4)=13
train/70049.jpg,1-(6*2)=-11
train/70050.jpg,6-1*1=5
train/70051.jpg,(8*1)*3=24
train/70052.jpg,6+(6*2)=18
train/70053.jpg,(6*2)*9=108
train/70054.jpg,(5+5)*8=80
train/70055.jpg,7*8+0=56
train/70056.jpg,9-(0*9)=9
train/70057.jpg,1-(3+9)=-11
train/70058.jpg,8+4-1=11
train/70059.jpg,(8+5)-7=6
train/70060.jpg,(2-7)-6=-11
train/70061.jpg,(3+6)*7=63
train/70062.jpg,1-(7-8)=2
train/70063.jpg,(1+9)*6=60
train/70064.jpg,3*(4-7)=-9
train/70065.jpg,(6*9)+9=63
train/70066.jpg,(2*9)+1=19
train/70067.jpg,6-(4+3)=-1
train/70068.jpg,(1+6)*1=7
train/70069.jpg,(7-2)-1=4
train/70070.jpg,1+5-9=-3
train/70071.jpg,(2-3)+2=1
train/70072.jpg,4-1+2=5
train/70073.jpg,2+(9+8)=19
train/70074.jpg,2*(9*9)=162
train/70075.jpg,7*1+4=11
train/70076.jpg,(6+0)+4=10
train/70077.jpg,(2+7)*7=63
train/70078.jpg,5-(2-4)=7
train/70079.jpg,1-(6-4)=-1
train/70080.jpg,9+7*4=37
train/70081.jpg,0+(6*9)=54
train/70082.jpg,2+3*7=23
train/70083.jpg,(7+1)*3=24
train/70084.jpg,8*8-7=57
train/70085.jpg,3+9-2=10
train/70086.jpg,(2-2)+4=4
train/70087.jpg,(6+7)*2=26
train/70088.jpg,2-(0*3)=2
train/70089.jpg,9*(8*9)=648
train/70090.jpg,1+(9*4)=37
train/70091.jpg,5+8-3=10
train/70092.jpg,6*(1-5)=-24
train/70093.jpg,4-(8-2)=-2
train/70094.jpg,(4*2)*2=16
train/70095.jpg,(8-3)-1=4
train/70096.jpg,(3+1)*5=20
train/70097.jpg,(0*8)+8=8
train/70098.jpg,4+2*6=16
train/70099.jpg,(0-5)-8=-13
train/70100.jpg,3+(1-0)=4
train/70101.jpg,5*7-7=28
train/70102.jpg,6-(5-2)=3
train/70103.jpg,5-6-7=-8
train/70104.jpg,2+(1+1)=4
train/70105.jpg,5*(0+9)=45
train/70106.jpg,2-(8+5)=-11
train/70107.jpg,6+6-8=4
train/70108.jpg,(9-7)-3=-1
train/70109.jpg,(0-1)*6=-6
train/70110.jpg,(0+3)*5=15
train/70111.jpg,6-5+8=9
train/70112.jpg,4+3-1=6
train/70113.jpg,2-5+7=4
train/70114.jpg,5*(7*4)=140
train/70115.jpg,(2*9)+2=20
train/70116.jpg,(5-1)*4=16
train/70117.jpg,(6*8)+6=54
train/70118.jpg,(1*0)+0=0
train/70119.jpg,(2+5)-5=2
train/70120.jpg,7+(6+1)=14
train/70121.jpg,6*1*9=54
train/70122.jpg,8-(7+8)=-7
train/70123.jpg,0*9+6=6
train/70124.jpg,4-(6-5)=3
train/70125.jpg,(2-8)-1=-7
train/70126.jpg,3-4+7=6
train/70127.jpg,2+(3-2)=3
train/70128.jpg,(6-6)+5=5
train/70129.jpg,2-(8*6)=-46
train/70130.jpg,(1+1)*7=14
train/70131.jpg,4*8-5=27
train/70132.jpg,9-1+5=13
train/70133.jpg,7-(8+4)=-5
train/70134.jpg,3-(9*0)=3
train/70135.jpg,4-(9-8)=3
train/70136.jpg,(8+9)+8=25
train/70137.jpg,0*(4*4)=0
train/70138.jpg,(0-5)-8=-13
train/70139.jpg,(6+1)+9=16
train/70140.jpg,9*3-6=21
train/70141.jpg,5+9+5=19
train/70142.jpg,0-1-1=-2
train/70143.jpg,9*(5+2)=63
train/70144.jpg,4*9*2=72
train/70145.jpg,0-(9-9)=0
train/70146.jpg,(3*4)+4=16
train/70147.jpg,7-5*5=-18
train/70148.jpg,9-(4+2)=3
train/70149.jpg,1*(7*2)=14
train/70150.jpg,(5*9)+9=54
train/70151.jpg,(1+3)+4=8
train/70152.jpg,4+2-2=4
train/70153.jpg,0*7+7=7
train/70154.jpg,6-2+3=7
train/70155.jpg,0-6+2=-4
train/70156.jpg,(5-2)-3=0
train/70157.jpg,(1*1)-6=-5
train/70158.jpg,2+2*2=6
train/70159.jpg,2+(6+2)=10
train/70160.jpg,(0+0)+5=5
train/70161.jpg,7-5*9=-38
train/70162.jpg,(2-7)+6=1
train/70163.jpg,1+(4-4)=1
train/70164.jpg,5-(5+1)=-1
train/70165.jpg,8+(3*5)=23
train/70166.jpg,4-8-4=-8
train/70167.jpg,8*(4-4)=0
train/70168.jpg,(4+2)+7=13
train/70169.jpg,2-9*3=-25
train/70170.jpg,(3+2)-8=-3
train/70171.jpg,9*(2*2)=36
train/70172.jpg,6+7+6=19
train/70173.jpg,(0-4)*4=-16
train/70174.jpg,(1+2)+8=11
train/70175.jpg,5*(3*3)=45
train/70176.jpg,9+(2*4)=17
train/70177.jpg,(0*0)-4=-4
train/70178.jpg,(1+4)*1=5
train/70179.jpg,6+(3*6)=24
train/70180.jpg,2*(6*8)=96
train/70181.jpg,(9-4)*5=25
train/70182.jpg,(7*7)+3=52
train/70183.jpg,6-(4+6)=-4
train/70184.jpg,(5*7)-0=35
train/70185.jpg,(6*0)-8=-8
train/70186.jpg,(9+6)-6=9
train/70187.jpg,6-(8-1)=-1
train/70188.jpg,3*(9-3)=18
train/70189.jpg,8+(4*1)=12
train/70190.jpg,4*(0*8)=0
train/70191.jpg,(6+6)+7=19
train/70192.jpg,(8*8)*2=128
train/70193.jpg,(4-5)*5=-5
train/70194.jpg,6*3*7=126
train/70195.jpg,2*(2*0)=0
train/70196.jpg,9+(7-9)=7
train/70197.jpg,(5+6)-1=10
train/70198.jpg,(4*3)+2=14
train/70199.jpg,(5-4)*5=5
train/70200.jpg,(9+3)-9=3
train/70201.jpg,(0-8)*4=-32
train/70202.jpg,(6+0)+5=11
train/70203.jpg,9-4+6=11
train/70204.jpg,8*8*1=64
train/70205.jpg,2-(9+5)=-12
train/70206.jpg,0+(3+6)=9
train/70207.jpg,(7+5)-5=7
train/70208.jpg,7+(4-5)=6
train/70209.jpg,(4+4)-9=-1
train/70210.jpg,(5-8)-9=-12
train/70211.jpg,0*(1+0)=0
train/70212.jpg,(6-6)-6=-6
train/70213.jpg,4-(5*8)=-36
train/70214.jpg,8+(7-7)=8
train/70215.jpg,4-7*7=-45
train/70216.jpg,1+(0-0)=1
train/70217.jpg,(7+9)-9=7
train/70218.jpg,6*(6*8)=288
train/70219.jpg,3+6+4=13
train/70220.jpg,1-(6-7)=2
train/70221.jpg,8+9+6=23
train/70222.jpg,4+2*9=22
train/70223.jpg,(3+6)-5=4
train/70224.jpg,1*9+2=11
train/70225.jpg,1+1+7=9
train/70226.jpg,3*(0+2)=6
train/70227.jpg,(5+7)-6=6
train/70228.jpg,7+0+8=15
train/70229.jpg,(0*7)+8=8
train/70230.jpg,(4*0)*4=0
train/70231.jpg,8-(5*3)=-7
train/70232.jpg,(0+6)+4=10
train/70233.jpg,3+(8+1)=12
train/70234.jpg,4-(6-8)=6
train/70235.jpg,8-(6-5)=7
train/70236.jpg,6-(3+0)=3
train/70237.jpg,4+9*2=22
train/70238.jpg,(4+9)*3=39
train/70239.jpg,9*1*9=81
train/70240.jpg,7-(3-4)=8
train/70241.jpg,(9*1)-8=1
train/70242.jpg,9*5*0=0
train/70243.jpg,(1*1)-3=-2
train/70244.jpg,4+2-2=4
train/70245.jpg,3+(3-2)=4
train/70246.jpg,5+9+6=20
train/70247.jpg,(5*6)+8=38
train/70248.jpg,(4+1)-2=3
train/70249.jpg,4+(9*2)=22
train/70250.jpg,8+3+8=19
train/70251.jpg,3-4-0=-1
train/70252.jpg,5+(8+3)=16
train/70253.jpg,5+(0*2)=5
train/70254.jpg,5+(4+2)=11
train/70255.jpg,(3+0)-6=-3
train/70256.jpg,5-(7-8)=6
train/70257.jpg,3*4*2=24
train/70258.jpg,6+(0*2)=6
train/70259.jpg,0*(2+2)=0
train/70260.jpg,(2-6)+0=-4
train/70261.jpg,9-(7-8)=10
train/70262.jpg,(5*2)+8=18
train/70263.jpg,6-8*7=-50
train/70264.jpg,4*(0-9)=-36
train/70265.jpg,7-(4-9)=12
train/70266.jpg,(9+0)*0=0
train/70267.jpg,6-0*7=6
train/70268.jpg,(6*7)-3=39
train/70269.jpg,(0-4)-7=-11
train/70270.jpg,9-(8+4)=-3
train/70271.jpg,3*(9+7)=48
train/70272.jpg,5-6+6=5
train/70273.jpg,(5+3)*3=24
train/70274.jpg,(5+9)-0=14
train/70275.jpg,(9+0)+6=15
train/70276.jpg,9+(2-0)=11
train/70277.jpg,7-(9+4)=-6
train/70278.jpg,7-(2*3)=1
train/70279.jpg,7-8*4=-25
train/70280.jpg,6-(7*5)=-29
train/70281.jpg,(9*7)*7=441
train/70282.jpg,9+8+4=21
train/70283.jpg,2-2+3=3
train/70284.jpg,(6-9)-6=-9
train/70285.jpg,(6+3)-5=4
train/70286.jpg,(6-3)-6=-3
train/70287.jpg,5*(5+6)=55
train/70288.jpg,(1-3)-3=-5
train/70289.jpg,3*(6-3)=9
train/70290.jpg,6-3+4=7
train/70291.jpg,7*(4*5)=140
train/70292.jpg,7*6+7=49
train/70293.jpg,4-0+8=12
train/70294.jpg,0+(2-4)=-2
train/70295.jpg,1+6*2=13
train/70296.jpg,5+(1-5)=1
train/70297.jpg,2-(0*5)=2
train/70298.jpg,(1*4)-4=0
train/70299.jpg,(1*7)*7=49
train/70300.jpg,4*(5-1)=16
train/70301.jpg,2*(8-1)=14
train/70302.jpg,8*5*8=320
train/70303.jpg,8+0*8=8
train/70304.jpg,4+(4-7)=1
train/70305.jpg,2-3*6=-16
train/70306.jpg,(3-4)*4=-4
train/70307.jpg,8-(7-2)=3
train/70308.jpg,7+(7*6)=49
train/70309.jpg,(3*9)+3=30
train/70310.jpg,(1-5)-9=-13
train/70311.jpg,5+(1*9)=14
train/70312.jpg,7+4*5=27
train/70313.jpg,3*(4*0)=0
train/70314.jpg,(2+1)*4=12
train/70315.jpg,(0-0)-5=-5
train/70316.jpg,5+7*1=12
train/70317.jpg,(3+4)+7=14
train/70318.jpg,6*(2+0)=12
train/70319.jpg,0*6-2=-2
train/70320.jpg,2+(3-4)=1
train/70321.jpg,0-(8-7)=-1
train/70322.jpg,2*6-8=4
train/70323.jpg,0+(3*2)=6
train/70324.jpg,8+(2-9)=1
train/70325.jpg,5-4+9=10
train/70326.jpg,4*8-2=30
train/70327.jpg,(4*6)+5=29
train/70328.jpg,2*1*6=12
train/70329.jpg,5*(5+1)=30
train/70330.jpg,(9+7)-1=15
train/70331.jpg,1*(9+7)=16
train/70332.jpg,2+(6+1)=9
train/70333.jpg,(2+7)+5=14
train/70334.jpg,(5-2)*2=6
train/70335.jpg,(5+9)-3=11
train/70336.jpg,3-4-3=-4
train/70337.jpg,4-(5+2)=-3
train/70338.jpg,6+(9*7)=69
train/70339.jpg,(3-7)*3=-12
train/70340.jpg,0*(4-9)=0
train/70341.jpg,2+8*4=34
train/70342.jpg,(3-4)*1=-1
train/70343.jpg,3*1+1=4
train/70344.jpg,(6+4)*6=60
train/70345.jpg,8+6*6=44
train/70346.jpg,0-(5-9)=4
train/70347.jpg,9+(8-3)=14
train/70348.jpg,1+(9+1)=11
train/70349.jpg,4+(2-0)=6
train/70350.jpg,4+(6-3)=7
train/70351.jpg,(2-3)*7=-7
train/70352.jpg,(6+0)*5=30
train/70353.jpg,9+1+5=15
train/70354.jpg,0*(1*4)=0
train/70355.jpg,(5-7)+6=4
train/70356.jpg,2+9-9=2
train/70357.jpg,3+0-2=1
train/70358.jpg,(7*2)+0=14
train/70359.jpg,2-6*0=2
train/70360.jpg,4-4-6=-6
train/70361.jpg,8+4*2=16
train/70362.jpg,1-5-4=-8
train/70363.jpg,(2+8)*2=20
train/70364.jpg,(1+6)*3=21
train/70365.jpg,2-5*7=-33
train/70366.jpg,5*8-1=39
train/70367.jpg,2*7-5=9
train/70368.jpg,(3+4)+3=10
train/70369.jpg,6-5-3=-2
train/70370.jpg,5-7+5=3
train/70371.jpg,(4*9)+7=43
train/70372.jpg,(6*3)+8=26
train/70373.jpg,(5-7)+7=5
train/70374.jpg,(9+4)*9=117
train/70375.jpg,8-(1-0)=7
train/70376.jpg,3-2*8=-13
train/70377.jpg,6-5+5=6
train/70378.jpg,0-9*4=-36
train/70379.jpg,7+1+6=14
train/70380.jpg,2*9-7=11
train/70381.jpg,(3+7)*2=20
train/70382.jpg,9+(4-2)=11
train/70383.jpg,(3-0)-4=-1
train/70384.jpg,4+3-6=1
train/70385.jpg,(8-1)+1=8
train/70386.jpg,(2+3)+7=12
train/70387.jpg,(1+0)-4=-3
train/70388.jpg,6*4+4=28
train/70389.jpg,8*2-8=8
train/70390.jpg,6*(6+5)=66
train/70391.jpg,5-(5*3)=-10
train/70392.jpg,(1+8)+6=15
train/70393.jpg,6-3+2=5
train/70394.jpg,(5+1)-6=0
train/70395.jpg,(5+4)+9=18
train/70396.jpg,8*1+9=17
train/70397.jpg,(0+3)*3=9
train/70398.jpg,(6+6)+5=17
train/70399.jpg,8-1*6=2
train/70400.jpg,8-(4-8)=12
train/70401.jpg,3*(2-5)=-9
train/70402.jpg,4*(7*8)=224
train/70403.jpg,6+2+5=13
train/70404.jpg,(9+5)*7=98
train/70405.jpg,0-(3*7)=-21
train/70406.jpg,(1+3)-5=-1
train/70407.jpg,(7*3)*1=21
train/70408.jpg,2+(4*2)=10
train/70409.jpg,1*2*8=16
train/70410.jpg,1+(1-7)=-5
train/70411.jpg,(0-1)+5=4
train/70412.jpg,5-2*7=-9
train/70413.jpg,1*(0-6)=-6
train/70414.jpg,4+5-4=5
train/70415.jpg,(3+7)*9=90
train/70416.jpg,4-3+0=1
train/70417.jpg,6-2*5=-4
train/70418.jpg,7-(2-6)=11
train/70419.jpg,(8+6)-1=13
train/70420.jpg,(5-2)-9=-6
train/70421.jpg,3+(2*2)=7
train/70422.jpg,2-2*2=-2
train/70423.jpg,0*6+7=7
train/70424.jpg,8*(7+4)=88
train/70425.jpg,9*(0*4)=0
train/70426.jpg,3+(2+8)=13
train/70427.jpg,(4-2)-7=-5
train/70428.jpg,1*5-9=-4
train/70429.jpg,(2*9)-9=9
train/70430.jpg,7*5*0=0
train/70431.jpg,3+(6+7)=16
train/70432.jpg,1*5*1=5
train/70433.jpg,4+(3*3)=13
train/70434.jpg,(6*2)*6=72
train/70435.jpg,(2-1)+2=3
train/70436.jpg,4+(4*6)=28
train/70437.jpg,1-8+6=-1
train/70438.jpg,0+(0+3)=3
train/70439.jpg,3-4+9=8
train/70440.jpg,(6*0)*1=0
train/70441.jpg,8+(9*4)=44
train/70442.jpg,5+9-6=8
train/70443.jpg,3*9-4=23
train/70444.jpg,5+2+3=10
train/70445.jpg,4*(1+4)=20
train/70446.jpg,4*1+5=9
train/70447.jpg,1+(4+6)=11
train/70448.jpg,(7+5)*7=84
train/70449.jpg,3+(5+7)=15
train/70450.jpg,(3-2)+1=2
train/70451.jpg,7*2*4=56
train/70452.jpg,(5+2)*3=21
train/70453.jpg,2-1-7=-6
train/70454.jpg,3+8*9=75
train/70455.jpg,5+2+7=14
train/70456.jpg,(7*9)*5=315
train/70457.jpg,9-1-5=3
train/70458.jpg,6-1+4=9
train/70459.jpg,7*3-2=19
train/70460.jpg,(0-5)+4=-1
train/70461.jpg,4-1-3=0
train/70462.jpg,1-8-3=-10
train/70463.jpg,1+(6-1)=6
train/70464.jpg,0*1+0=0
train/70465.jpg,4*5*6=120
train/70466.jpg,0+5*9=45
train/70467.jpg,2-(6+0)=-4
train/70468.jpg,3-0-2=1
train/70469.jpg,7+3-3=7
train/70470.jpg,2*(9*7)=126
train/70471.jpg,5+2*9=23
train/70472.jpg,0-5-1=-6
train/70473.jpg,7+(0-0)=7
train/70474.jpg,(5-8)+4=1
train/70475.jpg,8-7-4=-3
train/70476.jpg,5+3+1=9
train/70477.jpg,6-(7*0)=6
train/70478.jpg,6-9-6=-9
train/70479.jpg,6-4+8=10
train/70480.jpg,(7-0)-8=-1
train/70481.jpg,3*1+7=10
train/70482.jpg,(5+9)*0=0
train/70483.jpg,7-9-4=-6
train/70484.jpg,4*(3+4)=28
train/70485.jpg,(8*6)+7=55
train/70486.jpg,9-(3-0)=6
train/70487.jpg,(2*9)*8=144
train/70488.jpg,(0*4)+7=7
train/70489.jpg,(6*6)+3=39
train/70490.jpg,4*4*6=96
train/70491.jpg,8+(4-8)=4
train/70492.jpg,(7-3)*6=24
train/70493.jpg,3-4*9=-33
train/70494.jpg,8+(8+5)=21
train/70495.jpg,1-(4*6)=-23
train/70496.jpg,3+(7+2)=12
train/70497.jpg,(5+0)*8=40
train/70498.jpg,4+(5*9)=49
train/70499.jpg,(2-7)+3=-2
train/70500.jpg,5+(9-2)=12
train/70501.jpg,(0+6)+6=12
train/70502.jpg,(3*3)-3=6
train/70503.jpg,9-0+4=13
train/70504.jpg,7*(7+5)=84
train/70505.jpg,4*(3+6)=36
train/70506.jpg,(8+6)*1=14
train/70507.jpg,0*1*6=0
train/70508.jpg,3-(4*8)=-29
train/70509.jpg,1*(2-2)=0
train/70510.jpg,4+(8+5)=17
train/70511.jpg,(9+1)*0=0
train/70512.jpg,(9-6)+8=11
train/70513.jpg,6+7+7=20
train/70514.jpg,8*(7-0)=56
train/70515.jpg,2+0+4=6
train/70516.jpg,1+6*2=13
train/70517.jpg,(8+0)+5=13
train/70518.jpg,1*9-2=7
train/70519.jpg,9-(3+3)=3
train/70520.jpg,(6-5)*1=1
train/70521.jpg,0-(7-2)=-5
train/70522.jpg,5+0+6=11
train/70523.jpg,8*(9*3)=216
train/70524.jpg,(8*3)*1=24
train/70525.jpg,(8+6)-2=12
train/70526.jpg,7*8*7=392
train/70527.jpg,(9*7)-0=63
train/70528.jpg,7-8+2=1
train/70529.jpg,(6-5)*5=5
train/70530.jpg,7+(1+4)=12
train/70531.jpg,8+0-8=0
train/70532.jpg,(2*2)*9=36
train/70533.jpg,4-5*3=-11
train/70534.jpg,4*0+4=4
train/70535.jpg,3*0+9=9
train/70536.jpg,(5-0)*6=30
train/70537.jpg,(8-2)-5=1
train/70538.jpg,5*8+3=43
train/70539.jpg,1-(0-2)=3
train/70540.jpg,(8*2)*8=128
train/70541.jpg,(4+2)+4=10
train/70542.jpg,5*9-5=40
train/70543.jpg,1*(8+2)=10
train/70544.jpg,(2*0)*5=0
train/70545.jpg,8*6+8=56
train/70546.jpg,1-1*5=-4
train/70547.jpg,(3+7)+2=12
train/70548.jpg,9-(1*7)=2
train/70549.jpg,3+(3*8)=27
train/70550.jpg,(4+4)+0=8
train/70551.jpg,0-(1-9)=8
train/70552.jpg,(4*3)-2=10
train/70553.jpg,5*4*2=40
train/70554.jpg,(3+0)+1=4
train/70555.jpg,(3*4)-2=10
train/70556.jpg,(3*2)+1=7
train/70557.jpg,(1+3)*8=32
train/70558.jpg,4+(8*5)=44
train/70559.jpg,9*7-4=59
train/70560.jpg,8*(7-4)=24
train/70561.jpg,5-4*9=-31
train/70562.jpg,(3+1)-3=1
train/70563.jpg,4-9*2=-14
train/70564.jpg,9-6-6=-3
train/70565.jpg,3+(3+1)=7
train/70566.jpg,7*(3+5)=56
train/70567.jpg,(0-7)*4=-28
train/70568.jpg,(5*8)-5=35
train/70569.jpg,(7*0)-4=-4
train/70570.jpg,4-(8-4)=0
train/70571.jpg,2+6-7=1
train/70572.jpg,7*(9*5)=315
train/70573.jpg,2*(2-9)=-14
train/70574.jpg,0-(7-1)=-6
train/70575.jpg,5+4+3=12
train/70576.jpg,(8*1)*5=40
train/70577.jpg,3*5+7=22
train/70578.jpg,0*5-8=-8
train/70579.jpg,2+(8-6)=4
train/70580.jpg,(9-3)-5=1
train/70581.jpg,7*(0+2)=14
train/70582.jpg,7+4*2=15
train/70583.jpg,8-6*8=-40
train/70584.jpg,2*4-0=8
train/70585.jpg,3-(5-2)=0
train/70586.jpg,5-7+9=7
train/70587.jpg,5-(5+2)=-2
train/70588.jpg,(3+5)+2=10
train/70589.jpg,1-1+9=9
train/70590.jpg,(8*2)*9=144
train/70591.jpg,3-(8-3)=-2
train/70592.jpg,1+(1-2)=0
train/70593.jpg,8-(7+4)=-3
train/70594.jpg,8+(2+3)=13
train/70595.jpg,(0*1)-0=0
train/70596.jpg,(5+2)+3=10
train/70597.jpg,4*3*5=60
train/70598.jpg,7-3+1=5
train/70599.jpg,9*(6+5)=99
train/70600.jpg,(0+9)-6=3
train/70601.jpg,2*1+2=4
train/70602.jpg,8+4*1=12
train/70603.jpg,7*(3*7)=147
train/70604.jpg,1*(0-5)=-5
train/70605.jpg,6*(1-4)=-18
train/70606.jpg,(4-7)*0=0
train/70607.jpg,8+7-5=10
train/70608.jpg,(9-0)*1=9
train/70609.jpg,6+8-0=14
train/70610.jpg,(9-8)*0=0
train/70611.jpg,3+(4+1)=8
train/70612.jpg,0+(0-2)=-2
train/70613.jpg,1-7-5=-11
train/70614.jpg,4+(5-9)=0
train/70615.jpg,(0*0)+8=8
train/70616.jpg,(8*7)+5=61
train/70617.jpg,(2+4)+2=8
train/70618.jpg,(0*0)*4=0
train/70619.jpg,1+7+1=9
train/70620.jpg,(3-8)+1=-4
train/70621.jpg,4*9+8=44
train/70622.jpg,5-9*5=-40
train/70623.jpg,(0-3)+7=4
train/70624.jpg,(0-2)-3=-5
train/70625.jpg,(0-2)+2=0
train/70626.jpg,(1+2)+5=8
train/70627.jpg,(4*7)+3=31
train/70628.jpg,3-(7-5)=1
train/70629.jpg,0*0*6=0
train/70630.jpg,3-0-9=-6
train/70631.jpg,3+(1-9)=-5
train/70632.jpg,6-(1-2)=7
train/70633.jpg,4+9+6=19
train/70634.jpg,0+6*7=42
train/70635.jpg,(8-6)-8=-6
train/70636.jpg,2+(8+1)=11
train/70637.jpg,0+4*3=12
train/70638.jpg,(5-2)*6=18
train/70639.jpg,(1*5)-2=3
train/70640.jpg,2-0+0=2
train/70641.jpg,1+6*0=1
train/70642.jpg,3+8*6=51
train/70643.jpg,5-2*7=-9
train/70644.jpg,(5*1)-6=-1
train/70645.jpg,1-(9*9)=-80
train/70646.jpg,6-3*9=-21
train/70647.jpg,(5*2)*0=0
train/70648.jpg,8*2-1=15
train/70649.jpg,(4*4)*5=80
train/70650.jpg,5+(7+9)=21
train/70651.jpg,(3*4)+8=20
train/70652.jpg,8*1-0=8
train/70653.jpg,(1+8)-8=1
train/70654.jpg,7+8*7=63
train/70655.jpg,2-7*3=-19
train/70656.jpg,4*2+4=12
train/70657.jpg,2+8+8=18
train/70658.jpg,9+1+8=18
train/70659.jpg,7-(1+5)=1
train/70660.jpg,(2*0)-2=-2
train/70661.jpg,7-4*7=-21
train/70662.jpg,(0-0)-7=-7
train/70663.jpg,5-3-7=-5
train/70664.jpg,3*(8-1)=21
train/70665.jpg,2*6*0=0
train/70666.jpg,(5-1)-3=1
train/70667.jpg,(0+3)*6=18
train/70668.jpg,9-7-1=1
train/70669.jpg,3*(9-3)=18
train/70670.jpg,6-2-6=-2
train/70671.jpg,6-1*4=2
train/70672.jpg,(0-2)+1=-1
train/70673.jpg,(0+8)*8=64
train/70674.jpg,(7+5)+9=21
train/70675.jpg,2*0-1=-1
train/70676.jpg,(6+7)+6=19
train/70677.jpg,4+8*8=68
train/70678.jpg,(5*8)-5=35
train/70679.jpg,(1+4)*2=10
train/70680.jpg,(9+5)+4=18
train/70681.jpg,9*3-5=22
train/70682.jpg,(7+7)+1=15
train/70683.jpg,5*2*2=20
train/70684.jpg,8*7*8=448
train/70685.jpg,2+3-8=-3
train/70686.jpg,5*(8*0)=0
train/70687.jpg,(3*0)*3=0
train/70688.jpg,3*1-1=2
train/70689.jpg,5+(0*8)=5
train/70690.jpg,(2-2)+5=5
train/70691.jpg,0+4-1=3
train/70692.jpg,5*0*0=0
train/70693.jpg,3+6+5=14
train/70694.jpg,5*(1-4)=-15
train/70695.jpg,2*(7+9)=32
train/70696.jpg,7+(3+8)=18
train/70697.jpg,7-(4+8)=-5
train/70698.jpg,0-4-0=-4
train/70699.jpg,1-9+7=-1
train/70700.jpg,6+(8-6)=8
train/70701.jpg,7-(0-8)=15
train/70702.jpg,2+(2-3)=1
train/70703.jpg,9+(2-5)=6
train/70704.jpg,1*9*2=18
train/70705.jpg,6*2+3=15
train/70706.jpg,(4-2)+9=11
train/70707.jpg,(9+1)*0=0
train/70708.jpg,5-(1-1)=5
train/70709.jpg,(7+3)*4=40
train/70710.jpg,(6+9)-7=8
train/70711.jpg,(7-5)-4=-2
train/70712.jpg,2-(7+0)=-5
train/70713.jpg,8+1+0=9
train/70714.jpg,0+(1-1)=0
train/70715.jpg,4+1+0=5
train/70716.jpg,9*(8+8)=144
train/70717.jpg,8*1+6=14
train/70718.jpg,1-8*4=-31
train/70719.jpg,(8+9)-8=9
train/70720.jpg,6+(9+3)=18
train/70721.jpg,7+(8-2)=13
train/70722.jpg,0+(6-3)=3
train/70723.jpg,8+(2*2)=12
train/70724.jpg,(8+7)*8=120
train/70725.jpg,3-(6-8)=5
train/70726.jpg,(7-8)*8=-8
train/70727.jpg,9-5-5=-1
train/70728.jpg,(0+0)*6=0
train/70729.jpg,8-(6+9)=-7
train/70730.jpg,(5*5)+8=33
train/70731.jpg,1*(8+0)=8
train/70732.jpg,2-(7-5)=0
train/70733.jpg,6-0+2=8
train/70734.jpg,(4-8)*1=-4
train/70735.jpg,3-1-4=-2
train/70736.jpg,2+6-2=6
train/70737.jpg,8-8+3=3
train/70738.jpg,9*2*9=162
train/70739.jpg,4*(9+8)=68
train/70740.jpg,5-1+4=8
train/70741.jpg,4*6-2=22
train/70742.jpg,3+2*0=3
train/70743.jpg,(4+3)*0=0
train/70744.jpg,8-(5+0)=3
train/70745.jpg,0-7*8=-56
train/70746.jpg,6-(9*0)=6
train/70747.jpg,(2*7)-9=5
train/70748.jpg,8+4+2=14
train/70749.jpg,(4+7)*6=66
train/70750.jpg,(6+5)-6=5
train/70751.jpg,5+6-0=11
train/70752.jpg,(4*9)*0=0
train/70753.jpg,7+(1*9)=16
train/70754.jpg,(8-2)+7=13
train/70755.jpg,3+(4+7)=14
train/70756.jpg,(3*3)+5=14
train/70757.jpg,1*(1-3)=-2
train/70758.jpg,7*7*7=343
train/70759.jpg,4*(2+1)=12
train/70760.jpg,0*(7-7)=0
train/70761.jpg,1-8*1=-7
train/70762.jpg,5*3-7=8
train/70763.jpg,(0+9)-2=7
train/70764.jpg,0+(2+8)=10
train/70765.jpg,(4-6)+6=4
train/70766.jpg,(0*6)*3=0
train/70767.jpg,0-0*5=0
train/70768.jpg,7*5*9=315
train/70769.jpg,0*(9*3)=0
train/70770.jpg,(1+5)*9=54
train/70771.jpg,5*0*7=0
train/70772.jpg,(0+1)-8=-7
train/70773.jpg,6*5*6=180
train/70774.jpg,6*(4*1)=24
train/70775.jpg,2*5-0=10
train/70776.jpg,5+(3+9)=17
train/70777.jpg,8-(3-8)=13
train/70778.jpg,(3*8)*4=96
train/70779.jpg,6*3-6=12
train/70780.jpg,2*6-3=9
train/70781.jpg,(7+0)+1=8
train/70782.jpg,(0-2)*0=0
train/70783.jpg,(7-3)-9=-5
train/70784.jpg,5+4+2=11
train/70785.jpg,(8+9)+4=21
train/70786.jpg,4+7+5=16
train/70787.jpg,9*(8*9)=648
train/70788.jpg,(0*0)+5=5
train/70789.jpg,(7-4)+1=4
train/70790.jpg,(6+2)+2=10
train/70791.jpg,9-(5+7)=-3
train/70792.jpg,6-(0-5)=11
train/70793.jpg,0-0-6=-6
train/70794.jpg,7-6*4=-17
train/70795.jpg,5-(8+7)=-10
train/70796.jpg,5-1+2=6
train/70797.jpg,(0+9)*8=72
train/70798.jpg,(0-9)+7=-2
train/70799.jpg,6*1-9=-3
train/70800.jpg,(9*4)-4=32
train/70801.jpg,8+(3-7)=4
train/70802.jpg,(1-5)*4=-16
train/70803.jpg,1*0-3=-3
train/70804.jpg,7+2+4=13
train/70805.jpg,6-(3*3)=-3
train/70806.jpg,3-3*8=-21
train/70807.jpg,1*6-7=-1
train/70808.jpg,7+(2-7)=2
train/70809.jpg,(9+1)*7=70
train/70810.jpg,(6*0)-1=-1
train/70811.jpg,3+(1-2)=2
train/70812.jpg,4*3+9=21
train/70813.jpg,(1-6)+1=-4
train/70814.jpg,4+8*1=12
train/70815.jpg,9*(7-0)=63
train/70816.jpg,(4*2)*1=8
train/70817.jpg,(7*9)-8=55
train/70818.jpg,(2+7)-4=5
train/70819.jpg,5+(1-7)=-1
train/70820.jpg,0*7-2=-2
train/70821.jpg,5+(9*0)=5
train/70822.jpg,(0+4)+5=9
train/70823.jpg,5-(3+9)=-7
train/70824.jpg,6+2+1=9
train/70825.jpg,4*4*2=32
train/70826.jpg,(8*5)*8=320
train/70827.jpg,3+(1+2)=6
train/70828.jpg,(4*9)-8=28
train/70829.jpg,3-(0+4)=-1
train/70830.jpg,4*8-6=26
train/70831.jpg,2+(6-5)=3
train/70832.jpg,2+(4-9)=-3
train/70833.jpg,8+8-4=12
train/70834.jpg,(4*7)*4=112
train/70835.jpg,(4*0)-9=-9
train/70836.jpg,6+4*1=10
train/70837.jpg,(2*4)-2=6
train/70838.jpg,2*(6*3)=36
train/70839.jpg,9*8-3=69
train/70840.jpg,5*(7-9)=-10
train/70841.jpg,4*(1*1)=4
train/70842.jpg,8-(9*9)=-73
train/70843.jpg,3-0-2=1
train/70844.jpg,(4-8)+1=-3
train/70845.jpg,0*(6-7)=0
train/70846.jpg,7*(7+6)=91
train/70847.jpg,(2+5)*1=7
train/70848.jpg,2-3*2=-4
train/70849.jpg,(6-9)-2=-5
train/70850.jpg,6+2-6=2
train/70851.jpg,0+(6-8)=-2
train/70852.jpg,(7+1)-6=2
train/70853.jpg,8-(2+0)=6
train/70854.jpg,(7*5)-5=30
train/70855.jpg,(2*4)+8=16
train/70856.jpg,(5+8)-2=11
train/70857.jpg,(3+0)+5=8
train/70858.jpg,(1+7)-2=6
train/70859.jpg,2*(8-5)=6
train/70860.jpg,(1-3)*8=-16
train/70861.jpg,2-(5+6)=-9
train/70862.jpg,(4*3)+1=13
train/70863.jpg,0-(3-1)=-2
train/70864.jpg,6*(4+2)=36
train/70865.jpg,(2*1)-6=-4
train/70866.jpg,3+2+9=14
train/70867.jpg,4*8*1=32
train/70868.jpg,7+2-0=9
train/70869.jpg,4-(5-1)=0
train/70870.jpg,6*1+1=7
train/70871.jpg,0*(5-3)=0
train/70872.jpg,8+2+1=11
train/70873.jpg,7+5*1=12
train/70874.jpg,0+(5+6)=11
train/70875.jpg,3+(1+8)=12
train/70876.jpg,1+(9*2)=19
train/70877.jpg,4+2*8=20
train/70878.jpg,8*(4*5)=160
train/70879.jpg,0-9+4=-5
train/70880.jpg,(5-4)+2=3
train/70881.jpg,0+8+6=14
train/70882.jpg,(4-5)-0=-1
train/70883.jpg,6+(9-9)=6
train/70884.jpg,0+1*1=1
train/70885.jpg,(5-5)*0=0
train/70886.jpg,0*8-8=-8
train/70887.jpg,6*(1*3)=18
train/70888.jpg,2-(3*0)=2
train/70889.jpg,(9-5)*6=24
train/70890.jpg,(9-8)-4=-3
train/70891.jpg,5*(6-1)=25
train/70892.jpg,3-(7+9)=-13
train/70893.jpg,(9*1)*9=81
train/70894.jpg,6*(5+3)=48
train/70895.jpg,2-0-4=-2
train/70896.jpg,(5-1)*3=12
train/70897.jpg,(3+3)+4=10
train/70898.jpg,8*3-0=24
train/70899.jpg,(6-9)+4=1
train/70900.jpg,7*8*6=336
train/70901.jpg,1-(5-8)=4
train/70902.jpg,7*(1*7)=49
train/70903.jpg,5*3-3=12
train/70904.jpg,0*6+6=6
train/70905.jpg,9*8*9=648
train/70906.jpg,(7-6)+8=9
train/70907.jpg,6-8-1=-3
train/70908.jpg,3+2*1=5
train/70909.jpg,9*9+7=88
train/70910.jpg,(9*9)-9=72
train/70911.jpg,9-(7*1)=2
train/70912.jpg,4*2+3=11
train/70913.jpg,6+4+6=16
train/70914.jpg,7*8-7=49
train/70915.jpg,(3+7)*9=90
train/70916.jpg,7+5-1=11
train/70917.jpg,9-9*3=-18
train/70918.jpg,4+2*8=20
train/70919.jpg,5-8+7=4
train/70920.jpg,(3-3)-4=-4
train/70921.jpg,9-7-2=0
train/70922.jpg,(3*7)-0=21
train/70923.jpg,3+5-8=0
train/70924.jpg,6-0*3=6
train/70925.jpg,6-(5+2)=-1
train/70926.jpg,7*0-8=-8
train/70927.jpg,4+(8+8)=20
train/70928.jpg,(4+7)+3=14
train/70929.jpg,7-4+0=3
train/70930.jpg,6+2+3=11
train/70931.jpg,(7-2)-5=0
train/70932.jpg,3+(8*9)=75
train/70933.jpg,3*(2+0)=6
train/70934.jpg,3-1*1=2
train/70935.jpg,6+(3*7)=27
train/70936.jpg,7*(1*7)=49
train/70937.jpg,9*4*4=144
train/70938.jpg,5-(0*8)=5
train/70939.jpg,3-(1*3)=0
train/70940.jpg,9+0*8=9
train/70941.jpg,7+0-1=6
train/70942.jpg,5+(1+7)=13
train/70943.jpg,5*(1+9)=50
train/70944.jpg,5*(1-3)=-10
train/70945.jpg,(1*1)-5=-4
train/70946.jpg,(5*9)+2=47
train/70947.jpg,0*(6*0)=0
train/70948.jpg,8*4+9=41
train/70949.jpg,2+(2*1)=4
train/70950.jpg,9*2*7=126
train/70951.jpg,7+(1-4)=4
train/70952.jpg,9-(7*7)=-40
train/70953.jpg,(1-2)-3=-4
train/70954.jpg,1+(6-7)=0
train/70955.jpg,7+2*7=21
train/70956.jpg,4-3-5=-4
train/70957.jpg,4*(4*7)=112
train/70958.jpg,1*(4+4)=8
train/70959.jpg,1+6-2=5
train/70960.jpg,2+8*5=42
train/70961.jpg,9*(6-7)=-9
train/70962.jpg,6+9+7=22
train/70963.jpg,7-4+2=5
train/70964.jpg,1-(2+1)=-2
train/70965.jpg,(9-2)+9=16
train/70966.jpg,(8+7)*6=90
train/70967.jpg,(0+6)*2=12
train/70968.jpg,9*(6*9)=486
train/70969.jpg,8-(2-6)=12
train/70970.jpg,0-2*0=0
train/70971.jpg,3+(0+0)=3
train/70972.jpg,1*6*6=36
train/70973.jpg,8*(8+9)=136
train/70974.jpg,1-4*5=-19
train/70975.jpg,4*(2*1)=8
train/70976.jpg,(7*3)-3=18
train/70977.jpg,7+0+2=9
train/70978.jpg,9+0+3=12
train/70979.jpg,(3*4)-9=3
train/70980.jpg,8*0-7=-7
train/70981.jpg,8-(0-8)=16
train/70982.jpg,2-(2*0)=2
train/70983.jpg,7*(4*2)=56
train/70984.jpg,(0+0)+8=8
train/70985.jpg,2+6*2=14
train/70986.jpg,7*4+7=35
train/70987.jpg,6+7-7=6
train/70988.jpg,(0*5)*7=0
train/70989.jpg,4*(5+9)=56
train/70990.jpg,4-(3+3)=-2
train/70991.jpg,9*(3-7)=-36
train/70992.jpg,(7*8)+3=59
train/70993.jpg,3+(3+6)=12
train/70994.jpg,5*(8+4)=60
train/70995.jpg,(0-9)+1=-8
train/70996.jpg,3+(1+4)=8
train/70997.jpg,(9+3)-7=5
train/70998.jpg,0*7-8=-8
train/70999.jpg,9+(9-7)=11
train/71000.jpg,2*(1+0)=2
train/71001.jpg,(8*0)+9=9
train/71002.jpg,(8+2)*8=80
train/71003.jpg,(9-4)+8=13
train/71004.jpg,(7*4)-6=22
train/71005.jpg,(8+0)-1=7
train/71006.jpg,0+6+6=12
train/71007.jpg,6+(2+0)=8
train/71008.jpg,3*(3+5)=24
train/71009.jpg,1-3*0=1
train/71010.jpg,2*7+3=17
train/71011.jpg,6+4+8=18
train/71012.jpg,(7-7)+6=6
train/71013.jpg,8*(5-0)=40
train/71014.jpg,9*5-1=44
train/71015.jpg,5+7*1=12
train/71016.jpg,(6+9)-0=15
train/71017.jpg,9+9+6=24
train/71018.jpg,(3*9)*7=189
train/71019.jpg,4-1+0=3
train/71020.jpg,5*(5*5)=125
train/71021.jpg,4*(6*3)=72
train/71022.jpg,8-9+7=6
train/71023.jpg,5*3+5=20
train/71024.jpg,5*(5-8)=-15
train/71025.jpg,(8-5)*7=21
train/71026.jpg,9*(2*0)=0
train/71027.jpg,3-(0*5)=3
train/71028.jpg,(3+3)-7=-1
train/71029.jpg,0+4-3=1
train/71030.jpg,4*(4-7)=-12
train/71031.jpg,2*(5*4)=40
train/71032.jpg,1*(5-7)=-2
train/71033.jpg,9*(0+0)=0
train/71034.jpg,8*(1+8)=72
train/71035.jpg,(8*8)-8=56
train/71036.jpg,(8+3)*9=99
train/71037.jpg,9+(8-7)=10
train/71038.jpg,8*(0-6)=-48
train/71039.jpg,(1+7)+4=12
train/71040.jpg,(7+1)-4=4
train/71041.jpg,6+(3*2)=12
train/71042.jpg,(7*0)-9=-9
train/71043.jpg,9-2*4=1
train/71044.jpg,4+6+6=16
train/71045.jpg,(2+4)+1=7
train/71046.jpg,0-(1+4)=-5
train/71047.jpg,6*(3+2)=30
train/71048.jpg,8-(0-3)=11
train/71049.jpg,6*1*7=42
train/71050.jpg,2*(7+2)=18
train/71051.jpg,(4*0)+7=7
train/71052.jpg,0-(5+2)=-7
train/71053.jpg,9-2*9=-9
train/71054.jpg,5*3*2=30
train/71055.jpg,1+(1+7)=9
train/71056.jpg,3*(6+9)=45
train/71057.jpg,(3+4)*7=49
train/71058.jpg,8-(7+6)=-5
train/71059.jpg,(9*7)+9=72
train/71060.jpg,4-(5+3)=-4
train/71061.jpg,3-0*1=3
train/71062.jpg,(8+3)+0=11
train/71063.jpg,(4-2)+8=10
train/71064.jpg,(5-5)*8=0
train/71065.jpg,9-(8-6)=7
train/71066.jpg,(0-7)+9=2
train/71067.jpg,6*5+1=31
train/71068.jpg,8*(5+3)=64
train/71069.jpg,(1-7)+5=-1
train/71070.jpg,(9-7)*3=6
train/71071.jpg,0-8-9=-17
train/71072.jpg,(9*1)*7=63
train/71073.jpg,(9+6)-4=11
train/71074.jpg,5+(6+5)=16
train/71075.jpg,(9-1)*8=64
train/71076.jpg,6*8-8=40
train/71077.jpg,3*(5*6)=90
train/71078.jpg,6+(2-2)=6
train/71079.jpg,8-2+7=13
train/71080.jpg,(7-9)-6=-8
train/71081.jpg,3*8-8=16
train/71082.jpg,(3*0)*9=0
train/71083.jpg,6+(2*6)=18
train/71084.jpg,1*8*3=24
train/71085.jpg,(7*2)*1=14
train/71086.jpg,3*1*6=18
train/71087.jpg,0-(9-3)=-6
train/71088.jpg,(8*3)*8=192
train/71089.jpg,1*4-3=1
train/71090.jpg,(5-4)-3=-2
train/71091.jpg,3*1*6=18
train/71092.jpg,1-(0-7)=8
train/71093.jpg,(2*6)*6=72
train/71094.jpg,9+5*7=44
train/71095.jpg,5-8*1=-3
train/71096.jpg,7-(4+2)=1
train/71097.jpg,(9+7)*8=128
train/71098.jpg,(5*4)-1=19
train/71099.jpg,6*(7-2)=30
train/71100.jpg,(2*0)+8=8
train/71101.jpg,8+0+2=10
train/71102.jpg,7*(4-1)=21
train/71103.jpg,0+5*0=0
train/71104.jpg,5-(2*4)=-3
train/71105.jpg,4-(7*3)=-17
train/71106.jpg,1-(2*2)=-3
train/71107.jpg,3*(4*6)=72
train/71108.jpg,(9+2)+4=15
train/71109.jpg,3+(1-2)=2
train/71110.jpg,(7*4)-1=27
train/71111.jpg,2+7-2=7
train/71112.jpg,2-(3-1)=0
train/71113.jpg,3+(7+6)=16
train/71114.jpg,7*(2+4)=42
train/71115.jpg,6+(3*1)=9
train/71116.jpg,5+3+0=8
train/71117.jpg,6-(5*1)=1
train/71118.jpg,8-1*3=5
train/71119.jpg,(8+3)*8=88
train/71120.jpg,0*9*2=0
train/71121.jpg,2+(8+5)=15
train/71122.jpg,(7-8)*0=0
train/71123.jpg,(7*0)+9=9
train/71124.jpg,(3+1)+8=12
train/71125.jpg,8-(7+7)=-6
train/71126.jpg,8-(6+5)=-3
train/71127.jpg,8*9-2=70
train/71128.jpg,4+(0-3)=1
train/71129.jpg,3-(7+4)=-8
train/71130.jpg,9+(7*2)=23
train/71131.jpg,(4+2)*9=54
train/71132.jpg,2-(2+1)=-1
train/71133.jpg,1+8*4=33
train/71134.jpg,(5+9)+2=16
train/71135.jpg,(4-0)-7=-3
train/71136.jpg,(6+0)-3=3
train/71137.jpg,(3*1)*5=15
train/71138.jpg,(6+5)+2=13
train/71139.jpg,(8-7)+6=7
train/71140.jpg,6-7+3=2
train/71141.jpg,8-9+4=3
train/71142.jpg,(0-3)+8=5
train/71143.jpg,(3-3)+5=5
train/71144.jpg,4*(8*3)=96
train/71145.jpg,8*(0*1)=0
train/71146.jpg,(4*9)+3=39
train/71147.jpg,5*(6-4)=10
train/71148.jpg,(6-8)+9=7
train/71149.jpg,(4-3)+9=10
train/71150.jpg,(4*9)-1=35
train/71151.jpg,9+(4*0)=9
train/71152.jpg,9*1*8=72
train/71153.jpg,(5*7)+5=40
train/71154.jpg,7+0+5=12
train/71155.jpg,(6-4)*9=18
train/71156.jpg,8*5-9=31
train/71157.jpg,6*4+7=31
train/71158.jpg,6+(1*5)=11
train/71159.jpg,8*(1+6)=56
train/71160.jpg,(8-5)+2=5
train/71161.jpg,8*8*5=320
train/71162.jpg,5+7+4=16
train/71163.jpg,(9+6)+0=15
train/71164.jpg,(5+3)-9=-1
train/71165.jpg,9+2*8=25
train/71166.jpg,4*3+0=12
train/71167.jpg,4-(3+2)=-1
train/71168.jpg,7-(9-8)=6
train/71169.jpg,(1*8)-3=5
train/71170.jpg,6+(6*3)=24
train/71171.jpg,4+(3-0)=7
train/71172.jpg,(7*3)-3=18
train/71173.jpg,2-(0-4)=6
train/71174.jpg,7-0-3=4
train/71175.jpg,1-0+8=9
train/71176.jpg,(0+2)-2=0
train/71177.jpg,8*(5+2)=56
train/71178.jpg,(5*3)+3=18
train/71179.jpg,1*(6*8)=48
train/71180.jpg,3*6*8=144
train/71181.jpg,9*0+4=4
train/71182.jpg,3*(8-6)=6
train/71183.jpg,8-(2*9)=-10
train/71184.jpg,4-(2-8)=10
train/71185.jpg,2*(9*7)=126
train/71186.jpg,1-(9*7)=-62
train/71187.jpg,4*(6*9)=216
train/71188.jpg,3+8-0=11
train/71189.jpg,6*5*2=60
train/71190.jpg,1*9-8=1
train/71191.jpg,(9+3)-7=5
train/71192.jpg,0-(5*7)=-35
train/71193.jpg,7-(3+5)=-1
train/71194.jpg,3+9+9=21
train/71195.jpg,6+(7-8)=5
train/71196.jpg,5-9+5=1
train/71197.jpg,1-(8*2)=-15
train/71198.jpg,8*(2*8)=128
train/71199.jpg,(2*9)-3=15
train/71200.jpg,5*7+6=41
train/71201.jpg,(6*6)+8=44
train/71202.jpg,6-0-5=1
train/71203.jpg,4+1+1=6
train/71204.jpg,6*(9*6)=324
train/71205.jpg,0+9-3=6
train/71206.jpg,1-(7*0)=1
train/71207.jpg,3-2-3=-2
train/71208.jpg,(6*2)*3=36
train/71209.jpg,1+(7+6)=14
train/71210.jpg,2-(0+1)=1
train/71211.jpg,8-(1+2)=5
train/71212.jpg,(3*0)-2=-2
train/71213.jpg,8+(1-0)=9
train/71214.jpg,(2*6)-5=7
train/71215.jpg,(5-7)+9=7
train/71216.jpg,2*(9+7)=32
train/71217.jpg,(2+9)-8=3
train/71218.jpg,5*(1+7)=40
train/71219.jpg,6-(3-1)=4
train/71220.jpg,4+7-4=7
train/71221.jpg,(8-7)+5=6
train/71222.jpg,8*(9-2)=56
train/71223.jpg,(9+3)*0=0
train/71224.jpg,0-(8-7)=-1
train/71225.jpg,1+9*5=46
train/71226.jpg,7-3-0=4
train/71227.jpg,1+(5-2)=4
train/71228.jpg,2+(8-2)=8
train/71229.jpg,(4-3)*7=7
train/71230.jpg,3+6-1=8
train/71231.jpg,(6+2)+9=17
train/71232.jpg,4+(4+8)=16
train/71233.jpg,(3*6)*0=0
train/71234.jpg,3+5-1=7
train/71235.jpg,5+(3+6)=14
train/71236.jpg,3-(5*7)=-32
train/71237.jpg,(1*8)*5=40
train/71238.jpg,4-2+3=5
train/71239.jpg,7*(9+5)=98
train/71240.jpg,2+5*3=17
train/71241.jpg,1*1*6=6
train/71242.jpg,4+(3+0)=7
train/71243.jpg,9+(0+1)=10
train/71244.jpg,6+9-4=11
train/71245.jpg,1*7+7=14
train/71246.jpg,(0+7)+2=9
train/71247.jpg,7-6+4=5
train/71248.jpg,(9+8)*7=119
train/71249.jpg,2-(3+6)=-7
train/71250.jpg,7-9-1=-3
train/71251.jpg,1-(0-2)=3
train/71252.jpg,9*(4+0)=36
train/71253.jpg,(7+8)-8=7
train/71254.jpg,(9+9)-8=10
train/71255.jpg,4*(0-6)=-24
train/71256.jpg,(7+6)+3=16
train/71257.jpg,(7+8)+8=23
train/71258.jpg,(7*9)-5=58
train/71259.jpg,4*1+4=8
train/71260.jpg,0*4*7=0
train/71261.jpg,6+1+0=7
train/71262.jpg,5+4*6=29
train/71263.jpg,2-(7+8)=-13
train/71264.jpg,2*3*5=30
train/71265.jpg,9*(2+6)=72
train/71266.jpg,9+(1*7)=16
train/71267.jpg,8-(2+1)=5
train/71268.jpg,(6*1)-4=2
train/71269.jpg,(8+5)+9=22
train/71270.jpg,9*4-5=31
train/71271.jpg,0-1*9=-9
train/71272.jpg,2-(7*4)=-26
train/71273.jpg,(6-2)*7=28
train/71274.jpg,(6*8)+6=54
train/71275.jpg,1+(1+7)=9
train/71276.jpg,1*8+4=12
train/71277.jpg,9*(0-8)=-72
train/71278.jpg,5-(0*1)=5
train/71279.jpg,8-2-7=-1
train/71280.jpg,(9-0)-7=2
train/71281.jpg,(6+8)-8=6
train/71282.jpg,6*0*5=0
train/71283.jpg,1+6*9=55
train/71284.jpg,4-(7*8)=-52
train/71285.jpg,(8*2)+9=25
train/71286.jpg,3-(4*4)=-13
train/71287.jpg,(8*0)+4=4
train/71288.jpg,(6-0)*6=36
train/71289.jpg,8-(3-4)=9
train/71290.jpg,9+1+6=16
train/71291.jpg,7+(2*1)=9
train/71292.jpg,9*0+3=3
train/71293.jpg,5*0*2=0
train/71294.jpg,(6-3)*0=0
train/71295.jpg,2-(0*5)=2
train/71296.jpg,8+4-6=6
train/71297.jpg,5+4+2=11
train/71298.jpg,(6+2)+9=17
train/71299.jpg,(0*9)-4=-4
train/71300.jpg,5*3*1=15
train/71301.jpg,(4*1)+2=6
train/71302.jpg,5+(6+5)=16
train/71303.jpg,4-1*9=-5
train/71304.jpg,9-(5*3)=-6
train/71305.jpg,(4-2)+8=10
train/71306.jpg,(0+4)-2=2
train/71307.jpg,6+5-1=10
train/71308.jpg,8-4+3=7
train/71309.jpg,(2-5)-2=-5
train/71310.jpg,(4+0)-0=4
train/71311.jpg,(7-7)*7=0
train/71312.jpg,(3+2)+9=14
train/71313.jpg,7-(6-0)=1
train/71314.jpg,8*(9-7)=16
train/71315.jpg,8+(5*3)=23
train/71316.jpg,9+(8*6)=57
train/71317.jpg,3+(5*5)=28
train/71318.jpg,7*(7*0)=0
train/71319.jpg,2*(2*1)=4
train/71320.jpg,(8+0)-5=3
train/71321.jpg,(8-0)*6=48
train/71322.jpg,(1*5)-7=-2
train/71323.jpg,8-(4-3)=7
train/71324.jpg,(2+6)-7=1
train/71325.jpg,9+6*8=57
train/71326.jpg,(3+1)-7=-3
train/71327.jpg,9-8+0=1
train/71328.jpg,(4-5)+0=-1
train/71329.jpg,8-(0+1)=7
train/71330.jpg,8+(0+3)=11
train/71331.jpg,3*(7*9)=189
train/71332.jpg,8+1-3=6
train/71333.jpg,0+7*4=28
train/71334.jpg,0*(1-5)=0
train/71335.jpg,(9*1)-8=1
train/71336.jpg,3*6-8=10
train/71337.jpg,2-0*7=2
train/71338.jpg,7-(1*9)=-2
train/71339.jpg,0-2*1=-2
train/71340.jpg,4+2*9=22
train/71341.jpg,(1+1)-4=-2
train/71342.jpg,0+(3*0)=0
train/71343.jpg,(0-7)*8=-56
train/71344.jpg,6-8*0=6
train/71345.jpg,(4+9)-1=12
train/71346.jpg,(5+1)*0=0
train/71347.jpg,6-9-1=-4
train/71348.jpg,3*4*0=0
train/71349.jpg,8-(7*7)=-41
train/71350.jpg,(0+1)+4=5
train/71351.jpg,(9+3)+3=15
train/71352.jpg,7-9-4=-6
train/71353.jpg,(2+8)-5=5
train/71354.jpg,9+0*0=9
train/71355.jpg,6+2*6=18
train/71356.jpg,8*5-6=34
train/71357.jpg,7+(1-4)=4
train/71358.jpg,7*7-7=42
train/71359.jpg,2+(8+9)=19
train/71360.jpg,4-0+4=8
train/71361.jpg,2*9+3=21
train/71362.jpg,1+2+0=3
train/71363.jpg,5+(3-1)=7
train/71364.jpg,3*(2+0)=6
train/71365.jpg,(7*8)*6=336
train/71366.jpg,6*(3+4)=42
train/71367.jpg,5-(2*7)=-9
train/71368.jpg,(9+0)-0=9
train/71369.jpg,9-(8+6)=-5
train/71370.jpg,9*3*3=81
train/71371.jpg,0+6*6=36
train/71372.jpg,8+(4-7)=5
train/71373.jpg,6*(1-4)=-18
train/71374.jpg,9+(1+3)=13
train/71375.jpg,4*(2-5)=-12
train/71376.jpg,6*(4+2)=36
train/71377.jpg,9*(8*2)=144
train/71378.jpg,4+(0+6)=10
train/71379.jpg,(7+2)+2=11
train/71380.jpg,(0*2)+8=8
train/71381.jpg,5-1*6=-1
train/71382.jpg,(7+4)-0=11
train/71383.jpg,(2+2)+4=8
train/71384.jpg,(9-8)+5=6
train/71385.jpg,7+(7*3)=28
train/71386.jpg,0+4*2=8
train/71387.jpg,(9+7)-7=9
train/71388.jpg,0-9+5=-4
train/71389.jpg,4+(5+6)=15
train/71390.jpg,(3*2)*6=36
train/71391.jpg,0+(1-0)=1
train/71392.jpg,9+2*6=21
train/71393.jpg,(2-0)*6=12
train/71394.jpg,9-0+4=13
train/71395.jpg,2-5*0=2
train/71396.jpg,8+5-2=11
train/71397.jpg,(2+4)-1=5
train/71398.jpg,1+(0*5)=1
train/71399.jpg,0*(3-1)=0
train/71400.jpg,9-(2*6)=-3
train/71401.jpg,7-(4-8)=11
train/71402.jpg,9-5+2=6
train/71403.jpg,(4+7)+1=12
train/71404.jpg,1+(9+1)=11
train/71405.jpg,8+8+1=17
train/71406.jpg,(3-0)-0=3
train/71407.jpg,5*(8+6)=70
train/71408.jpg,(7-0)-5=2
train/71409.jpg,8+4-8=4
train/71410.jpg,8*(2-8)=-48
train/71411.jpg,(2*1)-0=2
train/71412.jpg,3*(3+4)=21
train/71413.jpg,(5*4)-1=19
train/71414.jpg,2*3+7=13
train/71415.jpg,8+(6*8)=56
train/71416.jpg,4+1-9=-4
train/71417.jpg,9-(1*2)=7
train/71418.jpg,0+(9+3)=12
train/71419.jpg,2*5+5=15
train/71420.jpg,4-8*0=4
train/71421.jpg,3*(7+7)=42
train/71422.jpg,(4-1)*5=15
train/71423.jpg,9-5-9=-5
train/71424.jpg,(5*3)-0=15
train/71425.jpg,(5*6)*1=30
train/71426.jpg,(4*5)*6=120
train/71427.jpg,4+(0-2)=2
train/71428.jpg,8*(8-8)=0
train/71429.jpg,(8-0)-0=8
train/71430.jpg,8+(2+5)=15
train/71431.jpg,(8-3)*5=25
train/71432.jpg,4-(1-5)=8
train/71433.jpg,1*6*2=12
train/71434.jpg,7*(4+2)=42
train/71435.jpg,7*3-2=19
train/71436.jpg,6*9+5=59
train/71437.jpg,2-5+5=2
train/71438.jpg,(9*1)+9=18
train/71439.jpg,4*3+7=19
train/71440.jpg,8-(2*4)=0
train/71441.jpg,(7+7)-1=13
train/71442.jpg,6*(6*7)=252
train/71443.jpg,8+6*5=38
train/71444.jpg,5-1*2=3
train/71445.jpg,7*0*6=0
train/71446.jpg,7-(5-7)=9
train/71447.jpg,9-(7+5)=-3
train/71448.jpg,0*(7+1)=0
train/71449.jpg,1-(6+6)=-11
train/71450.jpg,(1-3)-7=-9
train/71451.jpg,(1-6)+2=-3
train/71452.jpg,(5*2)-9=1
train/71453.jpg,(0+5)+3=8
train/71454.jpg,3-7*9=-60
train/71455.jpg,8+(1*8)=16
train/71456.jpg,(4*6)*3=72
train/71457.jpg,(4+1)*4=20
train/71458.jpg,(0*9)*7=0
train/71459.jpg,8*9-8=64
train/71460.jpg,(0+2)+2=4
train/71461.jpg,(6*9)-1=53
train/71462.jpg,3*(3+5)=24
train/71463.jpg,7+2-7=2
train/71464.jpg,(8*2)-1=15
train/71465.jpg,5-(1-1)=5
train/71466.jpg,4*7+3=31
train/71467.jpg,7-(9+9)=-11
train/71468.jpg,(3-2)-2=-1
train/71469.jpg,5*(6*2)=60
train/71470.jpg,6*(2+5)=42
train/71471.jpg,5+(0+6)=11
train/71472.jpg,1-7*2=-13
train/71473.jpg,4+(4-1)=7
train/71474.jpg,0*(8-4)=0
train/71475.jpg,(8*4)-2=30
train/71476.jpg,0-(6-7)=1
train/71477.jpg,4-8*2=-12
train/71478.jpg,7*1*6=42
train/71479.jpg,(5+0)*7=35
train/71480.jpg,(6*7)+4=46
train/71481.jpg,7*9-6=57
train/71482.jpg,0+0*0=0
train/71483.jpg,6+2-7=1
train/71484.jpg,(3-1)*8=16
train/71485.jpg,5+(5*7)=40
train/71486.jpg,6-0*3=6
train/71487.jpg,5*7+5=40
train/71488.jpg,8-(0+6)=2
train/71489.jpg,9*(3-0)=27
train/71490.jpg,1*(8*7)=56
train/71491.jpg,(8-0)-2=6
train/71492.jpg,3-(9+9)=-15
train/71493.jpg,(0-1)+2=1
train/71494.jpg,(6-1)-2=3
train/71495.jpg,1*(5+3)=8
train/71496.jpg,6*(3-4)=-6
train/71497.jpg,(7+8)-4=11
train/71498.jpg,5*9-6=39
train/71499.jpg,(1*3)*4=12
train/71500.jpg,(8-6)*1=2
train/71501.jpg,1*1-0=1
train/71502.jpg,6-8-9=-11
train/71503.jpg,1+(9+3)=13
train/71504.jpg,5-(7+3)=-5
train/71505.jpg,6-(8*9)=-66
train/71506.jpg,4+(6+3)=13
train/71507.jpg,2-(2+9)=-9
train/71508.jpg,0-(8*5)=-40
train/71509.jpg,(2*0)*4=0
train/71510.jpg,(2-9)*6=-42
train/71511.jpg,(4-5)*9=-9
train/71512.jpg,(1+2)-9=-6
train/71513.jpg,(0-8)*4=-32
train/71514.jpg,5-2-4=-1
train/71515.jpg,(7*4)-4=24
train/71516.jpg,2*7*9=126
train/71517.jpg,6+8+3=17
train/71518.jpg,6+(9-3)=12
train/71519.jpg,(1-5)*5=-20
train/71520.jpg,8*(4-5)=-8
train/71521.jpg,(6-2)*3=12
train/71522.jpg,9-5+8=12
train/71523.jpg,1*(2*2)=4
train/71524.jpg,(6*0)*9=0
train/71525.jpg,8+8+8=24
train/71526.jpg,4*7+4=32
train/71527.jpg,(4*4)*0=0
train/71528.jpg,5-2*2=1
train/71529.jpg,(1-4)+6=3
train/71530.jpg,3+(3*0)=3
train/71531.jpg,(6+5)*7=77
train/71532.jpg,5+1+7=13
train/71533.jpg,(0-7)+7=0
train/71534.jpg,(5-6)*4=-4
train/71535.jpg,9+3-0=12
train/71536.jpg,6-4*6=-18
train/71537.jpg,(2-0)+8=10
train/71538.jpg,(2+8)+9=19
train/71539.jpg,0*7-1=-1
train/71540.jpg,7-6+8=9
train/71541.jpg,1-(8*3)=-23
train/71542.jpg,(5*8)*9=360
train/71543.jpg,2-7-7=-12
train/71544.jpg,1+(5*5)=26
train/71545.jpg,4-(0-5)=9
train/71546.jpg,5*(7+1)=40
train/71547.jpg,3-(8-7)=2
train/71548.jpg,(2-2)+9=9
train/71549.jpg,7+(1-7)=1
train/71550.jpg,(1-8)*0=0
train/71551.jpg,7-(0+5)=2
train/71552.jpg,6+7-6=7
train/71553.jpg,9*1*7=63
train/71554.jpg,(0*4)*0=0
train/71555.jpg,5+6+8=19
train/71556.jpg,8-(6+7)=-5
train/71557.jpg,(3*1)-8=-5
train/71558.jpg,7-7+0=0
train/71559.jpg,(3-3)*6=0
train/71560.jpg,3*0*4=0
train/71561.jpg,(8+9)-5=12
train/71562.jpg,8*(3+2)=40
train/71563.jpg,(2+8)-7=3
train/71564.jpg,9*(5-0)=45
train/71565.jpg,8*(0+7)=56
train/71566.jpg,3-(9-6)=0
train/71567.jpg,5-(4+9)=-8
train/71568.jpg,(3+5)+6=14
train/71569.jpg,(3-8)+3=-2
train/71570.jpg,(6+2)*4=32
train/71571.jpg,7+(6*6)=43
train/71572.jpg,2-(4-1)=-1
train/71573.jpg,(3+9)+4=16
train/71574.jpg,(7*2)+5=19
train/71575.jpg,2*(4-4)=0
train/71576.jpg,(8*1)-1=7
train/71577.jpg,6+0-2=4
train/71578.jpg,(6*3)-8=10
train/71579.jpg,8*(6*7)=336
train/71580.jpg,6-4-8=-6
train/71581.jpg,8*(9*1)=72
train/71582.jpg,3-3-5=-5
train/71583.jpg,0*5+5=5
train/71584.jpg,7*(5+2)=49
train/71585.jpg,5-6-9=-10
train/71586.jpg,2*7*1=14
train/71587.jpg,5-(5+4)=-4
train/71588.jpg,4-(6-5)=3
train/71589.jpg,6-(2*6)=-6
train/71590.jpg,(0*0)*9=0
train/71591.jpg,6*(1*2)=12
train/71592.jpg,(8-3)*9=45
train/71593.jpg,(3+7)-8=2
train/71594.jpg,1-(8*7)=-55
train/71595.jpg,9*0+8=8
train/71596.jpg,(2-5)-7=-10
train/71597.jpg,(3*6)*9=162
train/71598.jpg,5-1+4=8
train/71599.jpg,(4*8)*4=128
train/71600.jpg,1*(2+6)=8
train/71601.jpg,(9-3)-8=-2
train/71602.jpg,7*(8*4)=224
train/71603.jpg,(2-5)*2=-6
train/71604.jpg,(5+2)*1=7
train/71605.jpg,6*9+3=57
train/71606.jpg,(4-7)-7=-10
train/71607.jpg,6-2-2=2
train/71608.jpg,9*(1+2)=27
train/71609.jpg,(0*2)-1=-1
train/71610.jpg,1*(1*0)=0
train/71611.jpg,7-5*2=-3
train/71612.jpg,(5-8)+2=-1
train/71613.jpg,9*9+9=90
train/71614.jpg,6*(8*2)=96
train/71615.jpg,2+(8*2)=18
train/71616.jpg,3+1+0=4
train/71617.jpg,4*3*1=12
train/71618.jpg,0*9*8=0
train/71619.jpg,4+(7*1)=11
train/71620.jpg,(0*0)-0=0
train/71621.jpg,0-9-9=-18
train/71622.jpg,1+(2+6)=9
train/71623.jpg,5+(3-5)=3
train/71624.jpg,1*4-3=1
train/71625.jpg,(9+2)*5=55
train/71626.jpg,4*(4*4)=64
train/71627.jpg,7*(0+6)=42
train/71628.jpg,6+6-3=9
train/71629.jpg,2-5*6=-28
train/71630.jpg,6-3+8=11
train/71631.jpg,(1-3)*8=-16
train/71632.jpg,1*(7+0)=7
train/71633.jpg,1-2+8=7
train/71634.jpg,(6*8)+8=56
train/71635.jpg,3-(9-9)=3
train/71636.jpg,1+2-0=3
train/71637.jpg,1-6-7=-12
train/71638.jpg,0*7-7=-7
train/71639.jpg,6+(3*4)=18
train/71640.jpg,9-(0-5)=14
train/71641.jpg,8*4-7=25
train/71642.jpg,8+(0-9)=-1
train/71643.jpg,(7-5)+3=5
train/71644.jpg,(8-9)-3=-4
train/71645.jpg,4+(6*2)=16
train/71646.jpg,3+1*0=3
train/71647.jpg,(0*8)-0=0
train/71648.jpg,1+5+7=13
train/71649.jpg,6*5*8=240
train/71650.jpg,8-1*1=7
train/71651.jpg,1-(3+0)=-2
train/71652.jpg,5*(6-6)=0
train/71653.jpg,0*9+4=4
train/71654.jpg,4*4*6=96
train/71655.jpg,2+(3-8)=-3
train/71656.jpg,(5+2)*3=21
train/71657.jpg,9+6+9=24
train/71658.jpg,2-8+9=3
train/71659.jpg,9-(1*5)=4
train/71660.jpg,(0*7)*6=0
train/71661.jpg,(6-8)+5=3
train/71662.jpg,(7-8)-8=-9
train/71663.jpg,(3*7)+5=26
train/71664.jpg,(7+3)-4=6
train/71665.jpg,(6*4)+2=26
train/71666.jpg,(6*3)*1=18
train/71667.jpg,(9-2)+7=14
train/71668.jpg,4*(6-3)=12
train/71669.jpg,0-8-5=-13
train/71670.jpg,5-(0+9)=-4
train/71671.jpg,8-2*9=-10
train/71672.jpg,(7-6)+2=3
train/71673.jpg,(7-8)*4=-4
train/71674.jpg,9-1+0=8
train/71675.jpg,7-4+7=10
train/71676.jpg,0+(8*5)=40
train/71677.jpg,3-(8-5)=0
train/71678.jpg,9*9-6=75
train/71679.jpg,9*(8*5)=360
train/71680.jpg,(0-0)*4=0
train/71681.jpg,(6*0)*5=0
train/71682.jpg,(2-2)*9=0
train/71683.jpg,1+(1*6)=7
train/71684.jpg,7*3+0=21
train/71685.jpg,(0*5)*8=0
train/71686.jpg,2-(0*5)=2
train/71687.jpg,4+3-3=4
train/71688.jpg,5*1+7=12
train/71689.jpg,9+0-6=3
train/71690.jpg,(2+1)-4=-1
train/71691.jpg,8-(7-9)=10
train/71692.jpg,(5*4)+9=29
train/71693.jpg,5-(2+2)=1
train/71694.jpg,5*7*3=105
train/71695.jpg,(0+7)-6=1
train/71696.jpg,(5*6)*2=60
train/71697.jpg,8+(2*4)=16
train/71698.jpg,9*(9+5)=126
train/71699.jpg,5+(0*4)=5
train/71700.jpg,8*6*4=192
train/71701.jpg,4-(8+2)=-6
train/71702.jpg,(1-0)+8=9
train/71703.jpg,8-4+6=10
train/71704.jpg,2*1-0=2
train/71705.jpg,5+(7*0)=5
train/71706.jpg,8*2+7=23
train/71707.jpg,7+3-1=9
train/71708.jpg,(5+9)-6=8
train/71709.jpg,(3+6)+7=16
train/71710.jpg,6*(8*0)=0
train/71711.jpg,8-3+9=14
train/71712.jpg,7-(3*3)=-2
train/71713.jpg,8+(1*6)=14
train/71714.jpg,4+8+3=15
train/71715.jpg,1*7+6=13
train/71716.jpg,(2-1)*4=4
train/71717.jpg,0+9-5=4
train/71718.jpg,(7-3)-6=-2
train/71719.jpg,(7*0)*4=0
train/71720.jpg,(2*7)*9=126
train/71721.jpg,5*(1+0)=5
train/71722.jpg,7*(9*3)=189
train/71723.jpg,(1*4)+7=11
train/71724.jpg,(8-9)*5=-5
train/71725.jpg,7*(4-0)=28
train/71726.jpg,(8*9)-2=70
train/71727.jpg,5*8-6=34
train/71728.jpg,3*(3-1)=6
train/71729.jpg,9+(9*9)=90
train/71730.jpg,(6*4)-5=19
train/71731.jpg,6-(5-7)=8
train/71732.jpg,2-(5-1)=-2
train/71733.jpg,(4-0)+3=7
train/71734.jpg,(6*3)+4=22
train/71735.jpg,0-(6+0)=-6
train/71736.jpg,8+9-0=17
train/71737.jpg,3-2*9=-15
train/71738.jpg,(6-9)+6=3
train/71739.jpg,(4+5)+0=9
train/71740.jpg,8-7*5=-27
train/71741.jpg,3+(1*7)=10
train/71742.jpg,0-(7+4)=-11
train/71743.jpg,9-(4*6)=-15
train/71744.jpg,2*(8-2)=12
train/71745.jpg,2-0*0=2
train/71746.jpg,(7+1)*2=16
train/71747.jpg,8+0*2=8
train/71748.jpg,1-(2-1)=0
train/71749.jpg,(4-5)-9=-10
train/71750.jpg,7+3+1=11
train/71751.jpg,4+(7+1)=12
train/71752.jpg,2*9-7=11
train/71753.jpg,5*6-6=24
train/71754.jpg,(5+0)+2=7
train/71755.jpg,2-3*8=-22
train/71756.jpg,(0-4)-4=-8
train/71757.jpg,7+1*9=16
train/71758.jpg,5*(7+0)=35
train/71759.jpg,5+4-8=1
train/71760.jpg,9*(4-7)=-27
train/71761.jpg,(9*3)-3=24
train/71762.jpg,6-6*2=-6
train/71763.jpg,4-5*6=-26
train/71764.jpg,0-0+5=5
train/71765.jpg,(3*0)*1=0
train/71766.jpg,1-5*2=-9
train/71767.jpg,8-5-4=-1
train/71768.jpg,6-1+0=5
train/71769.jpg,(0-5)-4=-9
train/71770.jpg,(5+4)+5=14
train/71771.jpg,5-(4+2)=-1
train/71772.jpg,(3*6)*3=54
train/71773.jpg,(1*4)-6=-2
train/71774.jpg,7*0-2=-2
train/71775.jpg,(9*8)-6=66
train/71776.jpg,(1+5)-4=2
train/71777.jpg,0*(5-3)=0
train/71778.jpg,7+(6-7)=6
train/71779.jpg,5+1-1=5
train/71780.jpg,(4+6)-9=1
train/71781.jpg,(6*6)-2=34
train/71782.jpg,7*5-3=32
train/71783.jpg,5-8*9=-67
train/71784.jpg,7+(4-9)=2
train/71785.jpg,0-7*0=0
train/71786.jpg,(3+9)-8=4
train/71787.jpg,1-(1-6)=6
train/71788.jpg,(0+3)-0=3
train/71789.jpg,6*(2+3)=30
train/71790.jpg,2+3+4=9
train/71791.jpg,6*(7-9)=-12
train/71792.jpg,2+7+6=15
train/71793.jpg,(8-0)-5=3
train/71794.jpg,7-(1*9)=-2
train/71795.jpg,(1*4)+5=9
train/71796.jpg,6*(7-4)=18
train/71797.jpg,0*8-3=-3
train/71798.jpg,(9-4)*0=0
train/71799.jpg,3-8+3=-2
train/71800.jpg,8+3-6=5
train/71801.jpg,3+(5-3)=5
train/71802.jpg,7-7-4=-4
train/71803.jpg,9-(2+6)=1
train/71804.jpg,1*9*5=45
train/71805.jpg,7-(8-1)=0
train/71806.jpg,(3-8)-6=-11
train/71807.jpg,5-0*2=5
train/71808.jpg,2-6-7=-11
train/71809.jpg,0-(9-7)=-2
train/71810.jpg,6+4+3=13
train/71811.jpg,(9*3)-9=18
train/71812.jpg,7*(9*6)=378
train/71813.jpg,(2*0)-4=-4
train/71814.jpg,2-2+9=9
train/71815.jpg,7-5-5=-3
train/71816.jpg,5+7-8=4
train/71817.jpg,6-1*8=-2
train/71818.jpg,5-(7-3)=1
train/71819.jpg,(1*3)+5=8
train/71820.jpg,0+3-4=-1
train/71821.jpg,(8+3)*8=88
train/71822.jpg,9+0+9=18
train/71823.jpg,4*(1-8)=-28
train/71824.jpg,2+(2-5)=-1
train/71825.jpg,3+(2*0)=3
train/71826.jpg,(6-8)-1=-3
train/71827.jpg,4*(4-0)=16
train/71828.jpg,(6+3)*9=81
train/71829.jpg,5+9*3=32
train/71830.jpg,(8*1)*5=40
train/71831.jpg,(4+9)*0=0
train/71832.jpg,3-2-3=-2
train/71833.jpg,5+(4+5)=14
train/71834.jpg,(3*4)*0=0
train/71835.jpg,(7+7)+3=17
train/71836.jpg,6+8+0=14
train/71837.jpg,0*(2*9)=0
train/71838.jpg,4+(5-0)=9
train/71839.jpg,4+(2*9)=22
train/71840.jpg,(4-9)+4=-1
train/71841.jpg,5*(9-0)=45
train/71842.jpg,(7-6)-2=-1
train/71843.jpg,5*5-9=16
train/71844.jpg,5*4-0=20
train/71845.jpg,0-9+8=-1
train/71846.jpg,4*(0+9)=36
train/71847.jpg,(0-1)*6=-6
train/71848.jpg,7-0-3=4
train/71849.jpg,6*(8-1)=42
train/71850.jpg,5-4+4=5
train/71851.jpg,(8-9)-6=-7
train/71852.jpg,3+4*2=11
train/71853.jpg,8*1*6=48
train/71854.jpg,7+8-5=10
train/71855.jpg,(9*5)*9=405
train/71856.jpg,3-(3-5)=5
train/71857.jpg,(1+9)-1=9
train/71858.jpg,1+(8*7)=57
train/71859.jpg,(7+7)-9=5
train/71860.jpg,(7+9)*9=144
train/71861.jpg,(2+8)*3=30
train/71862.jpg,(1+3)-6=-2
train/71863.jpg,(7+2)+2=11
train/71864.jpg,2-(7*5)=-33
train/71865.jpg,0*(9*2)=0
train/71866.jpg,0*(9+4)=0
train/71867.jpg,(1*1)*5=5
train/71868.jpg,(9+4)-9=4
train/71869.jpg,1*7*0=0
train/71870.jpg,3+(8-3)=8
train/71871.jpg,8*(5+4)=72
train/71872.jpg,(2-3)+0=-1
train/71873.jpg,1*(4*1)=4
train/71874.jpg,8+(3-4)=7
train/71875.jpg,8-(2*4)=0
train/71876.jpg,(5-0)+5=10
train/71877.jpg,(8+1)*9=81
train/71878.jpg,8*(7-8)=-8
train/71879.jpg,1*6*6=36
train/71880.jpg,(0-2)+1=-1
train/71881.jpg,3+1*2=5
train/71882.jpg,2*(6-5)=2
train/71883.jpg,(7+1)-9=-1
train/71884.jpg,3+(3*0)=3
train/71885.jpg,(2+5)-9=-2
train/71886.jpg,(4-3)*8=8
train/71887.jpg,(5-5)+6=6
train/71888.jpg,9*(4-0)=36
train/71889.jpg,1*2+4=6
train/71890.jpg,5*(6*0)=0
train/71891.jpg,9*(7-2)=45
train/71892.jpg,1+0*6=1
train/71893.jpg,(2*4)+4=12
train/71894.jpg,3+(6-7)=2
train/71895.jpg,6-3+7=10
train/71896.jpg,(1-1)*8=0
train/71897.jpg,1*7*3=21
train/71898.jpg,3+8-5=6
train/71899.jpg,4+(8-9)=3
train/71900.jpg,8*5*1=40
train/71901.jpg,(4+9)+9=22
train/71902.jpg,4+(7+7)=18
train/71903.jpg,8+(9*8)=80
train/71904.jpg,8+5-5=8
train/71905.jpg,6+(4*6)=30
train/71906.jpg,6+(5+9)=20
train/71907.jpg,6*5-6=24
train/71908.jpg,(2+3)*7=35
train/71909.jpg,6-(2*3)=0
train/71910.jpg,(6+3)+8=17
train/71911.jpg,2*(3*8)=48
train/71912.jpg,0-(2+1)=-3
train/71913.jpg,(1-3)-8=-10
train/71914.jpg,9-(4*6)=-15
train/71915.jpg,(4-4)+9=9
train/71916.jpg,(0-4)*3=-12
train/71917.jpg,4*3+3=15
train/71918.jpg,7+1*4=11
train/71919.jpg,8*(3+4)=56
train/71920.jpg,9+(8+9)=26
train/71921.jpg,(2+7)+4=13
train/71922.jpg,4-(4-7)=7
train/71923.jpg,8+(8-2)=14
train/71924.jpg,(1*1)+5=6
train/71925.jpg,(2-2)+0=0
train/71926.jpg,(8*2)+8=24
train/71927.jpg,(4-6)*4=-8
train/71928.jpg,8-(4-5)=9
train/71929.jpg,2+(1-1)=2
train/71930.jpg,(7-0)-5=2
train/71931.jpg,8*(2-9)=-56
train/71932.jpg,(2+0)+6=8
train/71933.jpg,(2+5)+9=16
train/71934.jpg,5*(0-8)=-40
train/71935.jpg,1-(1+9)=-9
train/71936.jpg,4+4-2=6
train/71937.jpg,2-(8-1)=-5
train/71938.jpg,6+1+8=15
train/71939.jpg,3-(5+6)=-8
train/71940.jpg,0+(8*6)=48
train/71941.jpg,(9*2)*8=144
train/71942.jpg,7*(3-7)=-28
train/71943.jpg,3-(0-6)=9
train/71944.jpg,2-1*5=-3
train/71945.jpg,(9-0)-7=2
train/71946.jpg,(1*6)+4=10
train/71947.jpg,(2+2)*9=36
train/71948.jpg,6*(5-0)=30
train/71949.jpg,0+2-1=1
train/71950.jpg,(4+8)*5=60
train/71951.jpg,4-(0*2)=4
train/71952.jpg,3-(8*0)=3
train/71953.jpg,2+3-1=4
train/71954.jpg,(4-3)-4=-3
train/71955.jpg,1+3*1=4
train/71956.jpg,(1-7)-5=-11
train/71957.jpg,1-0+6=7
train/71958.jpg,9+8+6=23
train/71959.jpg,9*8+4=76
train/71960.jpg,9-(6+0)=3
train/71961.jpg,0*9-7=-7
train/71962.jpg,(9-3)*1=6
train/71963.jpg,8-3-1=4
train/71964.jpg,2-(4*3)=-10
train/71965.jpg,(4*8)-8=24
train/71966.jpg,2*5-3=7
train/71967.jpg,0-8*9=-72
train/71968.jpg,8+(6+7)=21
train/71969.jpg,7*(9*1)=63
train/71970.jpg,(6*1)+7=13
train/71971.jpg,4+7-1=10
train/71972.jpg,7*1*3=21
train/71973.jpg,8*(4*5)=160
train/71974.jpg,(0+2)-4=-2
train/71975.jpg,5*9*0=0
train/71976.jpg,0-(2+8)=-10
train/71977.jpg,6+5*6=36
train/71978.jpg,(9*9)-0=81
train/71979.jpg,(2+5)+2=9
train/71980.jpg,(8+4)-2=10
train/71981.jpg,8*(4-9)=-40
train/71982.jpg,5*(2-2)=0
train/71983.jpg,8*(2-9)=-56
train/71984.jpg,(2-7)+8=3
train/71985.jpg,7*9+0=63
train/71986.jpg,9-4+6=11
train/71987.jpg,(5+1)*1=6
train/71988.jpg,8-(6*4)=-16
train/71989.jpg,4-(2+7)=-5
train/71990.jpg,6+(2*0)=6
train/71991.jpg,7*5*4=140
train/71992.jpg,8*(7*6)=336
train/71993.jpg,9*(7*4)=252
train/71994.jpg,(2-4)+2=0
train/71995.jpg,4*(9-3)=24
train/71996.jpg,(8-9)+5=4
train/71997.jpg,0*5+4=4
train/71998.jpg,(2-5)*3=-9
train/71999.jpg,0-9*7=-63
train/72000.jpg,2-(2+5)=-5
train/72001.jpg,1*(9+2)=11
train/72002.jpg,(4+1)-0=5
train/72003.jpg,6*0+4=4
train/72004.jpg,6-2*7=-8
train/72005.jpg,2+(8*1)=10
train/72006.jpg,6+(3*9)=33
train/72007.jpg,(6-6)+6=6
train/72008.jpg,2+4*1=6
train/72009.jpg,(0*2)-7=-7
train/72010.jpg,4+(7+7)=18
train/72011.jpg,4*(8*9)=288
train/72012.jpg,7-7-2=-2
train/72013.jpg,5+0-1=4
train/72014.jpg,5+6-3=8
train/72015.jpg,9+1-1=9
train/72016.jpg,6+4*2=14
train/72017.jpg,2+(4*7)=30
train/72018.jpg,9-(2*7)=-5
train/72019.jpg,9+(0+6)=15
train/72020.jpg,1+(5*5)=26
train/72021.jpg,4-9+7=2
train/72022.jpg,(2-5)+2=-1
train/72023.jpg,3-(4+8)=-9
train/72024.jpg,0*(5+7)=0
train/72025.jpg,1+(6+5)=12
train/72026.jpg,4-(4*4)=-12
train/72027.jpg,(8*3)-7=17
train/72028.jpg,2*3-7=-1
train/72029.jpg,6*3+8=26
train/72030.jpg,(9-7)-2=0
train/72031.jpg,5*4*1=20
train/72032.jpg,1+3+0=4
train/72033.jpg,3-(5*9)=-42
train/72034.jpg,3*0*9=0
train/72035.jpg,4*(8+1)=36
train/72036.jpg,3-(3*2)=-3
train/72037.jpg,4+(8-8)=4
train/72038.jpg,4*(7*9)=252
train/72039.jpg,(8-2)-3=3
train/72040.jpg,2+(9+1)=12
train/72041.jpg,(6+5)+0=11
train/72042.jpg,8+1+4=13
train/72043.jpg,(4+0)*1=4
train/72044.jpg,0-5+9=4
train/72045.jpg,(9-0)-4=5
train/72046.jpg,9+(5-5)=9
train/72047.jpg,7+(7*2)=21
train/72048.jpg,5*9*2=90
train/72049.jpg,3+(1*6)=9
train/72050.jpg,2*(2*4)=16
train/72051.jpg,3+(4*5)=23
train/72052.jpg,1-0+8=9
train/72053.jpg,(3*5)+5=20
train/72054.jpg,7+(8*4)=39
train/72055.jpg,3+8-8=3
train/72056.jpg,(2-4)+5=3
train/72057.jpg,0-3-5=-8
train/72058.jpg,(1+8)*3=27
train/72059.jpg,7*(2*5)=70
train/72060.jpg,5-(2+4)=-1
train/72061.jpg,3*2-0=6
train/72062.jpg,8-(7*7)=-41
train/72063.jpg,6*1-8=-2
train/72064.jpg,9-9*6=-45
train/72065.jpg,8-(6+3)=-1
train/72066.jpg,(2-2)+5=5
train/72067.jpg,9+8-8=9
train/72068.jpg,5*6*9=270
train/72069.jpg,0-(9-8)=-1
train/72070.jpg,(7*1)+3=10
train/72071.jpg,(1-0)*9=9
train/72072.jpg,(4*5)*9=180
train/72073.jpg,8+(7-5)=10
train/72074.jpg,6*3+0=18
train/72075.jpg,1*(5*1)=5
train/72076.jpg,0+(9+7)=16
train/72077.jpg,8+0+7=15
train/72078.jpg,(0+0)+7=7
train/72079.jpg,0*(8-5)=0
train/72080.jpg,(3+9)+1=13
train/72081.jpg,0+(3*6)=18
train/72082.jpg,6*(0+8)=48
train/72083.jpg,(6+2)-0=8
train/72084.jpg,(9+6)-2=13
train/72085.jpg,6-(6*5)=-24
train/72086.jpg,1-(8+4)=-11
train/72087.jpg,(7*7)*8=392
train/72088.jpg,(5-3)-3=-1
train/72089.jpg,8-(7*1)=1
train/72090.jpg,0+0+4=4
train/72091.jpg,(6-8)*3=-6
train/72092.jpg,4+8-3=9
train/72093.jpg,6*3+9=27
train/72094.jpg,9*4*4=144
train/72095.jpg,4-8+7=3
train/72096.jpg,(2-9)*9=-63
train/72097.jpg,9*9*7=567
train/72098.jpg,(2*0)*1=0
train/72099.jpg,9-0-6=3
train/72100.jpg,1-4*6=-23
train/72101.jpg,9-7*6=-33
train/72102.jpg,0-(0-9)=9
train/72103.jpg,5-(6+9)=-10
train/72104.jpg,(9+3)*2=24
train/72105.jpg,(3-5)-5=-7
train/72106.jpg,2+(3*2)=8
train/72107.jpg,7-(5+8)=-6
train/72108.jpg,(5-9)-1=-5
train/72109.jpg,8*1+9=17
train/72110.jpg,0+9*6=54
train/72111.jpg,(2*9)-8=10
train/72112.jpg,2*9*0=0
train/72113.jpg,(7+0)+4=11
train/72114.jpg,9-(0-3)=12
train/72115.jpg,9+3+7=19
train/72116.jpg,7*(3+3)=42
train/72117.jpg,8*(6+4)=80
train/72118.jpg,(2+3)+2=7
train/72119.jpg,7-(8-6)=5
train/72120.jpg,7*(3*7)=147
train/72121.jpg,(2-0)+5=7
train/72122.jpg,6-6-9=-9
train/72123.jpg,2*(2*1)=4
train/72124.jpg,(8*1)*4=32
train/72125.jpg,5*(3*2)=30
train/72126.jpg,3-9+2=-4
train/72127.jpg,(8+5)-6=7
train/72128.jpg,6-(3*4)=-6
train/72129.jpg,(4*0)+9=9
train/72130.jpg,8-(2*6)=-4
train/72131.jpg,7*(9*2)=126
train/72132.jpg,(8-3)-2=3
train/72133.jpg,5-8-7=-10
train/72134.jpg,1+1-4=-2
train/72135.jpg,6*8-8=40
train/72136.jpg,7+8-0=15
train/72137.jpg,2*4*5=40
train/72138.jpg,5-(0+0)=5
train/72139.jpg,(8+8)+2=18
train/72140.jpg,8+(3*3)=17
train/72141.jpg,1-5+0=-4
train/72142.jpg,0+4-7=-3
train/72143.jpg,5+(4+9)=18
train/72144.jpg,(7*8)*3=168
train/72145.jpg,6-(4+5)=-3
train/72146.jpg,7+(3-0)=10
train/72147.jpg,1*8+3=11
train/72148.jpg,(3-7)*4=-16
train/72149.jpg,3*(8+1)=27
train/72150.jpg,9-6*0=9
train/72151.jpg,8*(8*7)=448
train/72152.jpg,(0*4)+2=2
train/72153.jpg,0+3-1=2
train/72154.jpg,(9*3)*4=108
train/72155.jpg,(9*3)*4=108
train/72156.jpg,(1*9)*2=18
train/72157.jpg,3*(5+5)=30
train/72158.jpg,(3-3)*2=0
train/72159.jpg,(8*3)*7=168
train/72160.jpg,(4*0)+1=1
train/72161.jpg,8-0*1=8
train/72162.jpg,(1-5)*5=-20
train/72163.jpg,8*(4*0)=0
train/72164.jpg,(0-2)+9=7
train/72165.jpg,(8+3)+5=16
train/72166.jpg,1+8+0=9
train/72167.jpg,1+(6*6)=37
train/72168.jpg,4-2-1=1
train/72169.jpg,7*2+3=17
train/72170.jpg,2-7*3=-19
train/72171.jpg,(9-2)*8=56
train/72172.jpg,5*1-6=-1
train/72173.jpg,9+5-9=5
train/72174.jpg,(5-5)*0=0
train/72175.jpg,7*(7*2)=98
train/72176.jpg,(8+1)+4=13
train/72177.jpg,5-(7+2)=-4
train/72178.jpg,(7-7)+4=4
train/72179.jpg,3*(5*3)=45
train/72180.jpg,9-5-6=-2
train/72181.jpg,(6*3)-8=10
train/72182.jpg,(2*3)+7=13
train/72183.jpg,(6*5)+9=39
train/72184.jpg,6-(4-7)=9
train/72185.jpg,(5*2)-4=6
train/72186.jpg,5*(4*9)=180
train/72187.jpg,(0*0)-0=0
train/72188.jpg,(7*3)-3=18
train/72189.jpg,1+7*2=15
train/72190.jpg,(3*8)*9=216
train/72191.jpg,(0+7)+3=10
train/72192.jpg,(8+0)-0=8
train/72193.jpg,5*7*5=175
train/72194.jpg,(8-8)-3=-3
train/72195.jpg,(6*2)-3=9
train/72196.jpg,(9+3)*2=24
train/72197.jpg,3+(9-0)=12
train/72198.jpg,4+(8-0)=12
train/72199.jpg,1*(1-1)=0
train/72200.jpg,(9+3)*3=36
train/72201.jpg,8*(7*6)=336
train/72202.jpg,(7-4)+5=8
train/72203.jpg,3+(6+4)=13
train/72204.jpg,8*1*6=48
train/72205.jpg,(7*4)*3=84
train/72206.jpg,(0-4)*1=-4
train/72207.jpg,(4+9)-5=8
train/72208.jpg,9+5-7=7
train/72209.jpg,(6+2)-6=2
train/72210.jpg,(5*2)+6=16
train/72211.jpg,(5+2)-6=1
train/72212.jpg,(7*0)*8=0
train/72213.jpg,1*(0*0)=0
train/72214.jpg,(6*9)-0=54
train/72215.jpg,9*(3-7)=-36
train/72216.jpg,3*2+9=15
train/72217.jpg,8-0*4=8
train/72218.jpg,9-1*2=7
train/72219.jpg,(3-4)-0=-1
train/72220.jpg,3+6-1=8
train/72221.jpg,5+9*2=23
train/72222.jpg,9-4-1=4
train/72223.jpg,(5+0)+3=8
train/72224.jpg,(1-4)*9=-27
train/72225.jpg,7*3*4=84
train/72226.jpg,4*7*2=56
train/72227.jpg,(1-2)+9=8
train/72228.jpg,4+(0+8)=12
train/72229.jpg,7-(4-6)=9
train/72230.jpg,8-0-6=2
train/72231.jpg,(1+9)*6=60
train/72232.jpg,(4-1)*8=24
train/72233.jpg,9+(4*0)=9
train/72234.jpg,2+(0-8)=-6
train/72235.jpg,(8*2)*3=48
train/72236.jpg,5-0*2=5
train/72237.jpg,2*(2+9)=22
train/72238.jpg,(6-8)*9=-18
train/72239.jpg,(3+4)*8=56
train/72240.jpg,(0-8)+0=-8
train/72241.jpg,(3*5)+2=17
train/72242.jpg,(6-5)+3=4
train/72243.jpg,7+(7-0)=14
train/72244.jpg,0*0+3=3
train/72245.jpg,4+(9+1)=14
train/72246.jpg,6-7-7=-8
train/72247.jpg,(2-6)+9=5
train/72248.jpg,7+2*9=25
train/72249.jpg,9*(9-4)=45
train/72250.jpg,(9*8)*2=144
train/72251.jpg,1+6-4=3
train/72252.jpg,2+0*0=2
train/72253.jpg,0*(8+4)=0
train/72254.jpg,7-5-4=-2
train/72255.jpg,5+(0+9)=14
train/72256.jpg,1+6-3=4
train/72257.jpg,1*4+0=4
train/72258.jpg,2-(1+6)=-5
train/72259.jpg,9*5-0=45
train/72260.jpg,7-(7*1)=0
train/72261.jpg,4+3-3=4
train/72262.jpg,5+(4-2)=7
train/72263.jpg,1+(2+5)=8
train/72264.jpg,0+5*5=25
train/72265.jpg,8+(6+0)=14
train/72266.jpg,7*(7*9)=441
train/72267.jpg,4+(3*4)=16
train/72268.jpg,3+(7*9)=66
train/72269.jpg,7*4*2=56
train/72270.jpg,8-(0-8)=16
train/72271.jpg,3*0+1=1
train/72272.jpg,7*6*4=168
train/72273.jpg,8*(8*4)=256
train/72274.jpg,(3-0)+8=11
train/72275.jpg,(9+1)*2=20
train/72276.jpg,8-(5*7)=-27
train/72277.jpg,5*(4+6)=50
train/72278.jpg,7-(4-1)=4
train/72279.jpg,(2*3)-0=6
train/72280.jpg,2+9-4=7
train/72281.jpg,3+(0+6)=9
train/72282.jpg,4*3+5=17
train/72283.jpg,8-(7*4)=-20
train/72284.jpg,5+9+0=14
train/72285.jpg,0+(4+0)=4
train/72286.jpg,8+(2*4)=16
train/72287.jpg,3-(0+2)=1
train/72288.jpg,7+(0*7)=7
train/72289.jpg,(1+2)-7=-4
train/72290.jpg,9-(1+5)=3
train/72291.jpg,8+(1+1)=10
train/72292.jpg,3+(3-6)=0
train/72293.jpg,(8*7)*3=168
train/72294.jpg,2+4+8=14
train/72295.jpg,4*(7+6)=52
train/72296.jpg,(5-3)-9=-7
train/72297.jpg,0+(6*2)=12
train/72298.jpg,(9-7)*0=0
train/72299.jpg,(4+3)-8=-1
train/72300.jpg,7+(1*2)=9
train/72301.jpg,5*6+7=37
train/72302.jpg,(0+1)+5=6
train/72303.jpg,(4-7)+8=5
train/72304.jpg,6*0+6=6
train/72305.jpg,9*(0*0)=0
train/72306.jpg,7*5+2=37
train/72307.jpg,9+(1+5)=15
train/72308.jpg,4*(4*9)=144
train/72309.jpg,(2-5)+1=-2
train/72310.jpg,5-(4*9)=-31
train/72311.jpg,(7*9)-3=60
train/72312.jpg,6*(7+8)=90
train/72313.jpg,5*(9*6)=270
train/72314.jpg,(1*1)+2=3
train/72315.jpg,(8-0)+1=9
train/72316.jpg,(3*1)+3=6
train/72317.jpg,2-6+6=2
train/72318.jpg,0*(1-1)=0
train/72319.jpg,(2-8)*8=-48
train/72320.jpg,4+8*2=20
train/72321.jpg,4-(2-7)=9
train/72322.jpg,(3+0)*3=9
train/72323.jpg,0*5*5=0
train/72324.jpg,(4*6)+4=28
train/72325.jpg,7+(6-0)=13
train/72326.jpg,1*7*6=42
train/72327.jpg,(1-5)+8=4
train/72328.jpg,(7-4)*7=21
train/72329.jpg,7*9*4=252
train/72330.jpg,5+4-2=7
train/72331.jpg,9+8+7=24
train/72332.jpg,9*(7*6)=378
train/72333.jpg,6*(4-0)=24
train/72334.jpg,(4+6)*9=90
train/72335.jpg,8-(4-9)=13
train/72336.jpg,8-0*8=8
train/72337.jpg,1*(9+8)=17
train/72338.jpg,4-1*9=-5
train/72339.jpg,0*1+9=9
train/72340.jpg,5-(7-5)=3
train/72341.jpg,5-(8-2)=-1
train/72342.jpg,(1*9)+6=15
train/72343.jpg,(7+9)+1=17
train/72344.jpg,2-5*7=-33
train/72345.jpg,(3*6)*1=18
train/72346.jpg,4+5-2=7
train/72347.jpg,4+1+6=11
train/72348.jpg,1-7-1=-7
train/72349.jpg,2-(6*1)=-4
train/72350.jpg,(1+6)+1=8
train/72351.jpg,(8-4)+4=8
train/72352.jpg,0*5+3=3
train/72353.jpg,7-6-6=-5
train/72354.jpg,(1+6)-4=3
train/72355.jpg,1+1+8=10
train/72356.jpg,(6+3)-5=4
train/72357.jpg,3-8+8=3
train/72358.jpg,2-(4-3)=1
train/72359.jpg,6-9-5=-8
train/72360.jpg,(8-2)*4=24
train/72361.jpg,1-(3-0)=-2
train/72362.jpg,9-5-5=-1
train/72363.jpg,4*5+4=24
train/72364.jpg,(5*7)*3=105
train/72365.jpg,2*(9*9)=162
train/72366.jpg,(2-8)+6=0
train/72367.jpg,(9+7)-6=10
train/72368.jpg,(5-3)+4=6
train/72369.jpg,5+(4+3)=12
train/72370.jpg,3*6-7=11
train/72371.jpg,6*(5-0)=30
train/72372.jpg,3-7*9=-60
train/72373.jpg,9+(2+9)=20
train/72374.jpg,(8-8)+4=4
train/72375.jpg,4+0-9=-5
train/72376.jpg,0+4+0=4
train/72377.jpg,(6-0)*8=48
train/72378.jpg,3*(5*0)=0
train/72379.jpg,6*(8-4)=24
train/72380.jpg,8*7*0=0
train/72381.jpg,8*(8*2)=128
train/72382.jpg,(3-8)-5=-10
train/72383.jpg,(0-6)-4=-10
train/72384.jpg,(2*7)+9=23
train/72385.jpg,0+(2-8)=-6
train/72386.jpg,4*9*6=216
train/72387.jpg,8+(5-9)=4
train/72388.jpg,(4+6)*2=20
train/72389.jpg,(7+3)-6=4
train/72390.jpg,2-3+6=5
train/72391.jpg,7+(9*6)=61
train/72392.jpg,(5-1)*1=4
train/72393.jpg,0+(3-9)=-6
train/72394.jpg,(4*9)+7=43
train/72395.jpg,7*(4-3)=7
train/72396.jpg,6+6-6=6
train/72397.jpg,(3*1)-0=3
train/72398.jpg,1-2+6=5
train/72399.jpg,7-(6-0)=1
train/72400.jpg,(0+0)+0=0
train/72401.jpg,(7*5)+7=42
train/72402.jpg,(8-5)*9=27
train/72403.jpg,2+3-1=4
train/72404.jpg,7-9*2=-11
train/72405.jpg,(5+0)*0=0
train/72406.jpg,7+5-4=8
train/72407.jpg,(7-1)-7=-1
train/72408.jpg,7-6+0=1
train/72409.jpg,8+4-6=6
train/72410.jpg,5*5*0=0
train/72411.jpg,5+(8+5)=18
train/72412.jpg,(8-1)*2=14
train/72413.jpg,8+(5*8)=48
train/72414.jpg,3-(0+2)=1
train/72415.jpg,(6*1)-4=2
train/72416.jpg,(6*0)*9=0
train/72417.jpg,0*(8*0)=0
train/72418.jpg,(3+0)+5=8
train/72419.jpg,(6+2)+1=9
train/72420.jpg,(6+9)+1=16
train/72421.jpg,5*4*1=20
train/72422.jpg,8+3*3=17
train/72423.jpg,5*(1-8)=-35
train/72424.jpg,2-(5*1)=-3
train/72425.jpg,5-2+0=3
train/72426.jpg,8*(7+9)=128
train/72427.jpg,9-(1-8)=16
train/72428.jpg,7+7-3=11
train/72429.jpg,7-(3*7)=-14
train/72430.jpg,1*(3+2)=5
train/72431.jpg,3-7*4=-25
train/72432.jpg,5*7-5=30
train/72433.jpg,(1*2)-0=2
train/72434.jpg,7-8*6=-41
train/72435.jpg,5*4-6=14
train/72436.jpg,6-8*0=6
train/72437.jpg,5+2*0=5
train/72438.jpg,3-(0*8)=3
train/72439.jpg,(9+7)*0=0
train/72440.jpg,6+2*1=8
train/72441.jpg,6*6*7=252
train/72442.jpg,(8*3)+1=25
train/72443.jpg,2+6+9=17
train/72444.jpg,(6*7)-4=38
train/72445.jpg,(1-5)+6=2
train/72446.jpg,(1-5)+1=-3
train/72447.jpg,7+7+8=22
train/72448.jpg,(6*3)*5=90
train/72449.jpg,(9*6)*2=108
train/72450.jpg,2-6+8=4
train/72451.jpg,(4*7)+2=30
train/72452.jpg,(2*8)+1=17
train/72453.jpg,(1*7)-8=-1
train/72454.jpg,(7*2)*4=56
train/72455.jpg,7-3+9=13
train/72456.jpg,4-3+8=9
train/72457.jpg,0+8*6=48
train/72458.jpg,1*(9*7)=63
train/72459.jpg,3*(9-8)=3
train/72460.jpg,(3+3)*2=12
train/72461.jpg,8*4+4=36
train/72462.jpg,3+(9-1)=11
train/72463.jpg,4-(6+7)=-9
train/72464.jpg,8*5*5=200
train/72465.jpg,9-2*9=-9
train/72466.jpg,(4+2)-9=-3
train/72467.jpg,3+5*6=33
train/72468.jpg,(2+2)+2=6
train/72469.jpg,(6*6)+4=40
train/72470.jpg,1-5-0=-4
train/72471.jpg,4-9*4=-32
train/72472.jpg,(8+7)*7=105
train/72473.jpg,6+(1+4)=11
train/72474.jpg,3+8-5=6
train/72475.jpg,2-3+5=4
train/72476.jpg,1-7*5=-34
train/72477.jpg,(6+9)*0=0
train/72478.jpg,0*4*3=0
train/72479.jpg,9-6+6=9
train/72480.jpg,(9+7)*2=32
train/72481.jpg,6-1-9=-4
train/72482.jpg,9+4-8=5
train/72483.jpg,1-(1+3)=-3
train/72484.jpg,6-1*5=1
train/72485.jpg,5-(1*8)=-3
train/72486.jpg,4+(1*9)=13
train/72487.jpg,1+3-4=0
train/72488.jpg,3*6-2=16
train/72489.jpg,9+9+8=26
train/72490.jpg,(2-5)*1=-3
train/72491.jpg,(0+4)-2=2
train/72492.jpg,2*(4+2)=12
train/72493.jpg,7*(5-4)=7
train/72494.jpg,2-(0-5)=7
train/72495.jpg,6*(4*1)=24
train/72496.jpg,1-1+5=5
train/72497.jpg,6+3+6=15
train/72498.jpg,9*(6-9)=-27
train/72499.jpg,6+(1+0)=7
train/72500.jpg,(6+3)+7=16
train/72501.jpg,5*0*9=0
train/72502.jpg,0*6+1=1
train/72503.jpg,(5-5)*6=0
train/72504.jpg,5-(3+4)=-2
train/72505.jpg,0*9*5=0
train/72506.jpg,5-(3*8)=-19
train/72507.jpg,3-6*1=-3
train/72508.jpg,8-(4-3)=7
train/72509.jpg,1-(7+0)=-6
train/72510.jpg,(5+4)-7=2
train/72511.jpg,3+2*5=13
train/72512.jpg,(6+1)+9=16
train/72513.jpg,(0-2)+3=1
train/72514.jpg,3-1-9=-7
train/72515.jpg,8-(3+4)=1
train/72516.jpg,7-1+3=9
train/72517.jpg,7+5*8=47
train/72518.jpg,(4+4)+2=10
train/72519.jpg,9-(5+2)=2
train/72520.jpg,6-(9*3)=-21
train/72521.jpg,0*0+8=8
train/72522.jpg,(4+5)*6=54
train/72523.jpg,2*3-9=-3
train/72524.jpg,(9-7)+4=6
train/72525.jpg,(8+5)+6=19
train/72526.jpg,6-(2+5)=-1
train/72527.jpg,7*4+7=35
train/72528.jpg,9*(4*4)=144
train/72529.jpg,5*(3*8)=120
train/72530.jpg,5-(2*5)=-5
train/72531.jpg,(9*7)+5=68
train/72532.jpg,5+7*4=33
train/72533.jpg,2*7-5=9
train/72534.jpg,2*9*3=54
train/72535.jpg,(1+6)*8=56
train/72536.jpg,(9*4)-2=34
train/72537.jpg,1-5+1=-3
train/72538.jpg,9-0-4=5
train/72539.jpg,2*7-3=11
train/72540.jpg,2+(8+6)=16
train/72541.jpg,1+(4+6)=11
train/72542.jpg,5-3+9=11
train/72543.jpg,7*(2-0)=14
train/72544.jpg,(3*2)*9=54
train/72545.jpg,7-(0-2)=9
train/72546.jpg,3+(9*1)=12
train/72547.jpg,4-(7+2)=-5
train/72548.jpg,1-(6*9)=-53
train/72549.jpg,2-0+0=2
train/72550.jpg,6-3-2=1
train/72551.jpg,(4-5)+0=-1
train/72552.jpg,3-9+5=-1
train/72553.jpg,6-(4*9)=-30
train/72554.jpg,(8*1)+5=13
train/72555.jpg,4*9*6=216
train/72556.jpg,4-6+7=5
train/72557.jpg,0-(4-6)=2
train/72558.jpg,6-6+2=2
train/72559.jpg,(1-6)+2=-3
train/72560.jpg,(8+0)-8=0
train/72561.jpg,3*3*1=9
train/72562.jpg,7-8+9=8
train/72563.jpg,(9+1)*7=70
train/72564.jpg,5-2-6=-3
train/72565.jpg,(4-2)+0=2
train/72566.jpg,(2+9)*3=33
train/72567.jpg,(9-4)*8=40
train/72568.jpg,4-(6*6)=-32
train/72569.jpg,9*0+5=5
train/72570.jpg,3+(0*3)=3
train/72571.jpg,5*2+3=13
train/72572.jpg,(9-0)+0=9
train/72573.jpg,(0*7)*1=0
train/72574.jpg,1*(8*1)=8
train/72575.jpg,3-(8+6)=-11
train/72576.jpg,(1*9)-8=1
train/72577.jpg,0+6+0=6
train/72578.jpg,9+(0-2)=7
train/72579.jpg,1*4-0=4
train/72580.jpg,(8*0)-7=-7
train/72581.jpg,6-4-1=1
train/72582.jpg,5*(3+9)=60
train/72583.jpg,8-8+0=0
train/72584.jpg,(8+9)*0=0
train/72585.jpg,(2*9)+8=26
train/72586.jpg,9-(3*7)=-12
train/72587.jpg,0-9-4=-13
train/72588.jpg,(4+3)*0=0
train/72589.jpg,2-6-6=-10
train/72590.jpg,1+5-4=2
train/72591.jpg,7-(3*9)=-20
train/72592.jpg,(4-9)-2=-7
train/72593.jpg,(2-9)*8=-56
train/72594.jpg,9-(6+6)=-3
train/72595.jpg,7+(8*3)=31
train/72596.jpg,6+(7*9)=69
train/72597.jpg,4-1-6=-3
train/72598.jpg,1*6-1=5
train/72599.jpg,(4-2)-2=0
train/72600.jpg,8*1+6=14
train/72601.jpg,(2*1)+0=2
train/72602.jpg,(0+9)-1=8
train/72603.jpg,0+(9-2)=7
train/72604.jpg,7+(8+7)=22
train/72605.jpg,4-0+4=8
train/72606.jpg,3+(0+3)=6
train/72607.jpg,5+9*1=14
train/72608.jpg,1-(9-0)=-8
train/72609.jpg,6+4+4=14
train/72610.jpg,9*5-2=43
train/72611.jpg,(7-8)+7=6
train/72612.jpg,(5*0)+0=0
train/72613.jpg,(7*1)+5=12
train/72614.jpg,(3-9)-3=-9
train/72615.jpg,3*(5-7)=-6
train/72616.jpg,6+(7-7)=6
train/72617.jpg,(5*1)+1=6
train/72618.jpg,3*(7*3)=63
train/72619.jpg,5+(5*2)=15
train/72620.jpg,(9*2)*8=144
train/72621.jpg,9*3-8=19
train/72622.jpg,8+6+4=18
train/72623.jpg,0-(9+8)=-17
train/72624.jpg,2+6-8=0
train/72625.jpg,(1*7)-1=6
train/72626.jpg,8*(8*9)=576
train/72627.jpg,(2-4)*9=-18
train/72628.jpg,(1-5)-5=-9
train/72629.jpg,8*(3*6)=144
train/72630.jpg,8+(8-8)=8
train/72631.jpg,9-8+8=9
train/72632.jpg,7+(6+0)=13
train/72633.jpg,(6-1)+8=13
train/72634.jpg,(8+4)-4=8
train/72635.jpg,(3-7)-9=-13
train/72636.jpg,3+7*5=38
train/72637.jpg,0-(9-7)=-2
train/72638.jpg,(7-4)*6=18
train/72639.jpg,1+(2-9)=-6
train/72640.jpg,(7-2)+0=5
train/72641.jpg,9*(6-7)=-9
train/72642.jpg,(1*6)*0=0
train/72643.jpg,(6-8)-8=-10
train/72644.jpg,3+7-4=6
train/72645.jpg,2+(4-2)=4
train/72646.jpg,9+3-3=9
train/72647.jpg,0-(0+5)=-5
train/72648.jpg,9*2-7=11
train/72649.jpg,(7+8)-0=15
train/72650.jpg,9+0+6=15
train/72651.jpg,0*0+7=7
train/72652.jpg,(4+8)*3=36
train/72653.jpg,(3-6)*4=-12
train/72654.jpg,(2*8)+4=20
train/72655.jpg,8*(8*6)=384
train/72656.jpg,2-(3*0)=2
train/72657.jpg,9+4+5=18
train/72658.jpg,(3*1)+5=8
train/72659.jpg,5+6*1=11
train/72660.jpg,3-9+2=-4
train/72661.jpg,(2*9)*4=72
train/72662.jpg,0+(4+5)=9
train/72663.jpg,0*6*3=0
train/72664.jpg,1*(4-8)=-4
train/72665.jpg,(8-8)-4=-4
train/72666.jpg,4-6+4=2
train/72667.jpg,(7-8)*8=-8
train/72668.jpg,(3+3)+7=13
train/72669.jpg,3+(8+1)=12
train/72670.jpg,7+4*9=43
train/72671.jpg,(3*7)+7=28
train/72672.jpg,8*(8-8)=0
train/72673.jpg,1+1*0=1
train/72674.jpg,1-(4+4)=-7
train/72675.jpg,(4*6)+6=30
train/72676.jpg,1-8+4=-3
train/72677.jpg,1-(9+7)=-15
train/72678.jpg,9*1*6=54
train/72679.jpg,2+0+5=7
train/72680.jpg,1*(8-9)=-1
train/72681.jpg,(6*8)-6=42
train/72682.jpg,1-7*0=1
train/72683.jpg,1*7-4=3
train/72684.jpg,(4-6)-8=-10
train/72685.jpg,3*(1+8)=27
train/72686.jpg,(0+1)+4=5
train/72687.jpg,3-(6+2)=-5
train/72688.jpg,6+0+3=9
train/72689.jpg,(6+2)-2=6
train/72690.jpg,(8-3)+7=12
train/72691.jpg,0-4-8=-12
train/72692.jpg,(1-5)+7=3
train/72693.jpg,4-(8+5)=-9
train/72694.jpg,7*9*0=0
train/72695.jpg,(8+3)+8=19
train/72696.jpg,5-(2+2)=1
train/72697.jpg,0-(6*2)=-12
train/72698.jpg,5*1+3=8
train/72699.jpg,9+1+1=11
train/72700.jpg,9*(5+8)=117
train/72701.jpg,(5-5)+6=6
train/72702.jpg,8+9+1=18
train/72703.jpg,6*7-3=39
train/72704.jpg,0*2*0=0
train/72705.jpg,(1-8)*4=-28
train/72706.jpg,(8-8)-0=0
train/72707.jpg,4+(6+1)=11
train/72708.jpg,(5+7)-7=5
train/72709.jpg,(2-3)*3=-3
train/72710.jpg,4-(6+9)=-11
train/72711.jpg,4+6+7=17
train/72712.jpg,6-(9*9)=-75
train/72713.jpg,5*5+5=30
train/72714.jpg,(3*0)*9=0
train/72715.jpg,8-1-9=-2
train/72716.jpg,0-9*6=-54
train/72717.jpg,(8+8)-9=7
train/72718.jpg,8*(7*4)=224
train/72719.jpg,9*(7+9)=144
train/72720.jpg,(3*2)*1=6
train/72721.jpg,6+(7-6)=7
train/72722.jpg,0-(6+1)=-7
train/72723.jpg,1-8-2=-9
train/72724.jpg,8*8*3=192
train/72725.jpg,(1-6)+2=-3
train/72726.jpg,6-(9+6)=-9
train/72727.jpg,(6-4)-7=-5
train/72728.jpg,7*6+8=50
train/72729.jpg,(3+5)*1=8
train/72730.jpg,6*7*1=42
train/72731.jpg,2+0*3=2
train/72732.jpg,(1-1)+2=2
train/72733.jpg,6+(8+6)=20
train/72734.jpg,0+(5*1)=5
train/72735.jpg,(5+7)+2=14
train/72736.jpg,3+(9+1)=13
train/72737.jpg,8-(6-2)=4
train/72738.jpg,9+8*6=57
train/72739.jpg,(5-3)+9=11
train/72740.jpg,5*8-5=35
train/72741.jpg,4*9-4=32
train/72742.jpg,(1+8)*0=0
train/72743.jpg,9+6+6=21
train/72744.jpg,(1+3)-9=-5
train/72745.jpg,6-(6+8)=-8
train/72746.jpg,2*(6-8)=-4
train/72747.jpg,(7+9)-2=14
train/72748.jpg,1*(4-9)=-5
train/72749.jpg,4*(8*4)=128
train/72750.jpg,(9+2)+5=16
train/72751.jpg,(6+2)-5=3
train/72752.jpg,(5-1)+0=4
train/72753.jpg,5-(9*1)=-4
train/72754.jpg,5*(5+6)=55
train/72755.jpg,(5*8)-9=31
train/72756.jpg,5+(0+9)=14
train/72757.jpg,6-(8*5)=-34
train/72758.jpg,(4*3)*1=12
train/72759.jpg,(8+8)+5=21
train/72760.jpg,(9+9)*9=162
train/72761.jpg,6*7*4=168
train/72762.jpg,(0-7)*7=-49
train/72763.jpg,(5-3)*2=4
train/72764.jpg,9*(6+1)=63
train/72765.jpg,8*5*0=0
train/72766.jpg,7+5*8=47
train/72767.jpg,7+(3-1)=9
train/72768.jpg,(6+0)*4=24
train/72769.jpg,(9-5)-6=-2
train/72770.jpg,(2-9)-6=-13
train/72771.jpg,(9+4)-6=7
train/72772.jpg,(8+2)-7=3
train/72773.jpg,4+8+8=20
train/72774.jpg,6+0*1=6
train/72775.jpg,(3-1)+2=4
train/72776.jpg,(3+9)-0=12
train/72777.jpg,1*(3+4)=7
train/72778.jpg,0+8+1=9
train/72779.jpg,(8+7)*9=135
train/72780.jpg,3*(1+6)=21
train/72781.jpg,8+(1*9)=17
train/72782.jpg,3+8-8=3
train/72783.jpg,5+7*1=12
train/72784.jpg,6-(6*7)=-36
train/72785.jpg,(5*3)*6=90
train/72786.jpg,2+(5*8)=42
train/72787.jpg,6-5*1=1
train/72788.jpg,(1*7)*3=21
train/72789.jpg,(8+8)+6=22
train/72790.jpg,5*2-0=10
train/72791.jpg,6-(2*6)=-6
train/72792.jpg,5-4+1=2
train/72793.jpg,(3+3)*4=24
train/72794.jpg,(0-5)-4=-9
train/72795.jpg,(0*3)+5=5
train/72796.jpg,(0-6)-1=-7
train/72797.jpg,4+(1*9)=13
train/72798.jpg,7*4+4=32
train/72799.jpg,7*(1+3)=28
train/72800.jpg,(7-7)-6=-6
train/72801.jpg,5*(3+4)=35
train/72802.jpg,6*3+9=27
train/72803.jpg,3+7+4=14
train/72804.jpg,0-9*4=-36
train/72805.jpg,(1*5)*1=5
train/72806.jpg,(0+2)*4=8
train/72807.jpg,2+(0+5)=7
train/72808.jpg,5*1+1=6
train/72809.jpg,0+(8*8)=64
train/72810.jpg,9*5*5=225
train/72811.jpg,2-5*5=-23
train/72812.jpg,(3*5)-6=9
train/72813.jpg,0-(5-4)=-1
train/72814.jpg,6+6*1=12
train/72815.jpg,4-1-8=-5
train/72816.jpg,7*7+3=52
train/72817.jpg,3+7*6=45
train/72818.jpg,3*0*8=0
train/72819.jpg,(8*9)+9=81
train/72820.jpg,(5+9)*3=42
train/72821.jpg,5-0*8=5
train/72822.jpg,(0+1)-6=-5
train/72823.jpg,(1-9)+9=1
train/72824.jpg,2-(4+2)=-4
train/72825.jpg,(0-9)+1=-8
train/72826.jpg,2-(8-5)=-1
train/72827.jpg,(5+6)-9=2
train/72828.jpg,1*2+5=7
train/72829.jpg,2-5+2=-1
train/72830.jpg,(1+7)-3=5
train/72831.jpg,0-6-6=-12
train/72832.jpg,(2+9)-0=11
train/72833.jpg,7-(1-7)=13
train/72834.jpg,6+(5+7)=18
train/72835.jpg,(6+9)*8=120
train/72836.jpg,4*1*2=8
train/72837.jpg,1*3*1=3
train/72838.jpg,0*(3+6)=0
train/72839.jpg,(1-1)-7=-7
train/72840.jpg,5+3+6=14
train/72841.jpg,(8*4)-3=29
train/72842.jpg,5*(1+6)=35
train/72843.jpg,3-7+5=1
train/72844.jpg,(8+4)*5=60
train/72845.jpg,4*9*3=108
train/72846.jpg,7-5+0=2
train/72847.jpg,2-9-6=-13
train/72848.jpg,(5-3)+4=6
train/72849.jpg,(9-6)*3=9
train/72850.jpg,(7+4)*2=22
train/72851.jpg,(1-8)+4=-3
train/72852.jpg,(8+5)-1=12
train/72853.jpg,6-7*8=-50
train/72854.jpg,(9+3)-1=11
train/72855.jpg,1*7-4=3
train/72856.jpg,(3+3)-7=-1
train/72857.jpg,(9+9)*1=18
train/72858.jpg,1-4*7=-27
train/72859.jpg,0*1*6=0
train/72860.jpg,(1*0)-0=0
train/72861.jpg,(3-7)*2=-8
train/72862.jpg,(2+8)*9=90
train/72863.jpg,6+(7*2)=20
train/72864.jpg,(2-7)*8=-40
train/72865.jpg,7+(1+0)=8
train/72866.jpg,4+4-1=7
train/72867.jpg,7-8*9=-65
train/72868.jpg,6+(8-8)=6
train/72869.jpg,9*(5-2)=27
train/72870.jpg,7-(2*2)=3
train/72871.jpg,2*(4-2)=4
train/72872.jpg,8*0-2=-2
train/72873.jpg,(5+7)-5=7
train/72874.jpg,(5+0)+1=6
train/72875.jpg,(5-2)*0=0
train/72876.jpg,1+(1*2)=3
train/72877.jpg,5-3-0=2
train/72878.jpg,1-3+6=4
train/72879.jpg,5*(4-7)=-15
train/72880.jpg,5*9-1=44
train/72881.jpg,0+(0+8)=8
train/72882.jpg,2+(3+8)=13
train/72883.jpg,4+(5*6)=34
train/72884.jpg,4*(4+0)=16
train/72885.jpg,(8-0)*8=64
train/72886.jpg,1*(4+2)=6
train/72887.jpg,1*(4*7)=28
train/72888.jpg,(4*4)-9=7
train/72889.jpg,6+5+7=18
train/72890.jpg,(1*3)+0=3
train/72891.jpg,(4*2)*7=56
train/72892.jpg,(9-6)-8=-5
train/72893.jpg,3*(4+9)=39
train/72894.jpg,8*3-7=17
train/72895.jpg,(4*1)-4=0
train/72896.jpg,0+(4+0)=4
train/72897.jpg,1+1*4=5
train/72898.jpg,9*(8*1)=72
train/72899.jpg,(7+6)+9=22
train/72900.jpg,2*1+9=11
train/72901.jpg,2+1+3=6
train/72902.jpg,8-4*3=-4
train/72903.jpg,9+6+0=15
train/72904.jpg,7+(1+1)=9
train/72905.jpg,(8*4)-2=30
train/72906.jpg,(1*4)-8=-4
train/72907.jpg,2+3*1=5
train/72908.jpg,7-(1*8)=-1
train/72909.jpg,8-9*4=-28
train/72910.jpg,(8*1)-9=-1
train/72911.jpg,(9*6)-3=51
train/72912.jpg,(4-5)+7=6
train/72913.jpg,1-2*9=-17
train/72914.jpg,9*(4+3)=63
train/72915.jpg,9*(1*5)=45
train/72916.jpg,(0-8)-5=-13
train/72917.jpg,9*4+7=43
train/72918.jpg,1*8+1=9
train/72919.jpg,7-5*8=-33
train/72920.jpg,2-(4-7)=5
train/72921.jpg,2+0*7=2
train/72922.jpg,0*4*8=0
train/72923.jpg,4+(5*9)=49
train/72924.jpg,7*5-5=30
train/72925.jpg,0+2-4=-2
train/72926.jpg,1*8*3=24
train/72927.jpg,7-8+7=6
train/72928.jpg,6*(0+3)=18
train/72929.jpg,4*(2*9)=72
train/72930.jpg,(3*4)-4=8
train/72931.jpg,(1+5)+7=13
train/72932.jpg,(9+5)*1=14
train/72933.jpg,2+(2+5)=9
train/72934.jpg,3*1*7=21
train/72935.jpg,(3+5)+6=14
train/72936.jpg,9*(4*3)=108
train/72937.jpg,0*(7*9)=0
train/72938.jpg,(1+3)-0=4
train/72939.jpg,5*(2-8)=-30
train/72940.jpg,7*4-0=28
train/72941.jpg,0+(2-9)=-7
train/72942.jpg,(4+9)-9=4
train/72943.jpg,1+(0+9)=10
train/72944.jpg,(6-6)-5=-5
train/72945.jpg,6*8-9=39
train/72946.jpg,7*6+6=48
train/72947.jpg,4-(5+8)=-9
train/72948.jpg,(1+4)*8=40
train/72949.jpg,(9*0)-0=0
train/72950.jpg,(6+6)-8=4
train/72951.jpg,3-4*4=-13
train/72952.jpg,(9*8)+1=73
train/72953.jpg,4*8+9=41
train/72954.jpg,9*(8+0)=72
train/72955.jpg,9-7-5=-3
train/72956.jpg,9*(5*8)=360
train/72957.jpg,8-(4+2)=2
train/72958.jpg,9-2-6=1
train/72959.jpg,0+1*1=1
train/72960.jpg,(8*5)-1=39
train/72961.jpg,(9-9)-9=-9
train/72962.jpg,3-3+2=2
train/72963.jpg,(2+7)-4=5
train/72964.jpg,4*(8*0)=0
train/72965.jpg,(8*4)+1=33
train/72966.jpg,8+2+1=11
train/72967.jpg,0-(2*2)=-4
train/72968.jpg,(8*1)+8=16
train/72969.jpg,(8+2)*9=90
train/72970.jpg,1*0-9=-9
train/72971.jpg,8+7-1=14
train/72972.jpg,(7+7)-5=9
train/72973.jpg,8*4*3=96
train/72974.jpg,7+4*4=23
train/72975.jpg,(0-4)+9=5
train/72976.jpg,2-(7*8)=-54
train/72977.jpg,(9+7)*7=112
train/72978.jpg,(3*5)+0=15
train/72979.jpg,5-6*2=-7
train/72980.jpg,(0*3)+0=0
train/72981.jpg,(9+1)-4=6
train/72982.jpg,(0-3)+7=4
train/72983.jpg,(9+0)*3=27
train/72984.jpg,(8*0)-2=-2
train/72985.jpg,3-(2-5)=6
train/72986.jpg,(1+3)-6=-2
train/72987.jpg,6+(4*3)=18
train/72988.jpg,(2+7)+3=12
train/72989.jpg,2-(0+6)=-4
train/72990.jpg,1+0+3=4
train/72991.jpg,8+0+2=10
train/72992.jpg,2-(3-7)=6
train/72993.jpg,9*5*1=45
train/72994.jpg,4*1-0=4
train/72995.jpg,5+(3-8)=0
train/72996.jpg,(9+9)*6=108
train/72997.jpg,6+(5-7)=4
train/72998.jpg,0-(6-7)=1
train/72999.jpg,3*(6*6)=108
train/73000.jpg,6+(5+3)=14
train/73001.jpg,8+3-4=7
train/73002.jpg,1-2-4=-5
train/73003.jpg,4+(2+0)=6
train/73004.jpg,1+7*4=29
train/73005.jpg,8+4-9=3
train/73006.jpg,2+9*4=38
train/73007.jpg,(9+8)-2=15
train/73008.jpg,3+(6*6)=39
train/73009.jpg,(1*1)+6=7
train/73010.jpg,(1*9)*4=36
train/73011.jpg,(8+1)-9=0
train/73012.jpg,(3+2)-2=3
train/73013.jpg,7-8+2=1
train/73014.jpg,(2*5)+7=17
train/73015.jpg,1-(5-4)=0
train/73016.jpg,(6*8)*8=384
train/73017.jpg,6*(5+2)=42
train/73018.jpg,1*(3*5)=15
train/73019.jpg,(3+2)-7=-2
train/73020.jpg,(3*4)-4=8
train/73021.jpg,(5-6)-1=-2
train/73022.jpg,2-(6*4)=-22
train/73023.jpg,(1*8)*6=48
train/73024.jpg,9*5-0=45
train/73025.jpg,4-(2*7)=-10
train/73026.jpg,5+4-7=2
train/73027.jpg,4*9+9=45
train/73028.jpg,(8-8)*4=0
train/73029.jpg,8+(3+0)=11
train/73030.jpg,5+7*3=26
train/73031.jpg,2+(8*4)=34
train/73032.jpg,(0-9)+0=-9
train/73033.jpg,(4+7)-5=6
train/73034.jpg,4+8+7=19
train/73035.jpg,8+(1+2)=11
train/73036.jpg,2+(6*1)=8
train/73037.jpg,8-3-5=0
train/73038.jpg,7-(9+8)=-10
train/73039.jpg,9-(3*9)=-18
train/73040.jpg,5*(5+6)=55
train/73041.jpg,6-(4*6)=-18
train/73042.jpg,(4-3)*4=4
train/73043.jpg,9-9+2=2
train/73044.jpg,8*(1-2)=-8
train/73045.jpg,8-(8-0)=0
train/73046.jpg,9+7-5=11
train/73047.jpg,(7-3)+3=7
train/73048.jpg,3*6*6=108
train/73049.jpg,9-3*4=-3
train/73050.jpg,4*7+7=35
train/73051.jpg,0*0+9=9
train/73052.jpg,5-6*1=-1
train/73053.jpg,(5-7)-6=-8
train/73054.jpg,(8-8)+5=5
train/73055.jpg,(0*8)+6=6
train/73056.jpg,(8+9)-9=8
train/73057.jpg,3+0-2=1
train/73058.jpg,2-4-3=-5
train/73059.jpg,(5*6)-1=29
train/73060.jpg,(3*8)*6=144
train/73061.jpg,5*7*3=105
train/73062.jpg,5+5-8=2
train/73063.jpg,(8+4)*3=36
train/73064.jpg,(1-4)*7=-21
train/73065.jpg,0+3-1=2
train/73066.jpg,3*(5-9)=-12
train/73067.jpg,1-1-9=-9
train/73068.jpg,7*(6+0)=42
train/73069.jpg,9+(6+3)=18
train/73070.jpg,1+6*3=19
train/73071.jpg,8-6+1=3
train/73072.jpg,1*2-3=-1
train/73073.jpg,8-2*1=6
train/73074.jpg,7+(7+3)=17
train/73075.jpg,(3+2)-3=2
train/73076.jpg,(4+5)*6=54
train/73077.jpg,(3*7)+2=23
train/73078.jpg,(0-4)+2=-2
train/73079.jpg,(8+1)-6=3
train/73080.jpg,3*4-0=12
train/73081.jpg,9*(9*6)=486
train/73082.jpg,(8+8)*4=64
train/73083.jpg,9*(3*1)=27
train/73084.jpg,2-8-8=-14
train/73085.jpg,(1+3)-9=-5
train/73086.jpg,4*(1+5)=24
train/73087.jpg,(3+3)-6=0
train/73088.jpg,(9*4)+7=43
train/73089.jpg,(0+5)+6=11
train/73090.jpg,1*3-6=-3
train/73091.jpg,7-(6*3)=-11
train/73092.jpg,(2-0)*9=18
train/73093.jpg,5+(6*6)=41
train/73094.jpg,(7*8)+5=61
train/73095.jpg,(3+6)-8=1
train/73096.jpg,(3+8)-0=11
train/73097.jpg,3+6-2=7
train/73098.jpg,(8-6)+0=2
train/73099.jpg,0-7*7=-49
train/73100.jpg,(1*1)*9=9
train/73101.jpg,7*(4+3)=49
train/73102.jpg,9-(4+1)=4
train/73103.jpg,5-2*6=-7
train/73104.jpg,(7+7)*4=56
train/73105.jpg,3*9-1=26
train/73106.jpg,8+(1*7)=15
train/73107.jpg,4-(9-5)=0
train/73108.jpg,6*0*9=0
train/73109.jpg,(9+3)+0=12
train/73110.jpg,(8*1)*5=40
train/73111.jpg,(0-7)*0=0
train/73112.jpg,(4*5)*9=180
train/73113.jpg,(8-1)-3=4
train/73114.jpg,7+(2*8)=23
train/73115.jpg,9+1+3=13
train/73116.jpg,0-(3*3)=-9
train/73117.jpg,1-(7*2)=-13
train/73118.jpg,(5-0)-2=3
train/73119.jpg,9*(5*0)=0
train/73120.jpg,7-6+8=9
train/73121.jpg,2+0*2=2
train/73122.jpg,0+0-3=-3
train/73123.jpg,(6-4)+8=10
train/73124.jpg,5-(2*7)=-9
train/73125.jpg,2+(1*2)=4
train/73126.jpg,(6+9)-5=10
train/73127.jpg,2+6+5=13
train/73128.jpg,9*(6-7)=-9
train/73129.jpg,7-(3*8)=-17
train/73130.jpg,(9+5)+1=15
train/73131.jpg,3-3-9=-9
train/73132.jpg,(3-7)-2=-6
train/73133.jpg,(3+5)+4=12
train/73134.jpg,6-(1-1)=6
train/73135.jpg,(8*2)-4=12
train/73136.jpg,9+3-5=7
train/73137.jpg,4*(3-5)=-8
train/73138.jpg,(8+6)+7=21
train/73139.jpg,9*1*0=0
train/73140.jpg,3+(3*4)=15
train/73141.jpg,1+(6-6)=1
train/73142.jpg,(9-4)-1=4
train/73143.jpg,4*(8*5)=160
train/73144.jpg,8*2-8=8
train/73145.jpg,(2+8)-6=4
train/73146.jpg,(7+9)+3=19
train/73147.jpg,1-4+9=6
train/73148.jpg,(7*8)-9=47
train/73149.jpg,5+(1-9)=-3
train/73150.jpg,8-8+2=2
train/73151.jpg,3*(3+3)=18
train/73152.jpg,5-3*9=-22
train/73153.jpg,(5-7)+1=-1
train/73154.jpg,(2-3)+0=-1
train/73155.jpg,6-5+7=8
train/73156.jpg,4*(4+6)=40
train/73157.jpg,5*(0*8)=0
train/73158.jpg,8-0-5=3
train/73159.jpg,(2-8)-4=-10
train/73160.jpg,4+(1-8)=-3
train/73161.jpg,(8*9)+6=78
train/73162.jpg,4*4+4=20
train/73163.jpg,(6+9)+4=19
train/73164.jpg,1-1*4=-3
train/73165.jpg,4-(5+0)=-1
train/73166.jpg,7*6*7=294
train/73167.jpg,6*9+3=57
train/73168.jpg,1+(5*7)=36
train/73169.jpg,3+9-2=10
train/73170.jpg,5-9+4=0
train/73171.jpg,0-(3-7)=4
train/73172.jpg,8-(7-5)=6
train/73173.jpg,(5*0)+1=1
train/73174.jpg,4-(9*4)=-32
train/73175.jpg,3+8*5=43
train/73176.jpg,(2-8)*3=-18
train/73177.jpg,(4-2)+4=6
train/73178.jpg,(7*3)*7=147
train/73179.jpg,(6+9)+6=21
train/73180.jpg,(1-8)-0=-7
train/73181.jpg,8*5+0=40
train/73182.jpg,2*0*2=0
train/73183.jpg,6+3+6=15
train/73184.jpg,5*(5-2)=15
train/73185.jpg,8-(6-9)=11
train/73186.jpg,(3*4)*7=84
train/73187.jpg,(1+4)-9=-4
train/73188.jpg,5+(7*5)=40
train/73189.jpg,(1+6)*8=56
train/73190.jpg,5*9*3=135
train/73191.jpg,6*(7-1)=36
train/73192.jpg,(3-8)-7=-12
train/73193.jpg,8-(3+4)=1
train/73194.jpg,2*8+4=20
train/73195.jpg,(2-2)*5=0
train/73196.jpg,7*(9-8)=7
train/73197.jpg,9*(2*9)=162
train/73198.jpg,3-(8-4)=-1
train/73199.jpg,(3-3)-4=-4
train/73200.jpg,(8*4)-0=32
train/73201.jpg,9+0*6=9
train/73202.jpg,9-0-1=8
train/73203.jpg,7*6-1=41
train/73204.jpg,8-(3-4)=9
train/73205.jpg,(8*3)+2=26
train/73206.jpg,8-(1*7)=1
train/73207.jpg,4*6+7=31
train/73208.jpg,8+(0*4)=8
train/73209.jpg,(1-7)*0=0
train/73210.jpg,0+7*4=28
train/73211.jpg,0+(9+9)=18
train/73212.jpg,(4+9)-6=7
train/73213.jpg,(6-8)+1=-1
train/73214.jpg,1+8+9=18
train/73215.jpg,6*0-2=-2
train/73216.jpg,1*3+0=3
train/73217.jpg,8*(1-4)=-24
train/73218.jpg,8*(6-8)=-16
train/73219.jpg,(9+0)+8=17
train/73220.jpg,0-1*6=-6
train/73221.jpg,3*1+2=5
train/73222.jpg,(5*8)-3=37
train/73223.jpg,6+6+1=13
train/73224.jpg,(6+1)-5=2
train/73225.jpg,(8*8)-3=61
train/73226.jpg,6-3+9=12
train/73227.jpg,(8-3)-0=5
train/73228.jpg,5*7+7=42
train/73229.jpg,3-5+7=5
train/73230.jpg,1+8-1=8
train/73231.jpg,(7-6)-3=-2
train/73232.jpg,5+5-8=2
train/73233.jpg,8*0+8=8
train/73234.jpg,5-8+2=-1
train/73235.jpg,(2*3)-0=6
train/73236.jpg,9*1*8=72
train/73237.jpg,(5+8)*8=104
train/73238.jpg,0-(9*9)=-81
train/73239.jpg,0+(9*6)=54
train/73240.jpg,8*2+4=20
train/73241.jpg,(9-7)-8=-6
train/73242.jpg,(6+4)+2=12
train/73243.jpg,9-3-9=-3
train/73244.jpg,8-5+2=5
train/73245.jpg,5+(4*4)=21
train/73246.jpg,4+(1*9)=13
train/73247.jpg,5-(6*3)=-13
train/73248.jpg,7-4-3=0
train/73249.jpg,(9*2)*7=126
train/73250.jpg,(0*4)-0=0
train/73251.jpg,9-(2-8)=15
train/73252.jpg,(3+6)+9=18
train/73253.jpg,1+(1+0)=2
train/73254.jpg,7*0+5=5
train/73255.jpg,5-4+6=7
train/73256.jpg,3+1-2=2
train/73257.jpg,3-(1*5)=-2
train/73258.jpg,1-9-9=-17
train/73259.jpg,(2*6)-1=11
train/73260.jpg,(3+4)+1=8
train/73261.jpg,(9+6)*2=30
train/73262.jpg,1+0*3=1
train/73263.jpg,9+(4-4)=9
train/73264.jpg,4+(3+3)=10
train/73265.jpg,8+3-5=6
train/73266.jpg,7+(5+0)=12
train/73267.jpg,3+7+8=18
train/73268.jpg,7-7*8=-49
train/73269.jpg,3+(2-6)=-1
train/73270.jpg,2-(5+5)=-8
train/73271.jpg,3+(4+4)=11
train/73272.jpg,(3-0)+3=6
train/73273.jpg,6+2*4=14
train/73274.jpg,2-9+6=-1
train/73275.jpg,4*(4*9)=144
train/73276.jpg,5+5-1=9
train/73277.jpg,1-(0+3)=-2
train/73278.jpg,8*(4+7)=88
train/73279.jpg,2*(2-6)=-8
train/73280.jpg,(5+2)*0=0
train/73281.jpg,2+(2+4)=8
train/73282.jpg,(4*0)+2=2
train/73283.jpg,3*4*5=60
train/73284.jpg,(4-8)+4=0
train/73285.jpg,1+(6*5)=31
train/73286.jpg,8-(5*0)=8
train/73287.jpg,9*2-9=9
train/73288.jpg,3-(3-5)=5
train/73289.jpg,(1+3)-4=0
train/73290.jpg,8*1+5=13
train/73291.jpg,7*(6-9)=-21
train/73292.jpg,(7+3)+4=14
train/73293.jpg,2+6*5=32
train/73294.jpg,9-(9*7)=-54
train/73295.jpg,3*(0+6)=18
train/73296.jpg,(0+2)+3=5
train/73297.jpg,6-4*0=6
train/73298.jpg,(4*8)-9=23
train/73299.jpg,8*4*1=32
train/73300.jpg,(0-7)-9=-16
train/73301.jpg,5+0*0=5
train/73302.jpg,(5*1)+6=11
train/73303.jpg,1*(9-5)=4
train/73304.jpg,(0+7)-9=-2
train/73305.jpg,(1+4)-9=-4
train/73306.jpg,4-0-2=2
train/73307.jpg,4-8-4=-8
train/73308.jpg,6+9-5=10
train/73309.jpg,8*(1-3)=-16
train/73310.jpg,2+3+6=11
train/73311.jpg,5+0+2=7
train/73312.jpg,3*9*9=243
train/73313.jpg,8-4-9=-5
train/73314.jpg,3*(7*4)=84
train/73315.jpg,7*0+0=0
train/73316.jpg,9+(9-2)=16
train/73317.jpg,6*(8-4)=24
train/73318.jpg,(2+5)-2=5
train/73319.jpg,(1-6)+9=4
train/73320.jpg,(6-3)-6=-3
train/73321.jpg,9-(3+8)=-2
train/73322.jpg,5+(3+5)=13
train/73323.jpg,4*(4*7)=112
train/73324.jpg,3+1*0=3
train/73325.jpg,6-(7+6)=-7
train/73326.jpg,(3-4)+2=1
train/73327.jpg,2*5*1=10
train/73328.jpg,7*(2-8)=-42
train/73329.jpg,3-(4-0)=-1
train/73330.jpg,6-(6*3)=-12
train/73331.jpg,1+(4*4)=17
train/73332.jpg,(1*0)+3=3
train/73333.jpg,7*(4+2)=42
train/73334.jpg,(5-2)+7=10
train/73335.jpg,6+(5*4)=26
train/73336.jpg,7-(5-1)=3
train/73337.jpg,2-6*1=-4
train/73338.jpg,1*0+7=7
train/73339.jpg,5+(2-5)=2
train/73340.jpg,6*7-9=33
train/73341.jpg,(2+8)+8=18
train/73342.jpg,3*4-0=12
train/73343.jpg,3+6+9=18
train/73344.jpg,3*(2+0)=6
train/73345.jpg,(2-6)-7=-11
train/73346.jpg,8*4+7=39
train/73347.jpg,6+4+6=16
train/73348.jpg,5-(8*2)=-11
train/73349.jpg,0+(3-4)=-1
train/73350.jpg,3+(2+0)=5
train/73351.jpg,9+8*3=33
train/73352.jpg,5*(9-5)=20
train/73353.jpg,6-9+0=-3
train/73354.jpg,(5+3)+9=17
train/73355.jpg,4*4-5=11
train/73356.jpg,7-(2*3)=1
train/73357.jpg,0+5*4=20
train/73358.jpg,(6-1)*5=25
train/73359.jpg,9+1-7=3
train/73360.jpg,(7-8)+6=5
train/73361.jpg,1*3-6=-3
train/73362.jpg,3*(5-3)=6
train/73363.jpg,9-9+4=4
train/73364.jpg,(3-3)*8=0
train/73365.jpg,0+(2-6)=-4
train/73366.jpg,8-(4*0)=8
train/73367.jpg,3*(5*8)=120
train/73368.jpg,3-2*4=-5
train/73369.jpg,6*(2*8)=96
train/73370.jpg,(5-3)+3=5
train/73371.jpg,6+7-8=5
train/73372.jpg,9-(3-6)=12
train/73373.jpg,7+7-9=5
train/73374.jpg,4-0-2=2
train/73375.jpg,2+(1-9)=-6
train/73376.jpg,(2-4)+5=3
train/73377.jpg,9+(0*5)=9
train/73378.jpg,3-4+5=4
train/73379.jpg,0*(6-3)=0
train/73380.jpg,(9-6)+7=10
train/73381.jpg,(6+4)+3=13
train/73382.jpg,0*(6+7)=0
train/73383.jpg,5-9+9=5
train/73384.jpg,6*6+3=39
train/73385.jpg,9+1*9=18
train/73386.jpg,2*(6*7)=84
train/73387.jpg,2+(8-5)=5
train/73388.jpg,(9*4)+7=43
train/73389.jpg,7+(6*5)=37
train/73390.jpg,5+(0+5)=10
train/73391.jpg,0-0*1=0
train/73392.jpg,(0*7)*6=0
train/73393.jpg,(8+7)+9=24
train/73394.jpg,(4*4)*0=0
train/73395.jpg,5*5+1=26
train/73396.jpg,3-(5-4)=2
train/73397.jpg,(1-4)-6=-9
train/73398.jpg,(3*3)-3=6
train/73399.jpg,3+(6-9)=0
train/73400.jpg,3*(1-8)=-21
train/73401.jpg,5-2+6=9
train/73402.jpg,(8+5)*1=13
train/73403.jpg,(7+9)+2=18
train/73404.jpg,7+7-8=6
train/73405.jpg,9*5-2=43
train/73406.jpg,(3*4)*9=108
train/73407.jpg,6-8*0=6
train/73408.jpg,(8-5)*5=15
train/73409.jpg,6*(1+0)=6
train/73410.jpg,8+2*4=16
train/73411.jpg,9*4*0=0
train/73412.jpg,5+(8*2)=21
train/73413.jpg,6-(5-1)=2
train/73414.jpg,4*(3+7)=40
train/73415.jpg,1+(3*6)=19
train/73416.jpg,9*(8-7)=9
train/73417.jpg,(5-4)-8=-7
train/73418.jpg,(4-0)+2=6
train/73419.jpg,(0+2)*7=14
train/73420.jpg,(3-1)-6=-4
train/73421.jpg,6*(2+1)=18
train/73422.jpg,5-2*0=5
train/73423.jpg,5-5-8=-8
train/73424.jpg,3+5*6=33
train/73425.jpg,(9-3)+3=9
train/73426.jpg,6+(7+5)=18
train/73427.jpg,6*(4-5)=-6
train/73428.jpg,8+(9+5)=22
train/73429.jpg,0+3*6=18
train/73430.jpg,6*(1*8)=48
train/73431.jpg,3-(0*0)=3
train/73432.jpg,7+6-2=11
train/73433.jpg,4*5-6=14
train/73434.jpg,4-0*3=4
train/73435.jpg,(9-2)-1=6
train/73436.jpg,9*(9-4)=45
train/73437.jpg,1-4*1=-3
train/73438.jpg,4*2-3=5
train/73439.jpg,(4+2)+9=15
train/73440.jpg,(7*7)*3=147
train/73441.jpg,(0-3)+4=1
train/73442.jpg,0*3+9=9
train/73443.jpg,(1+6)+9=16
train/73444.jpg,6*1+0=6
train/73445.jpg,(8*9)-6=66
train/73446.jpg,6*0*7=0
train/73447.jpg,6-3+0=3
train/73448.jpg,0*7-6=-6
train/73449.jpg,0-0*6=0
train/73450.jpg,9-4*5=-11
train/73451.jpg,1-8*2=-15
train/73452.jpg,1*6+0=6
train/73453.jpg,1+(5-1)=5
train/73454.jpg,(9*1)-1=8
train/73455.jpg,5+7-1=11
train/73456.jpg,8-0*1=8
train/73457.jpg,(6+2)+4=12
train/73458.jpg,3+6*0=3
train/73459.jpg,(9*7)*6=378
train/73460.jpg,8+(2+2)=12
train/73461.jpg,(4-5)+2=1
train/73462.jpg,(6+6)+2=14
train/73463.jpg,(3-1)*6=12
train/73464.jpg,(6+4)*7=70
train/73465.jpg,3*(0-4)=-12
train/73466.jpg,(4*1)*5=20
train/73467.jpg,0*7+5=5
train/73468.jpg,5*(4-7)=-15
train/73469.jpg,9-(1-9)=17
train/73470.jpg,4+(9-8)=5
train/73471.jpg,2-(3+1)=-2
train/73472.jpg,9*(6*3)=162
train/73473.jpg,(8*5)-8=32
train/73474.jpg,(4*8)+3=35
train/73475.jpg,4+9-5=8
train/73476.jpg,3+8+7=18
train/73477.jpg,1+3-8=-4
train/73478.jpg,9-(4-8)=13
train/73479.jpg,7+(5*6)=37
train/73480.jpg,7*0-5=-5
train/73481.jpg,0+9+0=9
train/73482.jpg,9-(3-0)=6
train/73483.jpg,(0*2)*2=0
train/73484.jpg,2+(5+3)=10
train/73485.jpg,(1-8)*5=-35
train/73486.jpg,5-5*3=-10
train/73487.jpg,7-7+2=2
train/73488.jpg,6-(7*5)=-29
train/73489.jpg,2+(6-6)=2
train/73490.jpg,0*(2-4)=0
train/73491.jpg,(2+8)*3=30
train/73492.jpg,8+8-1=15
train/73493.jpg,(3*3)-4=5
train/73494.jpg,6*9*0=0
train/73495.jpg,2+(5*3)=17
train/73496.jpg,7+(8+4)=19
train/73497.jpg,6*1-3=3
train/73498.jpg,(9*7)*3=189
train/73499.jpg,(8*5)*1=40
train/73500.jpg,(2+8)-2=8
train/73501.jpg,6-6-2=-2
train/73502.jpg,3-(9*1)=-6
train/73503.jpg,4*6-3=21
train/73504.jpg,(7-6)*0=0
train/73505.jpg,9*(3-6)=-27
train/73506.jpg,5*0-4=-4
train/73507.jpg,5-(7*2)=-9
train/73508.jpg,(4+6)*0=0
train/73509.jpg,6*4-0=24
train/73510.jpg,(4+3)+5=12
train/73511.jpg,8-(7*5)=-27
train/73512.jpg,(6-4)+1=3
train/73513.jpg,8-(6-9)=11
train/73514.jpg,2*4*6=48
train/73515.jpg,4-(6+6)=-8
train/73516.jpg,(2-9)+5=-2
train/73517.jpg,(2-6)+1=-3
train/73518.jpg,7+(8-1)=14
train/73519.jpg,(6+6)+4=16
train/73520.jpg,(4*5)-4=16
train/73521.jpg,1-(7*1)=-6
train/73522.jpg,1*7-6=1
train/73523.jpg,7*4-2=26
train/73524.jpg,(8-8)*2=0
train/73525.jpg,3-6+7=4
train/73526.jpg,(9-7)+3=5
train/73527.jpg,(5-2)-4=-1
train/73528.jpg,1-(9*7)=-62
train/73529.jpg,(0+6)-4=2
train/73530.jpg,6*4+2=26
train/73531.jpg,(2*6)+6=18
train/73532.jpg,(1-3)+1=-1
train/73533.jpg,(8+2)-2=8
train/73534.jpg,(1+8)*6=54
train/73535.jpg,4-(9-8)=3
train/73536.jpg,6*3+3=21
train/73537.jpg,(6*9)-0=54
train/73538.jpg,(6+9)+6=21
train/73539.jpg,(0-3)-3=-6
train/73540.jpg,9*7*0=0
train/73541.jpg,4-5-7=-8
train/73542.jpg,6-4+7=9
train/73543.jpg,3-(6-3)=0
train/73544.jpg,0-(8+9)=-17
train/73545.jpg,7*2*9=126
train/73546.jpg,0+(4+0)=4
train/73547.jpg,3+2-2=3
train/73548.jpg,9-1*7=2
train/73549.jpg,(4*2)-7=1
train/73550.jpg,1+(1+9)=11
train/73551.jpg,(8-8)-7=-7
train/73552.jpg,(4-4)-6=-6
train/73553.jpg,(3-6)*2=-6
train/73554.jpg,7+(0-1)=6
train/73555.jpg,(6*0)*0=0
train/73556.jpg,(7+8)*8=120
train/73557.jpg,6*(7*8)=336
train/73558.jpg,9-1+7=15
train/73559.jpg,5+(5+3)=13
train/73560.jpg,5+(0*6)=5
train/73561.jpg,5*(5+6)=55
train/73562.jpg,5-(9-8)=4
train/73563.jpg,4-5-2=-3
train/73564.jpg,(4*2)-9=-1
train/73565.jpg,(3-5)*7=-14
train/73566.jpg,2+0*8=2
train/73567.jpg,0+(5-0)=5
train/73568.jpg,5+(9+4)=18
train/73569.jpg,(8-4)+3=7
train/73570.jpg,(7-1)-4=2
train/73571.jpg,(3-6)*2=-6
train/73572.jpg,9-7*5=-26
train/73573.jpg,5*(3+9)=60
train/73574.jpg,8*6*8=384
train/73575.jpg,(0-1)+9=8
train/73576.jpg,7+1*0=7
train/73577.jpg,7-(5*8)=-33
train/73578.jpg,6+(6*1)=12
train/73579.jpg,5-4+3=4
train/73580.jpg,(0+9)-7=2
train/73581.jpg,9+3-0=12
train/73582.jpg,5-(9-3)=-1
train/73583.jpg,0*(4+6)=0
train/73584.jpg,(5+9)+4=18
train/73585.jpg,0+(4-5)=-1
train/73586.jpg,7*1*7=49
train/73587.jpg,(6+3)-7=2
train/73588.jpg,0+(2+3)=5
train/73589.jpg,2-(4*1)=-2
train/73590.jpg,6*(1+8)=54
train/73591.jpg,9+1*1=10
train/73592.jpg,4*(4+6)=40
train/73593.jpg,(9-4)*0=0
train/73594.jpg,(0-0)-8=-8
train/73595.jpg,(4*7)+1=29
train/73596.jpg,0-(3*1)=-3
train/73597.jpg,5-8*1=-3
train/73598.jpg,2-2-5=-5
train/73599.jpg,(2-2)*6=0
train/73600.jpg,7*2*9=126
train/73601.jpg,3-2*3=-3
train/73602.jpg,(8-5)*2=6
train/73603.jpg,4*3-5=7
train/73604.jpg,1*(2*4)=8
train/73605.jpg,4*(8*9)=288
train/73606.jpg,8+6+5=19
train/73607.jpg,(9*9)-9=72
train/73608.jpg,5*7+4=39
train/73609.jpg,(8*3)-6=18
train/73610.jpg,1+(0*8)=1
train/73611.jpg,(0*3)*4=0
train/73612.jpg,5*(0*6)=0
train/73613.jpg,5*(7-3)=20
train/73614.jpg,7*8*5=280
train/73615.jpg,3-(4*6)=-21
train/73616.jpg,(9-1)*0=0
train/73617.jpg,(7+8)+6=21
train/73618.jpg,(9-0)-8=1
train/73619.jpg,(1+8)-9=0
train/73620.jpg,4*9-7=29
train/73621.jpg,1*(8*9)=72
train/73622.jpg,4+2+6=12
train/73623.jpg,4*(2*5)=40
train/73624.jpg,9*(0*3)=0
train/73625.jpg,(1+9)*5=50
train/73626.jpg,(1+8)*2=18
train/73627.jpg,(4+2)-9=-3
train/73628.jpg,(3-5)-2=-4
train/73629.jpg,2*3*8=48
train/73630.jpg,1-(3-1)=-1
train/73631.jpg,(1+9)-7=3
train/73632.jpg,2-6-3=-7
train/73633.jpg,2*(3+5)=16
train/73634.jpg,1*(8*8)=64
train/73635.jpg,(4+8)-1=11
train/73636.jpg,9+(3+1)=13
train/73637.jpg,4+(6+9)=19
train/73638.jpg,(0-8)+2=-6
train/73639.jpg,(9-9)+7=7
train/73640.jpg,1*5-1=4
train/73641.jpg,3+(4-8)=-1
train/73642.jpg,5+(7+3)=15
train/73643.jpg,7-1-3=3
train/73644.jpg,0+(8-6)=2
train/73645.jpg,7-(8*0)=7
train/73646.jpg,4+(8+0)=12
train/73647.jpg,6*(5*5)=150
train/73648.jpg,(0*7)-9=-9
train/73649.jpg,7-1-5=1
train/73650.jpg,0*7+4=4
train/73651.jpg,8*5-7=33
train/73652.jpg,9*8+1=73
train/73653.jpg,4-(2*3)=-2
train/73654.jpg,4*8+2=34
train/73655.jpg,6-1-0=5
train/73656.jpg,9-(9+0)=0
train/73657.jpg,9*2-1=17
train/73658.jpg,(0+2)*3=6
train/73659.jpg,8-(7+2)=-1
train/73660.jpg,6+9*9=87
train/73661.jpg,(4+9)*9=117
train/73662.jpg,0+8*9=72
train/73663.jpg,0+4-9=-5
train/73664.jpg,(2*2)+3=7
train/73665.jpg,5*7+6=41
train/73666.jpg,2-2+7=7
train/73667.jpg,8-1+1=8
train/73668.jpg,2+8+2=12
train/73669.jpg,2-6+4=0
train/73670.jpg,5*8-2=38
train/73671.jpg,6-(4+0)=2
train/73672.jpg,(3+6)*6=54
train/73673.jpg,5*1+3=8
train/73674.jpg,8+6-4=10
train/73675.jpg,5*(6+2)=40
train/73676.jpg,(5*5)-2=23
train/73677.jpg,7-(6-1)=2
train/73678.jpg,(2-2)*1=0
train/73679.jpg,5+(9*5)=50
train/73680.jpg,7+(3-1)=9
train/73681.jpg,1+9+7=17
train/73682.jpg,1*5*2=10
train/73683.jpg,5+0-9=-4
train/73684.jpg,(8*9)-7=65
train/73685.jpg,5*1+9=14
train/73686.jpg,0*(0*6)=0
train/73687.jpg,(0-5)+2=-3
train/73688.jpg,4+1*6=10
train/73689.jpg,(9+2)-2=9
train/73690.jpg,(8-5)*5=15
train/73691.jpg,0+(0+4)=4
train/73692.jpg,6+4+9=19
train/73693.jpg,8+(9*9)=89
train/73694.jpg,(7*0)-2=-2
train/73695.jpg,7*7-5=44
train/73696.jpg,9*(5+0)=45
train/73697.jpg,1-(3-7)=5
train/73698.jpg,0-(9+3)=-12
train/73699.jpg,2*(2-5)=-6
train/73700.jpg,(1-4)*5=-15
train/73701.jpg,(1+4)+5=10
train/73702.jpg,(0*2)-7=-7
train/73703.jpg,4+8-2=10
train/73704.jpg,7+3-0=10
train/73705.jpg,1-6*8=-47
train/73706.jpg,4-(2*3)=-2
train/73707.jpg,5+3-9=-1
train/73708.jpg,(0-0)+6=6
train/73709.jpg,7-(8+6)=-7
train/73710.jpg,4+4-5=3
train/73711.jpg,0-1*1=-1
train/73712.jpg,(8-1)-7=0
train/73713.jpg,8+4+6=18
train/73714.jpg,7-8+3=2
train/73715.jpg,5+9+9=23
train/73716.jpg,3-(5-3)=1
train/73717.jpg,9+(6-5)=10
train/73718.jpg,3-3+9=9
train/73719.jpg,(2-0)*2=4
train/73720.jpg,(6*4)+8=32
train/73721.jpg,8-(2+6)=0
train/73722.jpg,8*0+8=8
train/73723.jpg,5*(4+7)=55
train/73724.jpg,(7-9)-9=-11
train/73725.jpg,5-9-7=-11
train/73726.jpg,0+5-2=3
train/73727.jpg,(8+7)+5=20
train/73728.jpg,4-3*3=-5
train/73729.jpg,(9+1)*7=70
train/73730.jpg,(2+3)*4=20
train/73731.jpg,6*(9*9)=486
train/73732.jpg,(5-4)+6=7
train/73733.jpg,0*(3+6)=0
train/73734.jpg,0*(1-6)=0
train/73735.jpg,8+5+0=13
train/73736.jpg,(5*6)-0=30
train/73737.jpg,2*1*3=6
train/73738.jpg,(7*7)*6=294
train/73739.jpg,(0-9)*4=-36
train/73740.jpg,(5+8)+7=20
train/73741.jpg,5-(8*2)=-11
train/73742.jpg,3-(8-4)=-1
train/73743.jpg,(5+0)+7=12
train/73744.jpg,3*9*3=81
train/73745.jpg,(7+2)+5=14
train/73746.jpg,3*1+4=7
train/73747.jpg,(7*7)*7=343
train/73748.jpg,4*(0*8)=0
train/73749.jpg,9*9*2=162
train/73750.jpg,6-(7-9)=8
train/73751.jpg,4-5*3=-11
train/73752.jpg,0+(8*3)=24
train/73753.jpg,(1*8)-1=7
train/73754.jpg,4-5-2=-3
train/73755.jpg,(5*0)*0=0
train/73756.jpg,7+9-5=11
train/73757.jpg,3-2+1=2
train/73758.jpg,(4+5)+1=10
train/73759.jpg,(2-5)*5=-15
train/73760.jpg,6*(6-5)=6
train/73761.jpg,2+8-3=7
train/73762.jpg,0-(5*5)=-25
train/73763.jpg,5+1+5=11
train/73764.jpg,6+2*2=10
train/73765.jpg,4*(2-6)=-16
train/73766.jpg,7+(7-7)=7
train/73767.jpg,(8+6)-4=10
train/73768.jpg,(6+0)-2=4
train/73769.jpg,(2-1)+1=2
train/73770.jpg,1*1*8=8
train/73771.jpg,3+(1+4)=8
train/73772.jpg,(0-1)*7=-7
train/73773.jpg,3-9+5=-1
train/73774.jpg,1+(6+8)=15
train/73775.jpg,0+4-2=2
train/73776.jpg,2-7-3=-8
train/73777.jpg,(0+1)+2=3
train/73778.jpg,(9-8)+4=5
train/73779.jpg,2+(5*1)=7
train/73780.jpg,2-6-2=-6
train/73781.jpg,8*(9+4)=104
train/73782.jpg,(8*0)*2=0
train/73783.jpg,(9-0)-7=2
train/73784.jpg,0+(0*2)=0
train/73785.jpg,3+(3-6)=0
train/73786.jpg,3-(9+0)=-6
train/73787.jpg,(5*6)-4=26
train/73788.jpg,6-8+9=7
train/73789.jpg,(1+5)-0=6
train/73790.jpg,(9*5)*8=360
train/73791.jpg,(7-5)+6=8
train/73792.jpg,(4+2)*7=42
train/73793.jpg,4-2*5=-6
train/73794.jpg,5-2*9=-13
train/73795.jpg,2-2-8=-8
train/73796.jpg,(1*5)*3=15
train/73797.jpg,8+(1*2)=10
train/73798.jpg,7+(5-2)=10
train/73799.jpg,5-3-8=-6
train/73800.jpg,(6-1)*6=30
train/73801.jpg,(3*3)+1=10
train/73802.jpg,(0+9)*4=36
train/73803.jpg,(0*8)*5=0
train/73804.jpg,3*5*2=30
train/73805.jpg,8-(5*7)=-27
train/73806.jpg,4-(9-4)=-1
train/73807.jpg,2+(5-3)=4
train/73808.jpg,0-7*6=-42
train/73809.jpg,0+1+5=6
train/73810.jpg,(4*2)-1=7
train/73811.jpg,8*(7*2)=112
train/73812.jpg,1-8*0=1
train/73813.jpg,4+4*4=20
train/73814.jpg,0+4+2=6
train/73815.jpg,(9-5)+6=10
train/73816.jpg,7+6+9=22
train/73817.jpg,5*6*5=150
train/73818.jpg,(0+5)+1=6
train/73819.jpg,(0+1)-8=-7
train/73820.jpg,6*1+0=6
train/73821.jpg,6+8-3=11
train/73822.jpg,9*(9+2)=99
train/73823.jpg,1+0*2=1
train/73824.jpg,(1*2)+4=6
train/73825.jpg,2*4+2=10
train/73826.jpg,(7-3)-3=1
train/73827.jpg,(4-2)-5=-3
train/73828.jpg,3*3*7=63
train/73829.jpg,(9*9)*4=324
train/73830.jpg,(9-2)*6=42
train/73831.jpg,7*4+1=29
train/73832.jpg,(4-2)*7=14
train/73833.jpg,9*(9-8)=9
train/73834.jpg,9-2+1=8
train/73835.jpg,(6+4)-5=5
train/73836.jpg,8+1+2=11
train/73837.jpg,(7*3)+1=22
train/73838.jpg,2*(0-1)=-2
train/73839.jpg,6+(5-5)=6
train/73840.jpg,(4+7)*5=55
train/73841.jpg,0*5*1=0
train/73842.jpg,3+(8+2)=13
train/73843.jpg,8-(2-9)=15
train/73844.jpg,4-2+7=9
train/73845.jpg,(8-0)+6=14
train/73846.jpg,8-5+1=4
train/73847.jpg,9-(6-6)=9
train/73848.jpg,2+9-0=11
train/73849.jpg,(7*4)+8=36
train/73850.jpg,(2+7)+0=9
train/73851.jpg,(7-4)*6=18
train/73852.jpg,(5-3)*5=10
train/73853.jpg,5-8-6=-9
train/73854.jpg,(4*8)*8=256
train/73855.jpg,(7-5)-6=-4
train/73856.jpg,6-5*0=6
train/73857.jpg,(6*3)-4=14
train/73858.jpg,(1+2)+4=7
train/73859.jpg,(0+0)*5=0
train/73860.jpg,0*7*2=0
train/73861.jpg,(7-8)*4=-4
train/73862.jpg,(4+3)*1=7
train/73863.jpg,2*(7*0)=0
train/73864.jpg,2+(1-7)=-4
train/73865.jpg,0-4+6=2
train/73866.jpg,(1+6)*4=28
train/73867.jpg,2-8*8=-62
train/73868.jpg,5*(6-6)=0
train/73869.jpg,(9+6)+9=24
train/73870.jpg,1*(8+1)=9
train/73871.jpg,7-(5-2)=4
train/73872.jpg,0+1-4=-3
train/73873.jpg,7*3*8=168
train/73874.jpg,(6+0)*9=54
train/73875.jpg,(1*8)*6=48
train/73876.jpg,0*3+3=3
train/73877.jpg,5+6*3=23
train/73878.jpg,0-2*8=-16
train/73879.jpg,1*(9+1)=10
train/73880.jpg,0*0-5=-5
train/73881.jpg,(2+3)*3=15
train/73882.jpg,(9-4)+7=12
train/73883.jpg,4+3*4=16
train/73884.jpg,7+7-4=10
train/73885.jpg,(8*9)+2=74
train/73886.jpg,2-(4*0)=2
train/73887.jpg,3-2*2=-1
train/73888.jpg,8+(7*1)=15
train/73889.jpg,8+(4*7)=36
train/73890.jpg,4-6*5=-26
train/73891.jpg,0+(2+1)=3
train/73892.jpg,0*(2*1)=0
train/73893.jpg,(9*4)-8=28
train/73894.jpg,5-2+4=7
train/73895.jpg,5+0*7=5
train/73896.jpg,7-4*8=-25
train/73897.jpg,6*(2-3)=-6
train/73898.jpg,(3+5)+8=16
train/73899.jpg,6-(4+2)=0
train/73900.jpg,(1-2)-3=-4
train/73901.jpg,(4*3)*0=0
train/73902.jpg,(5*7)-1=34
train/73903.jpg,7+(4*7)=35
train/73904.jpg,3*6+0=18
train/73905.jpg,1*(0+5)=5
train/73906.jpg,0-(1-9)=8
train/73907.jpg,1*0+7=7
train/73908.jpg,6-(2*6)=-6
train/73909.jpg,(0+8)-7=1
train/73910.jpg,(5+7)-9=3
train/73911.jpg,0*0*9=0
train/73912.jpg,6-1*1=5
train/73913.jpg,(7*6)+7=49
train/73914.jpg,0*2-6=-6
train/73915.jpg,9+3+7=19
train/73916.jpg,8+5+0=13
train/73917.jpg,9-(6-6)=9
train/73918.jpg,3-3*7=-18
train/73919.jpg,0*7-8=-8
train/73920.jpg,3*(7-2)=15
train/73921.jpg,0+4*1=4
train/73922.jpg,(2*9)+6=24
train/73923.jpg,(9*3)*4=108
train/73924.jpg,1*0-6=-6
train/73925.jpg,2-(8+3)=-9
train/73926.jpg,1-9+3=-5
train/73927.jpg,5-2*6=-7
train/73928.jpg,2+(5-9)=-2
train/73929.jpg,1-(9-2)=-6
train/73930.jpg,1+0-2=-1
train/73931.jpg,1+6*0=1
train/73932.jpg,(7*1)-9=-2
train/73933.jpg,6-3*6=-12
train/73934.jpg,6*2+9=21
train/73935.jpg,5-5+7=7
train/73936.jpg,1+6*6=37
train/73937.jpg,3-(1*5)=-2
train/73938.jpg,4+2-9=-3
train/73939.jpg,1-(3-8)=6
train/73940.jpg,8*8-6=58
train/73941.jpg,(8-1)-7=0
train/73942.jpg,7*6-6=36
train/73943.jpg,(0-8)+5=-3
train/73944.jpg,1-8+6=-1
train/73945.jpg,2+(9+6)=17
train/73946.jpg,8*2*4=64
train/73947.jpg,(0+2)*3=6
train/73948.jpg,(7+7)*9=126
train/73949.jpg,1-(2-5)=4
train/73950.jpg,0+2*1=2
train/73951.jpg,7*(1+7)=56
train/73952.jpg,(3*6)+8=26
train/73953.jpg,8-(2*5)=-2
train/73954.jpg,5*2-0=10
train/73955.jpg,2*(6*7)=84
train/73956.jpg,7*1+8=15
train/73957.jpg,(3*3)-9=0
train/73958.jpg,5*8+7=47
train/73959.jpg,8-3*2=2
train/73960.jpg,(5+4)-5=4
train/73961.jpg,8+(6+4)=18
train/73962.jpg,(6-4)*4=8
train/73963.jpg,4+2-5=1
train/73964.jpg,3-8+5=0
train/73965.jpg,6*8-4=44
train/73966.jpg,4-8*5=-36
train/73967.jpg,(3*5)-4=11
train/73968.jpg,8-0*9=8
train/73969.jpg,(4-5)+2=1
train/73970.jpg,8-(8+5)=-5
train/73971.jpg,8+(8-1)=15
train/73972.jpg,(4-3)+8=9
train/73973.jpg,8*(4*0)=0
train/73974.jpg,2*4+7=15
train/73975.jpg,1+(6-6)=1
train/73976.jpg,1+(7+3)=11
train/73977.jpg,1*(5+1)=6
train/73978.jpg,8*4+9=41
train/73979.jpg,2*4-4=4
train/73980.jpg,7-(9*4)=-29
train/73981.jpg,6*1-8=-2
train/73982.jpg,4+(7*7)=53
train/73983.jpg,(1+0)*9=9
train/73984.jpg,4+(1+4)=9
train/73985.jpg,3-7-5=-9
train/73986.jpg,(0-0)-3=-3
train/73987.jpg,8+8-8=8
train/73988.jpg,(6-3)*8=24
train/73989.jpg,1+5+4=10
train/73990.jpg,(9+7)-3=13
train/73991.jpg,4*2-7=1
train/73992.jpg,2*(8-4)=8
train/73993.jpg,0+(3*3)=9
train/73994.jpg,8+(1+9)=18
train/73995.jpg,7-7+0=0
train/73996.jpg,(4+0)+8=12
train/73997.jpg,(4+3)*9=63
train/73998.jpg,8*7-2=54
train/73999.jpg,4*5*2=40
train/74000.jpg,7+(6-5)=8
train/74001.jpg,(7+1)-2=6
train/74002.jpg,3+(5*4)=23
train/74003.jpg,9*(6+9)=135
train/74004.jpg,(2*1)+8=10
train/74005.jpg,3-(7-0)=-4
train/74006.jpg,3*8-2=22
train/74007.jpg,7-(9+5)=-7
train/74008.jpg,6-1-5=0
train/74009.jpg,(2*5)+7=17
train/74010.jpg,7+(5+0)=12
train/74011.jpg,(6-1)+7=12
train/74012.jpg,(7-8)+1=0
train/74013.jpg,5*(4+9)=65
train/74014.jpg,0+2*8=16
train/74015.jpg,6-0+5=11
train/74016.jpg,2+5+4=11
train/74017.jpg,(6+3)+5=14
train/74018.jpg,9-4*0=9
train/74019.jpg,(3*2)*5=30
train/74020.jpg,7+(4-0)=11
train/74021.jpg,2+(8*8)=66
train/74022.jpg,8*5*6=240
train/74023.jpg,7+(9+1)=17
train/74024.jpg,4-(6*9)=-50
train/74025.jpg,(6+0)-5=1
train/74026.jpg,(3-9)-4=-10
train/74027.jpg,(2+7)-1=8
train/74028.jpg,(9+8)+2=19
train/74029.jpg,0+(6*2)=12
train/74030.jpg,(1-2)*7=-7
train/74031.jpg,2-(3+1)=-2
train/74032.jpg,(6*2)*3=36
train/74033.jpg,0-(0*9)=0
train/74034.jpg,(9+1)-6=4
train/74035.jpg,3+8*2=19
train/74036.jpg,(4-3)*0=0
train/74037.jpg,5-3-0=2
train/74038.jpg,6+9-6=9
train/74039.jpg,(1+4)*6=30
train/74040.jpg,8-(2+8)=-2
train/74041.jpg,(4*8)-8=24
train/74042.jpg,5+9-3=11
train/74043.jpg,1+3-3=1
train/74044.jpg,1*(8-7)=1
train/74045.jpg,9+7+2=18
train/74046.jpg,1+(9*9)=82
train/74047.jpg,(2*9)*2=36
train/74048.jpg,(4*1)+9=13
train/74049.jpg,(1+6)+8=15
train/74050.jpg,0*6-7=-7
train/74051.jpg,2-4-5=-7
train/74052.jpg,(5+6)+6=17
train/74053.jpg,6+4*0=6
train/74054.jpg,2*3*2=12
train/74055.jpg,(5-1)*5=20
train/74056.jpg,(5+6)+8=19
train/74057.jpg,(0-5)-5=-10
train/74058.jpg,(4+8)*1=12
train/74059.jpg,(7+3)+1=11
train/74060.jpg,7-(6*7)=-35
train/74061.jpg,2-0+0=2
train/74062.jpg,6-(8*2)=-10
train/74063.jpg,2+0*6=2
train/74064.jpg,0-(9+1)=-10
train/74065.jpg,1+6-9=-2
train/74066.jpg,5*1*6=30
train/74067.jpg,(0-5)*3=-15
train/74068.jpg,0-5+0=-5
train/74069.jpg,0-(1*8)=-8
train/74070.jpg,1-2*7=-13
train/74071.jpg,(1+7)*3=24
train/74072.jpg,0-2-4=-6
train/74073.jpg,(9+7)*1=16
train/74074.jpg,3+(9+0)=12
train/74075.jpg,2*8+0=16
train/74076.jpg,(1*5)*4=20
train/74077.jpg,2+(6*9)=56
train/74078.jpg,(5+7)+8=20
train/74079.jpg,1-3*2=-5
train/74080.jpg,(2+1)+6=9
train/74081.jpg,6-(8-9)=7
train/74082.jpg,8*(6+4)=80
train/74083.jpg,(6*1)-1=5
train/74084.jpg,2-8*1=-6
train/74085.jpg,(3-4)-9=-10
train/74086.jpg,(1*0)+0=0
train/74087.jpg,6+(3*1)=9
train/74088.jpg,3+8-3=8
train/74089.jpg,(4*9)+7=43
train/74090.jpg,(0+3)*2=6
train/74091.jpg,5-(0*8)=5
train/74092.jpg,2-5*9=-43
train/74093.jpg,8+0*3=8
train/74094.jpg,7+(2+1)=10
train/74095.jpg,(6-1)-9=-4
train/74096.jpg,9+7+3=19
train/74097.jpg,9+1*5=14
train/74098.jpg,(8-8)+7=7
train/74099.jpg,4-5-8=-9
train/74100.jpg,2*(5-2)=6
train/74101.jpg,5+3*8=29
train/74102.jpg,(9*7)*8=504
train/74103.jpg,0+(7-4)=3
train/74104.jpg,(6+4)*8=80
train/74105.jpg,0-1-3=-4
train/74106.jpg,(2+0)+4=6
train/74107.jpg,(6*0)+7=7
train/74108.jpg,(3+6)+8=17
train/74109.jpg,1+3*7=22
train/74110.jpg,0*(8-0)=0
train/74111.jpg,5*(9*0)=0
train/74112.jpg,4*(4+5)=36
train/74113.jpg,5-4+3=4
train/74114.jpg,2+(8*1)=10
train/74115.jpg,(1+8)*3=27
train/74116.jpg,3-(8*5)=-37
train/74117.jpg,(7-8)-8=-9
train/74118.jpg,3+9-2=10
train/74119.jpg,(2*8)+1=17
train/74120.jpg,(6-3)+8=11
train/74121.jpg,(4+9)-5=8
train/74122.jpg,9+9+4=22
train/74123.jpg,(1*2)*3=6
train/74124.jpg,1-(5*0)=1
train/74125.jpg,1*(3-8)=-5
train/74126.jpg,8-(9+6)=-7
train/74127.jpg,8*(8*3)=192
train/74128.jpg,9+(7*0)=9
train/74129.jpg,9+(3+1)=13
train/74130.jpg,(8+6)-3=11
train/74131.jpg,0*(0+9)=0
train/74132.jpg,9-9*7=-54
train/74133.jpg,(1+2)*7=21
train/74134.jpg,3*(6-3)=9
train/74135.jpg,(5+4)*6=54
train/74136.jpg,7-(0-4)=11
train/74137.jpg,(5-1)-7=-3
train/74138.jpg,7*(4*8)=224
train/74139.jpg,5-4*5=-15
train/74140.jpg,5+(2+4)=11
train/74141.jpg,(0+9)+7=16
train/74142.jpg,7-7-1=-1
train/74143.jpg,9+(7+5)=21
train/74144.jpg,8+9-5=12
train/74145.jpg,(4-7)-9=-12
train/74146.jpg,5-6-7=-8
train/74147.jpg,4*(1+7)=32
train/74148.jpg,3*(5-8)=-9
train/74149.jpg,2+9+5=16
train/74150.jpg,(0+7)-6=1
train/74151.jpg,(0-8)-0=-8
train/74152.jpg,(3+6)-1=8
train/74153.jpg,(7-4)*1=3
train/74154.jpg,3-(3*8)=-21
train/74155.jpg,3*9-0=27
train/74156.jpg,4-3-8=-7
train/74157.jpg,5*(2*3)=30
train/74158.jpg,8+3+9=20
train/74159.jpg,(4+2)*6=36
train/74160.jpg,2*(2-9)=-14
train/74161.jpg,(7-1)+2=8
train/74162.jpg,(2*9)-7=11
train/74163.jpg,9+(5*3)=24
train/74164.jpg,(4-2)+6=8
train/74165.jpg,8-(2-5)=11
train/74166.jpg,(6-1)+4=9
train/74167.jpg,(5-6)*4=-4
train/74168.jpg,(0*5)-2=-2
train/74169.jpg,4-2+4=6
train/74170.jpg,(5*2)-3=7
train/74171.jpg,4*0+8=8
train/74172.jpg,1*2-3=-1
train/74173.jpg,9-(1+9)=-1
train/74174.jpg,0-(5*5)=-25
train/74175.jpg,7-(5+3)=-1
train/74176.jpg,1*3*8=24
train/74177.jpg,(0-9)-7=-16
train/74178.jpg,3*(2+8)=30
train/74179.jpg,(5+6)-4=7
train/74180.jpg,3*(2+3)=15
train/74181.jpg,8-7-9=-8
train/74182.jpg,(8*1)*9=72
train/74183.jpg,5-1*9=-4
train/74184.jpg,(7+7)-0=14
train/74185.jpg,(7+0)+6=13
train/74186.jpg,(9+0)+8=17
train/74187.jpg,2*2-4=0
train/74188.jpg,(8+1)*2=18
train/74189.jpg,7+(0-1)=6
train/74190.jpg,(2*2)+7=11
train/74191.jpg,7+3*4=19
train/74192.jpg,8+0-9=-1
train/74193.jpg,6-(2+5)=-1
train/74194.jpg,7-6+7=8
train/74195.jpg,(0*5)-4=-4
train/74196.jpg,(7-8)+1=0
train/74197.jpg,1*(9-3)=6
train/74198.jpg,7-6-6=-5
train/74199.jpg,(7+6)+7=20
train/74200.jpg,9-(7*5)=-26
train/74201.jpg,8+8*5=48
train/74202.jpg,6+1*3=9
train/74203.jpg,4+(8-3)=9
train/74204.jpg,0*(3-4)=0
train/74205.jpg,2+8-8=2
train/74206.jpg,(5-5)+5=5
train/74207.jpg,1*0*7=0
train/74208.jpg,0*(0+5)=0
train/74209.jpg,(1+8)+1=10
train/74210.jpg,2-(5*9)=-43
train/74211.jpg,2-0-7=-5
train/74212.jpg,3+(1*1)=4
train/74213.jpg,(3*5)*2=30
train/74214.jpg,4+(7-5)=6
train/74215.jpg,(0*4)+5=5
train/74216.jpg,9*(0*7)=0
train/74217.jpg,7-(4+4)=-1
train/74218.jpg,3*(8*1)=24
train/74219.jpg,4-2*0=4
train/74220.jpg,(4*9)*0=0
train/74221.jpg,2-6-0=-4
train/74222.jpg,4*3*3=36
train/74223.jpg,(1+3)-5=-1
train/74224.jpg,(2*9)+4=22
train/74225.jpg,(1*5)-2=3
train/74226.jpg,9-9+9=9
train/74227.jpg,(7-3)*6=24
train/74228.jpg,9*1*2=18
train/74229.jpg,8-(8-7)=7
train/74230.jpg,9-(8*4)=-23
train/74231.jpg,4-(5-9)=8
train/74232.jpg,3*3*2=18
train/74233.jpg,(3-6)*8=-24
train/74234.jpg,6*9*1=54
train/74235.jpg,(7*2)+9=23
train/74236.jpg,1*(2+2)=4
train/74237.jpg,3*5-5=10
train/74238.jpg,(6*0)*6=0
train/74239.jpg,3-(5*9)=-42
train/74240.jpg,5+7*1=12
train/74241.jpg,2-(0*8)=2
train/74242.jpg,(8-8)+3=3
train/74243.jpg,5*(0-9)=-45
train/74244.jpg,(1-7)*6=-36
train/74245.jpg,(5*0)-7=-7
train/74246.jpg,3*6+1=19
train/74247.jpg,9+6*5=39
train/74248.jpg,6*1*8=48
train/74249.jpg,(2+4)*4=24
train/74250.jpg,5*(3+7)=50
train/74251.jpg,6+7*9=69
train/74252.jpg,5*(4+2)=30
train/74253.jpg,6-(0*3)=6
train/74254.jpg,0+1-4=-3
train/74255.jpg,8*(4-8)=-32
train/74256.jpg,2+(9*5)=47
train/74257.jpg,(8+4)+2=14
train/74258.jpg,6-(0*0)=6
train/74259.jpg,(4+3)*6=42
train/74260.jpg,0-(8+4)=-12
train/74261.jpg,2*3-8=-2
train/74262.jpg,6+(6+0)=12
train/74263.jpg,1*3*8=24
train/74264.jpg,2*3*7=42
train/74265.jpg,6-(7*3)=-15
train/74266.jpg,6-(4*1)=2
train/74267.jpg,7-(4+6)=-3
train/74268.jpg,(4-3)+3=4
train/74269.jpg,5*(1-0)=5
train/74270.jpg,(5*6)-5=25
train/74271.jpg,6*2-7=5
train/74272.jpg,8-0*7=8
train/74273.jpg,1*(3*2)=6
train/74274.jpg,(7-4)-9=-6
train/74275.jpg,4+0*2=4
train/74276.jpg,(8*3)-9=15
train/74277.jpg,4+2-0=6
train/74278.jpg,(5*2)*7=70
train/74279.jpg,5-5+8=8
train/74280.jpg,(6-3)+6=9
train/74281.jpg,6+(5+9)=20
train/74282.jpg,9*(5*9)=405
train/74283.jpg,1-(1-0)=0
train/74284.jpg,4-3-9=-8
train/74285.jpg,0+(4-6)=-2
train/74286.jpg,(2-9)*8=-56
train/74287.jpg,9-3+2=8
train/74288.jpg,6+(1*2)=8
train/74289.jpg,3*1+2=5
train/74290.jpg,7*(1+3)=28
train/74291.jpg,1+(7*1)=8
train/74292.jpg,8*(2*8)=128
train/74293.jpg,6+7+4=17
train/74294.jpg,0+(9-5)=4
train/74295.jpg,8-(5+1)=2
train/74296.jpg,(0+1)+4=5
train/74297.jpg,(3*1)-0=3
train/74298.jpg,(0-7)+8=1
train/74299.jpg,8-(9-1)=0
train/74300.jpg,(6*0)+1=1
train/74301.jpg,4-0+6=10
train/74302.jpg,(8*7)*0=0
train/74303.jpg,7*(5*7)=245
train/74304.jpg,9-4*9=-27
train/74305.jpg,7-(2-1)=6
train/74306.jpg,8*2+7=23
train/74307.jpg,5+0+5=10
train/74308.jpg,7-(9*2)=-11
train/74309.jpg,2-0-8=-6
train/74310.jpg,5+4-8=1
train/74311.jpg,(6+3)*1=9
train/74312.jpg,8-(3-8)=13
train/74313.jpg,5+(2+3)=10
train/74314.jpg,(3+2)+3=8
train/74315.jpg,(3-2)-0=1
train/74316.jpg,6+2-5=3
train/74317.jpg,3-5*2=-7
train/74318.jpg,(6-2)+3=7
train/74319.jpg,2+4*0=2
train/74320.jpg,7*(3+8)=77
train/74321.jpg,5*3+8=23
train/74322.jpg,3+(9-0)=12
train/74323.jpg,(4-6)+1=-1
train/74324.jpg,1+(6*1)=7
train/74325.jpg,(6*5)+0=30
train/74326.jpg,9+6+7=22
train/74327.jpg,9-3*6=-9
train/74328.jpg,6*(1+8)=54
train/74329.jpg,(6-5)-5=-4
train/74330.jpg,(3-8)*9=-45
train/74331.jpg,7-2+4=9
train/74332.jpg,(8+3)+9=20
train/74333.jpg,8-(2*4)=0
train/74334.jpg,6-(5-5)=6
train/74335.jpg,7*(6*3)=126
train/74336.jpg,0-(3+1)=-4
train/74337.jpg,1+(0*4)=1
train/74338.jpg,2-8*3=-22
train/74339.jpg,(2*1)-0=2
train/74340.jpg,(6*0)-7=-7
train/74341.jpg,(4*7)-2=26
train/74342.jpg,9*2-8=10
train/74343.jpg,9*1-4=5
train/74344.jpg,6*6*2=72
train/74345.jpg,2-(8+1)=-7
train/74346.jpg,(2*9)-0=18
train/74347.jpg,(5*8)-3=37
train/74348.jpg,6*1+2=8
train/74349.jpg,4-7-8=-11
train/74350.jpg,1+6*7=43
train/74351.jpg,2+(1-6)=-3
train/74352.jpg,0*9-1=-1
train/74353.jpg,(5-2)-0=3
train/74354.jpg,3*0*7=0
train/74355.jpg,(6+2)+8=16
train/74356.jpg,7-(5*1)=2
train/74357.jpg,(2+9)*4=44
train/74358.jpg,5+(1*9)=14
train/74359.jpg,8-(8*9)=-64
train/74360.jpg,9+9-1=17
train/74361.jpg,8-3-3=2
train/74362.jpg,(4*4)+0=16
train/74363.jpg,(3*4)+5=17
train/74364.jpg,7*(5-1)=28
train/74365.jpg,9-8-3=-2
train/74366.jpg,(6+7)*7=91
train/74367.jpg,1-0-7=-6
train/74368.jpg,(2+7)+6=15
train/74369.jpg,7*(9*1)=63
train/74370.jpg,(5+4)+4=13
train/74371.jpg,6-(2+7)=-3
train/74372.jpg,8-(7+7)=-6
train/74373.jpg,(5-4)-8=-7
train/74374.jpg,3*9+1=28
train/74375.jpg,3-(5+5)=-7
train/74376.jpg,9*(9*2)=162
train/74377.jpg,(9-1)-1=7
train/74378.jpg,8*(2+7)=72
train/74379.jpg,0-(9-4)=-5
train/74380.jpg,7-(8-7)=6
train/74381.jpg,(2*5)*6=60
train/74382.jpg,2*8+5=21
train/74383.jpg,8+(2+1)=11
train/74384.jpg,(4+6)+9=19
train/74385.jpg,7-9+7=5
train/74386.jpg,(5-7)*7=-14
train/74387.jpg,(9+7)-8=8
train/74388.jpg,4-9+8=3
train/74389.jpg,(3*6)-2=16
train/74390.jpg,1+(0-7)=-6
train/74391.jpg,6-4*7=-22
train/74392.jpg,(1+7)-0=8
train/74393.jpg,7*1+8=15
train/74394.jpg,3-(2+4)=-3
train/74395.jpg,(4-3)-2=-1
train/74396.jpg,8*2-0=16
train/74397.jpg,2*(2*1)=4
train/74398.jpg,7-3+8=12
train/74399.jpg,3*(4-2)=6
train/74400.jpg,7*1*3=21
train/74401.jpg,8+(2+8)=18
train/74402.jpg,(5+9)+6=20
train/74403.jpg,(3+4)+9=16
train/74404.jpg,9-0*2=9
train/74405.jpg,8-6*0=8
train/74406.jpg,5+9+0=14
train/74407.jpg,5*(7+9)=80
train/74408.jpg,(7+7)+3=17
train/74409.jpg,6+(3-3)=6
train/74410.jpg,(2*9)*3=54
train/74411.jpg,4+4-9=-1
train/74412.jpg,(6-4)*6=12
train/74413.jpg,(3+6)-1=8
train/74414.jpg,(2*1)*0=0
train/74415.jpg,9-(9+9)=-9
train/74416.jpg,8*0-6=-6
train/74417.jpg,8-(9-8)=7
train/74418.jpg,2*(5+6)=22
train/74419.jpg,6*1+0=6
train/74420.jpg,(4+9)*2=26
train/74421.jpg,8*(6-0)=48
train/74422.jpg,7+2*1=9
train/74423.jpg,7*(5+0)=35
train/74424.jpg,3+6-2=7
train/74425.jpg,2-3*5=-13
train/74426.jpg,(4-9)*0=0
train/74427.jpg,6+(3+7)=16
train/74428.jpg,6*(2-5)=-18
train/74429.jpg,(7+7)+3=17
train/74430.jpg,(6+9)*6=90
train/74431.jpg,(6-1)*0=0
train/74432.jpg,6+(2*0)=6
train/74433.jpg,(0*8)+7=7
train/74434.jpg,4-0-3=1
train/74435.jpg,(3-3)*7=0
train/74436.jpg,(5*3)-7=8
train/74437.jpg,(4*6)*1=24
train/74438.jpg,7*4*3=84
train/74439.jpg,(8*7)-4=52
train/74440.jpg,7+8*9=79
train/74441.jpg,2+(3*1)=5
train/74442.jpg,3+6+3=12
train/74443.jpg,9-(2*6)=-3
train/74444.jpg,1+1-9=-7
train/74445.jpg,(6*8)*5=240
train/74446.jpg,8-1-4=3
train/74447.jpg,5*(1*6)=30
train/74448.jpg,5-1*5=0
train/74449.jpg,(7+7)-0=14
train/74450.jpg,(2-7)*0=0
train/74451.jpg,(4+7)*6=66
train/74452.jpg,8*(5*0)=0
train/74453.jpg,1+(2+3)=6
train/74454.jpg,(9*4)-5=31
train/74455.jpg,8+(5+9)=22
train/74456.jpg,(0*2)+2=2
train/74457.jpg,(4-9)-9=-14
train/74458.jpg,(2*2)+2=6
train/74459.jpg,6+(2-2)=6
train/74460.jpg,(3+8)*6=66
train/74461.jpg,0*(6+8)=0
train/74462.jpg,8+8-3=13
train/74463.jpg,(0+8)+3=11
train/74464.jpg,3*4-0=12
train/74465.jpg,3+6*5=33
train/74466.jpg,1+1-3=-1
train/74467.jpg,0-(8-4)=-4
train/74468.jpg,7-(9+9)=-11
train/74469.jpg,(1-9)*5=-40
train/74470.jpg,5-0*0=5
train/74471.jpg,(8*6)+8=56
train/74472.jpg,5*(8-4)=20
train/74473.jpg,(1*8)-5=3
train/74474.jpg,0-5+4=-1
train/74475.jpg,(1*0)-5=-5
train/74476.jpg,5+(3-5)=3
train/74477.jpg,6+(2*9)=24
train/74478.jpg,0+(4+0)=4
train/74479.jpg,6+5-2=9
train/74480.jpg,(7+6)-2=11
train/74481.jpg,4+4+2=10
train/74482.jpg,0*(0-4)=0
train/74483.jpg,9*(4+6)=90
train/74484.jpg,5-8+3=0
train/74485.jpg,(5*9)+5=50
train/74486.jpg,0-9*7=-63
train/74487.jpg,4-8*6=-44
train/74488.jpg,8*(3*2)=48
train/74489.jpg,(1-2)*6=-6
train/74490.jpg,(2+8)-0=10
train/74491.jpg,6+(7+7)=20
train/74492.jpg,8-(4+0)=4
train/74493.jpg,7+8*2=23
train/74494.jpg,(0-0)-5=-5
train/74495.jpg,(4+2)*5=30
train/74496.jpg,(6*5)+0=30
train/74497.jpg,3*9+1=28
train/74498.jpg,3-(7*6)=-39
train/74499.jpg,5+(7+6)=18
train/74500.jpg,0-(8+5)=-13
train/74501.jpg,(9*6)-2=52
train/74502.jpg,5*0-5=-5
train/74503.jpg,3*2+3=9
train/74504.jpg,4+7*3=25
train/74505.jpg,7-(0-5)=12
train/74506.jpg,3+(5-3)=5
train/74507.jpg,6+4*9=42
train/74508.jpg,(0-2)+4=2
train/74509.jpg,6+(1+7)=14
train/74510.jpg,5-(4-7)=8
train/74511.jpg,3*(6+6)=36
train/74512.jpg,(3-4)*5=-5
train/74513.jpg,9*3+8=35
train/74514.jpg,6*0-1=-1
train/74515.jpg,1*0*5=0
train/74516.jpg,(5-6)-2=-3
train/74517.jpg,(0-0)+8=8
train/74518.jpg,0-3-9=-12
train/74519.jpg,(9-1)-2=6
train/74520.jpg,(3*1)*9=27
train/74521.jpg,(7+0)*3=21
train/74522.jpg,4+(8-3)=9
train/74523.jpg,(7*2)*5=70
train/74524.jpg,3-(1-8)=10
train/74525.jpg,(7*9)*7=441
train/74526.jpg,7-(9+2)=-4
train/74527.jpg,1+6+0=7
train/74528.jpg,(5*4)+1=21
train/74529.jpg,7+5+6=18
train/74530.jpg,4-(3-4)=5
train/74531.jpg,(3*3)+5=14
train/74532.jpg,(0+7)-3=4
train/74533.jpg,0-(1+4)=-5
train/74534.jpg,5+0*7=5
train/74535.jpg,5-(6*0)=5
train/74536.jpg,9+(5+7)=21
train/74537.jpg,(8-7)-8=-7
train/74538.jpg,3*(6*8)=144
train/74539.jpg,(7*9)-6=57
train/74540.jpg,9*2-8=10
train/74541.jpg,3*8+9=33
train/74542.jpg,9*(0*3)=0
train/74543.jpg,(4+3)*5=35
train/74544.jpg,5-(6+4)=-5
train/74545.jpg,(3-9)+1=-5
train/74546.jpg,2+(4+6)=12
train/74547.jpg,5*(0*3)=0
train/74548.jpg,0-(5-3)=-2
train/74549.jpg,2*6+5=17
train/74550.jpg,(7+4)*6=66
train/74551.jpg,8+(9*8)=80
train/74552.jpg,2*7-7=7
train/74553.jpg,(3-2)*3=3
train/74554.jpg,(6-3)*6=18
train/74555.jpg,(4*3)*4=48
train/74556.jpg,6+5-6=5
train/74557.jpg,(4-7)+8=5
train/74558.jpg,3+4*6=27
train/74559.jpg,3-(4-6)=5
train/74560.jpg,6*7+1=43
train/74561.jpg,1*(8+3)=11
train/74562.jpg,(3+3)-1=5
train/74563.jpg,0*(7*1)=0
train/74564.jpg,(4+0)+2=6
train/74565.jpg,(0-2)*1=-2
train/74566.jpg,(3+9)-9=3
train/74567.jpg,1*6-5=1
train/74568.jpg,0-(2-2)=0
train/74569.jpg,(4+5)-7=2
train/74570.jpg,(7-8)+1=0
train/74571.jpg,9*4*7=252
train/74572.jpg,3*7+5=26
train/74573.jpg,(1*2)+7=9
train/74574.jpg,(9-6)+8=11
train/74575.jpg,9*(1+0)=9
train/74576.jpg,1+0+7=8
train/74577.jpg,(3*2)*5=30
train/74578.jpg,2*5-9=1
train/74579.jpg,6+(2+2)=10
train/74580.jpg,(5*5)+8=33
train/74581.jpg,4-9+2=-3
train/74582.jpg,1-(9-3)=-5
train/74583.jpg,8+3+1=12
train/74584.jpg,7-8-6=-7
train/74585.jpg,5*2+9=19
train/74586.jpg,(5+8)-3=10
train/74587.jpg,(6*6)+5=41
train/74588.jpg,5*(5-1)=20
train/74589.jpg,(1*1)-8=-7
train/74590.jpg,6*9*7=378
train/74591.jpg,9+9-1=17
train/74592.jpg,7+(4*8)=39
train/74593.jpg,2-6+1=-3
train/74594.jpg,(6+8)*9=126
train/74595.jpg,0-0+1=1
train/74596.jpg,0-1*6=-6
train/74597.jpg,(2-0)*9=18
train/74598.jpg,8+9-9=8
train/74599.jpg,2*9+0=18
train/74600.jpg,7-(2+6)=-1
train/74601.jpg,8-(0-2)=10
train/74602.jpg,0-9+5=-4
train/74603.jpg,(8*9)-8=64
train/74604.jpg,6+3-6=3
train/74605.jpg,4+(0+1)=5
train/74606.jpg,(4+1)*6=30
train/74607.jpg,(2*4)*1=8
train/74608.jpg,7*(9*6)=378
train/74609.jpg,(9*5)-5=40
train/74610.jpg,9*(5+8)=117
train/74611.jpg,5*(1*0)=0
train/74612.jpg,1-8+7=0
train/74613.jpg,(6-4)-5=-3
train/74614.jpg,(0+7)-7=0
train/74615.jpg,4*7-1=27
train/74616.jpg,(1*5)-2=3
train/74617.jpg,0+3+8=11
train/74618.jpg,2-1+7=8
train/74619.jpg,2*(5-5)=0
train/74620.jpg,2*2-8=-4
train/74621.jpg,8+(2+1)=11
train/74622.jpg,8*6*3=144
train/74623.jpg,(2+6)-4=4
train/74624.jpg,(6-4)+1=3
train/74625.jpg,(7+7)-3=11
train/74626.jpg,(5+4)+8=17
train/74627.jpg,8-(3+9)=-4
train/74628.jpg,2*(1-0)=2
train/74629.jpg,2-(8*4)=-30
train/74630.jpg,6*4-1=23
train/74631.jpg,4-9-2=-7
train/74632.jpg,8+2-3=7
train/74633.jpg,1-4+4=1
train/74634.jpg,3-(8-6)=1
train/74635.jpg,0+6+1=7
train/74636.jpg,(6+8)+2=16
train/74637.jpg,(8+4)*6=72
train/74638.jpg,(5-1)+5=9
train/74639.jpg,4-5*8=-36
train/74640.jpg,4-9-6=-11
train/74641.jpg,9*9*5=405
train/74642.jpg,8+(7*4)=36
train/74643.jpg,5-1*8=-3
train/74644.jpg,5+7-7=5
train/74645.jpg,2*(7+3)=20
train/74646.jpg,1*1-2=-1
train/74647.jpg,8-(8*0)=8
train/74648.jpg,(9*8)*3=216
train/74649.jpg,3-3+8=8
train/74650.jpg,4*(1+2)=12
train/74651.jpg,1-(9-7)=-1
train/74652.jpg,2*9+8=26
train/74653.jpg,4-7*6=-38
train/74654.jpg,(9*3)-6=21
train/74655.jpg,7+7+3=17
train/74656.jpg,1*(4+9)=13
train/74657.jpg,6*0-9=-9
train/74658.jpg,(0-6)-0=-6
train/74659.jpg,1+4*2=9
train/74660.jpg,4*0+0=0
train/74661.jpg,2-4+3=1
train/74662.jpg,3*(6+8)=42
train/74663.jpg,(2-4)+0=-2
train/74664.jpg,(3+5)-0=8
train/74665.jpg,0+(8-4)=4
train/74666.jpg,(0*4)-2=-2
train/74667.jpg,1-(9+4)=-12
train/74668.jpg,(5+6)+1=12
train/74669.jpg,0*6*3=0
train/74670.jpg,(4-6)*9=-18
train/74671.jpg,6*(8-8)=0
train/74672.jpg,0+4-0=4
train/74673.jpg,(8+7)+7=22
train/74674.jpg,(2+9)-0=11
train/74675.jpg,8+(9*8)=80
train/74676.jpg,2+7*4=30
train/74677.jpg,(3+1)*8=32
train/74678.jpg,7*6+2=44
train/74679.jpg,(6-5)-0=1
train/74680.jpg,9-2*8=-7
train/74681.jpg,8-2*6=-4
train/74682.jpg,(7*3)+3=24
train/74683.jpg,5+3*2=11
train/74684.jpg,6-2*9=-12
train/74685.jpg,(5+2)+2=9
train/74686.jpg,0+6-7=-1
train/74687.jpg,6*2+8=20
train/74688.jpg,7+(2*1)=9
train/74689.jpg,9*(8-4)=36
train/74690.jpg,(7-8)+3=2
train/74691.jpg,2+(4+9)=15
train/74692.jpg,(0+9)*6=54
train/74693.jpg,8+(0-0)=8
train/74694.jpg,(6+3)-5=4
train/74695.jpg,8-(6+6)=-4
train/74696.jpg,(4+5)+0=9
train/74697.jpg,9*(3-1)=18
train/74698.jpg,4+(2*5)=14
train/74699.jpg,8*2*4=64
train/74700.jpg,(0-8)*7=-56
train/74701.jpg,4+(5+0)=9
train/74702.jpg,(9*8)+5=77
train/74703.jpg,4*(3*3)=36
train/74704.jpg,4+(5-3)=6
train/74705.jpg,8*8+7=71
train/74706.jpg,0+4*6=24
train/74707.jpg,9*4-4=32
train/74708.jpg,8-(4-3)=7
train/74709.jpg,9*(6-2)=36
train/74710.jpg,(9*0)-5=-5
train/74711.jpg,(8-9)*6=-6
train/74712.jpg,(6*4)-6=18
train/74713.jpg,(7-6)*8=8
train/74714.jpg,1-(7+4)=-10
train/74715.jpg,6*7-9=33
train/74716.jpg,8+1*0=8
train/74717.jpg,7-5*2=-3
train/74718.jpg,(5*2)-0=10
train/74719.jpg,(8+0)+4=12
train/74720.jpg,8+3+3=14
train/74721.jpg,(6*5)+7=37
train/74722.jpg,(2+6)+6=14
train/74723.jpg,(6*4)*3=72
train/74724.jpg,(2*2)+6=10
train/74725.jpg,(5*0)*5=0
train/74726.jpg,7-6-8=-7
train/74727.jpg,1-8-8=-15
train/74728.jpg,(7*2)-2=12
train/74729.jpg,5+7*8=61
train/74730.jpg,4-(2*0)=4
train/74731.jpg,(5-2)-1=2
train/74732.jpg,8*(4+7)=88
train/74733.jpg,6*3-5=13
train/74734.jpg,7-(7+9)=-9
train/74735.jpg,6*8+4=52
train/74736.jpg,(6-5)-3=-2
train/74737.jpg,8-5*1=3
train/74738.jpg,(1*0)+4=4
train/74739.jpg,(8-8)-0=0
train/74740.jpg,(7-9)-6=-8
train/74741.jpg,(6-7)-9=-10
train/74742.jpg,(4*7)+1=29
train/74743.jpg,4*6*6=144
train/74744.jpg,(3+5)*7=56
train/74745.jpg,6+(6-5)=7
train/74746.jpg,(3*4)+1=13
train/74747.jpg,(8+4)+4=16
train/74748.jpg,3+(1+8)=12
train/74749.jpg,3*2-9=-3
train/74750.jpg,0+9*7=63
train/74751.jpg,(4+2)-2=4
train/74752.jpg,(6*4)+4=28
train/74753.jpg,3+(0+2)=5
train/74754.jpg,(9+2)*9=99
train/74755.jpg,6*(9-9)=0
train/74756.jpg,2*(7+0)=14
train/74757.jpg,4-5*3=-11
train/74758.jpg,7+3*4=19
train/74759.jpg,4+8-6=6
train/74760.jpg,1*(1+1)=2
train/74761.jpg,1+7*5=36
train/74762.jpg,0-2-8=-10
train/74763.jpg,2+7*3=23
train/74764.jpg,5+9*7=68
train/74765.jpg,2-9+8=1
train/74766.jpg,(4*7)-8=20
train/74767.jpg,(4-5)+1=0
train/74768.jpg,8-(7*9)=-55
train/74769.jpg,(6-1)-9=-4
train/74770.jpg,(9*2)-7=11
train/74771.jpg,9-2+0=7
train/74772.jpg,8-9-8=-9
train/74773.jpg,8+(3+6)=17
train/74774.jpg,9-(9*1)=0
train/74775.jpg,5*6+3=33
train/74776.jpg,(8-2)-8=-2
train/74777.jpg,3+8*6=51
train/74778.jpg,(3*2)-1=5
train/74779.jpg,(4*4)+4=20
train/74780.jpg,3-3*2=-3
train/74781.jpg,7+7+9=23
train/74782.jpg,(1*5)-4=1
train/74783.jpg,2+5-1=6
train/74784.jpg,9+(9+4)=22
train/74785.jpg,(8-9)+6=5
train/74786.jpg,(3*9)+7=34
train/74787.jpg,9-(9*5)=-36
train/74788.jpg,(1*7)+0=7
train/74789.jpg,6-1+1=6
train/74790.jpg,(9*5)-3=42
train/74791.jpg,(6-6)*6=0
train/74792.jpg,3+3*9=30
train/74793.jpg,(7-6)-1=0
train/74794.jpg,8+(8*7)=64
train/74795.jpg,3+(1*6)=9
train/74796.jpg,2-(6-9)=5
train/74797.jpg,(0*1)*4=0
train/74798.jpg,7-0+2=9
train/74799.jpg,8*6+5=53
train/74800.jpg,1*4-3=1
train/74801.jpg,8-5+6=9
train/74802.jpg,(0+0)+9=9
train/74803.jpg,2*(5+2)=14
train/74804.jpg,4-6+5=3
train/74805.jpg,(9-1)-4=4
train/74806.jpg,7-(2*5)=-3
train/74807.jpg,3-9-1=-7
train/74808.jpg,4-(0+5)=-1
train/74809.jpg,3*(7+5)=36
train/74810.jpg,7*(3*8)=168
train/74811.jpg,1-(5-6)=2
train/74812.jpg,(3-6)*8=-24
train/74813.jpg,3+6*7=45
train/74814.jpg,0+(4*6)=24
train/74815.jpg,(0*0)-8=-8
train/74816.jpg,(3-0)-6=-3
train/74817.jpg,(0*4)-5=-5
train/74818.jpg,(4*2)-1=7
train/74819.jpg,(3+6)+0=9
train/74820.jpg,0-(3-2)=-1
train/74821.jpg,(4+4)+2=10
train/74822.jpg,3*(0*9)=0
train/74823.jpg,3+5*2=13
train/74824.jpg,(1*9)+8=17
train/74825.jpg,1-6*0=1
train/74826.jpg,0*(0-2)=0
train/74827.jpg,0+9-0=9
train/74828.jpg,6*8+0=48
train/74829.jpg,3*8+5=29
train/74830.jpg,3-6*2=-9
train/74831.jpg,1*9-4=5
train/74832.jpg,2-8-6=-12
train/74833.jpg,5*6-1=29
train/74834.jpg,(7-9)+4=2
train/74835.jpg,(4-2)*4=8
train/74836.jpg,4-2-4=-2
train/74837.jpg,(0-4)*2=-8
train/74838.jpg,0+(6-8)=-2
train/74839.jpg,6-7-4=-5
train/74840.jpg,8*(6-2)=32
train/74841.jpg,(4*5)-9=11
train/74842.jpg,(7-5)-3=-1
train/74843.jpg,(1+2)*6=18
train/74844.jpg,(0+1)-3=-2
train/74845.jpg,4*(4+3)=28
train/74846.jpg,4-(4*1)=0
train/74847.jpg,(8+3)+5=16
train/74848.jpg,8-7*5=-27
train/74849.jpg,(6*9)+6=60
train/74850.jpg,2+(1*8)=10
train/74851.jpg,(3*7)+4=25
train/74852.jpg,0*6-1=-1
train/74853.jpg,(6+3)*7=63
train/74854.jpg,(8+3)*4=44
train/74855.jpg,(7-8)-9=-10
train/74856.jpg,8-(7*1)=1
train/74857.jpg,5-8*1=-3
train/74858.jpg,(1+3)+6=10
train/74859.jpg,(9+9)*5=90
train/74860.jpg,2*0*9=0
train/74861.jpg,(9-8)+5=6
train/74862.jpg,0-(9*9)=-81
train/74863.jpg,3-8*4=-29
train/74864.jpg,(5+2)-0=7
train/74865.jpg,5+7*4=33
train/74866.jpg,9*(3+3)=54
train/74867.jpg,6-(3+5)=-2
train/74868.jpg,0+(7-6)=1
train/74869.jpg,(4+1)+3=8
train/74870.jpg,6*(1*0)=0
train/74871.jpg,9-6+2=5
train/74872.jpg,(0*1)+0=0
train/74873.jpg,(1*2)+9=11
train/74874.jpg,8-(1*0)=8
train/74875.jpg,4+(2+2)=8
train/74876.jpg,8-(9-8)=7
train/74877.jpg,(0*3)+2=2
train/74878.jpg,0*(5+1)=0
train/74879.jpg,4*6-4=20
train/74880.jpg,4+9+4=17
train/74881.jpg,5+8+8=21
train/74882.jpg,5+(3+9)=17
train/74883.jpg,4+(0*0)=4
train/74884.jpg,7-5-0=2
train/74885.jpg,9+(8*9)=81
train/74886.jpg,8-2+0=6
train/74887.jpg,(5*7)*4=140
train/74888.jpg,6+0+5=11
train/74889.jpg,(5*7)-6=29
train/74890.jpg,2*8*8=128
train/74891.jpg,3*5+4=19
train/74892.jpg,(6*9)*2=108
train/74893.jpg,6*2-9=3
train/74894.jpg,0-8*5=-40
train/74895.jpg,8+9-7=10
train/74896.jpg,7-(0+3)=4
train/74897.jpg,(8*1)+1=9
train/74898.jpg,0+(6*7)=42
train/74899.jpg,3+2+5=10
train/74900.jpg,4-(0*4)=4
train/74901.jpg,1+(8-7)=2
train/74902.jpg,2*6*7=84
train/74903.jpg,6-2-7=-3
train/74904.jpg,9+(3-8)=4
train/74905.jpg,6*(9+7)=96
train/74906.jpg,3+(1*1)=4
train/74907.jpg,9-2-4=3
train/74908.jpg,4*(1-4)=-12
train/74909.jpg,(8*3)+7=31
train/74910.jpg,9*0+6=6
train/74911.jpg,2+(8-6)=4
train/74912.jpg,4-9+1=-4
train/74913.jpg,9-(3*9)=-18
train/74914.jpg,4+(9*1)=13
train/74915.jpg,3+5-9=-1
train/74916.jpg,(7+6)*1=13
train/74917.jpg,9*(5*7)=315
train/74918.jpg,7*(6*2)=84
train/74919.jpg,4*(5+8)=52
train/74920.jpg,8-0-0=8
train/74921.jpg,(7*9)-7=56
train/74922.jpg,(7+3)*0=0
train/74923.jpg,5*2*9=90
train/74924.jpg,2*2*9=36
train/74925.jpg,(7+7)*1=14
train/74926.jpg,5-9*5=-40
train/74927.jpg,9+7-4=12
train/74928.jpg,7+3-9=1
train/74929.jpg,5*1+6=11
train/74930.jpg,(5*4)-5=15
train/74931.jpg,(8+3)-0=11
train/74932.jpg,3*(4*8)=96
train/74933.jpg,7*1*1=7
train/74934.jpg,6-7-8=-9
train/74935.jpg,5-(6-3)=2
train/74936.jpg,(4-9)+5=0
train/74937.jpg,(8*5)-1=39
train/74938.jpg,(8+5)-4=9
train/74939.jpg,9+(0+4)=13
train/74940.jpg,3*(4*6)=72
train/74941.jpg,3+0+0=3
train/74942.jpg,1+3*1=4
train/74943.jpg,(1+3)*0=0
train/74944.jpg,(4+8)*7=84
train/74945.jpg,5+0-5=0
train/74946.jpg,(3*3)*8=72
train/74947.jpg,8-(8-4)=4
train/74948.jpg,8+3-6=5
train/74949.jpg,6-3+9=12
train/74950.jpg,8-(4*4)=-8
train/74951.jpg,8+7-3=12
train/74952.jpg,0-2+8=6
train/74953.jpg,7*(2+3)=35
train/74954.jpg,(5-3)+3=5
train/74955.jpg,7-(3-3)=7
train/74956.jpg,1*9+2=11
train/74957.jpg,3+(6*3)=21
train/74958.jpg,(6+4)*5=50
train/74959.jpg,0-(5-1)=-4
train/74960.jpg,5+(1+9)=15
train/74961.jpg,7+0+5=12
train/74962.jpg,4+(2*9)=22
train/74963.jpg,(0*5)*3=0
train/74964.jpg,(6+1)-8=-1
train/74965.jpg,2-2+3=3
train/74966.jpg,4*2*8=64
train/74967.jpg,9*2-6=12
train/74968.jpg,3*(1*8)=24
train/74969.jpg,8+(9-3)=14
train/74970.jpg,3+1-9=-5
train/74971.jpg,(2-2)*8=0
train/74972.jpg,(7+0)-5=2
train/74973.jpg,7*(8*3)=168
train/74974.jpg,(8+9)*6=102
train/74975.jpg,(8*0)*8=0
train/74976.jpg,9*(9+7)=144
train/74977.jpg,9*6-2=52
train/74978.jpg,6*8-7=41
train/74979.jpg,2*8+3=19
train/74980.jpg,8*8-5=59
train/74981.jpg,9*6-3=51
train/74982.jpg,(2-1)-5=-4
train/74983.jpg,1-(0-5)=6
train/74984.jpg,9-5-0=4
train/74985.jpg,(2-3)-2=-3
train/74986.jpg,(5*7)-0=35
train/74987.jpg,0-(3-5)=2
train/74988.jpg,(6+3)*4=36
train/74989.jpg,5-(7-6)=4
train/74990.jpg,5+8+0=13
train/74991.jpg,5+4+2=11
train/74992.jpg,(7+6)-4=9
train/74993.jpg,3-5-3=-5
train/74994.jpg,9+(2-3)=8
train/74995.jpg,9*(8-3)=45
train/74996.jpg,4*(3-1)=8
train/74997.jpg,4-(1+6)=-3
train/74998.jpg,4*(9+6)=60
train/74999.jpg,0*0-5=-5
train/75000.jpg,(3+7)-9=1
train/75001.jpg,(7*4)-2=26
train/75002.jpg,4+(5+2)=11
train/75003.jpg,6+(8+8)=22
train/75004.jpg,7-9*6=-47
train/75005.jpg,4-0-0=4
train/75006.jpg,7-8-7=-8
train/75007.jpg,7+(7-0)=14
train/75008.jpg,8+(9+2)=19
train/75009.jpg,7-9*3=-20
train/75010.jpg,(0*2)*2=0
train/75011.jpg,9-(9*5)=-36
train/75012.jpg,1+2+7=10
train/75013.jpg,9-3*4=-3
train/75014.jpg,2+(4+1)=7
train/75015.jpg,0*1-0=0
train/75016.jpg,(6-5)+0=1
train/75017.jpg,3*(8*6)=144
train/75018.jpg,3-(8*1)=-5
train/75019.jpg,7*(9-6)=21
train/75020.jpg,5+(9*3)=32
train/75021.jpg,0+(7+3)=10
train/75022.jpg,0+(1*8)=8
train/75023.jpg,(5+9)*0=0
train/75024.jpg,3+8-7=4
train/75025.jpg,2-(6+3)=-7
train/75026.jpg,9-9+2=2
train/75027.jpg,(3+3)*1=6
train/75028.jpg,(9+2)*5=55
train/75029.jpg,(1+3)+4=8
train/75030.jpg,6-(7+8)=-9
train/75031.jpg,9-(2*3)=3
train/75032.jpg,9*(1*8)=72
train/75033.jpg,6-(8-1)=-1
train/75034.jpg,(4+0)+7=11
train/75035.jpg,3+(4+0)=7
train/75036.jpg,2*(4+1)=10
train/75037.jpg,(5+8)*2=26
train/75038.jpg,4*9-1=35
train/75039.jpg,9+0-1=8
train/75040.jpg,4-8+7=3
train/75041.jpg,2+4-4=2
train/75042.jpg,(2*5)+3=13
train/75043.jpg,(4-6)+4=2
train/75044.jpg,9-(9+7)=-7
train/75045.jpg,(1*5)+6=11
train/75046.jpg,(9+5)-3=11
train/75047.jpg,0*(3*5)=0
train/75048.jpg,2*(2*2)=8
train/75049.jpg,4*(0*2)=0
train/75050.jpg,9+(2+4)=15
train/75051.jpg,5+9-3=11
train/75052.jpg,(9+8)*4=68
train/75053.jpg,2-(2-6)=6
train/75054.jpg,8-(8+4)=-4
train/75055.jpg,1-0-8=-7
train/75056.jpg,(5*6)+9=39
train/75057.jpg,(8-8)+7=7
train/75058.jpg,5*(2+0)=10
train/75059.jpg,7*(7*0)=0
train/75060.jpg,(1*9)+4=13
train/75061.jpg,7+3*3=16
train/75062.jpg,6*(2*8)=96
train/75063.jpg,(6+2)+1=9
train/75064.jpg,(9*0)+8=8
train/75065.jpg,6*3*9=162
train/75066.jpg,6*3*2=36
train/75067.jpg,(9+4)*4=52
train/75068.jpg,(8-3)+1=6
train/75069.jpg,(4-1)+2=5
train/75070.jpg,7-4*3=-5
train/75071.jpg,(0-4)+6=2
train/75072.jpg,(0+6)*6=36
train/75073.jpg,1*1+8=9
train/75074.jpg,8+9-9=8
train/75075.jpg,(7+7)+8=22
train/75076.jpg,(3+3)-9=-3
train/75077.jpg,9-0-4=5
train/75078.jpg,7*(8*5)=280
train/75079.jpg,(8-7)*7=7
train/75080.jpg,7*8*9=504
train/75081.jpg,8-(7*9)=-55
train/75082.jpg,3-0*6=3
train/75083.jpg,8*5+8=48
train/75084.jpg,(1-1)+1=1
train/75085.jpg,(9*5)+8=53
train/75086.jpg,4+(8+7)=19
train/75087.jpg,3-(2+4)=-3
train/75088.jpg,5-3*2=-1
train/75089.jpg,8*(1*1)=8
train/75090.jpg,(2-4)*6=-12
train/75091.jpg,(8-2)+5=11
train/75092.jpg,(8+8)-3=13
train/75093.jpg,2+8+2=12
train/75094.jpg,6-0-4=2
train/75095.jpg,(6*5)-4=26
train/75096.jpg,7+(2*3)=13
train/75097.jpg,(2*7)-6=8
train/75098.jpg,(8-3)-8=-3
train/75099.jpg,4-(7-0)=-3
train/75100.jpg,0*8-9=-9
train/75101.jpg,8*7-6=50
train/75102.jpg,7-8-6=-7
train/75103.jpg,5+6-7=4
train/75104.jpg,7+8-5=10
train/75105.jpg,(4+5)-6=3
train/75106.jpg,(4-8)*5=-20
train/75107.jpg,1-6+0=-5
train/75108.jpg,1*9-2=7
train/75109.jpg,(2+1)-7=-4
train/75110.jpg,(0*8)+6=6
train/75111.jpg,(7+2)-4=5
train/75112.jpg,2*6+9=21
train/75113.jpg,(1*5)*8=40
train/75114.jpg,4*(9*8)=288
train/75115.jpg,(5*2)+7=17
train/75116.jpg,0*(9-1)=0
train/75117.jpg,6*4*8=192
train/75118.jpg,5+6+6=17
train/75119.jpg,0*(7*5)=0
train/75120.jpg,7-6-2=-1
train/75121.jpg,(5-0)-6=-1
train/75122.jpg,5+4*3=17
train/75123.jpg,4*(9*9)=324
train/75124.jpg,8-(5-3)=6
train/75125.jpg,(8-1)*5=35
train/75126.jpg,0-(2+5)=-7
train/75127.jpg,(2+3)-9=-4
train/75128.jpg,8+(6-4)=10
train/75129.jpg,5-5*1=0
train/75130.jpg,0-8-5=-13
train/75131.jpg,4+(4+8)=16
train/75132.jpg,3*(7-6)=3
train/75133.jpg,6-4*0=6
train/75134.jpg,9-(1+4)=4
train/75135.jpg,(9-8)*5=5
train/75136.jpg,5*(8*0)=0
train/75137.jpg,(4-7)+4=1
train/75138.jpg,(1-7)+6=0
train/75139.jpg,(0-5)*1=-5
train/75140.jpg,(9+9)*2=36
train/75141.jpg,0*(2*6)=0
train/75142.jpg,3-3-4=-4
train/75143.jpg,4*1+7=11
train/75144.jpg,6+(6-0)=12
train/75145.jpg,0*(2+6)=0
train/75146.jpg,7+(6*3)=25
train/75147.jpg,(2+0)+3=5
train/75148.jpg,(1-7)+7=1
train/75149.jpg,4-4-8=-8
train/75150.jpg,5+(5+2)=12
train/75151.jpg,9*(3*7)=189
train/75152.jpg,(2-3)+8=7
train/75153.jpg,(7+4)*9=99
train/75154.jpg,9-(7+6)=-4
train/75155.jpg,7*(7-2)=35
train/75156.jpg,8*0+6=6
train/75157.jpg,4*3-9=3
train/75158.jpg,(6+0)+7=13
train/75159.jpg,4+(0+8)=12
train/75160.jpg,(9*6)*4=216
train/75161.jpg,2+(7-2)=7
train/75162.jpg,(1+0)*1=1
train/75163.jpg,0+1+6=7
train/75164.jpg,6*(1+3)=24
train/75165.jpg,(5*6)*5=150
train/75166.jpg,1+0-7=-6
train/75167.jpg,(6-5)+8=9
train/75168.jpg,(6+2)-4=4
train/75169.jpg,6*(0-2)=-12
train/75170.jpg,7+6-6=7
train/75171.jpg,3*(0-6)=-18
train/75172.jpg,(9-5)*1=4
train/75173.jpg,4-6-0=-2
train/75174.jpg,4-9+3=-2
train/75175.jpg,7+(4-8)=3
train/75176.jpg,(6+2)+1=9
train/75177.jpg,(4+2)-3=3
train/75178.jpg,(6+7)+0=13
train/75179.jpg,0*(3+4)=0
train/75180.jpg,2+(6*9)=56
train/75181.jpg,(0*0)*4=0
train/75182.jpg,2-(0-1)=3
train/75183.jpg,9*(6*5)=270
train/75184.jpg,(3-7)-0=-4
train/75185.jpg,9*9+8=89
train/75186.jpg,(0*0)*6=0
train/75187.jpg,6+2-7=1
train/75188.jpg,9-2*6=-3
train/75189.jpg,5-1-3=1
train/75190.jpg,(9-7)-2=0
train/75191.jpg,(8-1)+5=12
train/75192.jpg,7-(7-0)=0
train/75193.jpg,7+9-3=13
train/75194.jpg,8-5*6=-22
train/75195.jpg,7*1+4=11
train/75196.jpg,(4-9)*9=-45
train/75197.jpg,0*(5+5)=0
train/75198.jpg,2*(1-6)=-10
train/75199.jpg,7+(4*0)=7
train/75200.jpg,(7*9)-0=63
train/75201.jpg,2*(3*1)=6
train/75202.jpg,3*(5+8)=39
train/75203.jpg,8-(1-4)=11
train/75204.jpg,1+1*3=4
train/75205.jpg,9+(1+7)=17
train/75206.jpg,(7-8)+0=-1
train/75207.jpg,7-(5-9)=11
train/75208.jpg,(5+7)-2=10
train/75209.jpg,3+(3-2)=4
train/75210.jpg,(9-9)*5=0
train/75211.jpg,(1+4)*0=0
train/75212.jpg,6+(4-0)=10
train/75213.jpg,5+5*0=5
train/75214.jpg,(7-1)-5=1
train/75215.jpg,2-(7*4)=-26
train/75216.jpg,8*(9*8)=576
train/75217.jpg,(8+5)*9=117
train/75218.jpg,(4*5)-6=14
train/75219.jpg,2-(7+8)=-13
train/75220.jpg,8+(0-9)=-1
train/75221.jpg,1+1*6=7
train/75222.jpg,1-(5*2)=-9
train/75223.jpg,7+1*2=9
train/75224.jpg,(7*5)*1=35
train/75225.jpg,4+1+7=12
train/75226.jpg,(8+1)-4=5
train/75227.jpg,(9*0)-8=-8
train/75228.jpg,(1*1)*5=5
train/75229.jpg,4+3*1=7
train/75230.jpg,7-5-8=-6
train/75231.jpg,4-4+1=1
train/75232.jpg,(9+3)*1=12
train/75233.jpg,9*(0-1)=-9
train/75234.jpg,2+(4+8)=14
train/75235.jpg,(3*1)+4=7
train/75236.jpg,9-(4-1)=6
train/75237.jpg,9-(8+7)=-6
train/75238.jpg,3+0*4=3
train/75239.jpg,9*(9+7)=144
train/75240.jpg,4-(9+8)=-13
train/75241.jpg,(5+0)+2=7
train/75242.jpg,8+(3*5)=23
train/75243.jpg,7-8-0=-1
train/75244.jpg,0*7-2=-2
train/75245.jpg,(6-4)-3=-1
train/75246.jpg,7*1+5=12
train/75247.jpg,0+(3-2)=1
train/75248.jpg,7*(3-8)=-35
train/75249.jpg,(6*7)+0=42
train/75250.jpg,0+(2*3)=6
train/75251.jpg,3-(4+6)=-7
train/75252.jpg,1*1+3=4
train/75253.jpg,8+7-0=15
train/75254.jpg,(2-9)+0=-7
train/75255.jpg,5+5-2=8
train/75256.jpg,3*(2-9)=-21
train/75257.jpg,9-3*6=-9
train/75258.jpg,5-1+6=10
train/75259.jpg,(9*0)+3=3
train/75260.jpg,0*(1+5)=0
train/75261.jpg,8+(0*3)=8
train/75262.jpg,(2*4)+5=13
train/75263.jpg,7+(8*5)=47
train/75264.jpg,(7-5)+5=7
train/75265.jpg,(3-3)+4=4
train/75266.jpg,8*(0+8)=64
train/75267.jpg,9+(1+4)=14
train/75268.jpg,0+(7+5)=12
train/75269.jpg,9+(0*4)=9
train/75270.jpg,7+(7+1)=15
train/75271.jpg,7+4+6=17
train/75272.jpg,(2+3)+4=9
train/75273.jpg,1+3*6=19
train/75274.jpg,8+(8+6)=22
train/75275.jpg,5+3-3=5
train/75276.jpg,4*3*5=60
train/75277.jpg,1+(4+0)=5
train/75278.jpg,5*(8-7)=5
train/75279.jpg,(3*1)*2=6
train/75280.jpg,(9+4)-0=13
train/75281.jpg,(9-6)*9=27
train/75282.jpg,6*(7+5)=72
train/75283.jpg,(2+7)-0=9
train/75284.jpg,6*0*3=0
train/75285.jpg,4*6+1=25
train/75286.jpg,4*(3-4)=-4
train/75287.jpg,3+6*8=51
train/75288.jpg,7-(2+5)=0
train/75289.jpg,(0-2)*8=-16
train/75290.jpg,2-3*1=-1
train/75291.jpg,2+(1*4)=6
train/75292.jpg,4+1+7=12
train/75293.jpg,(6+2)-6=2
train/75294.jpg,1*(1-1)=0
train/75295.jpg,9+(1-5)=5
train/75296.jpg,(2+4)*3=18
train/75297.jpg,4-(8-0)=-4
train/75298.jpg,(7*9)*7=441
train/75299.jpg,6*(8*1)=48
train/75300.jpg,(5-7)+3=1
train/75301.jpg,1*0*6=0
train/75302.jpg,5*4+6=26
train/75303.jpg,0+1*7=7
train/75304.jpg,(4-8)*0=0
train/75305.jpg,(7-9)*2=-4
train/75306.jpg,6-3+2=5
train/75307.jpg,(7*5)-0=35
train/75308.jpg,0+7-6=1
train/75309.jpg,9*(2-6)=-36
train/75310.jpg,(1+5)*0=0
train/75311.jpg,1-(0*1)=1
train/75312.jpg,2-2-1=-1
train/75313.jpg,0+(9-9)=0
train/75314.jpg,4+(1-8)=-3
train/75315.jpg,9-1*1=8
train/75316.jpg,9*(3*9)=243
train/75317.jpg,(7+8)*6=90
train/75318.jpg,7-0+7=14
train/75319.jpg,5+9+8=22
train/75320.jpg,4*(3+4)=28
train/75321.jpg,9+0*2=9
train/75322.jpg,1*(5+5)=10
train/75323.jpg,8+3-0=11
train/75324.jpg,(3+3)*3=18
train/75325.jpg,1-1*8=-7
train/75326.jpg,3-0-1=2
train/75327.jpg,1*(5*5)=25
train/75328.jpg,(8-8)*8=0
train/75329.jpg,9*2*3=54
train/75330.jpg,9-(7-7)=9
train/75331.jpg,(7-7)+0=0
train/75332.jpg,6+5-5=6
train/75333.jpg,8*2*6=96
train/75334.jpg,(1+7)*6=48
train/75335.jpg,(6+5)+3=14
train/75336.jpg,7*(3+5)=56
train/75337.jpg,8*4-0=32
train/75338.jpg,5*(0*0)=0
train/75339.jpg,5*(5+9)=70
train/75340.jpg,0+8*4=32
train/75341.jpg,0+(0+5)=5
train/75342.jpg,5+(8*1)=13
train/75343.jpg,9+3*8=33
train/75344.jpg,5+(7+7)=19
train/75345.jpg,3+1+4=8
train/75346.jpg,4*7-6=22
train/75347.jpg,0*(5*0)=0
train/75348.jpg,4-8*3=-20
train/75349.jpg,(3+9)+8=20
train/75350.jpg,(4+9)+5=18
train/75351.jpg,4*7*3=84
train/75352.jpg,5*1+5=10
train/75353.jpg,9-(7*9)=-54
train/75354.jpg,6+(8*7)=62
train/75355.jpg,(7*6)-8=34
train/75356.jpg,(6-9)+1=-2
train/75357.jpg,5*(9*2)=90
train/75358.jpg,(6+0)-3=3
train/75359.jpg,(6*6)-0=36
train/75360.jpg,(2*6)+9=21
train/75361.jpg,(2+1)-3=0
train/75362.jpg,5-(7+5)=-7
train/75363.jpg,4+(8*0)=4
train/75364.jpg,3+7+4=14
train/75365.jpg,(5*1)+0=5
train/75366.jpg,(8+2)*2=20
train/75367.jpg,(8+7)-2=13
train/75368.jpg,5-6+7=6
train/75369.jpg,5-(1-7)=11
train/75370.jpg,1*(9-2)=7
train/75371.jpg,(4*5)*9=180
train/75372.jpg,6*4*2=48
train/75373.jpg,(0-1)-9=-10
train/75374.jpg,0-8-3=-11
train/75375.jpg,(4+6)*8=80
train/75376.jpg,8*2*5=80
train/75377.jpg,6-0*5=6
train/75378.jpg,0-(1+4)=-5
train/75379.jpg,3*(0*6)=0
train/75380.jpg,9*9*5=405
train/75381.jpg,2*(3*8)=48
train/75382.jpg,3-1*3=0
train/75383.jpg,7+6-1=12
train/75384.jpg,2*(7+9)=32
train/75385.jpg,0-(6+6)=-12
train/75386.jpg,(9-1)*7=56
train/75387.jpg,7-(0*5)=7
train/75388.jpg,4-(7-4)=1
train/75389.jpg,9*(7-3)=36
train/75390.jpg,(0+6)+1=7
train/75391.jpg,3+(4-0)=7
train/75392.jpg,7*9+2=65
train/75393.jpg,6+0*8=6
train/75394.jpg,0-(5+5)=-10
train/75395.jpg,2-(9*2)=-16
train/75396.jpg,(3+4)*9=63
train/75397.jpg,2-8+0=-6
train/75398.jpg,7-(8*2)=-9
train/75399.jpg,(6*4)-2=22
train/75400.jpg,(2+6)+0=8
train/75401.jpg,3*7+6=27
train/75402.jpg,6+(7*5)=41
train/75403.jpg,8+8-5=11
train/75404.jpg,8-(4-4)=8
train/75405.jpg,(0-7)*1=-7
train/75406.jpg,4-(8+2)=-6
train/75407.jpg,6+(5-4)=7
train/75408.jpg,9+2*3=15
train/75409.jpg,5*9+6=51
train/75410.jpg,5+(8*9)=77
train/75411.jpg,9-(1+6)=2
train/75412.jpg,6+8-3=11
train/75413.jpg,(7*5)*1=35
train/75414.jpg,(2*7)*6=84
train/75415.jpg,2+(7+6)=15
train/75416.jpg,4-3-7=-6
train/75417.jpg,(7*5)*8=280
train/75418.jpg,0*(8+6)=0
train/75419.jpg,8*(6-9)=-24
train/75420.jpg,(4-6)-0=-2
train/75421.jpg,8-7+3=4
train/75422.jpg,5+2-7=0
train/75423.jpg,7-9+0=-2
train/75424.jpg,(7*0)-7=-7
train/75425.jpg,9-8+7=8
train/75426.jpg,9-0*8=9
train/75427.jpg,(9+4)-5=8
train/75428.jpg,5+(7+0)=12
train/75429.jpg,4-(4*3)=-8
train/75430.jpg,(0-4)*1=-4
train/75431.jpg,5+(8+1)=14
train/75432.jpg,6-5-1=0
train/75433.jpg,(2*0)*4=0
train/75434.jpg,9+5-5=9
train/75435.jpg,7-(0+9)=-2
train/75436.jpg,1*(3-9)=-6
train/75437.jpg,2-(9*2)=-16
train/75438.jpg,8-0*2=8
train/75439.jpg,(8*5)-2=38
train/75440.jpg,6-(0+7)=-1
train/75441.jpg,5-(8-6)=3
train/75442.jpg,0-3-7=-10
train/75443.jpg,0*5-5=-5
train/75444.jpg,1-8+5=-2
train/75445.jpg,8*(4-6)=-16
train/75446.jpg,(4+3)+4=11
train/75447.jpg,1+2*6=13
train/75448.jpg,0-5*2=-10
train/75449.jpg,(0+2)+6=8
train/75450.jpg,2-5-9=-12
train/75451.jpg,8+4-1=11
train/75452.jpg,5-(5-7)=7
train/75453.jpg,(9+6)-3=12
train/75454.jpg,(0+1)+3=4
train/75455.jpg,6*(9+6)=90
train/75456.jpg,9+(7+2)=18
train/75457.jpg,4-8-1=-5
train/75458.jpg,3+(4+5)=12
train/75459.jpg,9*1+3=12
train/75460.jpg,(6*3)*6=108
train/75461.jpg,4*(2+9)=44
train/75462.jpg,5-2+2=5
train/75463.jpg,3-1*6=-3
train/75464.jpg,4-7+1=-2
train/75465.jpg,(8+7)*8=120
train/75466.jpg,(8*8)+6=70
train/75467.jpg,5+(2*8)=21
train/75468.jpg,(3*9)*2=54
train/75469.jpg,1*3-5=-2
train/75470.jpg,5*4+4=24
train/75471.jpg,2-9-8=-15
train/75472.jpg,6*(5+5)=60
train/75473.jpg,(8+0)*3=24
train/75474.jpg,3-5+6=4
train/75475.jpg,8+(1+6)=15
train/75476.jpg,8+(3*0)=8
train/75477.jpg,(6*4)*0=0
train/75478.jpg,6-(4-7)=9
train/75479.jpg,3-8+6=1
train/75480.jpg,(1-5)*5=-20
train/75481.jpg,7-0*8=7
train/75482.jpg,8*(8+7)=120
train/75483.jpg,(5*5)-4=21
train/75484.jpg,8*(0+7)=56
train/75485.jpg,8+0*7=8
train/75486.jpg,4+2+9=15
train/75487.jpg,5-3*1=2
train/75488.jpg,(3+3)*3=18
train/75489.jpg,0+(2*5)=10
train/75490.jpg,7*0+1=1
train/75491.jpg,(8*7)*3=168
train/75492.jpg,6*2+4=16
train/75493.jpg,0+(7+0)=7
train/75494.jpg,4*(6+7)=52
train/75495.jpg,6*6-5=31
train/75496.jpg,6*9-1=53
train/75497.jpg,4-9-3=-8
train/75498.jpg,1-(8*8)=-63
train/75499.jpg,(3-7)+3=-1
train/75500.jpg,3*(9*8)=216
train/75501.jpg,3+6+8=17
train/75502.jpg,(5-4)-1=0
train/75503.jpg,4-(7*7)=-45
train/75504.jpg,(3-0)*5=15
train/75505.jpg,6+(0-2)=4
train/75506.jpg,5+(6-4)=7
train/75507.jpg,8-3*4=-4
train/75508.jpg,(3-1)+8=10
train/75509.jpg,1-(3*4)=-11
train/75510.jpg,5+(3*3)=14
train/75511.jpg,9-4+2=7
train/75512.jpg,1*(0-1)=-1
train/75513.jpg,9*4-7=29
train/75514.jpg,6-7-6=-7
train/75515.jpg,(1*6)-1=5
train/75516.jpg,3-(8+5)=-10
train/75517.jpg,(4*7)-0=28
train/75518.jpg,(1*8)-5=3
train/75519.jpg,(3+3)-4=2
train/75520.jpg,6-5+2=3
train/75521.jpg,8-(1*0)=8
train/75522.jpg,0*0-2=-2
train/75523.jpg,0+(2+1)=3
train/75524.jpg,9-(5*4)=-11
train/75525.jpg,6*1*9=54
train/75526.jpg,(8-4)*3=12
train/75527.jpg,8*(4*1)=32
train/75528.jpg,1-(0-8)=9
train/75529.jpg,7+4*3=19
train/75530.jpg,(6-4)-2=0
train/75531.jpg,(5+9)-6=8
train/75532.jpg,8-4*3=-4
train/75533.jpg,(9-7)+1=3
train/75534.jpg,(0+3)-1=2
train/75535.jpg,9-5+6=10
train/75536.jpg,(1*8)-1=7
train/75537.jpg,(2*4)-0=8
train/75538.jpg,1*1+3=4
train/75539.jpg,(1*4)+3=7
train/75540.jpg,(3+1)*0=0
train/75541.jpg,2*(1*6)=12
train/75542.jpg,4-5*1=-1
train/75543.jpg,7+(2*3)=13
train/75544.jpg,7*(3+8)=77
train/75545.jpg,(9+9)*4=72
train/75546.jpg,(7-3)*3=12
train/75547.jpg,0-(5+3)=-8
train/75548.jpg,7*9*2=126
train/75549.jpg,9+(4-9)=4
train/75550.jpg,(7*9)-6=57
train/75551.jpg,9+(1-7)=3
train/75552.jpg,(9*1)+2=11
train/75553.jpg,1+(1+9)=11
train/75554.jpg,(5*7)-8=27
train/75555.jpg,8-(7*5)=-27
train/75556.jpg,(2+7)+7=16
train/75557.jpg,9-(8*1)=1
train/75558.jpg,2*1+4=6
train/75559.jpg,(2-0)+3=5
train/75560.jpg,6-(6-2)=2
train/75561.jpg,3*8*6=144
train/75562.jpg,7*1*0=0
train/75563.jpg,1-1-7=-7
train/75564.jpg,9+4*5=29
train/75565.jpg,3*9*8=216
train/75566.jpg,2*(7-0)=14
train/75567.jpg,0-6+1=-5
train/75568.jpg,5-(7*3)=-16
train/75569.jpg,0-(8+7)=-15
train/75570.jpg,4*2+6=14
train/75571.jpg,(3-7)-4=-8
train/75572.jpg,(7+1)-9=-1
train/75573.jpg,5*(9-7)=10
train/75574.jpg,4-5+0=-1
train/75575.jpg,8-(9-2)=1
train/75576.jpg,7+8*6=55
train/75577.jpg,4-(5*8)=-36
train/75578.jpg,4-6+2=0
train/75579.jpg,9+(3+5)=17
train/75580.jpg,(6*8)+0=48
train/75581.jpg,(2+8)+9=19
train/75582.jpg,0-9*6=-54
train/75583.jpg,(9+0)-5=4
train/75584.jpg,(4*4)*2=32
train/75585.jpg,8-(8+7)=-7
train/75586.jpg,2+2-2=2
train/75587.jpg,1*3+4=7
train/75588.jpg,1-(8-0)=-7
train/75589.jpg,3-(0-7)=10
train/75590.jpg,6+(9+2)=17
train/75591.jpg,0-(8+9)=-17
train/75592.jpg,(4*1)-0=4
train/75593.jpg,9-3+1=7
train/75594.jpg,(7*6)+0=42
train/75595.jpg,9*(3*7)=189
train/75596.jpg,(5*7)*0=0
train/75597.jpg,(8+6)*0=0
train/75598.jpg,4-(5*9)=-41
train/75599.jpg,1*(5*7)=35
train/75600.jpg,(2+8)+2=12
train/75601.jpg,8*(8-1)=56
train/75602.jpg,(7*4)+6=34
train/75603.jpg,7*5-1=34
train/75604.jpg,(3+7)*5=50
train/75605.jpg,1-4*8=-31
train/75606.jpg,2+5+5=12
train/75607.jpg,3+3*8=27
train/75608.jpg,1-(5+7)=-11
train/75609.jpg,8+6-1=13
train/75610.jpg,(8+2)-9=1
train/75611.jpg,5+(3-0)=8
train/75612.jpg,(8+7)+3=18
train/75613.jpg,(2+4)+7=13
train/75614.jpg,(6+8)-3=11
train/75615.jpg,(2*5)-2=8
train/75616.jpg,4*(1*6)=24
train/75617.jpg,(2+5)-5=2
train/75618.jpg,2*8+9=25
train/75619.jpg,(7*9)+2=65
train/75620.jpg,6-0*4=6
train/75621.jpg,8*4+5=37
train/75622.jpg,5*4+7=27
train/75623.jpg,3+5*2=13
train/75624.jpg,(7-0)*0=0
train/75625.jpg,(8-9)+3=2
train/75626.jpg,(9-7)*1=2
train/75627.jpg,(0+9)*2=18
train/75628.jpg,(4*7)-1=27
train/75629.jpg,(4*6)-2=22
train/75630.jpg,8+7-8=7
train/75631.jpg,6+(2-4)=4
train/75632.jpg,6+(9*5)=51
train/75633.jpg,5-4-0=1
train/75634.jpg,(4+6)+9=19
train/75635.jpg,0-(2+4)=-6
train/75636.jpg,7+6+2=15
train/75637.jpg,(5*9)-1=44
train/75638.jpg,3-4+0=-1
train/75639.jpg,2*(6-4)=4
train/75640.jpg,(0*4)-9=-9
train/75641.jpg,7-1*5=2
train/75642.jpg,9+0-2=7
train/75643.jpg,(6-7)+5=4
train/75644.jpg,7*(9+2)=77
train/75645.jpg,(2*6)*4=48
train/75646.jpg,3+(9-5)=7
train/75647.jpg,(5-8)*3=-9
train/75648.jpg,(9*2)-5=13
train/75649.jpg,9-5*8=-31
train/75650.jpg,4*(2+5)=28
train/75651.jpg,9+(4-7)=6
train/75652.jpg,5+9*6=59
train/75653.jpg,2-6+8=4
train/75654.jpg,3*9-9=18
train/75655.jpg,2-1+3=4
train/75656.jpg,7-(4*1)=3
train/75657.jpg,(1+5)-0=6
train/75658.jpg,3*(7-4)=9
train/75659.jpg,(0*2)*1=0
train/75660.jpg,2+9+2=13
train/75661.jpg,5+(4-3)=6
train/75662.jpg,(1+4)*7=35
train/75663.jpg,(7*1)+3=10
train/75664.jpg,6*3-7=11
train/75665.jpg,(9+8)*6=102
train/75666.jpg,(3+7)-5=5
train/75667.jpg,3+7+8=18
train/75668.jpg,(6*0)+5=5
train/75669.jpg,7-2+4=9
train/75670.jpg,(1-5)-1=-5
train/75671.jpg,(1-6)-8=-13
train/75672.jpg,(7+1)-0=8
train/75673.jpg,2+(8-3)=7
train/75674.jpg,7-(5-9)=11
train/75675.jpg,6*9*4=216
train/75676.jpg,9+(2+4)=15
train/75677.jpg,(9+5)+6=20
train/75678.jpg,(9*1)*6=54
train/75679.jpg,1*(9*8)=72
train/75680.jpg,(1*6)-2=4
train/75681.jpg,7+3+7=17
train/75682.jpg,(9-0)*2=18
train/75683.jpg,5-1*4=1
train/75684.jpg,(1*5)-3=2
train/75685.jpg,(6+9)+6=21
train/75686.jpg,1-0+1=2
train/75687.jpg,(7+8)*9=135
train/75688.jpg,2*(2+8)=20
train/75689.jpg,3-7*2=-11
train/75690.jpg,(4+2)+2=8
train/75691.jpg,(5*8)-2=38
train/75692.jpg,(4+0)*9=36
train/75693.jpg,(7+9)-9=7
train/75694.jpg,(3*2)+8=14
train/75695.jpg,(5*6)+8=38
train/75696.jpg,7*(7*7)=343
train/75697.jpg,1*(7-3)=4
train/75698.jpg,7*(0+8)=56
train/75699.jpg,(7+4)*0=0
train/75700.jpg,(7-0)+4=11
train/75701.jpg,(0-7)*9=-63
train/75702.jpg,(3*7)-1=20
train/75703.jpg,(5*5)+4=29
train/75704.jpg,2-(3+2)=-3
train/75705.jpg,2*(4-5)=-2
train/75706.jpg,1*2*6=12
train/75707.jpg,(0-9)+5=-4
train/75708.jpg,0-(8-0)=-8
train/75709.jpg,5+8-6=7
train/75710.jpg,4+(1*7)=11
train/75711.jpg,7*3-5=16
train/75712.jpg,9*9*1=81
train/75713.jpg,7-2-5=0
train/75714.jpg,1+8-7=2
train/75715.jpg,4+7-0=11
train/75716.jpg,3-(2+7)=-6
train/75717.jpg,9*8-1=71
train/75718.jpg,8*7-4=52
train/75719.jpg,8*8+0=64
train/75720.jpg,(3+2)-7=-2
train/75721.jpg,9*1*8=72
train/75722.jpg,1*(7+8)=15
train/75723.jpg,2-9+9=2
train/75724.jpg,6+(7-5)=8
train/75725.jpg,2-1*8=-6
train/75726.jpg,(6*2)+6=18
train/75727.jpg,(7+5)+7=19
train/75728.jpg,4+0*0=4
train/75729.jpg,3-8+5=0
train/75730.jpg,(4-6)-0=-2
train/75731.jpg,(8+2)+4=14
train/75732.jpg,1-(0*6)=1
train/75733.jpg,(7-3)*1=4
train/75734.jpg,8+9-0=17
train/75735.jpg,2+2*0=2
train/75736.jpg,(4-0)-4=0
train/75737.jpg,1+(9+3)=13
train/75738.jpg,9+(1*3)=12
train/75739.jpg,2*6+4=16
train/75740.jpg,9+(8*5)=49
train/75741.jpg,7-(9+4)=-6
train/75742.jpg,(1-8)-4=-11
train/75743.jpg,6-1+0=5
train/75744.jpg,0*6+7=7
train/75745.jpg,(9-7)-7=-5
train/75746.jpg,7-4-8=-5
train/75747.jpg,3+(5-8)=0
train/75748.jpg,(5-2)*8=24
train/75749.jpg,(8*2)-7=9
train/75750.jpg,(1+4)+9=14
train/75751.jpg,2-1*9=-7
train/75752.jpg,(1*0)+4=4
train/75753.jpg,7-(9+3)=-5
train/75754.jpg,7-0*3=7
train/75755.jpg,(3*8)+0=24
train/75756.jpg,1+(1+7)=9
train/75757.jpg,0*(8*9)=0
train/75758.jpg,3+(3-8)=-2
train/75759.jpg,(0+0)*5=0
train/75760.jpg,0*2*8=0
train/75761.jpg,9*(9*4)=324
train/75762.jpg,1*(9+7)=16
train/75763.jpg,7+3-9=1
train/75764.jpg,8-(4*6)=-16
train/75765.jpg,7*4+1=29
train/75766.jpg,6*5-5=25
train/75767.jpg,1+(0*3)=1
train/75768.jpg,(2*8)*5=80
train/75769.jpg,8*(2-1)=8
train/75770.jpg,0*(9*8)=0
train/75771.jpg,1*1+6=7
train/75772.jpg,(4+3)+9=16
train/75773.jpg,1+(9-7)=3
train/75774.jpg,(2*6)-7=5
train/75775.jpg,1+(4-6)=-1
train/75776.jpg,8-(9*9)=-73
train/75777.jpg,(7*6)*6=252
train/75778.jpg,(0*8)+5=5
train/75779.jpg,9-(2*2)=5
train/75780.jpg,(1*8)*9=72
train/75781.jpg,(0+3)-0=3
train/75782.jpg,8*1-1=7
train/75783.jpg,(1-1)*5=0
train/75784.jpg,7*5+9=44
train/75785.jpg,4+9+5=18
train/75786.jpg,1+8-7=2
train/75787.jpg,(8-5)+2=5
train/75788.jpg,9-(4-1)=6
train/75789.jpg,9-6*2=-3
train/75790.jpg,8-4*5=-12
train/75791.jpg,5*(2+7)=45
train/75792.jpg,9*5+0=45
train/75793.jpg,0+9-4=5
train/75794.jpg,0*(6-8)=0
train/75795.jpg,0+5-0=5
train/75796.jpg,(6+1)*1=7
train/75797.jpg,8-(8-9)=9
train/75798.jpg,(3*5)+5=20
train/75799.jpg,(9*4)+7=43
train/75800.jpg,1+(6*3)=19
train/75801.jpg,(1*3)-0=3
train/75802.jpg,(7*7)+4=53
train/75803.jpg,(7+0)*3=21
train/75804.jpg,7-(8+9)=-10
train/75805.jpg,6-(8-5)=3
train/75806.jpg,(4*6)+8=32
train/75807.jpg,8-8-9=-9
train/75808.jpg,(7*0)*9=0
train/75809.jpg,3*7*0=0
train/75810.jpg,(1-5)*3=-12
train/75811.jpg,8*(9+9)=144
train/75812.jpg,1*9-5=4
train/75813.jpg,7-(8*0)=7
train/75814.jpg,(4-2)-0=2
train/75815.jpg,7*8*5=280
train/75816.jpg,9+(9+2)=20
train/75817.jpg,1*(5+8)=13
train/75818.jpg,8-(5+7)=-4
train/75819.jpg,(4-6)*0=0
train/75820.jpg,(1-4)*7=-21
train/75821.jpg,0-1+8=7
train/75822.jpg,9-3*7=-12
train/75823.jpg,4+0+1=5
train/75824.jpg,8*7-5=51
train/75825.jpg,8-(7-0)=1
train/75826.jpg,9-8*0=9
train/75827.jpg,7+3-5=5
train/75828.jpg,5*(0*3)=0
train/75829.jpg,(4+3)-0=7
train/75830.jpg,0-(4*6)=-24
train/75831.jpg,(5+8)+1=14
train/75832.jpg,0*8+1=1
train/75833.jpg,(0+3)*0=0
train/75834.jpg,9*2*4=72
train/75835.jpg,8-(2*8)=-8
train/75836.jpg,(4*8)+5=37
train/75837.jpg,3-(9+5)=-11
train/75838.jpg,(4*8)+4=36
train/75839.jpg,5-(9+5)=-9
train/75840.jpg,9-5*2=-1
train/75841.jpg,5*0+5=5
train/75842.jpg,9*(4*8)=288
train/75843.jpg,(0-1)+7=6
train/75844.jpg,2+(3-6)=-1
train/75845.jpg,6-4*3=-6
train/75846.jpg,3+6-9=0
train/75847.jpg,(8*0)-5=-5
train/75848.jpg,9*6-9=45
train/75849.jpg,0*(8-1)=0
train/75850.jpg,7+6-6=7
train/75851.jpg,9-3*6=-9
train/75852.jpg,9+(0*9)=9
train/75853.jpg,1*4*4=16
train/75854.jpg,(5+9)+7=21
train/75855.jpg,3+(5-1)=7
train/75856.jpg,(5*4)-4=16
train/75857.jpg,7+(2-9)=0
train/75858.jpg,0*5-9=-9
train/75859.jpg,9-4*4=-7
train/75860.jpg,4-7-4=-7
train/75861.jpg,1-(8*3)=-23
train/75862.jpg,(6*1)*7=42
train/75863.jpg,6*8-6=42
train/75864.jpg,(6*0)+5=5
train/75865.jpg,5+(5+7)=17
train/75866.jpg,(7+8)-2=13
train/75867.jpg,(0*3)-1=-1
train/75868.jpg,1-(4-4)=1
train/75869.jpg,2*(4+4)=16
train/75870.jpg,3-4+7=6
train/75871.jpg,(8*1)-6=2
train/75872.jpg,1*4*3=12
train/75873.jpg,5*(5-7)=-10
train/75874.jpg,2-(3*4)=-10
train/75875.jpg,2+(5+2)=9
train/75876.jpg,9*1+9=18
train/75877.jpg,(0*8)*6=0
train/75878.jpg,2-4+8=6
train/75879.jpg,(0+4)*9=36
train/75880.jpg,2+(9-2)=9
train/75881.jpg,2+(6+6)=14
train/75882.jpg,(4*5)-8=12
train/75883.jpg,(2*5)*9=90
train/75884.jpg,8*(1*3)=24
train/75885.jpg,8-(0*7)=8
train/75886.jpg,(4+6)-5=5
train/75887.jpg,9-0*8=9
train/75888.jpg,(2-6)+7=3
train/75889.jpg,6-(0*8)=6
train/75890.jpg,(6*7)-8=34
train/75891.jpg,1*(8+5)=13
train/75892.jpg,(4*3)*3=36
train/75893.jpg,1*9-0=9
train/75894.jpg,(3-7)+2=-2
train/75895.jpg,2+(7*2)=16
train/75896.jpg,7-(8+5)=-6
train/75897.jpg,9+2*6=21
train/75898.jpg,(6-3)*6=18
train/75899.jpg,9*8*8=576
train/75900.jpg,6+8+9=23
train/75901.jpg,(6*4)+8=32
train/75902.jpg,0+(3-3)=0
train/75903.jpg,5+1*7=12
train/75904.jpg,(4-6)-8=-10
train/75905.jpg,5*2+8=18
train/75906.jpg,2+4+9=15
train/75907.jpg,(4-3)-4=-3
train/75908.jpg,8-3+8=13
train/75909.jpg,(8-3)-8=-3
train/75910.jpg,1+(1*8)=9
train/75911.jpg,3*2-7=-1
train/75912.jpg,1-7+0=-6
train/75913.jpg,(4+1)*4=20
train/75914.jpg,(7+8)*8=120
train/75915.jpg,1*(0-7)=-7
train/75916.jpg,1-9-7=-15
train/75917.jpg,8-8*2=-8
train/75918.jpg,(7*8)-9=47
train/75919.jpg,8-6-1=1
train/75920.jpg,4-(0+2)=2
train/75921.jpg,5+6-0=11
train/75922.jpg,9-2*5=-1
train/75923.jpg,(9*8)-9=63
train/75924.jpg,(6*1)-7=-1
train/75925.jpg,(9*7)*2=126
train/75926.jpg,6+(2+9)=17
train/75927.jpg,3*9*7=189
train/75928.jpg,(4*5)*0=0
train/75929.jpg,(6*9)-7=47
train/75930.jpg,(8-7)+2=3
train/75931.jpg,9*8*9=648
train/75932.jpg,(0*6)*1=0
train/75933.jpg,(5+6)+4=15
train/75934.jpg,8*(3+3)=48
train/75935.jpg,2+4+4=10
train/75936.jpg,9-(5+6)=-2
train/75937.jpg,5-9-6=-10
train/75938.jpg,(9+8)+0=17
train/75939.jpg,2+6-9=-1
train/75940.jpg,6*(6*7)=252
train/75941.jpg,3-8+1=-4
train/75942.jpg,0+(4+6)=10
train/75943.jpg,(8-9)+2=1
train/75944.jpg,0*(8+1)=0
train/75945.jpg,2-5-8=-11
train/75946.jpg,5+(0*0)=5
train/75947.jpg,(0*6)-5=-5
train/75948.jpg,(1+3)*2=8
train/75949.jpg,3-(7-7)=3
train/75950.jpg,(4+6)-9=1
train/75951.jpg,6*(0-4)=-24
train/75952.jpg,1-(6+2)=-7
train/75953.jpg,6*(9*9)=486
train/75954.jpg,(4-6)+5=3
train/75955.jpg,5+5*1=10
train/75956.jpg,9+4*5=29
train/75957.jpg,4-5+2=1
train/75958.jpg,0*(0*0)=0
train/75959.jpg,(1*0)+1=1
train/75960.jpg,9-(2*3)=3
train/75961.jpg,7+4*8=39
train/75962.jpg,0*(9-0)=0
train/75963.jpg,0+6-4=2
train/75964.jpg,5+9+3=17
train/75965.jpg,6-(5*2)=-4
train/75966.jpg,9+5-8=6
train/75967.jpg,(6+6)+3=15
train/75968.jpg,7*1-6=1
train/75969.jpg,(4+9)-7=6
train/75970.jpg,1+(7*3)=22
train/75971.jpg,(3*5)+3=18
train/75972.jpg,3+(4+3)=10
train/75973.jpg,6-6-6=-6
train/75974.jpg,1+4-7=-2
train/75975.jpg,(3+2)+8=13
train/75976.jpg,3*7-0=21
train/75977.jpg,(6-5)*0=0
train/75978.jpg,(0*7)+9=9
train/75979.jpg,5*0*7=0
train/75980.jpg,3+(2+7)=12
train/75981.jpg,7+5+6=18
train/75982.jpg,4*(7*6)=168
train/75983.jpg,2-(5+2)=-5
train/75984.jpg,8+0-8=0
train/75985.jpg,2-(8*3)=-22
train/75986.jpg,9+(8-0)=17
train/75987.jpg,9+4-1=12
train/75988.jpg,5+4*7=33
train/75989.jpg,8+(6+6)=20
train/75990.jpg,4+0*6=4
train/75991.jpg,3*(2-4)=-6
train/75992.jpg,(9-9)*3=0
train/75993.jpg,0*3*6=0
train/75994.jpg,(5*1)-2=3
train/75995.jpg,(6+0)*1=6
train/75996.jpg,(3*6)*2=36
train/75997.jpg,8+(3+7)=18
train/75998.jpg,(9+8)-3=14
train/75999.jpg,(0-1)*2=-2
train/76000.jpg,3-(1-2)=4
train/76001.jpg,(5-5)*9=0
train/76002.jpg,(7-1)*5=30
train/76003.jpg,2-(1-0)=1
train/76004.jpg,(4-0)*0=0
train/76005.jpg,1-(8+6)=-13
train/76006.jpg,1+(8+7)=16
train/76007.jpg,3+(0*7)=3
train/76008.jpg,(4+3)-0=7
train/76009.jpg,(6*1)-1=5
train/76010.jpg,0+(2*0)=0
train/76011.jpg,0+(9+6)=15
train/76012.jpg,6*4-7=17
train/76013.jpg,9+4-2=11
train/76014.jpg,(4-1)-3=0
train/76015.jpg,0+(4*9)=36
train/76016.jpg,0-0+5=5
train/76017.jpg,8-(9-4)=3
train/76018.jpg,0-7-7=-14
train/76019.jpg,7+3*9=34
train/76020.jpg,0*6+3=3
train/76021.jpg,8-6*3=-10
train/76022.jpg,4+(0*0)=4
train/76023.jpg,1-4-8=-11
train/76024.jpg,(9*4)*6=216
train/76025.jpg,4*(5-0)=20
train/76026.jpg,(3+0)-3=0
train/76027.jpg,(2+6)*4=32
train/76028.jpg,1-(1-6)=6
train/76029.jpg,8-7*3=-13
train/76030.jpg,(8-5)*7=21
train/76031.jpg,8-7+0=1
train/76032.jpg,6*(2*6)=72
train/76033.jpg,6*7+2=44
train/76034.jpg,(9-7)+9=11
train/76035.jpg,3-(8*0)=3
train/76036.jpg,9-2-6=1
train/76037.jpg,(1+9)*7=70
train/76038.jpg,2-1+1=2
train/76039.jpg,1*7*0=0
train/76040.jpg,3+5*0=3
train/76041.jpg,0*6-8=-8
train/76042.jpg,9+(4-0)=13
train/76043.jpg,(0+3)*8=24
train/76044.jpg,2*(0+0)=0
train/76045.jpg,(6-1)-5=0
train/76046.jpg,3-(6*1)=-3
train/76047.jpg,(9*5)+1=46
train/76048.jpg,7-(5-1)=3
train/76049.jpg,(8+3)-5=6
train/76050.jpg,2+(3*5)=17
train/76051.jpg,1+(9*6)=55
train/76052.jpg,1+9+7=17
train/76053.jpg,5+2-5=2
train/76054.jpg,(7+9)*7=112
train/76055.jpg,2*(2-1)=2
train/76056.jpg,(6+5)*4=44
train/76057.jpg,3*6-4=14
train/76058.jpg,3+(7-0)=10
train/76059.jpg,5*0*7=0
train/76060.jpg,7+4-3=8
train/76061.jpg,(2-4)+7=5
train/76062.jpg,(5*9)-3=42
train/76063.jpg,5-(9+1)=-5
train/76064.jpg,4+5-3=6
train/76065.jpg,(9-9)*7=0
train/76066.jpg,6-1-0=5
train/76067.jpg,(7*6)*5=210
train/76068.jpg,(2-2)-0=0
train/76069.jpg,7+(1*6)=13
train/76070.jpg,2-8-0=-6
train/76071.jpg,(4*2)+5=13
train/76072.jpg,4*(4-9)=-20
train/76073.jpg,1*0+2=2
train/76074.jpg,(4+5)-8=1
train/76075.jpg,(4*6)+0=24
train/76076.jpg,8*0-5=-5
train/76077.jpg,1-1-0=0
train/76078.jpg,6+(7*5)=41
train/76079.jpg,4+1*8=12
train/76080.jpg,6-8+6=4
train/76081.jpg,9+(5+8)=22
train/76082.jpg,5+1-2=4
train/76083.jpg,9+3-8=4
train/76084.jpg,9*(2+4)=54
train/76085.jpg,3+(2+3)=8
train/76086.jpg,(8+5)+5=18
train/76087.jpg,1+(6+0)=7
train/76088.jpg,5-1+9=13
train/76089.jpg,(0+4)-0=4
train/76090.jpg,5-(2-2)=5
train/76091.jpg,3+(6-9)=0
train/76092.jpg,(2-0)+0=2
train/76093.jpg,0-3*8=-24
train/76094.jpg,8+(0+6)=14
train/76095.jpg,(6*6)+5=41
train/76096.jpg,3+5*9=48
train/76097.jpg,1+(6+2)=9
train/76098.jpg,(7+9)*3=48
train/76099.jpg,(9-6)+2=5
train/76100.jpg,8*7*5=280
train/76101.jpg,(0-9)+3=-6
train/76102.jpg,5+(1*4)=9
train/76103.jpg,1+3+1=5
train/76104.jpg,3-(4+1)=-2
train/76105.jpg,0-0*3=0
train/76106.jpg,3*(5+5)=30
train/76107.jpg,3-0*1=3
train/76108.jpg,3+8-1=10
train/76109.jpg,(3*7)+7=28
train/76110.jpg,9-5-8=-4
train/76111.jpg,(5*7)*9=315
train/76112.jpg,6*1*6=36
train/76113.jpg,6*(8-5)=18
train/76114.jpg,(3*1)+0=3
train/76115.jpg,(8+3)+3=14
train/76116.jpg,0*(3-3)=0
train/76117.jpg,(8+6)*3=42
train/76118.jpg,(9+1)-1=9
train/76119.jpg,(9-7)*7=14
train/76120.jpg,7-8-9=-10
train/76121.jpg,1-(5*6)=-29
train/76122.jpg,4*(1+1)=8
train/76123.jpg,7*(6-5)=7
train/76124.jpg,(0+9)+0=9
train/76125.jpg,9-8-4=-3
train/76126.jpg,4+3*2=10
train/76127.jpg,(2*8)*8=128
train/76128.jpg,6*9*3=162
train/76129.jpg,1*0+9=9
train/76130.jpg,4+(8-7)=5
train/76131.jpg,4+(2+5)=11
train/76132.jpg,8*(0-9)=-72
train/76133.jpg,(0-4)*8=-32
train/76134.jpg,(6-6)-5=-5
train/76135.jpg,(7-8)+1=0
train/76136.jpg,(6+5)-4=7
train/76137.jpg,5-0-8=-3
train/76138.jpg,(2*3)+3=9
train/76139.jpg,(0+5)+0=5
train/76140.jpg,3-5-5=-7
train/76141.jpg,(9-9)+2=2
train/76142.jpg,(2+0)-8=-6
train/76143.jpg,5+(2*2)=9
train/76144.jpg,5+(6-9)=2
train/76145.jpg,7*3+9=30
train/76146.jpg,(9*1)+7=16
train/76147.jpg,(1+4)-9=-4
train/76148.jpg,(8+1)-5=4
train/76149.jpg,0-(5-8)=3
train/76150.jpg,(1-6)*4=-20
train/76151.jpg,(7-4)*1=3
train/76152.jpg,0+(8+6)=14
train/76153.jpg,(0+8)-9=-1
train/76154.jpg,6-1+1=6
train/76155.jpg,9+1-6=4
train/76156.jpg,(5*7)*8=280
train/76157.jpg,(4-6)*7=-14
train/76158.jpg,(4-4)-8=-8
train/76159.jpg,7-(5-3)=5
train/76160.jpg,1+6-7=0
train/76161.jpg,6+8*8=70
train/76162.jpg,(2-5)-0=-3
train/76163.jpg,(5*1)+5=10
train/76164.jpg,2*(6+0)=12
train/76165.jpg,(2-3)+9=8
train/76166.jpg,5-9+1=-3
train/76167.jpg,0*1+6=6
train/76168.jpg,1-(5*9)=-44
train/76169.jpg,3+(0+5)=8
train/76170.jpg,(2*9)*5=90
train/76171.jpg,(5-1)-7=-3
train/76172.jpg,8+(1+8)=17
train/76173.jpg,5*(5*2)=50
train/76174.jpg,(7+6)*5=65
train/76175.jpg,5+(7+1)=13
train/76176.jpg,3-7*5=-32
train/76177.jpg,5*(1-1)=0
train/76178.jpg,0-(2*8)=-16
train/76179.jpg,8+(2*5)=18
train/76180.jpg,7+4-7=4
train/76181.jpg,(7-5)+8=10
train/76182.jpg,9-5+2=6
train/76183.jpg,7-(4+0)=3
train/76184.jpg,6*(0+0)=0
train/76185.jpg,(3+5)+3=11
train/76186.jpg,3+5-1=7
train/76187.jpg,(0*0)-8=-8
train/76188.jpg,9-3-3=3
train/76189.jpg,7*3+4=25
train/76190.jpg,4+1+7=12
train/76191.jpg,6*(1*0)=0
train/76192.jpg,(4*2)-3=5
train/76193.jpg,5*(3+4)=35
train/76194.jpg,9-3+2=8
train/76195.jpg,(7-3)+3=7
train/76196.jpg,3*7-2=19
train/76197.jpg,2-(6*2)=-10
train/76198.jpg,2*3*1=6
train/76199.jpg,(5+1)*0=0
train/76200.jpg,8-5+5=8
train/76201.jpg,4*(2+2)=16
train/76202.jpg,4*3+6=18
train/76203.jpg,9-6-5=-2
train/76204.jpg,8*(1-7)=-48
train/76205.jpg,2+9+7=18
train/76206.jpg,4+(5+3)=12
train/76207.jpg,0*0+4=4
train/76208.jpg,(5*3)-5=10
train/76209.jpg,9*5-2=43
train/76210.jpg,6*(0*9)=0
train/76211.jpg,(1*6)+4=10
train/76212.jpg,5*6*9=270
train/76213.jpg,(3*9)-9=18
train/76214.jpg,(9+3)-4=8
train/76215.jpg,9-(7-1)=3
train/76216.jpg,(4+4)*6=48
train/76217.jpg,4*(3*4)=48
train/76218.jpg,1+8+4=13
train/76219.jpg,9-4+8=13
train/76220.jpg,(0-6)*2=-12
train/76221.jpg,2*5*5=50
train/76222.jpg,6*4-9=15
train/76223.jpg,5+(4-0)=9
train/76224.jpg,6+6-4=8
train/76225.jpg,6-5-2=-1
train/76226.jpg,5-9-2=-6
train/76227.jpg,9-9*9=-72
train/76228.jpg,(1-8)+8=1
train/76229.jpg,3-5+1=-1
train/76230.jpg,2*5+4=14
train/76231.jpg,5-0+9=14
train/76232.jpg,(2+9)-1=10
train/76233.jpg,5+(3*5)=20
train/76234.jpg,(3+0)+5=8
train/76235.jpg,(6+5)*8=88
train/76236.jpg,(4+0)+5=9
train/76237.jpg,5*(3+7)=50
train/76238.jpg,6*(4-7)=-18
train/76239.jpg,2-3-9=-10
train/76240.jpg,(0-6)+6=0
train/76241.jpg,4+(4+2)=10
train/76242.jpg,6+(0*5)=6
train/76243.jpg,(8*0)-6=-6
train/76244.jpg,7-(1-0)=6
train/76245.jpg,5+4+5=14
train/76246.jpg,9*(1+5)=54
train/76247.jpg,5-(5-6)=6
train/76248.jpg,(4*6)+7=31
train/76249.jpg,2*5*3=30
train/76250.jpg,7-(0+8)=-1
train/76251.jpg,(4*5)+7=27
train/76252.jpg,9*(4*2)=72
train/76253.jpg,2+(0-4)=-2
train/76254.jpg,2-(8+0)=-6
train/76255.jpg,8-7-1=0
train/76256.jpg,0*1*1=0
train/76257.jpg,1*7*9=63
train/76258.jpg,(4-4)-8=-8
train/76259.jpg,8*1*8=64
train/76260.jpg,(6-0)+5=11
train/76261.jpg,0+(7+5)=12
train/76262.jpg,8-(8+7)=-7
train/76263.jpg,7-(4*4)=-9
train/76264.jpg,8+0*5=8
train/76265.jpg,0+(7+6)=13
train/76266.jpg,(7-3)-9=-5
train/76267.jpg,(7*9)-8=55
train/76268.jpg,5+(3+8)=16
train/76269.jpg,6+(6-1)=11
train/76270.jpg,6+1*4=10
train/76271.jpg,8+9-9=8
train/76272.jpg,5*7*6=210
train/76273.jpg,(1*2)*8=16
train/76274.jpg,(9-6)+0=3
train/76275.jpg,(7-5)-3=-1
train/76276.jpg,4*2-4=4
train/76277.jpg,(7*3)*2=42
train/76278.jpg,6+(1*5)=11
train/76279.jpg,0+(1-3)=-2
train/76280.jpg,9*4*0=0
train/76281.jpg,0*4+3=3
train/76282.jpg,2+(0-6)=-4
train/76283.jpg,6+1+3=10
train/76284.jpg,5*6-0=30
train/76285.jpg,0*0+0=0
train/76286.jpg,9+1+9=19
train/76287.jpg,0*(0+8)=0
train/76288.jpg,1+(6+1)=8
train/76289.jpg,(8*4)+4=36
train/76290.jpg,1-3-9=-11
train/76291.jpg,3-(6+5)=-8
train/76292.jpg,8-3-6=-1
train/76293.jpg,1+4+7=12
train/76294.jpg,0+(3+1)=4
train/76295.jpg,(6+5)+7=18
train/76296.jpg,6-(8+9)=-11
train/76297.jpg,5*(2*9)=90
train/76298.jpg,6*3+1=19
train/76299.jpg,2-(0-4)=6
train/76300.jpg,7-(5-3)=5
train/76301.jpg,2+3+9=14
train/76302.jpg,6*7+2=44
train/76303.jpg,3-6*9=-51
train/76304.jpg,0-(6*2)=-12
train/76305.jpg,7*(6*9)=378
train/76306.jpg,3-0*2=3
train/76307.jpg,(6+3)-6=3
train/76308.jpg,8+5-1=12
train/76309.jpg,(7*4)-0=28
train/76310.jpg,3-(5+7)=-9
train/76311.jpg,9*3+0=27
train/76312.jpg,4-(9+2)=-7
train/76313.jpg,2-0*0=2
train/76314.jpg,8+2-6=4
train/76315.jpg,(1*3)-2=1
train/76316.jpg,7*2-4=10
train/76317.jpg,4-9+0=-5
train/76318.jpg,7+2+7=16
train/76319.jpg,1-(3+9)=-11
train/76320.jpg,0+3+5=8
train/76321.jpg,8-(7*8)=-48
train/76322.jpg,5-(0*5)=5
train/76323.jpg,7-6*9=-47
train/76324.jpg,8+5-7=6
train/76325.jpg,(3*5)*9=135
train/76326.jpg,2+(6+0)=8
train/76327.jpg,9*(9+5)=126
train/76328.jpg,6+2-5=3
train/76329.jpg,(5+8)*8=104
train/76330.jpg,7*(0*4)=0
train/76331.jpg,5-(3+4)=-2
train/76332.jpg,(4*2)-8=0
train/76333.jpg,2-6-8=-12
train/76334.jpg,(9-4)+1=6
train/76335.jpg,(0-7)*4=-28
train/76336.jpg,2*6-4=8
train/76337.jpg,6+0*2=6
train/76338.jpg,4*(6-9)=-12
train/76339.jpg,2*4*7=56
train/76340.jpg,(4-4)-3=-3
train/76341.jpg,(0-4)+2=-2
train/76342.jpg,(0*8)-3=-3
train/76343.jpg,1+8+6=15
train/76344.jpg,5-(0-6)=11
train/76345.jpg,4*(7+2)=36
train/76346.jpg,3-2+6=7
train/76347.jpg,(9*3)*5=135
train/76348.jpg,(9+0)-6=3
train/76349.jpg,1+2+0=3
train/76350.jpg,8-2-7=-1
train/76351.jpg,3-2+6=7
train/76352.jpg,4-(8-6)=2
train/76353.jpg,(9-4)+0=5
train/76354.jpg,3+1*6=9
train/76355.jpg,1+8-3=6
train/76356.jpg,6-2*5=-4
train/76357.jpg,3*(4+8)=36
train/76358.jpg,(2-7)+9=4
train/76359.jpg,2+(6-0)=8
train/76360.jpg,8+7*3=29
train/76361.jpg,(7-4)*3=9
train/76362.jpg,2*(0+2)=4
train/76363.jpg,5+(5+5)=15
train/76364.jpg,2+(3*3)=11
train/76365.jpg,1-3-9=-11
train/76366.jpg,2*5+6=16
train/76367.jpg,3-6+2=-1
train/76368.jpg,(8+8)*7=112
train/76369.jpg,4-(2+9)=-7
train/76370.jpg,3*(4*2)=24
train/76371.jpg,(5*7)+8=43
train/76372.jpg,9-0*3=9
train/76373.jpg,0-(4+7)=-11
train/76374.jpg,1+6+6=13
train/76375.jpg,1*8*6=48
train/76376.jpg,1*4+1=5
train/76377.jpg,1+8*7=57
train/76378.jpg,4+8+5=17
train/76379.jpg,9-1+9=17
train/76380.jpg,(0-6)*9=-54
train/76381.jpg,9*(7*3)=189
train/76382.jpg,(8+0)-0=8
train/76383.jpg,(8+0)-0=8
train/76384.jpg,0+(2*1)=2
train/76385.jpg,4*(0*6)=0
train/76386.jpg,2*9+0=18
train/76387.jpg,7*(6*6)=252
train/76388.jpg,0+6-4=2
train/76389.jpg,1*5+4=9
train/76390.jpg,(5-4)-6=-5
train/76391.jpg,5*6*5=150
train/76392.jpg,0*(5-4)=0
train/76393.jpg,7+5-8=4
train/76394.jpg,6-0*6=6
train/76395.jpg,9+(5+4)=18
train/76396.jpg,(8+5)+4=17
train/76397.jpg,(9+3)+0=12
train/76398.jpg,6-(9-4)=1
train/76399.jpg,6-1+3=8
train/76400.jpg,1*1*4=4
train/76401.jpg,5-5-6=-6
train/76402.jpg,8-(6*4)=-16
train/76403.jpg,(6*0)-4=-4
train/76404.jpg,1-5*8=-39
train/76405.jpg,(9-1)+0=8
train/76406.jpg,(8*3)+8=32
train/76407.jpg,6*1-7=-1
train/76408.jpg,(3+9)*9=108
train/76409.jpg,(1-2)+4=3
train/76410.jpg,(6-0)*6=36
train/76411.jpg,7*(6-7)=-7
train/76412.jpg,9*1+4=13
train/76413.jpg,(3*7)-2=19
train/76414.jpg,6*(2-0)=12
train/76415.jpg,0*(9*2)=0
train/76416.jpg,(4+0)-1=3
train/76417.jpg,8*(6+8)=112
train/76418.jpg,4*(3-8)=-20
train/76419.jpg,9-1*1=8
train/76420.jpg,7*5+7=42
train/76421.jpg,6-7-4=-5
train/76422.jpg,1+6*2=13
train/76423.jpg,0*(8*1)=0
train/76424.jpg,(7+0)+6=13
train/76425.jpg,1*4+8=12
train/76426.jpg,(3-2)-1=0
train/76427.jpg,6-8-3=-5
train/76428.jpg,1+(1*2)=3
train/76429.jpg,3-(4*7)=-25
train/76430.jpg,0-7*7=-49
train/76431.jpg,9*(4+8)=108
train/76432.jpg,7-(9+0)=-2
train/76433.jpg,(1+1)*5=10
train/76434.jpg,4*2+2=10
train/76435.jpg,(7*1)+7=14
train/76436.jpg,4-7-2=-5
train/76437.jpg,(3*6)-2=16
train/76438.jpg,3-3-9=-9
train/76439.jpg,(4-8)*1=-4
train/76440.jpg,3*(2+8)=30
train/76441.jpg,4*(7-2)=20
train/76442.jpg,9+(5-8)=6
train/76443.jpg,7-1+9=15
train/76444.jpg,7*2*0=0
train/76445.jpg,9-3+3=9
train/76446.jpg,(2*2)*0=0
train/76447.jpg,(9+9)+0=18
train/76448.jpg,2*(1+7)=16
train/76449.jpg,9-5*7=-26
train/76450.jpg,8+(0-2)=6
train/76451.jpg,0*(0*1)=0
train/76452.jpg,7-4*1=3
train/76453.jpg,0*4+9=9
train/76454.jpg,8*(1*2)=16
train/76455.jpg,5+9+4=18
train/76456.jpg,(3+3)*9=54
train/76457.jpg,(3+7)+2=12
train/76458.jpg,9-8+2=3
train/76459.jpg,1*2*3=6
train/76460.jpg,6+0+6=12
train/76461.jpg,3*(1-6)=-15
train/76462.jpg,1*(1*6)=6
train/76463.jpg,1+3+5=9
train/76464.jpg,3*3-2=7
train/76465.jpg,6-(6+1)=-1
train/76466.jpg,4+1*3=7
train/76467.jpg,(5*9)-7=38
train/76468.jpg,8+(5-3)=10
train/76469.jpg,8*0-3=-3
train/76470.jpg,9-(5*1)=4
train/76471.jpg,(6*0)-3=-3
train/76472.jpg,8*(8+2)=80
train/76473.jpg,(2*6)*0=0
train/76474.jpg,3*(4*4)=48
train/76475.jpg,(0-5)*5=-25
train/76476.jpg,9*3-4=23
train/76477.jpg,(3*9)+2=29
train/76478.jpg,5-7+6=4
train/76479.jpg,4+5-2=7
train/76480.jpg,(8-8)-6=-6
train/76481.jpg,3*6*5=90
train/76482.jpg,9-9*4=-27
train/76483.jpg,1+(6-0)=7
train/76484.jpg,5-(8-7)=4
train/76485.jpg,(5*0)+6=6
train/76486.jpg,8*(8-7)=8
train/76487.jpg,1-(3-8)=6
train/76488.jpg,5-(6*4)=-19
train/76489.jpg,6*9+5=59
train/76490.jpg,(4+3)*5=35
train/76491.jpg,5-(4+8)=-7
train/76492.jpg,7-(8+5)=-6
train/76493.jpg,8*(4*8)=256
train/76494.jpg,0*(5+6)=0
train/76495.jpg,0+5*2=10
train/76496.jpg,5*(3*8)=120
train/76497.jpg,6-1+2=7
train/76498.jpg,5*(9+3)=60
train/76499.jpg,8+(8+1)=17
train/76500.jpg,6-8*9=-66
train/76501.jpg,(8*6)-9=39
train/76502.jpg,(7-9)+0=-2
train/76503.jpg,(7-3)-2=2
train/76504.jpg,(7+4)-1=10
train/76505.jpg,5*(3-4)=-5
train/76506.jpg,7-(2+1)=4
train/76507.jpg,0+2*0=0
train/76508.jpg,(6*3)-7=11
train/76509.jpg,0*6+5=5
train/76510.jpg,9+(5-8)=6
train/76511.jpg,9+1+9=19
train/76512.jpg,5*(5*8)=200
train/76513.jpg,2-(9-7)=0
train/76514.jpg,7-(6-3)=4
train/76515.jpg,6-(3-9)=12
train/76516.jpg,1+3*6=19
train/76517.jpg,7+1-7=1
train/76518.jpg,3*8*9=216
train/76519.jpg,(3*4)*8=96
train/76520.jpg,(0+1)-5=-4
train/76521.jpg,(9*2)-3=15
train/76522.jpg,0+4-1=3
train/76523.jpg,0-(3-5)=2
train/76524.jpg,(5*6)-8=22
train/76525.jpg,4+(3-9)=-2
train/76526.jpg,6*(2-7)=-30
train/76527.jpg,(5*3)*5=75
train/76528.jpg,5+(8-0)=13
train/76529.jpg,2+8+5=15
train/76530.jpg,(6*4)*7=168
train/76531.jpg,(1*3)*9=27
train/76532.jpg,1*(8-3)=5
train/76533.jpg,3-3-5=-5
train/76534.jpg,(3+4)+6=13
train/76535.jpg,6+(0+8)=14
train/76536.jpg,(1+7)-7=1
train/76537.jpg,9+2*9=27
train/76538.jpg,3*(5-5)=0
train/76539.jpg,9-(7+4)=-2
train/76540.jpg,6+3+5=14
train/76541.jpg,6-4*0=6
train/76542.jpg,(0*5)-7=-7
train/76543.jpg,7+(6*8)=55
train/76544.jpg,(9*3)*2=54
train/76545.jpg,7*(9+8)=119
train/76546.jpg,(5*4)*1=20
train/76547.jpg,6*(2*3)=36
train/76548.jpg,2-(3+6)=-7
train/76549.jpg,8-9-1=-2
train/76550.jpg,5+(7-7)=5
train/76551.jpg,2+8-8=2
train/76552.jpg,(3-3)*7=0
train/76553.jpg,2*(2*4)=16
train/76554.jpg,3*(2-7)=-15
train/76555.jpg,1*(8-7)=1
train/76556.jpg,2*(2-0)=4
train/76557.jpg,4*1+9=13
train/76558.jpg,(1+8)*0=0
train/76559.jpg,(0*6)*8=0
train/76560.jpg,(3+0)+2=5
train/76561.jpg,9+4+6=19
train/76562.jpg,5-(1+3)=1
train/76563.jpg,7*(8-4)=28
train/76564.jpg,5+6+7=18
train/76565.jpg,4-4*2=-4
train/76566.jpg,(5*5)-6=19
train/76567.jpg,(0+0)+2=2
train/76568.jpg,(1+0)+1=2
train/76569.jpg,8*(8+1)=72
train/76570.jpg,8-(9-3)=2
train/76571.jpg,(4*6)-6=18
train/76572.jpg,(3+5)+6=14
train/76573.jpg,(4*7)-1=27
train/76574.jpg,0*(8*2)=0
train/76575.jpg,4*9+1=37
train/76576.jpg,1+6+8=15
train/76577.jpg,0+5+5=10
train/76578.jpg,8+8-8=8
train/76579.jpg,(9*5)-4=41
train/76580.jpg,3*(3+9)=36
train/76581.jpg,5-9-3=-7
train/76582.jpg,4-(6*6)=-32
train/76583.jpg,8+(1-6)=3
train/76584.jpg,4+(2-7)=-1
train/76585.jpg,(2*4)+5=13
train/76586.jpg,3+(8+8)=19
train/76587.jpg,(3-5)*4=-8
train/76588.jpg,6*0*0=0
train/76589.jpg,3*8-3=21
train/76590.jpg,2*1-3=-1
train/76591.jpg,3*8*2=48
train/76592.jpg,(1*8)+0=8
train/76593.jpg,4+4+3=11
train/76594.jpg,(2-3)-9=-10
train/76595.jpg,1*(3*9)=27
train/76596.jpg,(5+9)-8=6
train/76597.jpg,2-3*5=-13
train/76598.jpg,(1*6)+7=13
train/76599.jpg,9+(5-7)=7
train/76600.jpg,1-(7*7)=-48
train/76601.jpg,0-(3+5)=-8
train/76602.jpg,5-1-9=-5
train/76603.jpg,8+(5-3)=10
train/76604.jpg,4+(5*8)=44
train/76605.jpg,0+(4+9)=13
train/76606.jpg,1-(5+8)=-12
train/76607.jpg,(9-4)+4=9
train/76608.jpg,(8-5)*9=27
train/76609.jpg,8*4*6=192
train/76610.jpg,(0+0)-0=0
train/76611.jpg,(2-2)-0=0
train/76612.jpg,(2+8)*2=20
train/76613.jpg,(3-0)+9=12
train/76614.jpg,(1-2)*7=-7
train/76615.jpg,7*4*3=84
train/76616.jpg,1*(2+8)=10
train/76617.jpg,0+5*2=10
train/76618.jpg,3*1*2=6
train/76619.jpg,(6*8)-5=43
train/76620.jpg,(9*5)-4=41
train/76621.jpg,4-(6-4)=2
train/76622.jpg,(2-6)+9=5
train/76623.jpg,(0+7)*8=56
train/76624.jpg,(5+7)+3=15
train/76625.jpg,6-(7*2)=-8
train/76626.jpg,(2+9)+6=17
train/76627.jpg,3-4*4=-13
train/76628.jpg,0+(3-1)=2
train/76629.jpg,7-8*4=-25
train/76630.jpg,4*5*4=80
train/76631.jpg,6+5-4=7
train/76632.jpg,1*(1-8)=-7
train/76633.jpg,(4+7)-5=6
train/76634.jpg,4+3-2=5
train/76635.jpg,3+0*6=3
train/76636.jpg,0+(9*7)=63
train/76637.jpg,(7+7)+1=15
train/76638.jpg,(3*8)+9=33
train/76639.jpg,7+0*3=7
train/76640.jpg,1+9*9=82
train/76641.jpg,2-(0-6)=8
train/76642.jpg,8-6-3=-1
train/76643.jpg,1*(1+7)=8
train/76644.jpg,2-(3+8)=-9
train/76645.jpg,4-(5+7)=-8
train/76646.jpg,6*1*0=0
train/76647.jpg,3*(3*0)=0
train/76648.jpg,6+7-8=5
train/76649.jpg,2*8+7=23
train/76650.jpg,0+2*2=4
train/76651.jpg,6-3+9=12
train/76652.jpg,1-2-8=-9
train/76653.jpg,(1*8)*8=64
train/76654.jpg,8+(7+1)=16
train/76655.jpg,(2*6)-2=10
train/76656.jpg,(4*2)-8=0
train/76657.jpg,(4-7)+3=0
train/76658.jpg,0+(2-0)=2
train/76659.jpg,5*(9*2)=90
train/76660.jpg,2+(8-8)=2
train/76661.jpg,8-2-7=-1
train/76662.jpg,0-2-3=-5
train/76663.jpg,(3*0)-6=-6
train/76664.jpg,(7*3)+4=25
train/76665.jpg,4-0-9=-5
train/76666.jpg,9-1+1=9
train/76667.jpg,(2+7)-0=9
train/76668.jpg,3-(4-2)=1
train/76669.jpg,9*0-2=-2
train/76670.jpg,(0-9)*6=-54
train/76671.jpg,8-(2*1)=6
train/76672.jpg,4-2*8=-12
train/76673.jpg,(3+6)*1=9
train/76674.jpg,4-(2+3)=-1
train/76675.jpg,7-0*5=7
train/76676.jpg,(7-9)*8=-16
train/76677.jpg,3*(1-0)=3
train/76678.jpg,(7*8)-0=56
train/76679.jpg,(4-3)+8=9
train/76680.jpg,(1+9)*5=50
train/76681.jpg,3-(6+3)=-6
train/76682.jpg,0-(1+3)=-4
train/76683.jpg,(2+0)+1=3
train/76684.jpg,4+8*0=4
train/76685.jpg,(8*5)+6=46
train/76686.jpg,(7*7)-0=49
train/76687.jpg,(7*7)-5=44
train/76688.jpg,1+(3*6)=19
train/76689.jpg,4+(0*1)=4
train/76690.jpg,2+6-2=6
train/76691.jpg,(1-3)+0=-2
train/76692.jpg,9+2-2=9
train/76693.jpg,4+(5+5)=14
train/76694.jpg,(3*2)+6=12
train/76695.jpg,(3+1)*8=32
train/76696.jpg,3+(7+5)=15
train/76697.jpg,(2*0)*4=0
train/76698.jpg,(7*9)-0=63
train/76699.jpg,2+(0-0)=2
train/76700.jpg,6-(8*1)=-2
train/76701.jpg,7+4+9=20
train/76702.jpg,(1*5)+3=8
train/76703.jpg,4+(2+7)=13
train/76704.jpg,(0*3)+2=2
train/76705.jpg,7*(9*0)=0
train/76706.jpg,4+4-3=5
train/76707.jpg,(4*7)*3=84
train/76708.jpg,1-(8+5)=-12
train/76709.jpg,(0-2)+1=-1
train/76710.jpg,5+9-6=8
train/76711.jpg,(1-0)+4=5
train/76712.jpg,1-6+4=-1
train/76713.jpg,8-8+3=3
train/76714.jpg,4-5*0=4
train/76715.jpg,2*9+5=23
train/76716.jpg,3-2-9=-8
train/76717.jpg,4*8-9=23
train/76718.jpg,9+(8*1)=17
train/76719.jpg,(9+8)*2=34
train/76720.jpg,4-(9+8)=-13
train/76721.jpg,(3*8)*8=192
train/76722.jpg,1*(5*4)=20
train/76723.jpg,6-7+6=5
train/76724.jpg,9-(1*4)=5
train/76725.jpg,1+(3*4)=13
train/76726.jpg,1-(9*9)=-80
train/76727.jpg,0+7*7=49
train/76728.jpg,(6*4)+9=33
train/76729.jpg,1*4-4=0
train/76730.jpg,0*(5*9)=0
train/76731.jpg,4+(6+1)=11
train/76732.jpg,(9*9)+9=90
train/76733.jpg,4*6*7=168
train/76734.jpg,(1*5)-8=-3
train/76735.jpg,(1*1)+3=4
train/76736.jpg,1*(3-0)=3
train/76737.jpg,0+(7+2)=9
train/76738.jpg,1*(0*9)=0
train/76739.jpg,9-8+7=8
train/76740.jpg,(9*2)+4=22
train/76741.jpg,6+(6+7)=19
train/76742.jpg,6-(3+3)=0
train/76743.jpg,(9*3)*4=108
train/76744.jpg,(2+4)-5=1
train/76745.jpg,(7-7)*5=0
train/76746.jpg,0+4*1=4
train/76747.jpg,6-(7*3)=-15
train/76748.jpg,1+(7*4)=29
train/76749.jpg,2+7+9=18
train/76750.jpg,(6+4)+1=11
train/76751.jpg,1*0+3=3
train/76752.jpg,8*(8-0)=64
train/76753.jpg,8-(5+4)=-1
train/76754.jpg,1*2+6=8
train/76755.jpg,4+6*8=52
train/76756.jpg,1-5+8=4
train/76757.jpg,3+(0+2)=5
train/76758.jpg,1*(0*0)=0
train/76759.jpg,(1+5)+5=11
train/76760.jpg,3+(5*7)=38
train/76761.jpg,8-0*9=8
train/76762.jpg,(0-8)-5=-13
train/76763.jpg,(6+6)+0=12
train/76764.jpg,7+(4+8)=19
train/76765.jpg,(6-6)+7=7
train/76766.jpg,7*6*4=168
train/76767.jpg,(9-5)*8=32
train/76768.jpg,(4+9)+7=20
train/76769.jpg,2-(3*8)=-22
train/76770.jpg,0-1+8=7
train/76771.jpg,6-9+1=-2
train/76772.jpg,(3*9)*7=189
train/76773.jpg,(6+5)*6=66
train/76774.jpg,(7*4)*8=224
train/76775.jpg,0-1*5=-5
train/76776.jpg,(5+8)-8=5
train/76777.jpg,(6*0)*4=0
train/76778.jpg,9+8-5=12
train/76779.jpg,(0+3)+6=9
train/76780.jpg,(3-8)+7=2
train/76781.jpg,(3*5)+6=21
train/76782.jpg,(0*2)-1=-1
train/76783.jpg,1-(1+2)=-2
train/76784.jpg,(2+2)+4=8
train/76785.jpg,6+5*0=6
train/76786.jpg,1+3*7=22
train/76787.jpg,8*(9*6)=432
train/76788.jpg,4-2-9=-7
train/76789.jpg,3-(1*8)=-5
train/76790.jpg,9-9+0=0
train/76791.jpg,(9*2)*4=72
train/76792.jpg,(7-8)*1=-1
train/76793.jpg,9+(2*0)=9
train/76794.jpg,4-(0+1)=3
train/76795.jpg,(0-2)*3=-6
train/76796.jpg,6+9-6=9
train/76797.jpg,7*(4-5)=-7
train/76798.jpg,3+2*3=9
train/76799.jpg,3+(6*2)=15
train/76800.jpg,6*2*8=96
train/76801.jpg,0+6*3=18
train/76802.jpg,9-(3-6)=12
train/76803.jpg,8+(0-9)=-1
train/76804.jpg,5-(8-6)=3
train/76805.jpg,2-0-6=-4
train/76806.jpg,3*(7+3)=30
train/76807.jpg,6+(9*6)=60
train/76808.jpg,4*(4*6)=96
train/76809.jpg,5+0*8=5
train/76810.jpg,5-3*2=-1
train/76811.jpg,4*(4+5)=36
train/76812.jpg,8*(8+2)=80
train/76813.jpg,7*9-0=63
train/76814.jpg,(4+4)*4=32
train/76815.jpg,6-2*8=-10
train/76816.jpg,2+3+5=10
train/76817.jpg,0-8+1=-7
train/76818.jpg,7*4*3=84
train/76819.jpg,9+(8*4)=41
train/76820.jpg,(4-0)*7=28
train/76821.jpg,(5-2)*6=18
train/76822.jpg,9+6*3=27
train/76823.jpg,(3-5)*3=-6
train/76824.jpg,(4+2)-5=1
train/76825.jpg,1-(8+1)=-8
train/76826.jpg,(4+4)*8=64
train/76827.jpg,1*(8-5)=3
train/76828.jpg,8*0-5=-5
train/76829.jpg,4-9*2=-14
train/76830.jpg,3-9+2=-4
train/76831.jpg,2*(7+5)=24
train/76832.jpg,1-(3*8)=-23
train/76833.jpg,0+0-5=-5
train/76834.jpg,(3+1)-5=-1
train/76835.jpg,2*(3+5)=16
train/76836.jpg,(1+5)-3=3
train/76837.jpg,5-3+3=5
train/76838.jpg,(6-1)*9=45
train/76839.jpg,0-(1-2)=1
train/76840.jpg,0-0*3=0
train/76841.jpg,(5+0)+1=6
train/76842.jpg,4*1-1=3
train/76843.jpg,1*(7-1)=6
train/76844.jpg,(9+1)+4=14
train/76845.jpg,9*(3*1)=27
train/76846.jpg,9+0+8=17
train/76847.jpg,1-2+4=3
train/76848.jpg,(2-9)+6=-1
train/76849.jpg,6-(0-3)=9
train/76850.jpg,2+8*3=26
train/76851.jpg,4-8-6=-10
train/76852.jpg,8*5+6=46
train/76853.jpg,(7+8)+5=20
train/76854.jpg,8*0*3=0
train/76855.jpg,8*7-6=50
train/76856.jpg,9-7*1=2
train/76857.jpg,1+9+0=10
train/76858.jpg,4*(6*6)=144
train/76859.jpg,9-0-7=2
train/76860.jpg,1-(7+7)=-13
train/76861.jpg,(9-1)*1=8
train/76862.jpg,0-(6+9)=-15
train/76863.jpg,(7*5)*0=0
train/76864.jpg,8+5+1=14
train/76865.jpg,0*0+6=6
train/76866.jpg,(3-2)-2=-1
train/76867.jpg,(3-1)-5=-3
train/76868.jpg,4+(9*2)=22
train/76869.jpg,(2*1)-2=0
train/76870.jpg,3-9-8=-14
train/76871.jpg,1-0+3=4
train/76872.jpg,1-(8*6)=-47
train/76873.jpg,6*3*7=126
train/76874.jpg,(8-8)-8=-8
train/76875.jpg,7+(2*3)=13
train/76876.jpg,7*7-3=46
train/76877.jpg,2-(0-2)=4
train/76878.jpg,9*9+7=88
train/76879.jpg,6-(4*0)=6
train/76880.jpg,4+(7+2)=13
train/76881.jpg,(4-2)-5=-3
train/76882.jpg,2*9-0=18
train/76883.jpg,0*(5+7)=0
train/76884.jpg,(5-2)*2=6
train/76885.jpg,(4*5)*6=120
train/76886.jpg,(2*6)*8=96
train/76887.jpg,0+(8*8)=64
train/76888.jpg,(4-0)*6=24
train/76889.jpg,(5+2)-1=6
train/76890.jpg,(2-4)-6=-8
train/76891.jpg,8*0*1=0
train/76892.jpg,(9*8)+8=80
train/76893.jpg,7-(9*3)=-20
train/76894.jpg,5*2*8=80
train/76895.jpg,(5*2)-2=8
train/76896.jpg,5-9-6=-10
train/76897.jpg,6+5*4=26
train/76898.jpg,4-8-6=-10
train/76899.jpg,0+(4*0)=0
train/76900.jpg,3*(2-0)=6
train/76901.jpg,(0+7)*5=35
train/76902.jpg,1-5-3=-7
train/76903.jpg,6*(3+8)=66
train/76904.jpg,(6+1)*4=28
train/76905.jpg,2-2+3=3
train/76906.jpg,2*(3+7)=20
train/76907.jpg,3*6*0=0
train/76908.jpg,5+(6-8)=3
train/76909.jpg,9*1-0=9
train/76910.jpg,1-(8+7)=-14
train/76911.jpg,(4*8)*3=96
train/76912.jpg,(6*4)*0=0
train/76913.jpg,6+8*6=54
train/76914.jpg,9*3+9=36
train/76915.jpg,(5+0)+7=12
train/76916.jpg,6+8-7=7
train/76917.jpg,(3-5)+6=4
train/76918.jpg,3*4*9=108
train/76919.jpg,5-3+3=5
train/76920.jpg,0-(6*5)=-30
train/76921.jpg,5+(0*7)=5
train/76922.jpg,0*(2-8)=0
train/76923.jpg,1-(9*0)=1
train/76924.jpg,5-8+7=4
train/76925.jpg,9+(5-8)=6
train/76926.jpg,(3+7)+4=14
train/76927.jpg,8*7*9=504
train/76928.jpg,(5*1)*4=20
train/76929.jpg,(9*0)-9=-9
train/76930.jpg,0+1-9=-8
train/76931.jpg,0*1*1=0
train/76932.jpg,(8-1)-0=7
train/76933.jpg,4-1-1=2
train/76934.jpg,2*(4-8)=-8
train/76935.jpg,8-(9*9)=-73
train/76936.jpg,(7+8)*1=15
train/76937.jpg,6-(3-9)=12
train/76938.jpg,(1-6)-7=-12
train/76939.jpg,8+(0*6)=8
train/76940.jpg,7+(1+9)=17
train/76941.jpg,1*2+1=3
train/76942.jpg,5+0+4=9
train/76943.jpg,8*(9+5)=112
train/76944.jpg,9*8-0=72
train/76945.jpg,9-1-9=-1
train/76946.jpg,(2*3)-8=-2
train/76947.jpg,3-(6-4)=1
train/76948.jpg,2-1-4=-3
train/76949.jpg,1+4*1=5
train/76950.jpg,(1*1)-1=0
train/76951.jpg,2*(0+8)=16
train/76952.jpg,(9*6)-0=54
train/76953.jpg,(2*3)*7=42
train/76954.jpg,4*(6*5)=120
train/76955.jpg,2-3*8=-22
train/76956.jpg,9-1+4=12
train/76957.jpg,3-(8+9)=-14
train/76958.jpg,(5-1)*0=0
train/76959.jpg,(9-6)-6=-3
train/76960.jpg,5-6-9=-10
train/76961.jpg,4+(2-9)=-3
train/76962.jpg,1+7+8=16
train/76963.jpg,3*7+1=22
train/76964.jpg,1+3-4=0
train/76965.jpg,7*(4*8)=224
train/76966.jpg,(0+1)+9=10
train/76967.jpg,(3-1)+4=6
train/76968.jpg,9-(6-4)=7
train/76969.jpg,(0-0)+2=2
train/76970.jpg,2+1+8=11
train/76971.jpg,6*0+8=8
train/76972.jpg,7*(2*2)=28
train/76973.jpg,4+(1+7)=12
train/76974.jpg,0-(1+3)=-4
train/76975.jpg,4-7-8=-11
train/76976.jpg,2-(0*5)=2
train/76977.jpg,5+7*6=47
train/76978.jpg,(8-0)+8=16
train/76979.jpg,9+6-9=6
train/76980.jpg,5*(4-9)=-25
train/76981.jpg,(8*7)-3=53
train/76982.jpg,1*0+8=8
train/76983.jpg,0*6-1=-1
train/76984.jpg,(6-1)-4=1
train/76985.jpg,0*(8+0)=0
train/76986.jpg,8-(2-3)=9
train/76987.jpg,6*(2+6)=48
train/76988.jpg,6*(0-6)=-36
train/76989.jpg,7+(8+8)=23
train/76990.jpg,1+4+0=5
train/76991.jpg,7*(3+7)=70
train/76992.jpg,(8*1)-5=3
train/76993.jpg,9+(2+0)=11
train/76994.jpg,7+2*4=15
train/76995.jpg,7+7+8=22
train/76996.jpg,4-1*0=4
train/76997.jpg,(1-6)*7=-35
train/76998.jpg,(1+8)-3=6
train/76999.jpg,3*9+6=33
train/77000.jpg,(4*6)-2=22
train/77001.jpg,(3-4)+9=8
train/77002.jpg,(9*9)-3=78
train/77003.jpg,2*(5*7)=70
train/77004.jpg,9-(7*0)=9
train/77005.jpg,3-(3-3)=3
train/77006.jpg,(2+5)*3=21
train/77007.jpg,(7*6)*3=126
train/77008.jpg,(7+6)-6=7
train/77009.jpg,9*(9+2)=99
train/77010.jpg,(1+2)*2=6
train/77011.jpg,7+8*8=71
train/77012.jpg,(4+7)*6=66
train/77013.jpg,(3*2)+6=12
train/77014.jpg,6*5*6=180
train/77015.jpg,7*7-2=47
train/77016.jpg,9*(5*5)=225
train/77017.jpg,(7-4)+6=9
train/77018.jpg,4+(0-5)=-1
train/77019.jpg,1-3-8=-10
train/77020.jpg,0+8*0=0
train/77021.jpg,9-(4*5)=-11
train/77022.jpg,7+(1*4)=11
train/77023.jpg,(4+4)-2=6
train/77024.jpg,8*5+1=41
train/77025.jpg,1+3*3=10
train/77026.jpg,(7+6)-4=9
train/77027.jpg,9+4+4=17
train/77028.jpg,8*(7*8)=448
train/77029.jpg,(2+1)-1=2
train/77030.jpg,2-(3-5)=4
train/77031.jpg,3+1-9=-5
train/77032.jpg,(2-7)*1=-5
train/77033.jpg,9*9-2=79
train/77034.jpg,(2*5)-4=6
train/77035.jpg,9-8+9=10
train/77036.jpg,9-(1*5)=4
train/77037.jpg,2+1-7=-4
train/77038.jpg,1+(1-2)=0
train/77039.jpg,(4*9)-9=27
train/77040.jpg,(1-7)*0=0
train/77041.jpg,(8-5)+5=8
train/77042.jpg,1-(4-2)=-1
train/77043.jpg,(1*9)*9=81
train/77044.jpg,5+(5*3)=20
train/77045.jpg,0+(4-9)=-5
train/77046.jpg,(9-4)-8=-3
train/77047.jpg,2*0-4=-4
train/77048.jpg,5-(3*3)=-4
train/77049.jpg,4+3-8=-1
train/77050.jpg,6*4+1=25
train/77051.jpg,(5-4)-1=0
train/77052.jpg,(2-2)*7=0
train/77053.jpg,(1+4)+6=11
train/77054.jpg,8*(1*9)=72
train/77055.jpg,4*(7*3)=84
train/77056.jpg,(1-3)-9=-11
train/77057.jpg,9*(2*8)=144
train/77058.jpg,3+(0+3)=6
train/77059.jpg,9+4*6=33
train/77060.jpg,(4*8)-7=25
train/77061.jpg,(5+5)-6=4
train/77062.jpg,9-(2+9)=-2
train/77063.jpg,7+(4*3)=19
train/77064.jpg,9+(2+4)=15
train/77065.jpg,3-(3+4)=-4
train/77066.jpg,0-(1*2)=-2
train/77067.jpg,5+3+1=9
train/77068.jpg,9*(1*5)=45
train/77069.jpg,8*4-6=26
train/77070.jpg,9-(4-1)=6
train/77071.jpg,7+(9*7)=70
train/77072.jpg,3-3-0=0
train/77073.jpg,(2*5)+4=14
train/77074.jpg,7-0-2=5
train/77075.jpg,3-(9*7)=-60
train/77076.jpg,2+(9*0)=2
train/77077.jpg,0+5*3=15
train/77078.jpg,2-(0*9)=2
train/77079.jpg,8-1+0=7
train/77080.jpg,(2+6)+5=13
train/77081.jpg,6+(6-3)=9
train/77082.jpg,2*(9*3)=54
train/77083.jpg,(8+0)+4=12
train/77084.jpg,(9-1)+8=16
train/77085.jpg,7+(6*3)=25
train/77086.jpg,7-6-7=-6
train/77087.jpg,(7-8)-1=-2
train/77088.jpg,6*(2+6)=48
train/77089.jpg,0+7+4=11
train/77090.jpg,0-(3-3)=0
train/77091.jpg,2*(2-8)=-12
train/77092.jpg,1+6-4=3
train/77093.jpg,7-1+6=12
train/77094.jpg,8-(7-2)=3
train/77095.jpg,7-2+8=13
train/77096.jpg,8+7-1=14
train/77097.jpg,4-(6*4)=-20
train/77098.jpg,9-(9+0)=0
train/77099.jpg,1*0-7=-7
train/77100.jpg,4+(7*4)=32
train/77101.jpg,5+(2+9)=16
train/77102.jpg,(7*0)+4=4
train/77103.jpg,(5*7)+5=40
train/77104.jpg,(6+8)*8=112
train/77105.jpg,(5-0)+0=5
train/77106.jpg,(1*9)*8=72
train/77107.jpg,7-3+9=13
train/77108.jpg,(3*9)*5=135
train/77109.jpg,0-8*6=-48
train/77110.jpg,8-1*6=2
train/77111.jpg,(2*8)*7=112
train/77112.jpg,9*(1-4)=-27
train/77113.jpg,5*(6+4)=50
train/77114.jpg,0-1-1=-2
train/77115.jpg,(2-1)*7=7
train/77116.jpg,5*(9-2)=35
train/77117.jpg,(7+0)*1=7
train/77118.jpg,7+(9+2)=18
train/77119.jpg,7+0+5=12
train/77120.jpg,(6*1)+7=13
train/77121.jpg,(6-8)*9=-18
train/77122.jpg,7*1-4=3
train/77123.jpg,6-(8+1)=-3
train/77124.jpg,(7*9)+9=72
train/77125.jpg,2-(8+2)=-8
train/77126.jpg,9+(6*8)=57
train/77127.jpg,5-(6*3)=-13
train/77128.jpg,8+9-4=13
train/77129.jpg,3-(7*5)=-32
train/77130.jpg,(8+7)*4=60
train/77131.jpg,1+2-0=3
train/77132.jpg,8-3+9=14
train/77133.jpg,9*0+0=0
train/77134.jpg,5+2-0=7
train/77135.jpg,(0*8)*8=0
train/77136.jpg,3-1-6=-4
train/77137.jpg,(1+9)+2=12
train/77138.jpg,4-7*2=-10
train/77139.jpg,0+3+9=12
train/77140.jpg,8-(8+0)=0
train/77141.jpg,5*(3+7)=50
train/77142.jpg,0+6*9=54
train/77143.jpg,8+5+5=18
train/77144.jpg,6*5+2=32
train/77145.jpg,(5+1)*8=48
train/77146.jpg,(6-7)*2=-2
train/77147.jpg,0*3+8=8
train/77148.jpg,2-0+2=4
train/77149.jpg,(9*0)-8=-8
train/77150.jpg,1*8-5=3
train/77151.jpg,3+2*9=21
train/77152.jpg,4*2-2=6
train/77153.jpg,6-7-3=-4
train/77154.jpg,(5-5)*9=0
train/77155.jpg,9*(5*4)=180
train/77156.jpg,0*(3*9)=0
train/77157.jpg,9-(9+6)=-6
train/77158.jpg,9*(5*5)=225
train/77159.jpg,7+7*8=63
train/77160.jpg,6*(2*6)=72
train/77161.jpg,8-0+8=16
train/77162.jpg,(9+1)*8=80
train/77163.jpg,0-(3*2)=-6
train/77164.jpg,(4-3)-1=0
train/77165.jpg,(4*6)+3=27
train/77166.jpg,4*5-9=11
train/77167.jpg,(4*9)-6=30
train/77168.jpg,1*(3-6)=-3
train/77169.jpg,7-0-6=1
train/77170.jpg,(4*5)+0=20
train/77171.jpg,(9*2)-9=9
train/77172.jpg,9+6-0=15
train/77173.jpg,7+(7-1)=13
train/77174.jpg,2-(8*0)=2
train/77175.jpg,9-(3*9)=-18
train/77176.jpg,2+0+7=9
train/77177.jpg,2+8-7=3
train/77178.jpg,(3-4)*2=-2
train/77179.jpg,9+(2-6)=5
train/77180.jpg,0*7-4=-4
train/77181.jpg,7*4+0=28
train/77182.jpg,7-(5+5)=-3
train/77183.jpg,6+(6*0)=6
train/77184.jpg,9+6-8=7
train/77185.jpg,3*(4-5)=-3
train/77186.jpg,8-2-5=1
train/77187.jpg,7+2+2=11
train/77188.jpg,8*7+7=63
train/77189.jpg,0*9*7=0
train/77190.jpg,3-8-4=-9
train/77191.jpg,7-(0*8)=7
train/77192.jpg,(4*8)-0=32
train/77193.jpg,4+(4-6)=2
train/77194.jpg,1*0+3=3
train/77195.jpg,1-7*3=-20
train/77196.jpg,8-9-4=-5
train/77197.jpg,(2+6)+8=16
train/77198.jpg,(3-8)*4=-20
train/77199.jpg,(8*4)+4=36
train/77200.jpg,(5-2)-1=2
train/77201.jpg,4*(5*2)=40
train/77202.jpg,4-9-5=-10
train/77203.jpg,5-(0-1)=6
train/77204.jpg,(7-3)+7=11
train/77205.jpg,5-5+8=8
train/77206.jpg,4-(5-1)=0
train/77207.jpg,0*5-3=-3
train/77208.jpg,(9-9)+5=5
train/77209.jpg,(5+7)*6=72
train/77210.jpg,0-(8*3)=-24
train/77211.jpg,(9*3)+9=36
train/77212.jpg,4*6+7=31
train/77213.jpg,9+0*8=9
train/77214.jpg,0+9-0=9
train/77215.jpg,(2*7)-3=11
train/77216.jpg,1+(5*3)=16
train/77217.jpg,(8+6)*2=28
train/77218.jpg,0*0+8=8
train/77219.jpg,(7*5)-4=31
train/77220.jpg,(9-7)*8=16
train/77221.jpg,9-(3-5)=11
train/77222.jpg,0-(7*9)=-63
train/77223.jpg,4+8-6=6
train/77224.jpg,(5-0)*5=25
train/77225.jpg,2*(6+0)=12
train/77226.jpg,(0*9)-3=-3
train/77227.jpg,7-9+0=-2
train/77228.jpg,6*0-7=-7
train/77229.jpg,9*(3+2)=45
train/77230.jpg,1-(8+6)=-13
train/77231.jpg,(6*4)-9=15
train/77232.jpg,6-(3+2)=1
train/77233.jpg,0-1*8=-8
train/77234.jpg,5*7*7=245
train/77235.jpg,1+(1*2)=3
train/77236.jpg,6-0+3=9
train/77237.jpg,6-(4*1)=2
train/77238.jpg,(8+6)*5=70
train/77239.jpg,6-(9-8)=5
train/77240.jpg,(8+7)-8=7
train/77241.jpg,(6+3)-5=4
train/77242.jpg,8-0+5=13
train/77243.jpg,0+(9+5)=14
train/77244.jpg,0-5+6=1
train/77245.jpg,8*(2+8)=80
train/77246.jpg,(5*5)+3=28
train/77247.jpg,7+(9-4)=12
train/77248.jpg,3*(3+7)=30
train/77249.jpg,0*5+0=0
train/77250.jpg,(2-9)+9=2
train/77251.jpg,7+1+1=9
train/77252.jpg,3+(1+7)=11
train/77253.jpg,5+(7*4)=33
train/77254.jpg,2-4-0=-2
train/77255.jpg,(3*8)-5=19
train/77256.jpg,9-(7+3)=-1
train/77257.jpg,(8+4)+6=18
train/77258.jpg,1*4-1=3
train/77259.jpg,(6+0)+2=8
train/77260.jpg,1+(2-5)=-2
train/77261.jpg,7-(9-0)=-2
train/77262.jpg,1-(4*4)=-15
train/77263.jpg,1-(6-5)=0
train/77264.jpg,(4+7)+8=19
train/77265.jpg,0*2-6=-6
train/77266.jpg,1*(6*8)=48
train/77267.jpg,(8*8)-1=63
train/77268.jpg,5*(6+7)=65
train/77269.jpg,(6+8)-1=13
train/77270.jpg,0-3-4=-7
train/77271.jpg,(7*9)*2=126
train/77272.jpg,3-(1+7)=-5
train/77273.jpg,(8-5)*8=24
train/77274.jpg,1-(2*6)=-11
train/77275.jpg,2-8*2=-14
train/77276.jpg,6-3-5=-2
train/77277.jpg,4+9*3=31
train/77278.jpg,2-(1+1)=0
train/77279.jpg,8*(8-6)=16
train/77280.jpg,8*9+6=78
train/77281.jpg,7-(8*4)=-25
train/77282.jpg,8*2-0=16
train/77283.jpg,(1*9)*7=63
train/77284.jpg,(1-6)-7=-12
train/77285.jpg,2*3-6=0
train/77286.jpg,9+1*8=17
train/77287.jpg,7+(1+3)=11
train/77288.jpg,4+7-4=7
train/77289.jpg,7-1-2=4
train/77290.jpg,7-(0-3)=10
train/77291.jpg,9*(9+3)=108
train/77292.jpg,(9*5)+4=49
train/77293.jpg,(4*3)-4=8
train/77294.jpg,(1-7)+6=0
train/77295.jpg,(9-6)+7=10
train/77296.jpg,0+(5+5)=10
train/77297.jpg,2+(9+1)=12
train/77298.jpg,(4+8)+7=19
train/77299.jpg,6*2+0=12
train/77300.jpg,6-(9-0)=-3
train/77301.jpg,2+9-9=2
train/77302.jpg,(7+4)-7=4
train/77303.jpg,6*1*1=6
train/77304.jpg,(2-6)-1=-5
train/77305.jpg,2+(9-1)=10
train/77306.jpg,0-(3-2)=-1
train/77307.jpg,(5-8)*1=-3
train/77308.jpg,9*(5*7)=315
train/77309.jpg,6+(9+0)=15
train/77310.jpg,(6+3)-2=7
train/77311.jpg,7+7+5=19
train/77312.jpg,6-(1-3)=8
train/77313.jpg,(8*5)*0=0
train/77314.jpg,3+8-8=3
train/77315.jpg,(6-7)-1=-2
train/77316.jpg,2*8-4=12
train/77317.jpg,(8+3)+2=13
train/77318.jpg,5-(0-9)=14
train/77319.jpg,(5-3)-6=-4
train/77320.jpg,5-1*5=0
train/77321.jpg,2-(7*5)=-33
train/77322.jpg,8-2-2=4
train/77323.jpg,8-(8+4)=-4
train/77324.jpg,(6+3)-4=5
train/77325.jpg,(7-7)*2=0
train/77326.jpg,(9+2)*4=44
train/77327.jpg,7+5+5=17
train/77328.jpg,6*(1+9)=60
train/77329.jpg,0+(6*7)=42
train/77330.jpg,(6-9)*4=-12
train/77331.jpg,7+0-1=6
train/77332.jpg,1-6*5=-29
train/77333.jpg,3+(5*7)=38
train/77334.jpg,9-(1*8)=1
train/77335.jpg,9-(3-4)=10
train/77336.jpg,(2*8)*7=112
train/77337.jpg,6-(0*4)=6
train/77338.jpg,4-(2*3)=-2
train/77339.jpg,(5+4)-0=9
train/77340.jpg,1+0*4=1
train/77341.jpg,3-(8-0)=-5
train/77342.jpg,7-1+8=14
train/77343.jpg,7+9*6=61
train/77344.jpg,5*0-6=-6
train/77345.jpg,(9-3)-5=1
train/77346.jpg,0+(0*7)=0
train/77347.jpg,6+4*0=6
train/77348.jpg,6*6-7=29
train/77349.jpg,5+6+9=20
train/77350.jpg,8-(2+8)=-2
train/77351.jpg,4+(9+6)=19
train/77352.jpg,6-9+2=-1
train/77353.jpg,2-(7+1)=-6
train/77354.jpg,8-(3*7)=-13
train/77355.jpg,(9+9)*7=126
train/77356.jpg,0+(8*8)=64
train/77357.jpg,8-3*0=8
train/77358.jpg,8*(1*9)=72
train/77359.jpg,0+1-5=-4
train/77360.jpg,(8-6)-3=-1
train/77361.jpg,(2*5)*5=50
train/77362.jpg,2-(2*7)=-12
train/77363.jpg,1-(4*3)=-11
train/77364.jpg,(6*2)-5=7
train/77365.jpg,0*5+6=6
train/77366.jpg,(7+8)*4=60
train/77367.jpg,(4+0)*7=28
train/77368.jpg,1-2+0=-1
train/77369.jpg,0-4+0=-4
train/77370.jpg,9*(1*8)=72
train/77371.jpg,5-2+3=6
train/77372.jpg,3*1*4=12
train/77373.jpg,(8-9)+4=3
train/77374.jpg,2-1-7=-6
train/77375.jpg,2-5*0=2
train/77376.jpg,4-(7-6)=3
train/77377.jpg,1+(7-4)=4
train/77378.jpg,(2-4)-1=-3
train/77379.jpg,(3-6)+5=2
train/77380.jpg,8+(2-1)=9
train/77381.jpg,1+7-7=1
train/77382.jpg,(1-6)*8=-40
train/77383.jpg,(8-9)*1=-1
train/77384.jpg,2-8-5=-11
train/77385.jpg,4-(6+9)=-11
train/77386.jpg,5+1-4=2
train/77387.jpg,5+(3*1)=8
train/77388.jpg,7*(9-3)=42
train/77389.jpg,(3*4)*9=108
train/77390.jpg,1-(3*8)=-23
train/77391.jpg,(1*7)-5=2
train/77392.jpg,(0+5)*0=0
train/77393.jpg,1+(8-5)=4
train/77394.jpg,(1*9)-0=9
train/77395.jpg,(9+4)+5=18
train/77396.jpg,5-(4*9)=-31
train/77397.jpg,1*(5+8)=13
train/77398.jpg,5*(3-4)=-5
train/77399.jpg,7+(9*8)=79
train/77400.jpg,5+(5-7)=3
train/77401.jpg,(8-4)*6=24
train/77402.jpg,(4+7)-5=6
train/77403.jpg,(1-5)+2=-2
train/77404.jpg,(8+5)+2=15
train/77405.jpg,7-(4-4)=7
train/77406.jpg,8-5+1=4
train/77407.jpg,(9*3)*7=189
train/77408.jpg,4-8*9=-68
train/77409.jpg,(3*0)-6=-6
train/77410.jpg,(7*0)+2=2
train/77411.jpg,(7*9)-7=56
train/77412.jpg,(1*1)+1=2
train/77413.jpg,(3*5)-5=10
train/77414.jpg,5*(4-5)=-5
train/77415.jpg,(0-3)+3=0
train/77416.jpg,1-(1*2)=-1
train/77417.jpg,(7*6)-9=33
train/77418.jpg,(8-1)-0=7
train/77419.jpg,1-9+4=-4
train/77420.jpg,5+6*2=17
train/77421.jpg,0-6+3=-3
train/77422.jpg,1-9*3=-26
train/77423.jpg,0+(8+5)=13
train/77424.jpg,7+(1*4)=11
train/77425.jpg,5-4*2=-3
train/77426.jpg,9*(7*5)=315
train/77427.jpg,2+6+6=14
train/77428.jpg,0*(4+1)=0
train/77429.jpg,9*6-6=48
train/77430.jpg,0*3*5=0
train/77431.jpg,4+7*1=11
train/77432.jpg,7+4*9=43
train/77433.jpg,3+7*3=24
train/77434.jpg,6+(6+4)=16
train/77435.jpg,9+8*9=81
train/77436.jpg,7-(9-6)=4
train/77437.jpg,4-1-7=-4
train/77438.jpg,(9*4)*4=144
train/77439.jpg,8*(9*5)=360
train/77440.jpg,2+(9-5)=6
train/77441.jpg,(1-6)+0=-5
train/77442.jpg,5*(5-2)=15
train/77443.jpg,(3-3)-0=0
train/77444.jpg,(8+5)+6=19
train/77445.jpg,(7+5)-9=3
train/77446.jpg,2-(9*3)=-25
train/77447.jpg,4*(8*0)=0
train/77448.jpg,(6+7)+3=16
train/77449.jpg,(0+5)-1=4
train/77450.jpg,9*(6*5)=270
train/77451.jpg,(2+5)-2=5
train/77452.jpg,7-1+5=11
train/77453.jpg,4+(3-1)=6
train/77454.jpg,8*9-6=66
train/77455.jpg,(6*9)+0=54
train/77456.jpg,6+(3*6)=24
train/77457.jpg,3+(5*8)=43
train/77458.jpg,2+2-4=0
train/77459.jpg,(8+1)-1=8
train/77460.jpg,8+1*7=15
train/77461.jpg,(0*8)-9=-9
train/77462.jpg,9*(0+9)=81
train/77463.jpg,9+(7*1)=16
train/77464.jpg,5*(9*5)=225
train/77465.jpg,5*6-7=23
train/77466.jpg,(7+1)-6=2
train/77467.jpg,0*(2+9)=0
train/77468.jpg,8+7-4=11
train/77469.jpg,(6+7)+3=16
train/77470.jpg,4+3-9=-2
train/77471.jpg,(1*9)+7=16
train/77472.jpg,(3*2)+6=12
train/77473.jpg,(4+2)*9=54
train/77474.jpg,6-0-2=4
train/77475.jpg,6-5-4=-3
train/77476.jpg,4*9-5=31
train/77477.jpg,(8*5)*2=80
train/77478.jpg,2-(0*7)=2
train/77479.jpg,(9-4)*1=5
train/77480.jpg,9+1-9=1
train/77481.jpg,7-(6-2)=3
train/77482.jpg,(8-1)+7=14
train/77483.jpg,(2+2)-9=-5
train/77484.jpg,5-(5*7)=-30
train/77485.jpg,(5+2)+4=11
train/77486.jpg,(2-9)+5=-2
train/77487.jpg,(0-0)-2=-2
train/77488.jpg,(3*9)-9=18
train/77489.jpg,4-3*9=-23
train/77490.jpg,(9-3)-3=3
train/77491.jpg,0*(9-1)=0
train/77492.jpg,5+(7+4)=16
train/77493.jpg,9+1+4=14
train/77494.jpg,4*6*7=168
train/77495.jpg,0-5-4=-9
train/77496.jpg,3*(8*9)=216
train/77497.jpg,9-7-7=-5
train/77498.jpg,9+5-7=7
train/77499.jpg,1*5-1=4
train/77500.jpg,2*(4*1)=8
train/77501.jpg,7*(7-6)=7
train/77502.jpg,(5*8)+5=45
train/77503.jpg,(8-0)-1=7
train/77504.jpg,0*(1*2)=0
train/77505.jpg,6*(6+7)=78
train/77506.jpg,6-(0*2)=6
train/77507.jpg,9*8+1=73
train/77508.jpg,1-(0+0)=1
train/77509.jpg,(5+5)*1=10
train/77510.jpg,7*2*7=98
train/77511.jpg,3+(7*6)=45
train/77512.jpg,7-0*1=7
train/77513.jpg,3*5+8=23
train/77514.jpg,(4+4)*3=24
train/77515.jpg,2+(9-3)=8
train/77516.jpg,3-(2+5)=-4
train/77517.jpg,(7-9)*1=-2
train/77518.jpg,9-7*2=-5
train/77519.jpg,(8+5)-4=9
train/77520.jpg,(7-6)*6=6
train/77521.jpg,2-(8+5)=-11
train/77522.jpg,3+(3*4)=15
train/77523.jpg,3*3+7=16
train/77524.jpg,6-4-3=-1
train/77525.jpg,9+1+5=15
train/77526.jpg,4+(8*2)=20
train/77527.jpg,(1*5)-7=-2
train/77528.jpg,2+(1-0)=3
train/77529.jpg,0+5+1=6
train/77530.jpg,5+(5+7)=17
train/77531.jpg,9*(3*4)=108
train/77532.jpg,(1*8)*8=64
train/77533.jpg,1-(9+6)=-14
train/77534.jpg,9-8*2=-7
train/77535.jpg,(7*5)*1=35
train/77536.jpg,1+7-0=8
train/77537.jpg,8+7-6=9
train/77538.jpg,9-(9*2)=-9
train/77539.jpg,(4*4)*0=0
train/77540.jpg,7*(7*1)=49
train/77541.jpg,5+8-8=5
train/77542.jpg,0-(9*2)=-18
train/77543.jpg,(2-6)*3=-12
train/77544.jpg,(5-1)*9=36
train/77545.jpg,7+5*6=37
train/77546.jpg,(5*5)*7=175
train/77547.jpg,6*(3-7)=-24
train/77548.jpg,2+5-2=5
train/77549.jpg,7+(9-7)=9
train/77550.jpg,(7*7)-5=44
train/77551.jpg,(6-4)+5=7
train/77552.jpg,1*6+7=13
train/77553.jpg,8+2-7=3
train/77554.jpg,(9-0)*0=0
train/77555.jpg,0-5-3=-8
train/77556.jpg,6-4-6=-4
train/77557.jpg,1*(4+1)=5
train/77558.jpg,(3*2)-9=-3
train/77559.jpg,0+(9*6)=54
train/77560.jpg,(0-2)+8=6
train/77561.jpg,6*(1-6)=-30
train/77562.jpg,4*2+1=9
train/77563.jpg,(0+2)-5=-3
train/77564.jpg,3-(0+5)=-2
train/77565.jpg,(0+5)*3=15
train/77566.jpg,(7+8)*0=0
train/77567.jpg,(3*3)-8=1
train/77568.jpg,9+6+6=21
train/77569.jpg,3+(5+6)=14
train/77570.jpg,9-0+1=10
train/77571.jpg,9*(2-2)=0
train/77572.jpg,(0+2)+6=8
train/77573.jpg,(0-9)-8=-17
train/77574.jpg,1+5-5=1
train/77575.jpg,8+(1+0)=9
train/77576.jpg,5*2-4=6
train/77577.jpg,2*(2+3)=10
train/77578.jpg,0*(6*5)=0
train/77579.jpg,(9+4)+1=14
train/77580.jpg,9*(6+2)=72
train/77581.jpg,2-(5-3)=0
train/77582.jpg,(1-9)*3=-24
train/77583.jpg,7+(6*0)=7
train/77584.jpg,3*(3-0)=9
train/77585.jpg,6+(2*1)=8
train/77586.jpg,3-2+9=10
train/77587.jpg,(2-9)+3=-4
train/77588.jpg,(6+8)-0=14
train/77589.jpg,5-7-4=-6
train/77590.jpg,7-3-2=2
train/77591.jpg,0-(7*8)=-56
train/77592.jpg,5+4-1=8
train/77593.jpg,(7+3)-3=7
train/77594.jpg,6*(6+8)=84
train/77595.jpg,(1-1)+7=7
train/77596.jpg,3*0+7=7
train/77597.jpg,1+(9*5)=46
train/77598.jpg,(4*3)-9=3
train/77599.jpg,(7+5)-6=6
train/77600.jpg,7+(9*7)=70
train/77601.jpg,5+3-4=4
train/77602.jpg,1+1+6=8
train/77603.jpg,8-6+6=8
train/77604.jpg,5*4+0=20
train/77605.jpg,5+6+8=19
train/77606.jpg,(2-1)*2=2
train/77607.jpg,3*(1-0)=3
train/77608.jpg,4*(4-1)=12
train/77609.jpg,(9*6)+9=63
train/77610.jpg,5+5+8=18
train/77611.jpg,4+2-3=3
train/77612.jpg,(1-6)+3=-2
train/77613.jpg,0*(0-9)=0
train/77614.jpg,5+7*2=19
train/77615.jpg,(3-3)+5=5
train/77616.jpg,3+1+5=9
train/77617.jpg,9+(8+1)=18
train/77618.jpg,8*(0*9)=0
train/77619.jpg,5+8-8=5
train/77620.jpg,9-(7-2)=4
train/77621.jpg,6*5-0=30
train/77622.jpg,(0*0)-8=-8
train/77623.jpg,(5*8)+1=41
train/77624.jpg,4*(8*7)=224
train/77625.jpg,(6+3)-3=6
train/77626.jpg,(8*8)-1=63
train/77627.jpg,0+3*2=6
train/77628.jpg,7-2*6=-5
train/77629.jpg,(0-5)*2=-10
train/77630.jpg,0+(4-6)=-2
train/77631.jpg,3+6*2=15
train/77632.jpg,(5*9)*2=90
train/77633.jpg,3*0+4=4
train/77634.jpg,4*(6+8)=56
train/77635.jpg,(0+0)*2=0
train/77636.jpg,(7-7)*2=0
train/77637.jpg,(2*2)*4=16
train/77638.jpg,1+(8*9)=73
train/77639.jpg,(1+1)*3=6
train/77640.jpg,9*0+0=0
train/77641.jpg,(8+6)*4=56
train/77642.jpg,0*(7-4)=0
train/77643.jpg,(6*2)-8=4
train/77644.jpg,2+(1*3)=5
train/77645.jpg,4*(3*1)=12
train/77646.jpg,(6+3)-4=5
train/77647.jpg,5-9-0=-4
train/77648.jpg,(1+6)+8=15
train/77649.jpg,(5*7)-8=27
train/77650.jpg,(6+2)-2=6
train/77651.jpg,(7+8)-0=15
train/77652.jpg,(0-8)+0=-8
train/77653.jpg,3+5*6=33
train/77654.jpg,2+(1-6)=-3
train/77655.jpg,2-3*6=-16
train/77656.jpg,(5-4)*7=7
train/77657.jpg,4-(8-7)=3
train/77658.jpg,(8*3)*8=192
train/77659.jpg,3-9+1=-5
train/77660.jpg,2*(8*4)=64
train/77661.jpg,2-2+9=9
train/77662.jpg,(5+9)*6=84
train/77663.jpg,7+6+4=17
train/77664.jpg,1+3+7=11
train/77665.jpg,(5*7)-7=28
train/77666.jpg,5*2-1=9
train/77667.jpg,7+(8-4)=11
train/77668.jpg,5+7+3=15
train/77669.jpg,1*(9+3)=12
train/77670.jpg,8*(3+8)=88
train/77671.jpg,0*(8*3)=0
train/77672.jpg,(1*8)-9=-1
train/77673.jpg,2-(7+9)=-14
train/77674.jpg,7*(6*7)=294
train/77675.jpg,5+0-5=0
train/77676.jpg,1*0*4=0
train/77677.jpg,(5+4)-8=1
train/77678.jpg,(5-0)+7=12
train/77679.jpg,8-1-1=6
train/77680.jpg,8*(8*5)=320
train/77681.jpg,8*2-3=13
train/77682.jpg,(8-1)+7=14
train/77683.jpg,0*7*3=0
train/77684.jpg,(3*4)-3=9
train/77685.jpg,(0-6)*6=-36
train/77686.jpg,(0+3)-8=-5
train/77687.jpg,2-2-5=-5
train/77688.jpg,8*(8+2)=80
train/77689.jpg,2+2+7=11
train/77690.jpg,(9*0)*0=0
train/77691.jpg,2*9+3=21
train/77692.jpg,6*6*7=252
train/77693.jpg,4+4+9=17
train/77694.jpg,7+4*4=23
train/77695.jpg,8+0+0=8
train/77696.jpg,6-(9-8)=5
train/77697.jpg,5-2+8=11
train/77698.jpg,0*(8+7)=0
train/77699.jpg,(0*7)-3=-3
train/77700.jpg,(8*7)+1=57
train/77701.jpg,9-1+5=13
train/77702.jpg,6-(1*3)=3
train/77703.jpg,1-4-7=-10
train/77704.jpg,4+5*4=24
train/77705.jpg,1+(8-9)=0
train/77706.jpg,9*(7*8)=504
train/77707.jpg,2+3-9=-4
train/77708.jpg,1-(2*1)=-1
train/77709.jpg,(0*6)*9=0
train/77710.jpg,(0-4)+3=-1
train/77711.jpg,9*(2+1)=27
train/77712.jpg,(0+3)*4=12
train/77713.jpg,2+(1+9)=12
train/77714.jpg,2*6-7=5
train/77715.jpg,(9*0)*9=0
train/77716.jpg,4+(3-5)=2
train/77717.jpg,(2*4)+7=15
train/77718.jpg,(7+0)*5=35
train/77719.jpg,7+8+4=19
train/77720.jpg,7-(5*3)=-8
train/77721.jpg,4*3+4=16
train/77722.jpg,4-0+0=4
train/77723.jpg,6-(0+9)=-3
train/77724.jpg,(4+6)+3=13
train/77725.jpg,3*0-8=-8
train/77726.jpg,0-9+8=-1
train/77727.jpg,4*(1*7)=28
train/77728.jpg,9+5+5=19
train/77729.jpg,4-(6*4)=-20
train/77730.jpg,4*(2*6)=48
train/77731.jpg,2*1*2=4
train/77732.jpg,(3+0)+7=10
train/77733.jpg,(8-6)+8=10
train/77734.jpg,(9-7)-8=-6
train/77735.jpg,7+(6-3)=10
train/77736.jpg,6-7+5=4
train/77737.jpg,3*0+1=1
train/77738.jpg,(2*0)*3=0
train/77739.jpg,4-6*3=-14
train/77740.jpg,1-7+2=-4
train/77741.jpg,8-(9-0)=-1
train/77742.jpg,4+1+8=13
train/77743.jpg,(1*4)-0=4
train/77744.jpg,4*4-7=9
train/77745.jpg,1-4+4=1
train/77746.jpg,2+0*8=2
train/77747.jpg,5-(9*3)=-22
train/77748.jpg,6+(3+9)=18
train/77749.jpg,8+(9+5)=22
train/77750.jpg,5-(7-9)=7
train/77751.jpg,(5+2)+8=15
train/77752.jpg,6*(0+5)=30
train/77753.jpg,(4-4)+9=9
train/77754.jpg,9-(7+3)=-1
train/77755.jpg,1-(0-0)=1
train/77756.jpg,0*(1*4)=0
train/77757.jpg,5*(6*6)=180
train/77758.jpg,6-1+2=7
train/77759.jpg,5*(2+5)=35
train/77760.jpg,9-5+4=8
train/77761.jpg,(8-9)+1=0
train/77762.jpg,6+(1*3)=9
train/77763.jpg,8+(8*4)=40
train/77764.jpg,4*(0*3)=0
train/77765.jpg,4*(1-1)=0
train/77766.jpg,2+8+2=12
train/77767.jpg,6+0-4=2
train/77768.jpg,(6+9)*7=105
train/77769.jpg,9*5+5=50
train/77770.jpg,(5*6)-7=23
train/77771.jpg,(2-5)*1=-3
train/77772.jpg,4+(9-1)=12
train/77773.jpg,7-2+3=8
train/77774.jpg,6*(9*8)=432
train/77775.jpg,(3-2)*7=7
train/77776.jpg,2*(3-0)=6
train/77777.jpg,9*0-7=-7
train/77778.jpg,8+5*9=53
train/77779.jpg,(0-4)+1=-3
train/77780.jpg,7*(1-4)=-21
train/77781.jpg,7-(7+7)=-7
train/77782.jpg,5*(6-0)=30
train/77783.jpg,3+(0-3)=0
train/77784.jpg,9+(8+1)=18
train/77785.jpg,(9*2)+9=27
train/77786.jpg,(1+5)-1=5
train/77787.jpg,(4+4)-0=8
train/77788.jpg,1-0-4=-3
train/77789.jpg,4*(0-3)=-12
train/77790.jpg,0-1+4=3
train/77791.jpg,4*(3*4)=48
train/77792.jpg,2-(8*6)=-46
train/77793.jpg,2*6*6=72
train/77794.jpg,(4+4)-7=1
train/77795.jpg,0*0*4=0
train/77796.jpg,(8-9)-5=-6
train/77797.jpg,2*0-5=-5
train/77798.jpg,(0*1)*5=0
train/77799.jpg,9+6-9=6
train/77800.jpg,(2-6)*5=-20
train/77801.jpg,8*(7+2)=72
train/77802.jpg,(9-9)-5=-5
train/77803.jpg,3+(8*2)=19
train/77804.jpg,0-(7+9)=-16
train/77805.jpg,0-5+3=-2
train/77806.jpg,2*0+3=3
train/77807.jpg,(6-8)-8=-10
train/77808.jpg,(0-7)+7=0
train/77809.jpg,3*8*7=168
train/77810.jpg,(4-1)*3=9
train/77811.jpg,3+(4-8)=-1
train/77812.jpg,(0*9)-2=-2
train/77813.jpg,(7+1)+5=13
train/77814.jpg,5*(5*4)=100
train/77815.jpg,9*9-4=77
train/77816.jpg,(7+4)+9=20
train/77817.jpg,2+(5*6)=32
train/77818.jpg,(9-6)*1=3
train/77819.jpg,9+4-1=12
train/77820.jpg,6+1-0=7
train/77821.jpg,2-3+6=5
train/77822.jpg,1-(4+1)=-4
train/77823.jpg,3*(1*8)=24
train/77824.jpg,8+(8-1)=15
train/77825.jpg,0-(7+6)=-13
train/77826.jpg,9*(4-4)=0
train/77827.jpg,(9+2)*4=44
train/77828.jpg,4*5+0=20
train/77829.jpg,1*3*4=12
train/77830.jpg,2*(8-4)=8
train/77831.jpg,2*(1+9)=20
train/77832.jpg,(9+0)-7=2
train/77833.jpg,4+7+0=11
train/77834.jpg,(0-2)-2=-4
train/77835.jpg,9+0*1=9
train/77836.jpg,1+(9-1)=9
train/77837.jpg,(2+5)+0=7
train/77838.jpg,2*(5-0)=10
train/77839.jpg,4*1+2=6
train/77840.jpg,(7*7)+4=53
train/77841.jpg,9-(0+9)=0
train/77842.jpg,1*3*7=21
train/77843.jpg,6-1*9=-3
train/77844.jpg,(4+4)*2=16
train/77845.jpg,3+7*8=59
train/77846.jpg,1-(5-7)=3
train/77847.jpg,(4-4)+9=9
train/77848.jpg,(9-5)+3=7
train/77849.jpg,5*9+3=48
train/77850.jpg,(0+2)+2=4
train/77851.jpg,1*(2*6)=12
train/77852.jpg,7-4-0=3
train/77853.jpg,2+(7-6)=3
train/77854.jpg,2+(2-6)=-2
train/77855.jpg,(6*7)*8=336
train/77856.jpg,8-2+3=9
train/77857.jpg,2+(9+8)=19
train/77858.jpg,8+3*3=17
train/77859.jpg,2*1+7=9
train/77860.jpg,1*1-5=-4
train/77861.jpg,6*2+1=13
train/77862.jpg,(2*7)*8=112
train/77863.jpg,(2+7)-7=2
train/77864.jpg,8-(2+2)=4
train/77865.jpg,2*5+5=15
train/77866.jpg,(3-1)*4=8
train/77867.jpg,0*(1+0)=0
train/77868.jpg,2-(1-6)=7
train/77869.jpg,(4-8)+7=3
train/77870.jpg,0*(3*2)=0
train/77871.jpg,2+6+9=17
train/77872.jpg,(0-2)*4=-8
train/77873.jpg,(3-4)*9=-9
train/77874.jpg,7+3*7=28
train/77875.jpg,5-2*7=-9
train/77876.jpg,(3+2)-4=1
train/77877.jpg,(7+5)-6=6
train/77878.jpg,(9+5)+9=23
train/77879.jpg,0-(0+7)=-7
train/77880.jpg,0-(8+5)=-13
train/77881.jpg,9+4+6=19
train/77882.jpg,9*8-5=67
train/77883.jpg,8-1+9=16
train/77884.jpg,(9-8)-9=-8
train/77885.jpg,3*5+3=18
train/77886.jpg,6*(9*3)=162
train/77887.jpg,7+6-8=5
train/77888.jpg,4-4+7=7
train/77889.jpg,(3+5)-2=6
train/77890.jpg,6*(8+0)=48
train/77891.jpg,7-(9*5)=-38
train/77892.jpg,9+(0+2)=11
train/77893.jpg,1+0*8=1
train/77894.jpg,(7+0)-9=-2
train/77895.jpg,5-7-2=-4
train/77896.jpg,5+(0-4)=1
train/77897.jpg,(0+0)-2=-2
train/77898.jpg,9-(1+0)=8
train/77899.jpg,5*5*9=225
train/77900.jpg,(1-7)+8=2
train/77901.jpg,0+7-6=1
train/77902.jpg,4+4*9=40
train/77903.jpg,(3+6)+5=14
train/77904.jpg,7-(1-8)=14
train/77905.jpg,8+(8*4)=40
train/77906.jpg,4*2+2=10
train/77907.jpg,8+(7-1)=14
train/77908.jpg,9+4+9=22
train/77909.jpg,(1-7)+7=1
train/77910.jpg,0+0*5=0
train/77911.jpg,8-(9-5)=4
train/77912.jpg,2+(4-5)=1
train/77913.jpg,7-(0-7)=14
train/77914.jpg,8-2+4=10
train/77915.jpg,4*1*8=32
train/77916.jpg,8+(5-8)=5
train/77917.jpg,6+8*4=38
train/77918.jpg,1+(8*4)=33
train/77919.jpg,0-(7*4)=-28
train/77920.jpg,7-(6+7)=-6
train/77921.jpg,(4*3)-9=3
train/77922.jpg,(9+3)*0=0
train/77923.jpg,5+(6*1)=11
train/77924.jpg,8+(3-8)=3
train/77925.jpg,9-8+1=2
train/77926.jpg,2+2+0=4
train/77927.jpg,8+7+5=20
train/77928.jpg,7*4-4=24
train/77929.jpg,(2*6)-5=7
train/77930.jpg,4*0*7=0
train/77931.jpg,8+(9+5)=22
train/77932.jpg,4+5*4=24
train/77933.jpg,5*(9+0)=45
train/77934.jpg,(3*1)-6=-3
train/77935.jpg,6*8*1=48
train/77936.jpg,1-4*6=-23
train/77937.jpg,5+(4+8)=17
train/77938.jpg,3-(0+3)=0
train/77939.jpg,7+0+7=14
train/77940.jpg,6*1-3=3
train/77941.jpg,(3-2)+5=6
train/77942.jpg,5-(2*8)=-11
train/77943.jpg,1*(0-7)=-7
train/77944.jpg,6+(9-6)=9
train/77945.jpg,4+(8+8)=20
train/77946.jpg,1+3+7=11
train/77947.jpg,3-(3-7)=7
train/77948.jpg,6-(7*1)=-1
train/77949.jpg,2+8*2=18
train/77950.jpg,(4*9)-8=28
train/77951.jpg,3-(4*5)=-17
train/77952.jpg,7*7*4=196
train/77953.jpg,0*7*7=0
train/77954.jpg,5+7+0=12
train/77955.jpg,2+9*5=47
train/77956.jpg,6*9+9=63
train/77957.jpg,5*(5*5)=125
train/77958.jpg,2+(7*4)=30
train/77959.jpg,7+1*9=16
train/77960.jpg,4-(8-5)=1
train/77961.jpg,(4-5)+5=4
train/77962.jpg,9+1+6=16
train/77963.jpg,6-2+4=8
train/77964.jpg,5-(0-2)=7
train/77965.jpg,1+1-9=-7
train/77966.jpg,2-(5*5)=-23
train/77967.jpg,(2*1)+3=5
train/77968.jpg,8*6+5=53
train/77969.jpg,5*9-8=37
train/77970.jpg,(6*5)-3=27
train/77971.jpg,7+(6+6)=19
train/77972.jpg,9-(4*1)=5
train/77973.jpg,5-3-7=-5
train/77974.jpg,9*4+7=43
train/77975.jpg,5+(3*6)=23
train/77976.jpg,(6*8)*8=384
train/77977.jpg,7*(4*7)=196
train/77978.jpg,9-(5+6)=-2
train/77979.jpg,5*1*2=10
train/77980.jpg,7*2*8=112
train/77981.jpg,5-7+3=1
train/77982.jpg,(4-6)*1=-2
train/77983.jpg,(9-2)*7=49
train/77984.jpg,0-(1*7)=-7
train/77985.jpg,(5*6)-7=23
train/77986.jpg,(9+3)*2=24
train/77987.jpg,7*(0-3)=-21
train/77988.jpg,5+9*7=68
train/77989.jpg,(8*0)-0=0
train/77990.jpg,(6-2)+7=11
train/77991.jpg,(5+9)-5=9
train/77992.jpg,(0+6)+1=7
train/77993.jpg,2-7*5=-33
train/77994.jpg,(8-5)+0=3
train/77995.jpg,1-(6+2)=-7
train/77996.jpg,4-(6-9)=7
train/77997.jpg,0+(6+2)=8
train/77998.jpg,7-0+8=15
train/77999.jpg,(9*2)-0=18
train/78000.jpg,7*6*2=84
train/78001.jpg,0+6*9=54
train/78002.jpg,(4-3)+4=5
train/78003.jpg,5*8*4=160
train/78004.jpg,4*1*0=0
train/78005.jpg,(8+8)*5=80
train/78006.jpg,(9+2)-0=11
train/78007.jpg,(2*1)-0=2
train/78008.jpg,1*(0-5)=-5
train/78009.jpg,8*(3+6)=72
train/78010.jpg,7*8+5=61
train/78011.jpg,7+(9*7)=70
train/78012.jpg,2+(5-7)=0
train/78013.jpg,3*1+1=4
train/78014.jpg,6-1*9=-3
train/78015.jpg,4-8-3=-7
train/78016.jpg,2-(4*4)=-14
train/78017.jpg,4+5*8=44
train/78018.jpg,(3*7)+5=26
train/78019.jpg,(9+8)-7=10
train/78020.jpg,(8-8)*4=0
train/78021.jpg,(7*9)+5=68
train/78022.jpg,(9*1)*2=18
train/78023.jpg,0+0+7=7
train/78024.jpg,5+3*1=8
train/78025.jpg,6*8+7=55
train/78026.jpg,7-1*6=1
train/78027.jpg,(4-9)*1=-5
train/78028.jpg,3-(7+1)=-5
train/78029.jpg,6*7+4=46
train/78030.jpg,(0*0)*4=0
train/78031.jpg,4*(4+2)=24
train/78032.jpg,(9-5)+5=9
train/78033.jpg,(1-5)+6=2
train/78034.jpg,7+(6*9)=61
train/78035.jpg,4*2+8=16
train/78036.jpg,(3-1)-8=-6
train/78037.jpg,0-(3+4)=-7
train/78038.jpg,0*(1-7)=0
train/78039.jpg,(8*0)-5=-5
train/78040.jpg,(8*8)*0=0
train/78041.jpg,5+(2+4)=11
train/78042.jpg,(3+0)+4=7
train/78043.jpg,7*(3+3)=42
train/78044.jpg,(3-8)-0=-5
train/78045.jpg,9-2+5=12
train/78046.jpg,(0*5)-8=-8
train/78047.jpg,(5+1)-0=6
train/78048.jpg,6-2+1=5
train/78049.jpg,(7*0)+1=1
train/78050.jpg,(9+0)-0=9
train/78051.jpg,(1-9)*1=-8
train/78052.jpg,(6+3)-1=8
train/78053.jpg,3*6*2=36
train/78054.jpg,4*(3-2)=4
train/78055.jpg,3+(4*6)=27
train/78056.jpg,8-5*2=-2
train/78057.jpg,5-6*9=-49
train/78058.jpg,6*2+5=17
train/78059.jpg,0-7-6=-13
train/78060.jpg,6-(2+8)=-4
train/78061.jpg,(3+3)-3=3
train/78062.jpg,2*2-6=-2
train/78063.jpg,(7*0)-8=-8
train/78064.jpg,9*(3+0)=27
train/78065.jpg,9+8+3=20
train/78066.jpg,6+2+0=8
train/78067.jpg,2+(1-0)=3
train/78068.jpg,9-(2-6)=13
train/78069.jpg,9-(4-2)=7
train/78070.jpg,5-9-2=-6
train/78071.jpg,0+(2+2)=4
train/78072.jpg,(7*7)*0=0
train/78073.jpg,7*(4-7)=-21
train/78074.jpg,3-(7+2)=-6
train/78075.jpg,(6-5)+4=5
train/78076.jpg,2*(2-2)=0
train/78077.jpg,(7*8)*6=336
train/78078.jpg,3-(6+0)=-3
train/78079.jpg,8*7+8=64
train/78080.jpg,9+0*7=9
train/78081.jpg,9-6*8=-39
train/78082.jpg,5+(9-8)=6
train/78083.jpg,(2-5)+4=1
train/78084.jpg,7*(0+4)=28
train/78085.jpg,(3+3)-7=-1
train/78086.jpg,1*6+3=9
train/78087.jpg,(1+7)-8=0
train/78088.jpg,6+3+4=13
train/78089.jpg,(5-6)-9=-10
train/78090.jpg,(7*9)-7=56
train/78091.jpg,7*(6-2)=28
train/78092.jpg,(1*5)*5=25
train/78093.jpg,7-(9*7)=-56
train/78094.jpg,(6-8)-0=-2
train/78095.jpg,5*(9*6)=270
train/78096.jpg,7*(8-9)=-7
train/78097.jpg,(9*3)*0=0
train/78098.jpg,6-(2*6)=-6
train/78099.jpg,8-0+1=9
train/78100.jpg,7-(7+2)=-2
train/78101.jpg,2*(5*4)=40
train/78102.jpg,(2*4)-4=4
train/78103.jpg,3+(3+8)=14
train/78104.jpg,(9+3)+5=17
train/78105.jpg,(6*6)+3=39
train/78106.jpg,4*0*0=0
train/78107.jpg,8+(3*7)=29
train/78108.jpg,8+3+8=19
train/78109.jpg,9*4+8=44
train/78110.jpg,9+(7-5)=11
train/78111.jpg,4+(1-9)=-4
train/78112.jpg,0*(3+7)=0
train/78113.jpg,8*(6+0)=48
train/78114.jpg,(7+5)*5=60
train/78115.jpg,(1*6)*4=24
train/78116.jpg,(4-2)*0=0
train/78117.jpg,5*(3+3)=30
train/78118.jpg,3*(4+5)=27
train/78119.jpg,0*(4+9)=0
train/78120.jpg,3*4*1=12
train/78121.jpg,7-8*7=-49
train/78122.jpg,1+(5*1)=6
train/78123.jpg,5+4+6=15
train/78124.jpg,(4-4)-5=-5
train/78125.jpg,7*7+3=52
train/78126.jpg,3+(0+2)=5
train/78127.jpg,0-(9*6)=-54
train/78128.jpg,(5-0)+1=6
train/78129.jpg,3*7-5=16
train/78130.jpg,9+(9+0)=18
train/78131.jpg,2+8+5=15
train/78132.jpg,9*4+9=45
train/78133.jpg,4+4-4=4
train/78134.jpg,9+(8+1)=18
train/78135.jpg,8*(0+7)=56
train/78136.jpg,9-4+2=7
train/78137.jpg,(8*6)+7=55
train/78138.jpg,3+1-4=0
train/78139.jpg,2+(1*6)=8
train/78140.jpg,(3-4)*7=-7
train/78141.jpg,(9-1)+7=15
train/78142.jpg,8+(9*7)=71
train/78143.jpg,0-(4-3)=-1
train/78144.jpg,5-5*7=-30
train/78145.jpg,(4*8)*6=192
train/78146.jpg,0-3-9=-12
train/78147.jpg,4*(4*9)=144
train/78148.jpg,6*1-2=4
train/78149.jpg,7-3+0=4
train/78150.jpg,9-(8-8)=9
train/78151.jpg,9*3+6=33
train/78152.jpg,8+(1+1)=10
train/78153.jpg,7*6*9=378
train/78154.jpg,0*(1-9)=0
train/78155.jpg,5*9-3=42
train/78156.jpg,5-(5-7)=7
train/78157.jpg,2+(9-3)=8
train/78158.jpg,1+(3-2)=2
train/78159.jpg,7*(0-3)=-21
train/78160.jpg,5-(8-5)=2
train/78161.jpg,(3-5)-8=-10
train/78162.jpg,1-(6-7)=2
train/78163.jpg,(4-7)+5=2
train/78164.jpg,3*6-4=14
train/78165.jpg,2-9+6=-1
train/78166.jpg,(7+6)*1=13
train/78167.jpg,(3+5)+4=12
train/78168.jpg,4+0*2=4
train/78169.jpg,(2+6)+4=12
train/78170.jpg,9*8*2=144
train/78171.jpg,9*(6*4)=216
train/78172.jpg,5-(6*9)=-49
train/78173.jpg,0-(8*7)=-56
train/78174.jpg,0+1+4=5
train/78175.jpg,(9+0)*0=0
train/78176.jpg,9*(3*3)=81
train/78177.jpg,(5-4)-1=0
train/78178.jpg,0*(9+5)=0
train/78179.jpg,6+(7*9)=69
train/78180.jpg,(6+7)*8=104
train/78181.jpg,6+2-0=8
train/78182.jpg,8+9+4=21
train/78183.jpg,6-(2+3)=1
train/78184.jpg,(6*2)*6=72
train/78185.jpg,5-1-5=-1
train/78186.jpg,7*(0*1)=0
train/78187.jpg,9-(6-0)=3
train/78188.jpg,(5-3)*5=10
train/78189.jpg,0+(4-1)=3
train/78190.jpg,(7*7)*2=98
train/78191.jpg,0+7*6=42
train/78192.jpg,1-1+1=1
train/78193.jpg,2*9*5=90
train/78194.jpg,5*(8*4)=160
train/78195.jpg,9-(1+2)=6
train/78196.jpg,5+(1+2)=8
train/78197.jpg,(6+1)+5=12
train/78198.jpg,(9-4)*5=25
train/78199.jpg,5-(9+2)=-6
train/78200.jpg,(3-9)*1=-6
train/78201.jpg,8-(2+9)=-3
train/78202.jpg,0+(8*2)=16
train/78203.jpg,(2+3)*4=20
train/78204.jpg,8*5*1=40
train/78205.jpg,2*0*7=0
train/78206.jpg,1*(7*7)=49
train/78207.jpg,5-(8+6)=-9
train/78208.jpg,7-2+7=12
train/78209.jpg,3*2+7=13
train/78210.jpg,(0-4)+8=4
train/78211.jpg,9+(2+4)=15
train/78212.jpg,0-(5*1)=-5
train/78213.jpg,(0+7)*8=56
train/78214.jpg,6*0-1=-1
train/78215.jpg,9+(7*7)=58
train/78216.jpg,0+(8-3)=5
train/78217.jpg,5*6-5=25
train/78218.jpg,3*9+6=33
train/78219.jpg,5+8*8=69
train/78220.jpg,7-4-8=-5
train/78221.jpg,0-8-8=-16
train/78222.jpg,1*0+4=4
train/78223.jpg,3-(2*2)=-1
train/78224.jpg,0*6+4=4
train/78225.jpg,1+(2+5)=8
train/78226.jpg,1+1-6=-4
train/78227.jpg,6+3*4=18
train/78228.jpg,6*1-2=4
train/78229.jpg,8+(1+4)=13
train/78230.jpg,(0+6)+5=11
train/78231.jpg,(0*3)+0=0
train/78232.jpg,2*(1*9)=18
train/78233.jpg,7+4*5=27
train/78234.jpg,2+3-8=-3
train/78235.jpg,2*1*7=14
train/78236.jpg,4+(8+3)=15
train/78237.jpg,8+(5+8)=21
train/78238.jpg,1*(7-0)=7
train/78239.jpg,(9-0)+8=17
train/78240.jpg,(4+6)*5=50
train/78241.jpg,2+(0-6)=-4
train/78242.jpg,4*(7+8)=60
train/78243.jpg,8-(2-2)=8
train/78244.jpg,(1-2)-7=-8
train/78245.jpg,9+5-7=7
train/78246.jpg,(3-9)*6=-36
train/78247.jpg,9*7*9=567
train/78248.jpg,6+0-7=-1
train/78249.jpg,9+(7-7)=9
train/78250.jpg,1+(5*9)=46
train/78251.jpg,2+(9*3)=29
train/78252.jpg,2-2-0=0
train/78253.jpg,7-(4*0)=7
train/78254.jpg,4-(9-1)=-4
train/78255.jpg,5-(5*9)=-40
train/78256.jpg,8+(8-6)=10
train/78257.jpg,2+1+1=4
train/78258.jpg,6-(2*0)=6
train/78259.jpg,(1*0)-3=-3
train/78260.jpg,0*(3-0)=0
train/78261.jpg,6*(6*5)=180
train/78262.jpg,9-(5*5)=-16
train/78263.jpg,(8-1)*8=56
train/78264.jpg,1*(3+8)=11
train/78265.jpg,9*0*5=0
train/78266.jpg,8-3-4=1
train/78267.jpg,(0-3)+7=4
train/78268.jpg,4+6-9=1
train/78269.jpg,7-9-5=-7
train/78270.jpg,(1+4)*9=45
train/78271.jpg,6*(3+3)=36
train/78272.jpg,7+3+3=13
train/78273.jpg,7-2-7=-2
train/78274.jpg,8-(6+8)=-6
train/78275.jpg,(0-6)+1=-5
train/78276.jpg,7*(0+5)=35
train/78277.jpg,2+2*5=12
train/78278.jpg,(6-9)-1=-4
train/78279.jpg,4+(9*3)=31
train/78280.jpg,6*5-8=22
train/78281.jpg,8+(4-5)=7
train/78282.jpg,4-9+9=4
train/78283.jpg,2*7-8=6
train/78284.jpg,(5+0)+2=7
train/78285.jpg,(2+6)-6=2
train/78286.jpg,4-(7+8)=-11
train/78287.jpg,(2*0)*9=0
train/78288.jpg,(6+2)*1=8
train/78289.jpg,(0*5)+0=0
train/78290.jpg,4*8-0=32
train/78291.jpg,2-7-7=-12
train/78292.jpg,8+5*7=43
train/78293.jpg,(4+0)*2=8
train/78294.jpg,(7+9)+0=16
train/78295.jpg,7+6-6=7
train/78296.jpg,(0+6)-5=1
train/78297.jpg,(7+6)*3=39
train/78298.jpg,2*3+7=13
train/78299.jpg,4*2+6=14
train/78300.jpg,(7*3)-5=16
train/78301.jpg,(1-0)*6=6
train/78302.jpg,(1+9)+8=18
train/78303.jpg,(9-6)+1=4
train/78304.jpg,9*(1-8)=-63
train/78305.jpg,(4+1)-3=2
train/78306.jpg,9*(7*5)=315
train/78307.jpg,4-4-7=-7
train/78308.jpg,(9*7)-8=55
train/78309.jpg,6*(5*2)=60
train/78310.jpg,8-(1-7)=14
train/78311.jpg,0-4+2=-2
train/78312.jpg,4*(4*7)=112
train/78313.jpg,2*6*4=48
train/78314.jpg,3+(5+8)=16
train/78315.jpg,7+(8-7)=8
train/78316.jpg,7-0-1=6
train/78317.jpg,0+1+1=2
train/78318.jpg,8-(9*8)=-64
train/78319.jpg,8-2-0=6
train/78320.jpg,9-(4+9)=-4
train/78321.jpg,1-5-4=-8
train/78322.jpg,4+(0-5)=-1
train/78323.jpg,7-(6*1)=1
train/78324.jpg,5-7+8=6
train/78325.jpg,(9+1)-1=9
train/78326.jpg,9+1*7=16
train/78327.jpg,7*2-1=13
train/78328.jpg,9-(0-6)=15
train/78329.jpg,9-7-3=-1
train/78330.jpg,9-(9+0)=0
train/78331.jpg,2*(8-1)=14
train/78332.jpg,9-(1+5)=3
train/78333.jpg,(9+2)-4=7
train/78334.jpg,(2*5)*2=20
train/78335.jpg,(6*7)*3=126
train/78336.jpg,(9*5)+0=45
train/78337.jpg,6-(4+5)=-3
train/78338.jpg,3+9+8=20
train/78339.jpg,6-(4+9)=-7
train/78340.jpg,7*(3-5)=-14
train/78341.jpg,(0+2)-1=1
train/78342.jpg,5+(0-8)=-3
train/78343.jpg,4-(1*1)=3
train/78344.jpg,(0*7)+9=9
train/78345.jpg,2-(3+4)=-5
train/78346.jpg,6-3+0=3
train/78347.jpg,8+9-5=12
train/78348.jpg,5+1-6=0
train/78349.jpg,(5*7)*8=280
train/78350.jpg,8*(6+4)=80
train/78351.jpg,9-9-1=-1
train/78352.jpg,(1-8)-5=-12
train/78353.jpg,8*2-8=8
train/78354.jpg,8*(5+2)=56
train/78355.jpg,4-4+8=8
train/78356.jpg,2*(7+4)=22
train/78357.jpg,0+7*8=56
train/78358.jpg,9-3-7=-1
train/78359.jpg,(2-8)*8=-48
train/78360.jpg,(5-3)-4=-2
train/78361.jpg,9-(7+5)=-3
train/78362.jpg,5*2*5=50
train/78363.jpg,0+(2+3)=5
train/78364.jpg,8+9+6=23
train/78365.jpg,(2+1)-7=-4
train/78366.jpg,6+4-0=10
train/78367.jpg,2*(1+5)=12
train/78368.jpg,4*(4+6)=40
train/78369.jpg,6*(0*0)=0
train/78370.jpg,8*0+5=5
train/78371.jpg,3*(4+6)=30
train/78372.jpg,5-9*2=-13
train/78373.jpg,4+1+0=5
train/78374.jpg,9-4+8=13
train/78375.jpg,7-5-2=0
train/78376.jpg,6-7*5=-29
train/78377.jpg,(3*6)*3=54
train/78378.jpg,(3+8)+9=20
train/78379.jpg,(6*7)*4=168
train/78380.jpg,2*(0-1)=-2
train/78381.jpg,(7-9)+9=7
train/78382.jpg,5+3-9=-1
train/78383.jpg,(6-5)*3=3
train/78384.jpg,(8+7)-0=15
train/78385.jpg,1+0*5=1
train/78386.jpg,(0+1)-0=1
train/78387.jpg,4*(6*8)=192
train/78388.jpg,(8+1)-7=2
train/78389.jpg,9*(4+4)=72
train/78390.jpg,5*(3*8)=120
train/78391.jpg,7+7+3=17
train/78392.jpg,6-(7*2)=-8
train/78393.jpg,(0*2)-2=-2
train/78394.jpg,(8+6)+5=19
train/78395.jpg,1-2+5=4
train/78396.jpg,4-(9+8)=-13
train/78397.jpg,(6*4)-3=21
train/78398.jpg,2+3-6=-1
train/78399.jpg,7-3-3=1
train/78400.jpg,9*(6-8)=-18
train/78401.jpg,1+(0-8)=-7
train/78402.jpg,(1+0)+3=4
train/78403.jpg,(0+0)*9=0
train/78404.jpg,5-(8*2)=-11
train/78405.jpg,4+(1*7)=11
train/78406.jpg,(0-2)-9=-11
train/78407.jpg,5-(2*4)=-3
train/78408.jpg,(2-7)+6=1
train/78409.jpg,0+7*4=28
train/78410.jpg,7+1*6=13
train/78411.jpg,0*8+1=1
train/78412.jpg,(6+3)-0=9
train/78413.jpg,5-(8*4)=-27
train/78414.jpg,4*5*5=100
train/78415.jpg,(7+4)*0=0
train/78416.jpg,8*7*6=336
train/78417.jpg,5-4+0=1
train/78418.jpg,(6-0)+6=12
train/78419.jpg,(3+7)+9=19
train/78420.jpg,(1+5)+6=12
train/78421.jpg,6*3*4=72
train/78422.jpg,6+(8-7)=7
train/78423.jpg,5*9+6=51
train/78424.jpg,(8-9)*4=-4
train/78425.jpg,9+5-8=6
train/78426.jpg,(8-5)*4=12
train/78427.jpg,2+(9+4)=15
train/78428.jpg,9*(4*1)=36
train/78429.jpg,(5-5)+3=3
train/78430.jpg,0-2+3=1
train/78431.jpg,1+2+7=10
train/78432.jpg,2*(4*7)=56
train/78433.jpg,5+(1-9)=-3
train/78434.jpg,(2*4)+7=15
train/78435.jpg,3-3*0=3
train/78436.jpg,(1-3)+6=4
train/78437.jpg,6-(8-1)=-1
train/78438.jpg,4+(9-5)=8
train/78439.jpg,3-7+7=3
train/78440.jpg,(1+7)+5=13
train/78441.jpg,(0+6)+1=7
train/78442.jpg,3*5-2=13
train/78443.jpg,0+(2+9)=11
train/78444.jpg,7+(1*3)=10
train/78445.jpg,(0+0)*5=0
train/78446.jpg,2*1-0=2
train/78447.jpg,6+(6-9)=3
train/78448.jpg,1+8*6=49
train/78449.jpg,(2+2)-6=-2
train/78450.jpg,(9+1)-4=6
train/78451.jpg,2+1-9=-6
train/78452.jpg,6+5+5=16
train/78453.jpg,(9*6)*6=324
train/78454.jpg,1-6-9=-14
train/78455.jpg,(3*0)+0=0
train/78456.jpg,2-(1*4)=-2
train/78457.jpg,(2-9)+5=-2
train/78458.jpg,6+(2*6)=18
train/78459.jpg,9-4-1=4
train/78460.jpg,6*3-3=15
train/78461.jpg,(7*1)+5=12
train/78462.jpg,7-(9-3)=1
train/78463.jpg,4+(0+1)=5
train/78464.jpg,(8+4)+0=12
train/78465.jpg,(9*7)+0=63
train/78466.jpg,(9*7)+3=66
train/78467.jpg,(9*2)+0=18
train/78468.jpg,(2*7)+2=16
train/78469.jpg,5*(4-5)=-5
train/78470.jpg,8*4+7=39
train/78471.jpg,1+4*0=1
train/78472.jpg,8+1-8=1
train/78473.jpg,0+0*5=0
train/78474.jpg,6+8*6=54
train/78475.jpg,1*2*4=8
train/78476.jpg,4*(4+8)=48
train/78477.jpg,(6+1)+6=13
train/78478.jpg,(7*5)+0=35
train/78479.jpg,(5+8)+2=15
train/78480.jpg,9*7*4=252
train/78481.jpg,(0-3)+5=2
train/78482.jpg,(0*9)-6=-6
train/78483.jpg,6+3+8=17
train/78484.jpg,2+(0*9)=2
train/78485.jpg,4*(8*9)=288
train/78486.jpg,4*(9+7)=64
train/78487.jpg,8-(3*4)=-4
train/78488.jpg,5+(9*5)=50
train/78489.jpg,9-(5*0)=9
train/78490.jpg,7*(0+2)=14
train/78491.jpg,7*2-9=5
train/78492.jpg,(8*2)-7=9
train/78493.jpg,2+7+0=9
train/78494.jpg,8-9*2=-10
train/78495.jpg,(7-3)+8=12
train/78496.jpg,1*2-3=-1
train/78497.jpg,(7-4)*2=6
train/78498.jpg,2+9-5=6
train/78499.jpg,(5-2)-1=2
train/78500.jpg,(0+6)*3=18
train/78501.jpg,6+3*5=21
train/78502.jpg,(0-6)*3=-18
train/78503.jpg,(6*7)-9=33
train/78504.jpg,0-1*2=-2
train/78505.jpg,6+1-1=6
train/78506.jpg,9*(7-4)=27
train/78507.jpg,3*5+5=20
train/78508.jpg,0+(1*6)=6
train/78509.jpg,1-1+0=0
train/78510.jpg,1*2+8=10
train/78511.jpg,8*3*6=144
train/78512.jpg,8+(6*5)=38
train/78513.jpg,3-(2*2)=-1
train/78514.jpg,8+(0-7)=1
train/78515.jpg,(4-5)+3=2
train/78516.jpg,(7+9)-7=9
train/78517.jpg,(8*1)-4=4
train/78518.jpg,6*(1+8)=54
train/78519.jpg,5+(7+5)=17
train/78520.jpg,2-6-3=-7
train/78521.jpg,2+7-9=0
train/78522.jpg,4+(6-7)=3
train/78523.jpg,6+(1*8)=14
train/78524.jpg,6*5+0=30
train/78525.jpg,(1+7)-8=0
train/78526.jpg,0-(6-1)=-5
train/78527.jpg,(0+0)*9=0
train/78528.jpg,3*2+4=10
train/78529.jpg,(2+8)+6=16
train/78530.jpg,3+2*2=7
train/78531.jpg,(1*8)-3=5
train/78532.jpg,(3*0)-7=-7
train/78533.jpg,7-5*3=-8
train/78534.jpg,9+1-2=8
train/78535.jpg,(0*7)+1=1
train/78536.jpg,4*(0+1)=4
train/78537.jpg,5+1-4=2
train/78538.jpg,4+5*4=24
train/78539.jpg,1-(5*3)=-14
train/78540.jpg,(1+9)-0=10
train/78541.jpg,4-(7+4)=-7
train/78542.jpg,0*5+4=4
train/78543.jpg,3*(9-7)=6
train/78544.jpg,3-9-0=-6
train/78545.jpg,3*4*7=84
train/78546.jpg,6+(9+5)=20
train/78547.jpg,0+(1*0)=0
train/78548.jpg,9+(5*9)=54
train/78549.jpg,2+6*7=44
train/78550.jpg,0-(5-7)=2
train/78551.jpg,(5-1)*9=36
train/78552.jpg,7*(6-2)=28
train/78553.jpg,5+2-4=3
train/78554.jpg,(9-8)*9=9
train/78555.jpg,(0-0)-5=-5
train/78556.jpg,(9-4)+5=10
train/78557.jpg,(6*0)-9=-9
train/78558.jpg,(1*9)+9=18
train/78559.jpg,0+5+1=6
train/78560.jpg,(3+5)*5=40
train/78561.jpg,(4-6)-5=-7
train/78562.jpg,5+(3*3)=14
train/78563.jpg,7+5*7=42
train/78564.jpg,(9-6)+7=10
train/78565.jpg,6*(1-9)=-48
train/78566.jpg,9-4*9=-27
train/78567.jpg,9+(9-5)=13
train/78568.jpg,4*1+8=12
train/78569.jpg,3-7+7=3
train/78570.jpg,6+(4-9)=1
train/78571.jpg,8*5*5=200
train/78572.jpg,4-(6*2)=-8
train/78573.jpg,2+2+5=9
train/78574.jpg,1*6+4=10
train/78575.jpg,(4*5)+6=26
train/78576.jpg,6+1*6=12
train/78577.jpg,8-(5*5)=-17
train/78578.jpg,8-(2*2)=4
train/78579.jpg,(2-8)*3=-18
train/78580.jpg,2-(4*2)=-6
train/78581.jpg,(6*0)*4=0
train/78582.jpg,(9+3)-5=7
train/78583.jpg,5*(6-7)=-5
train/78584.jpg,(5+0)+2=7
train/78585.jpg,2+6*6=38
train/78586.jpg,9*2+7=25
train/78587.jpg,8*7+0=56
train/78588.jpg,(4-9)-6=-11
train/78589.jpg,1-(5*8)=-39
train/78590.jpg,6+(5+1)=12
train/78591.jpg,2+6-8=0
train/78592.jpg,7-(2*8)=-9
train/78593.jpg,4+(8*8)=68
train/78594.jpg,(1*0)*6=0
train/78595.jpg,6+(0+3)=9
train/78596.jpg,6-2+3=7
train/78597.jpg,4-8+6=2
train/78598.jpg,6*(0*3)=0
train/78599.jpg,1-(7+5)=-11
train/78600.jpg,(7*2)-1=13
train/78601.jpg,(8+1)-1=8
train/78602.jpg,9*(5*4)=180
train/78603.jpg,4+8-9=3
train/78604.jpg,7+6*0=7
train/78605.jpg,8-(8+3)=-3
train/78606.jpg,1+(2+8)=11
train/78607.jpg,4+(2*1)=6
train/78608.jpg,0-4*9=-36
train/78609.jpg,(8+2)-2=8
train/78610.jpg,5-(0*3)=5
train/78611.jpg,8-0-4=4
train/78612.jpg,0+(2+2)=4
train/78613.jpg,7-(7*0)=7
train/78614.jpg,6+(3*0)=6
train/78615.jpg,2-(1+2)=-1
train/78616.jpg,(7*0)*6=0
train/78617.jpg,(3*4)-0=12
train/78618.jpg,(3-8)+8=3
train/78619.jpg,8-(6+9)=-7
train/78620.jpg,1+5*8=41
train/78621.jpg,1*(1-9)=-8
train/78622.jpg,8-(2+6)=0
train/78623.jpg,(7*5)+5=40
train/78624.jpg,1*(4+4)=8
train/78625.jpg,(6*9)-6=48
train/78626.jpg,1*(2*8)=16
train/78627.jpg,5-7*1=-2
train/78628.jpg,1+4-4=1
train/78629.jpg,8*6-0=48
train/78630.jpg,(7-1)-1=5
train/78631.jpg,1*(5*3)=15
train/78632.jpg,5-(6*2)=-7
train/78633.jpg,3-3-9=-9
train/78634.jpg,7*(3+1)=28
train/78635.jpg,3-(8-6)=1
train/78636.jpg,5+0*6=5
train/78637.jpg,0+1+6=7
train/78638.jpg,8+(9*9)=89
train/78639.jpg,4-8+1=-3
train/78640.jpg,7+(6-7)=6
train/78641.jpg,7+(7+1)=15
train/78642.jpg,(9-4)*1=5
train/78643.jpg,(5+6)*4=44
train/78644.jpg,(6+3)+6=15
train/78645.jpg,4-(0+5)=-1
train/78646.jpg,7-3+6=10
train/78647.jpg,7-(5*4)=-13
train/78648.jpg,(4*6)-3=21
train/78649.jpg,(6-1)-7=-2
train/78650.jpg,(2-9)-5=-12
train/78651.jpg,(4*7)*4=112
train/78652.jpg,8-(8+9)=-9
train/78653.jpg,(2-5)*1=-3
train/78654.jpg,2-9*4=-34
train/78655.jpg,(4*2)+3=11
train/78656.jpg,2*5-5=5
train/78657.jpg,0-2+4=2
train/78658.jpg,6-3+8=11
train/78659.jpg,(9+5)-8=6
train/78660.jpg,5-8*8=-59
train/78661.jpg,0-7*2=-14
train/78662.jpg,3*(0*5)=0
train/78663.jpg,(9-8)+7=8
train/78664.jpg,(3+5)*3=24
train/78665.jpg,4+5-5=4
train/78666.jpg,1-3*0=1
train/78667.jpg,1-6*8=-47
train/78668.jpg,0*(2*0)=0
train/78669.jpg,2-(5-0)=-3
train/78670.jpg,(5-5)-1=-1
train/78671.jpg,1+7-6=2
train/78672.jpg,(0*8)+9=9
train/78673.jpg,3+(8+7)=18
train/78674.jpg,7*6*2=84
train/78675.jpg,(6+6)-3=9
train/78676.jpg,2+8-8=2
train/78677.jpg,(0*8)-2=-2
train/78678.jpg,7+4+0=11
train/78679.jpg,0-(3+1)=-4
train/78680.jpg,(8+8)-9=7
train/78681.jpg,2*5*0=0
train/78682.jpg,0*(4-9)=0
train/78683.jpg,3-6+1=-2
train/78684.jpg,(4*7)*8=224
train/78685.jpg,(1-4)+5=2
train/78686.jpg,9*6+2=56
train/78687.jpg,8+0*6=8
train/78688.jpg,9-7*6=-33
train/78689.jpg,2+6+8=16
train/78690.jpg,0+6+8=14
train/78691.jpg,7+(7*5)=42
train/78692.jpg,7*7-6=43
train/78693.jpg,4*5*4=80
train/78694.jpg,5-2+0=3
train/78695.jpg,(3+1)-9=-5
train/78696.jpg,(0-5)-0=-5
train/78697.jpg,2+9+2=13
train/78698.jpg,5*(7+4)=55
train/78699.jpg,3+(5-5)=3
train/78700.jpg,(7-8)*3=-3
train/78701.jpg,5-(6*0)=5
train/78702.jpg,(1+2)*1=3
train/78703.jpg,(1*1)*3=3
train/78704.jpg,1-2*8=-15
train/78705.jpg,3*(4+6)=30
train/78706.jpg,(7+0)*2=14
train/78707.jpg,(8*5)+6=46
train/78708.jpg,1*(2*9)=18
train/78709.jpg,4-(2-0)=2
train/78710.jpg,4-5-4=-5
train/78711.jpg,7+0+1=8
train/78712.jpg,(7+3)-3=7
train/78713.jpg,4*(0+3)=12
train/78714.jpg,3+9+1=13
train/78715.jpg,(6-0)*6=36
train/78716.jpg,(7+2)-7=2
train/78717.jpg,7-(6+5)=-4
train/78718.jpg,(3-6)-3=-6
train/78719.jpg,1-(5-8)=4
train/78720.jpg,3+7+3=13
train/78721.jpg,3-3+5=5
train/78722.jpg,(7-5)-8=-6
train/78723.jpg,3*1-0=3
train/78724.jpg,8*0*3=0
train/78725.jpg,7-(3*3)=-2
train/78726.jpg,(2+4)*3=18
train/78727.jpg,1*0+8=8
train/78728.jpg,8+1-3=6
train/78729.jpg,(9-7)-0=2
train/78730.jpg,0+5*8=40
train/78731.jpg,(7*6)*9=378
train/78732.jpg,8-(1-9)=16
train/78733.jpg,(9+7)-3=13
train/78734.jpg,4-6-0=-2
train/78735.jpg,5*(4-3)=5
train/78736.jpg,7-3-6=-2
train/78737.jpg,3+(9*8)=75
train/78738.jpg,6-(3+5)=-2
train/78739.jpg,8*6-1=47
train/78740.jpg,(8*5)*5=200
train/78741.jpg,1-9*4=-35
train/78742.jpg,8-2-8=-2
train/78743.jpg,3-(5-7)=5
train/78744.jpg,0+(7-7)=0
train/78745.jpg,0*0*3=0
train/78746.jpg,6*(4-2)=12
train/78747.jpg,5-2-6=-3
train/78748.jpg,4+3-2=5
train/78749.jpg,(5+1)-9=-3
train/78750.jpg,(2+2)*9=36
train/78751.jpg,7*7+3=52
train/78752.jpg,5+7-1=11
train/78753.jpg,5*(8+1)=45
train/78754.jpg,2*2+1=5
train/78755.jpg,7*5+1=36
train/78756.jpg,0*(2+6)=0
train/78757.jpg,6-0*9=6
train/78758.jpg,(5*2)-1=9
train/78759.jpg,(7*0)-7=-7
train/78760.jpg,1*7*1=7
train/78761.jpg,5*3-0=15
train/78762.jpg,(8*6)-8=40
train/78763.jpg,(4+5)-7=2
train/78764.jpg,4-1-1=2
train/78765.jpg,(0*5)-4=-4
train/78766.jpg,6-4+4=6
train/78767.jpg,(5-7)+4=2
train/78768.jpg,(3-2)-3=-2
train/78769.jpg,(4*0)*6=0
train/78770.jpg,(0*8)*4=0
train/78771.jpg,7*0-1=-1
train/78772.jpg,(2*4)*5=40
train/78773.jpg,(3-2)+7=8
train/78774.jpg,9+8+0=17
train/78775.jpg,1+(9-1)=9
train/78776.jpg,(1+5)-8=-2
train/78777.jpg,3+(3*3)=12
train/78778.jpg,5*(3+0)=15
train/78779.jpg,(1*7)*5=35
train/78780.jpg,(6-0)+6=12
train/78781.jpg,6-4*7=-22
train/78782.jpg,(0-5)+2=-3
train/78783.jpg,8-4+0=4
train/78784.jpg,8+(8-3)=13
train/78785.jpg,5-2+0=3
train/78786.jpg,8*6-6=42
train/78787.jpg,5*6+4=34
train/78788.jpg,3*(2+6)=24
train/78789.jpg,(3*9)-3=24
train/78790.jpg,1*8-8=0
train/78791.jpg,2*4*7=56
train/78792.jpg,(7-9)*1=-2
train/78793.jpg,9-(2-3)=10
train/78794.jpg,9-(5+8)=-4
train/78795.jpg,8*(2+2)=32
train/78796.jpg,7*3+7=28
train/78797.jpg,7*4+2=30
train/78798.jpg,1-4-8=-11
train/78799.jpg,9-5+0=4
train/78800.jpg,2*4*9=72
train/78801.jpg,8+7-4=11
train/78802.jpg,7+(1+6)=14
train/78803.jpg,(0+3)-8=-5
train/78804.jpg,(9-8)-8=-7
train/78805.jpg,(7*7)+3=52
train/78806.jpg,(2-1)+6=7
train/78807.jpg,(2*3)-1=5
train/78808.jpg,(7-0)-7=0
train/78809.jpg,2-7+4=-1
train/78810.jpg,5-(0*4)=5
train/78811.jpg,9-4-7=-2
train/78812.jpg,4*(0+9)=36
train/78813.jpg,(1+7)+2=10
train/78814.jpg,8*(9+3)=96
train/78815.jpg,9-(3+7)=-1
train/78816.jpg,(8+2)+0=10
train/78817.jpg,(9-0)-9=0
train/78818.jpg,(7*8)+5=61
train/78819.jpg,6*(0*7)=0
train/78820.jpg,9+(3-4)=8
train/78821.jpg,9-(0+7)=2
train/78822.jpg,0-4-7=-11
train/78823.jpg,2-(1*5)=-3
train/78824.jpg,7-9-3=-5
train/78825.jpg,(9-4)+4=9
train/78826.jpg,(7*1)*1=7
train/78827.jpg,(7*9)+4=67
train/78828.jpg,5*(1*8)=40
train/78829.jpg,0-(2*8)=-16
train/78830.jpg,9*(2+4)=54
train/78831.jpg,0-(7*0)=0
train/78832.jpg,5-6*0=5
train/78833.jpg,9*8*2=144
train/78834.jpg,8*9+7=79
train/78835.jpg,(0-3)+5=2
train/78836.jpg,5+2*6=17
train/78837.jpg,7*(8*3)=168
train/78838.jpg,0*(8-4)=0
train/78839.jpg,(4-7)*8=-24
train/78840.jpg,2+4*2=10
train/78841.jpg,(7+7)-3=11
train/78842.jpg,4*(0+2)=8
train/78843.jpg,6+7*0=6
train/78844.jpg,(9-9)+1=1
train/78845.jpg,(5*6)*8=240
train/78846.jpg,8+9-4=13
train/78847.jpg,(5*0)*9=0
train/78848.jpg,(9*4)-2=34
train/78849.jpg,6*(0-9)=-54
train/78850.jpg,(5+1)+8=14
train/78851.jpg,(7-3)+4=8
train/78852.jpg,(8-0)+4=12
train/78853.jpg,7-(0-8)=15
train/78854.jpg,6+(8-5)=9
train/78855.jpg,7+6-5=8
train/78856.jpg,1*(3-4)=-1
train/78857.jpg,(2+8)-9=1
train/78858.jpg,7-2*9=-11
train/78859.jpg,(8*3)-6=18
train/78860.jpg,(3*6)+5=23
train/78861.jpg,2+(2-7)=-3
train/78862.jpg,(6+4)+4=14
train/78863.jpg,9-(8*7)=-47
train/78864.jpg,9*(9*1)=81
train/78865.jpg,4+(4*7)=32
train/78866.jpg,9+(2-8)=3
train/78867.jpg,8+(5-1)=12
train/78868.jpg,(2-3)+3=2
train/78869.jpg,2-(5-1)=-2
train/78870.jpg,0*0*3=0
train/78871.jpg,3-4+0=-1
train/78872.jpg,5+3-9=-1
train/78873.jpg,7+(5-1)=11
train/78874.jpg,0*7+0=0
train/78875.jpg,(5-3)-8=-6
train/78876.jpg,1*0-6=-6
train/78877.jpg,(8*1)*5=40
train/78878.jpg,(4*5)*8=160
train/78879.jpg,9-4-2=3
train/78880.jpg,3-2*8=-13
train/78881.jpg,(7*5)*7=245
train/78882.jpg,7*(6+8)=98
train/78883.jpg,9+4-1=12
train/78884.jpg,0-(9*2)=-18
train/78885.jpg,8+6-5=9
train/78886.jpg,9-4+7=12
train/78887.jpg,4+2-7=-1
train/78888.jpg,(3-8)-4=-9
train/78889.jpg,3*(1+0)=3
train/78890.jpg,8*0-6=-6
train/78891.jpg,8*(8*6)=384
train/78892.jpg,2-2-8=-8
train/78893.jpg,0+7*1=7
train/78894.jpg,8*(0-2)=-16
train/78895.jpg,6*9+0=54
train/78896.jpg,0*(8-3)=0
train/78897.jpg,(2-2)+6=6
train/78898.jpg,(9+0)+0=9
train/78899.jpg,5*(1-4)=-15
train/78900.jpg,4+1+8=13
train/78901.jpg,5+6-5=6
train/78902.jpg,4*2-8=0
train/78903.jpg,7+(5-5)=7
train/78904.jpg,(9+2)+0=11
train/78905.jpg,7+1-5=3
train/78906.jpg,5-7-5=-7
train/78907.jpg,3*(1+0)=3
train/78908.jpg,3*5-7=8
train/78909.jpg,3*(2+5)=21
train/78910.jpg,8*(5*7)=280
train/78911.jpg,(6*6)-1=35
train/78912.jpg,(8*1)+9=17
train/78913.jpg,3*2*7=42
train/78914.jpg,6*3+0=18
train/78915.jpg,4*(1*1)=4
train/78916.jpg,8-(9-7)=6
train/78917.jpg,3-1-8=-6
train/78918.jpg,1+(5+0)=6
train/78919.jpg,6-8-5=-7
train/78920.jpg,(7*5)-2=33
train/78921.jpg,8*0-7=-7
train/78922.jpg,4+(4-2)=6
train/78923.jpg,5-(0*3)=5
train/78924.jpg,(0+7)+5=12
train/78925.jpg,(8-0)+1=9
train/78926.jpg,4-(6+8)=-10
train/78927.jpg,(4+2)*9=54
train/78928.jpg,(8+7)+8=23
train/78929.jpg,7*(6+5)=77
train/78930.jpg,4-(4*5)=-16
train/78931.jpg,(0*0)*7=0
train/78932.jpg,(6+2)+2=10
train/78933.jpg,6-8*8=-58
train/78934.jpg,2*2-8=-4
train/78935.jpg,0+3+3=6
train/78936.jpg,(6-9)*6=-18
train/78937.jpg,(4+4)-6=2
train/78938.jpg,2+9*3=29
train/78939.jpg,4*6*3=72
train/78940.jpg,0*(9+2)=0
train/78941.jpg,7*2+3=17
train/78942.jpg,6*2+4=16
train/78943.jpg,6+(9*2)=24
train/78944.jpg,(2*8)*4=64
train/78945.jpg,1-(9*1)=-8
train/78946.jpg,9-1+1=9
train/78947.jpg,0+(6-5)=1
train/78948.jpg,9+6+8=23
train/78949.jpg,2+5*5=27
train/78950.jpg,2*6+9=21
train/78951.jpg,8+(2+3)=13
train/78952.jpg,3+(8-6)=5
train/78953.jpg,5+1-6=0
train/78954.jpg,5+3-4=4
train/78955.jpg,(9-7)*8=16
train/78956.jpg,(1-8)+2=-5
train/78957.jpg,(6*6)+3=39
train/78958.jpg,0+5-8=-3
train/78959.jpg,1*(9-3)=6
train/78960.jpg,8-(7+7)=-6
train/78961.jpg,9*(3*9)=243
train/78962.jpg,0-3-0=-3
train/78963.jpg,0*(6-1)=0
train/78964.jpg,4+(7-9)=2
train/78965.jpg,2*(3-3)=0
train/78966.jpg,(3-1)+9=11
train/78967.jpg,9*8-9=63
train/78968.jpg,(9*9)+1=82
train/78969.jpg,(6*7)*7=294
train/78970.jpg,(0-5)-0=-5
train/78971.jpg,2-7*3=-19
train/78972.jpg,(3-8)-0=-5
train/78973.jpg,(0+3)-3=0
train/78974.jpg,6+8*2=22
train/78975.jpg,8-(5+9)=-6
train/78976.jpg,6+8-1=13
train/78977.jpg,(5-6)+0=-1
train/78978.jpg,4-(4*9)=-32
train/78979.jpg,(3-6)+3=0
train/78980.jpg,5*(8*7)=280
train/78981.jpg,0*(5+4)=0
train/78982.jpg,9-8*0=9
train/78983.jpg,2*(1*8)=16
train/78984.jpg,8*(8-9)=-8
train/78985.jpg,6-3*6=-12
train/78986.jpg,(8*6)-4=44
train/78987.jpg,0+(9*7)=63
train/78988.jpg,4*8*6=192
train/78989.jpg,0*2*9=0
train/78990.jpg,(9*2)*3=54
train/78991.jpg,6*2-4=8
train/78992.jpg,9+5-5=9
train/78993.jpg,3+3*9=30
train/78994.jpg,4-1*1=3
train/78995.jpg,8-7-4=-3
train/78996.jpg,5*2-1=9
train/78997.jpg,(4-6)+3=1
train/78998.jpg,3*0+9=9
train/78999.jpg,(4*9)-1=35
train/79000.jpg,6*(7+6)=78
train/79001.jpg,7+(2+9)=18
train/79002.jpg,4+(5*4)=24
train/79003.jpg,5+4*6=29
train/79004.jpg,9*(7-8)=-9
train/79005.jpg,2+5-4=3
train/79006.jpg,7*1*0=0
train/79007.jpg,0*(2*3)=0
train/79008.jpg,(7+7)+4=18
train/79009.jpg,6-(5+6)=-5
train/79010.jpg,0*7*4=0
train/79011.jpg,1-(2-3)=2
train/79012.jpg,8*2-1=15
train/79013.jpg,(2*2)+0=4
train/79014.jpg,1+(0*9)=1
train/79015.jpg,(4+3)+0=7
train/79016.jpg,4-4-5=-5
train/79017.jpg,(3+4)+8=15
train/79018.jpg,7*(2+0)=14
train/79019.jpg,1-8+8=1
train/79020.jpg,5*5*1=25
train/79021.jpg,(6-0)-0=6
train/79022.jpg,5*9*1=45
train/79023.jpg,(5-4)*9=9
train/79024.jpg,7+(1-6)=2
train/79025.jpg,6-7-8=-9
train/79026.jpg,2-7+4=-1
train/79027.jpg,(0+3)-2=1
train/79028.jpg,2-(2*8)=-14
train/79029.jpg,8-3*4=-4
train/79030.jpg,(1*2)-3=-1
train/79031.jpg,(1+6)-7=0
train/79032.jpg,9*(1*8)=72
train/79033.jpg,4-(4+0)=0
train/79034.jpg,(8*7)*2=112
train/79035.jpg,1*5-8=-3
train/79036.jpg,7+(8*9)=79
train/79037.jpg,3+(8-0)=11
train/79038.jpg,7*7+8=57
train/79039.jpg,6-(0-8)=14
train/79040.jpg,1-8-4=-11
train/79041.jpg,2+(0*6)=2
train/79042.jpg,(8+8)+0=16
train/79043.jpg,(8-7)*6=6
train/79044.jpg,5*(0-3)=-15
train/79045.jpg,5*7-9=26
train/79046.jpg,7+1+5=13
train/79047.jpg,9+(5+8)=22
train/79048.jpg,(1+7)*8=64
train/79049.jpg,8-(7-3)=4
train/79050.jpg,1+7*9=64
train/79051.jpg,2-(1+1)=0
train/79052.jpg,5-6-3=-4
train/79053.jpg,7-7*3=-14
train/79054.jpg,8*1+0=8
train/79055.jpg,(0-8)*6=-48
train/79056.jpg,4-0+7=11
train/79057.jpg,0*(8+7)=0
train/79058.jpg,5*(7+4)=55
train/79059.jpg,(0+0)-9=-9
train/79060.jpg,2-7-2=-7
train/79061.jpg,8+(9+9)=26
train/79062.jpg,3*1*6=18
train/79063.jpg,3-6+0=-3
train/79064.jpg,(7-3)+4=8
train/79065.jpg,(9+2)-1=10
train/79066.jpg,(5-8)+7=4
train/79067.jpg,(9*9)+8=89
train/79068.jpg,5+8+8=21
train/79069.jpg,(9+6)*1=15
train/79070.jpg,(0-6)+9=3
train/79071.jpg,9-1*0=9
train/79072.jpg,2*9+2=20
train/79073.jpg,4-9+6=1
train/79074.jpg,(3-0)*8=24
train/79075.jpg,9+(5*0)=9
train/79076.jpg,1+8+5=14
train/79077.jpg,5-7-6=-8
train/79078.jpg,(9+1)*1=10
train/79079.jpg,3*5+1=16
train/79080.jpg,1-4+0=-3
train/79081.jpg,6*(3+7)=60
train/79082.jpg,3+(7+5)=15
train/79083.jpg,(3+6)*8=72
train/79084.jpg,5*0+1=1
train/79085.jpg,6+(8-2)=12
train/79086.jpg,7*1-8=-1
train/79087.jpg,(0+0)*2=0
train/79088.jpg,2-9-5=-12
train/79089.jpg,(7+4)*0=0
train/79090.jpg,(8+2)*9=90
train/79091.jpg,(7+3)-2=8
train/79092.jpg,2-(3+6)=-7
train/79093.jpg,(4*2)*4=32
train/79094.jpg,7*(7*3)=147
train/79095.jpg,1-(9+9)=-17
train/79096.jpg,(4+6)+3=13
train/79097.jpg,6+3-8=1
train/79098.jpg,(4+0)*6=24
train/79099.jpg,3-(1+0)=2
train/79100.jpg,(6*8)+7=55
train/79101.jpg,4*(8*4)=128
train/79102.jpg,(0+3)-6=-3
train/79103.jpg,6+1-3=4
train/79104.jpg,(7+5)+8=20
train/79105.jpg,9-2*5=-1
train/79106.jpg,(4+5)-8=1
train/79107.jpg,0*9-7=-7
train/79108.jpg,1*4*9=36
train/79109.jpg,5+6-8=3
train/79110.jpg,2+0+1=3
train/79111.jpg,8+(7+5)=20
train/79112.jpg,9+3+7=19
train/79113.jpg,(0-8)*4=-32
train/79114.jpg,7+7*5=42
train/79115.jpg,5-0-9=-4
train/79116.jpg,0-(3-9)=6
train/79117.jpg,1*(2+3)=5
train/79118.jpg,9*(0+6)=54
train/79119.jpg,1-(3-0)=-2
train/79120.jpg,6-(5*2)=-4
train/79121.jpg,9+(9+2)=20
train/79122.jpg,7+(6*8)=55
train/79123.jpg,4*9-8=28
train/79124.jpg,(3-3)+2=2
train/79125.jpg,5+5*8=45
train/79126.jpg,1-(1-4)=4
train/79127.jpg,4*5*4=80
train/79128.jpg,3+(2*5)=13
train/79129.jpg,(7*1)-2=5
train/79130.jpg,1+0*9=1
train/79131.jpg,4+5+0=9
train/79132.jpg,(3-3)-9=-9
train/79133.jpg,0+(4-7)=-3
train/79134.jpg,1*(6+6)=12
train/79135.jpg,3*(1-6)=-15
train/79136.jpg,2+9-6=5
train/79137.jpg,(4*0)+9=9
train/79138.jpg,(2*5)-5=5
train/79139.jpg,(0*9)-3=-3
train/79140.jpg,1+(1-2)=0
train/79141.jpg,8+(5-9)=4
train/79142.jpg,(0-2)-5=-7
train/79143.jpg,8+(9+3)=20
train/79144.jpg,(6-1)+7=12
train/79145.jpg,(9-2)+9=16
train/79146.jpg,5*5+5=30
train/79147.jpg,(3*1)-6=-3
train/79148.jpg,2+(8*4)=34
train/79149.jpg,7+(7-8)=6
train/79150.jpg,(1*1)*0=0
train/79151.jpg,2*8+7=23
train/79152.jpg,0*2*3=0
train/79153.jpg,0-(8+1)=-9
train/79154.jpg,3+9*2=21
train/79155.jpg,1+3*1=4
train/79156.jpg,1+8*4=33
train/79157.jpg,1*3-1=2
train/79158.jpg,(1+5)-9=-3
train/79159.jpg,1+(0-2)=-1
train/79160.jpg,0+7+6=13
train/79161.jpg,6+5+4=15
train/79162.jpg,(9-4)-0=5
train/79163.jpg,8*(4-6)=-16
train/79164.jpg,5*6-4=26
train/79165.jpg,8-4*0=8
train/79166.jpg,3+(8+7)=18
train/79167.jpg,0*(4*3)=0
train/79168.jpg,3*(2+0)=6
train/79169.jpg,1-0*2=1
train/79170.jpg,(4-8)*6=-24
train/79171.jpg,9+(0+0)=9
train/79172.jpg,1*8+8=16
train/79173.jpg,3-(1-6)=8
train/79174.jpg,(0*9)+7=7
train/79175.jpg,8+(4-6)=6
train/79176.jpg,1-(8-9)=2
train/79177.jpg,1+6*3=19
train/79178.jpg,(3*2)*7=42
train/79179.jpg,(2-4)-9=-11
train/79180.jpg,(7*0)*2=0
train/79181.jpg,9+(6*8)=57
train/79182.jpg,4*(9*0)=0
train/79183.jpg,1*(4+5)=9
train/79184.jpg,8-7*0=8
train/79185.jpg,(0*9)-5=-5
train/79186.jpg,0+2*7=14
train/79187.jpg,0+3*9=27
train/79188.jpg,7*(3-0)=21
train/79189.jpg,9*(9*8)=648
train/79190.jpg,(5-6)+4=3
train/79191.jpg,6+(0+9)=15
train/79192.jpg,7+1+7=15
train/79193.jpg,5-7*7=-44
train/79194.jpg,8+(5-1)=12
train/79195.jpg,0-8*1=-8
train/79196.jpg,4-4*8=-28
train/79197.jpg,(4*5)*3=60
train/79198.jpg,(1-1)-6=-6
train/79199.jpg,1*(6+3)=9
train/79200.jpg,6-3*5=-9
train/79201.jpg,5-(4-8)=9
train/79202.jpg,6-(1+3)=2
train/79203.jpg,7-(5-9)=11
train/79204.jpg,2*3+1=7
train/79205.jpg,4+(1-0)=5
train/79206.jpg,6-8-1=-3
train/79207.jpg,(4+5)*9=81
train/79208.jpg,(2+3)+9=14
train/79209.jpg,(2+7)*6=54
train/79210.jpg,(4-4)-6=-6
train/79211.jpg,(3+2)-7=-2
train/79212.jpg,9-(3+6)=0
train/79213.jpg,8*4-7=25
train/79214.jpg,7-(5*7)=-28
train/79215.jpg,(8-0)+2=10
train/79216.jpg,5+7+7=19
train/79217.jpg,1+2+6=9
train/79218.jpg,7*2+1=15
train/79219.jpg,3+(4-8)=-1
train/79220.jpg,9+9*6=63
train/79221.jpg,6-(3-8)=11
train/79222.jpg,8-(8+6)=-6
train/79223.jpg,6-(3+1)=2
train/79224.jpg,2+6+6=14
train/79225.jpg,(2*8)+6=22
train/79226.jpg,(4-9)+2=-3
train/79227.jpg,1+(7-7)=1
train/79228.jpg,4+4-1=7
train/79229.jpg,(4*7)+6=34
train/79230.jpg,9+(5-7)=7
train/79231.jpg,9*(8-6)=18
train/79232.jpg,(6*6)*0=0
train/79233.jpg,(9*3)+0=27
train/79234.jpg,2+0+0=2
train/79235.jpg,7-(0*5)=7
train/79236.jpg,9*0-8=-8
train/79237.jpg,(0-9)+0=-9
train/79238.jpg,9-(2-6)=13
train/79239.jpg,8+(5+2)=15
train/79240.jpg,3+5*5=28
train/79241.jpg,(9*4)-2=34
train/79242.jpg,8-1*9=-1
train/79243.jpg,3*5*0=0
train/79244.jpg,7-(3-2)=6
train/79245.jpg,(6-7)-1=-2
train/79246.jpg,9+(9-6)=12
train/79247.jpg,(0*7)-1=-1
train/79248.jpg,6*(5*3)=90
train/79249.jpg,8+0-0=8
train/79250.jpg,5*0+6=6
train/79251.jpg,4-(6+1)=-3
train/79252.jpg,3*8+9=33
train/79253.jpg,(6+3)*0=0
train/79254.jpg,6*(6-5)=6
train/79255.jpg,8-(6-8)=10
train/79256.jpg,2-6-5=-9
train/79257.jpg,4+(2+8)=14
train/79258.jpg,0+(3*8)=24
train/79259.jpg,5+(1*0)=5
train/79260.jpg,5-8*0=5
train/79261.jpg,(6-0)*7=42
train/79262.jpg,7-(4+6)=-3
train/79263.jpg,1+7+9=17
train/79264.jpg,4+2*9=22
train/79265.jpg,0-0-0=0
train/79266.jpg,(1*1)*9=9
train/79267.jpg,2+(6*8)=50
train/79268.jpg,(1+7)*0=0
train/79269.jpg,8+5+3=16
train/79270.jpg,3*(1+1)=6
train/79271.jpg,8-5-7=-4
train/79272.jpg,8-8*8=-56
train/79273.jpg,0+8-6=2
train/79274.jpg,1+(8+5)=14
train/79275.jpg,3-3*9=-24
train/79276.jpg,7*(5-8)=-21
train/79277.jpg,(7*5)+8=43
train/79278.jpg,7*(8*2)=112
train/79279.jpg,(1-4)+1=-2
train/79280.jpg,(1*7)*0=0
train/79281.jpg,0*4-9=-9
train/79282.jpg,(7*1)+8=15
train/79283.jpg,(1*1)+7=8
train/79284.jpg,3+(1-9)=-5
train/79285.jpg,6-7*6=-36
train/79286.jpg,(1-8)+6=-1
train/79287.jpg,(3+4)*6=42
train/79288.jpg,2-(2*9)=-16
train/79289.jpg,(6+6)*3=36
train/79290.jpg,(0+0)+1=1
train/79291.jpg,2*8+9=25
train/79292.jpg,1+(6-9)=-2
train/79293.jpg,2-(0*3)=2
train/79294.jpg,9+(1-4)=6
train/79295.jpg,5-7-3=-5
train/79296.jpg,(0*6)-5=-5
train/79297.jpg,6+6*9=60
train/79298.jpg,7-(1*2)=5
train/79299.jpg,4+9+0=13
train/79300.jpg,3+1-8=-4
train/79301.jpg,7+(3*5)=22
train/79302.jpg,5*3*7=105
train/79303.jpg,1-0+0=1
train/79304.jpg,5+(8-7)=6
train/79305.jpg,8*5+8=48
train/79306.jpg,6+8*1=14
train/79307.jpg,2-3-0=-1
train/79308.jpg,4+6-1=9
train/79309.jpg,(0+0)+5=5
train/79310.jpg,(7+5)-5=7
train/79311.jpg,(2-9)*0=0
train/79312.jpg,1-2-5=-6
train/79313.jpg,(2+8)+2=12
train/79314.jpg,6*0*7=0
train/79315.jpg,4*(5*2)=40
train/79316.jpg,(9+2)-5=6
train/79317.jpg,(1*6)+0=6
train/79318.jpg,9+(3+4)=16
train/79319.jpg,7+(7+6)=20
train/79320.jpg,7-(1*2)=5
train/79321.jpg,6-(0-7)=13
train/79322.jpg,1+1+6=8
train/79323.jpg,1*7-4=3
train/79324.jpg,1-(0-3)=4
train/79325.jpg,7*3-8=13
train/79326.jpg,(8*6)*2=96
train/79327.jpg,9+8*5=49
train/79328.jpg,1-(4*6)=-23
train/79329.jpg,(9*2)+1=19
train/79330.jpg,(7+0)+2=9
train/79331.jpg,3+5+6=14
train/79332.jpg,(9*4)*6=216
train/79333.jpg,8-(1-3)=10
train/79334.jpg,(7*4)+8=36
train/79335.jpg,2-0-7=-5
train/79336.jpg,5+(4-2)=7
train/79337.jpg,(1+5)*5=30
train/79338.jpg,(9*8)-0=72
train/79339.jpg,(2*9)-1=17
train/79340.jpg,(1-1)-6=-6
train/79341.jpg,5+3+2=10
train/79342.jpg,7-(7+7)=-7
train/79343.jpg,0+(9*6)=54
train/79344.jpg,(6+5)-9=2
train/79345.jpg,4-3-5=-4
train/79346.jpg,(7*5)*1=35
train/79347.jpg,5+(0+5)=10
train/79348.jpg,(3-6)+1=-2
train/79349.jpg,8-(0-8)=16
train/79350.jpg,1-(9-4)=-4
train/79351.jpg,3*8*8=192
train/79352.jpg,(3*3)-4=5
train/79353.jpg,9-(4+2)=3
train/79354.jpg,4*(7-2)=20
train/79355.jpg,8*(2*4)=64
train/79356.jpg,(8+0)*1=8
train/79357.jpg,(4*2)+3=11
train/79358.jpg,0-(5-5)=0
train/79359.jpg,0*(1-5)=0
train/79360.jpg,(6+3)*8=72
train/79361.jpg,8+(5-2)=11
train/79362.jpg,(8*4)-2=30
train/79363.jpg,4+1-8=-3
train/79364.jpg,5-(0-0)=5
train/79365.jpg,6+5-0=11
train/79366.jpg,6*3*1=18
train/79367.jpg,(2-3)-9=-10
train/79368.jpg,(9-4)+5=10
train/79369.jpg,0-4+7=3
train/79370.jpg,(3*9)-1=26
train/79371.jpg,(3-7)+7=3
train/79372.jpg,6+(2+7)=15
train/79373.jpg,5+3*0=5
train/79374.jpg,8*(3+6)=72
train/79375.jpg,(0+5)*3=15
train/79376.jpg,5-(3-3)=5
train/79377.jpg,(3*6)+8=26
train/79378.jpg,9+7+5=21
train/79379.jpg,(3+5)*6=48
train/79380.jpg,(2+3)*8=40
train/79381.jpg,5-(8+8)=-11
train/79382.jpg,(3*9)+8=35
train/79383.jpg,8*2-4=12
train/79384.jpg,5-2+5=8
train/79385.jpg,4+(7*8)=60
train/79386.jpg,7-(7-1)=1
train/79387.jpg,(9*8)-9=63
train/79388.jpg,3+(3*5)=18
train/79389.jpg,8-7-1=0
train/79390.jpg,9*0+7=7
train/79391.jpg,4*0+3=3
train/79392.jpg,8-3*7=-13
train/79393.jpg,0+(4*2)=8
train/79394.jpg,4*0*8=0
train/79395.jpg,3+6*7=45
train/79396.jpg,6-9-0=-3
train/79397.jpg,(1+0)*3=3
train/79398.jpg,(7-7)-6=-6
train/79399.jpg,(4+9)-0=13
train/79400.jpg,5-2*1=3
train/79401.jpg,4+8*6=52
train/79402.jpg,8-2+5=11
train/79403.jpg,(5-1)+4=8
train/79404.jpg,9-(4*2)=1
train/79405.jpg,5*(7+6)=65
train/79406.jpg,(7*4)-1=27
train/79407.jpg,(9+4)*8=104
train/79408.jpg,0-0+3=3
train/79409.jpg,(9-0)*8=72
train/79410.jpg,0+6*0=0
train/79411.jpg,(1+3)+1=5
train/79412.jpg,1-9+0=-8
train/79413.jpg,3*(3-0)=9
train/79414.jpg,4-9-3=-8
train/79415.jpg,(4+6)+8=18
train/79416.jpg,4+(9-3)=10
train/79417.jpg,7+8+1=16
train/79418.jpg,0+(7-8)=-1
train/79419.jpg,1-8*7=-55
train/79420.jpg,1+6-4=3
train/79421.jpg,2-(3+5)=-6
train/79422.jpg,0-6-5=-11
train/79423.jpg,5-(5+0)=0
train/79424.jpg,0*(0*6)=0
train/79425.jpg,6+7-7=6
train/79426.jpg,(8*0)-7=-7
train/79427.jpg,8+1-6=3
train/79428.jpg,(0-6)+1=-5
train/79429.jpg,(9*6)+9=63
train/79430.jpg,(1+1)+4=6
train/79431.jpg,(1+1)*5=10
train/79432.jpg,(2*7)*7=98
train/79433.jpg,2-6+1=-3
train/79434.jpg,3*(1+9)=30
train/79435.jpg,4-(2*0)=4
train/79436.jpg,6-(5*2)=-4
train/79437.jpg,7*6*4=168
train/79438.jpg,6-0-0=6
train/79439.jpg,7+(0-3)=4
train/79440.jpg,1*(9-0)=9
train/79441.jpg,(7-7)-5=-5
train/79442.jpg,(0-1)+9=8
train/79443.jpg,(7*9)*4=252
train/79444.jpg,7+(2-5)=4
train/79445.jpg,(2+2)*0=0
train/79446.jpg,7+(1*4)=11
train/79447.jpg,2-8*7=-54
train/79448.jpg,8+7*3=29
train/79449.jpg,4-(7*9)=-59
train/79450.jpg,6*1*8=48
train/79451.jpg,(8+9)*8=136
train/79452.jpg,5*0*1=0
train/79453.jpg,3-(7+6)=-10
train/79454.jpg,(9*5)-0=45
train/79455.jpg,(8+6)+0=14
train/79456.jpg,(5*1)*2=10
train/79457.jpg,3*(8*8)=192
train/79458.jpg,4+(5*6)=34
train/79459.jpg,5*(6-8)=-10
train/79460.jpg,(4-7)+0=-3
train/79461.jpg,6+6-1=11
train/79462.jpg,(7+4)+4=15
train/79463.jpg,6+(7+9)=22
train/79464.jpg,7-1*6=1
train/79465.jpg,7-(0*6)=7
train/79466.jpg,(8+7)-0=15
train/79467.jpg,(0-9)+7=-2
train/79468.jpg,6+9*6=60
train/79469.jpg,5-(3+1)=1
train/79470.jpg,2+(8+7)=17
train/79471.jpg,(7-2)+3=8
train/79472.jpg,9*(2*9)=162
train/79473.jpg,5-(4*3)=-7
train/79474.jpg,(9+6)+0=15
train/79475.jpg,9*1-1=8
train/79476.jpg,3-7-8=-12
train/79477.jpg,3+(7+1)=11
train/79478.jpg,7-1*1=6
train/79479.jpg,(6*4)*7=168
train/79480.jpg,(9*5)-1=44
train/79481.jpg,(6-3)-2=1
train/79482.jpg,(7+0)*9=63
train/79483.jpg,(0+5)+6=11
train/79484.jpg,5-(8-4)=1
train/79485.jpg,5*1+9=14
train/79486.jpg,2+6-9=-1
train/79487.jpg,(9-2)-4=3
train/79488.jpg,0*0-4=-4
train/79489.jpg,(2*9)-4=14
train/79490.jpg,5*4+5=25
train/79491.jpg,(3-0)+1=4
train/79492.jpg,9-(6*9)=-45
train/79493.jpg,9*(6+1)=63
train/79494.jpg,(2+5)-2=5
train/79495.jpg,(2-7)*6=-30
train/79496.jpg,4+9+5=18
train/79497.jpg,1*0*7=0
train/79498.jpg,(8*3)+8=32
train/79499.jpg,(7*3)+9=30
train/79500.jpg,5+(9-4)=10
train/79501.jpg,(5+4)-9=0
train/79502.jpg,9+8+2=19
train/79503.jpg,8-(0-9)=17
train/79504.jpg,1+(4-3)=2
train/79505.jpg,7*8+0=56
train/79506.jpg,4-2+0=2
train/79507.jpg,1-(3*6)=-17
train/79508.jpg,9*(6+3)=81
train/79509.jpg,2-(9-9)=2
train/79510.jpg,0*(6*9)=0
train/79511.jpg,8*(0*7)=0
train/79512.jpg,(9+2)*3=33
train/79513.jpg,4-(1-8)=11
train/79514.jpg,8-(6+3)=-1
train/79515.jpg,(3-5)+9=7
train/79516.jpg,1+9+2=12
train/79517.jpg,(3-1)*1=2
train/79518.jpg,(1*4)+6=10
train/79519.jpg,1+(2+0)=3
train/79520.jpg,0+0-5=-5
train/79521.jpg,(0*4)*9=0
train/79522.jpg,7+6*8=55
train/79523.jpg,0-6-6=-12
train/79524.jpg,6-(5-2)=3
train/79525.jpg,(6*5)*8=240
train/79526.jpg,8+(9*2)=26
train/79527.jpg,(1*7)-9=-2
train/79528.jpg,0*3+1=1
train/79529.jpg,0*(7-0)=0
train/79530.jpg,(5-8)+2=-1
train/79531.jpg,7-(2*1)=5
train/79532.jpg,(2+8)-2=8
train/79533.jpg,8*7+0=56
train/79534.jpg,7*(5-9)=-28
train/79535.jpg,1*(5*8)=40
train/79536.jpg,5-(1*9)=-4
train/79537.jpg,0+8*3=24
train/79538.jpg,2+(1+5)=8
train/79539.jpg,5+(7+2)=14
train/79540.jpg,(0*1)*4=0
train/79541.jpg,(9-9)+5=5
train/79542.jpg,2+(6-0)=8
train/79543.jpg,9*3*2=54
train/79544.jpg,(2-8)-3=-9
train/79545.jpg,(2+1)+2=5
train/79546.jpg,(3+3)*1=6
train/79547.jpg,6+8-2=12
train/79548.jpg,0*(7*0)=0
train/79549.jpg,8+(9+1)=18
train/79550.jpg,(3*9)*7=189
train/79551.jpg,5+3-8=0
train/79552.jpg,6-3+2=5
train/79553.jpg,6+8-2=12
train/79554.jpg,2-(4-5)=3
train/79555.jpg,0*5-6=-6
train/79556.jpg,(7+4)*3=33
train/79557.jpg,(4*7)*7=196
train/79558.jpg,(5+7)+8=20
train/79559.jpg,1-4*8=-31
train/79560.jpg,4*(6*3)=72
train/79561.jpg,4*(8-7)=4
train/79562.jpg,0-5*3=-15
train/79563.jpg,7-9*2=-11
train/79564.jpg,(6-9)*8=-24
train/79565.jpg,0*3+7=7
train/79566.jpg,0-3-1=-4
train/79567.jpg,8*(0-3)=-24
train/79568.jpg,4*(9-7)=8
train/79569.jpg,(3+1)+3=7
train/79570.jpg,(1-1)+4=4
train/79571.jpg,(2*4)+8=16
train/79572.jpg,(7*1)-1=6
train/79573.jpg,1+(8*2)=17
train/79574.jpg,2+8-4=6
train/79575.jpg,0-(9*7)=-63
train/79576.jpg,7+9-8=8
train/79577.jpg,8+9+7=24
train/79578.jpg,5*(4-6)=-10
train/79579.jpg,4+8-0=12
train/79580.jpg,(5*8)-4=36
train/79581.jpg,(4-3)-8=-7
train/79582.jpg,0-1*4=-4
train/79583.jpg,6+(0*9)=6
train/79584.jpg,0+4+1=5
train/79585.jpg,7+2-1=8
train/79586.jpg,0*(7-3)=0
train/79587.jpg,(1+2)+0=3
train/79588.jpg,0-(9*2)=-18
train/79589.jpg,(9*5)-6=39
train/79590.jpg,9-5+1=5
train/79591.jpg,8*0+4=4
train/79592.jpg,(3-4)*6=-6
train/79593.jpg,7*0+3=3
train/79594.jpg,(7+3)*3=30
train/79595.jpg,8+(4+9)=21
train/79596.jpg,(7-5)+6=8
train/79597.jpg,5+(2-0)=7
train/79598.jpg,(3+3)*9=54
train/79599.jpg,(0+9)*5=45
train/79600.jpg,7*(1+8)=63
train/79601.jpg,(9-0)+9=18
train/79602.jpg,1-(0+4)=-3
train/79603.jpg,9+(1*4)=13
train/79604.jpg,0-1+7=6
train/79605.jpg,(4+4)-2=6
train/79606.jpg,4-(5*7)=-31
train/79607.jpg,(6-5)*2=2
train/79608.jpg,(1-5)-2=-6
train/79609.jpg,9*7-4=59
train/79610.jpg,7+(9*6)=61
train/79611.jpg,5*(4+0)=20
train/79612.jpg,(4+9)+8=21
train/79613.jpg,(3+1)*7=28
train/79614.jpg,4*6*0=0
train/79615.jpg,8-(1+6)=1
train/79616.jpg,6-(9-1)=-2
train/79617.jpg,(7-6)*7=7
train/79618.jpg,(2-3)+6=5
train/79619.jpg,4-(4+2)=-2
train/79620.jpg,9-(8*1)=1
train/79621.jpg,1*1-0=1
train/79622.jpg,(6+0)-9=-3
train/79623.jpg,2-(7*4)=-26
train/79624.jpg,(9-0)*7=63
train/79625.jpg,4+7*0=4
train/79626.jpg,4-6*4=-20
train/79627.jpg,4*8-8=24
train/79628.jpg,2+(0-6)=-4
train/79629.jpg,3*(0-4)=-12
train/79630.jpg,(0*4)+8=8
train/79631.jpg,(6-0)-5=1
train/79632.jpg,1*6*4=24
train/79633.jpg,1*(3-1)=2
train/79634.jpg,0-(0-7)=7
train/79635.jpg,6-(1*7)=-1
train/79636.jpg,7-9+0=-2
train/79637.jpg,(2*8)-9=7
train/79638.jpg,(9-5)-9=-5
train/79639.jpg,(0+7)*5=35
train/79640.jpg,(7*8)+6=62
train/79641.jpg,(1+0)-2=-1
train/79642.jpg,(0-6)-7=-13
train/79643.jpg,3+4*4=19
train/79644.jpg,0+(8*2)=16
train/79645.jpg,(8+6)+5=19
train/79646.jpg,3-(5*8)=-37
train/79647.jpg,(8+4)+5=17
train/79648.jpg,1*(1+0)=1
train/79649.jpg,5+(3+6)=14
train/79650.jpg,4+2*3=10
train/79651.jpg,4-(0+4)=0
train/79652.jpg,0+4*3=12
train/79653.jpg,6*2*6=72
train/79654.jpg,4+8+1=13
train/79655.jpg,(9*3)-1=26
train/79656.jpg,1-2-0=-1
train/79657.jpg,2-(4+4)=-6
train/79658.jpg,6+(4*2)=14
train/79659.jpg,8*6*1=48
train/79660.jpg,7*9*1=63
train/79661.jpg,6+(9+8)=23
train/79662.jpg,2-4*5=-18
train/79663.jpg,9+(9+5)=23
train/79664.jpg,6-(4*4)=-10
train/79665.jpg,(2*3)+5=11
train/79666.jpg,5*(3+1)=20
train/79667.jpg,4*(7*8)=224
train/79668.jpg,3*0+9=9
train/79669.jpg,0+3*3=9
train/79670.jpg,(1-3)*5=-10
train/79671.jpg,6-3*2=0
train/79672.jpg,(9-5)-6=-2
train/79673.jpg,(6-5)*9=9
train/79674.jpg,(4*6)-2=22
train/79675.jpg,(5*8)*9=360
train/79676.jpg,0+7+3=10
train/79677.jpg,(5-6)-2=-3
train/79678.jpg,9-(3+6)=0
train/79679.jpg,8*0*1=0
train/79680.jpg,3-(7*7)=-46
train/79681.jpg,9+7*5=44
train/79682.jpg,6+(7+1)=14
train/79683.jpg,(5*1)-8=-3
train/79684.jpg,(6+7)+9=22
train/79685.jpg,1-2*4=-7
train/79686.jpg,(8-0)-5=3
train/79687.jpg,7+(3*8)=31
train/79688.jpg,5+4-9=0
train/79689.jpg,(1-3)-0=-2
train/79690.jpg,(7*4)+5=33
train/79691.jpg,5*(1+2)=15
train/79692.jpg,(9-6)-1=2
train/79693.jpg,0*7-9=-9
train/79694.jpg,(7*8)-5=51
train/79695.jpg,1+1*4=5
train/79696.jpg,5+4*0=5
train/79697.jpg,3+1+3=7
train/79698.jpg,1*8*5=40
train/79699.jpg,(4*9)*9=324
train/79700.jpg,1+(1-9)=-7
train/79701.jpg,(5-7)-4=-6
train/79702.jpg,4*(9-8)=4
train/79703.jpg,(7+0)+5=12
train/79704.jpg,0+(0+7)=7
train/79705.jpg,3-(1+4)=-2
train/79706.jpg,(2*1)*9=18
train/79707.jpg,5*(2*9)=90
train/79708.jpg,(2+1)-0=3
train/79709.jpg,3-7-2=-6
train/79710.jpg,(3-8)-0=-5
train/79711.jpg,(2-3)+1=0
train/79712.jpg,(3+9)+4=16
train/79713.jpg,(9+2)+8=19
train/79714.jpg,2-6*5=-28
train/79715.jpg,4*(7+6)=52
train/79716.jpg,(3-6)+9=6
train/79717.jpg,(8*4)+5=37
train/79718.jpg,(5-8)*4=-12
train/79719.jpg,1*4*6=24
train/79720.jpg,(8-8)-1=-1
train/79721.jpg,(1-1)*6=0
train/79722.jpg,0-5-5=-10
train/79723.jpg,3*3+7=16
train/79724.jpg,(1+0)-2=-1
train/79725.jpg,3+0*0=3
train/79726.jpg,8*2-5=11
train/79727.jpg,(1-9)*6=-48
train/79728.jpg,6+4+9=19
train/79729.jpg,(0-1)-9=-10
train/79730.jpg,6*(6+3)=54
train/79731.jpg,(4+8)-4=8
train/79732.jpg,(1*8)+9=17
train/79733.jpg,0+(3-0)=3
train/79734.jpg,7+(1+7)=15
train/79735.jpg,0*2-1=-1
train/79736.jpg,0-(7-6)=-1
train/79737.jpg,2*9+1=19
train/79738.jpg,0+0*9=0
train/79739.jpg,7+2-2=7
train/79740.jpg,(1+9)*7=70
train/79741.jpg,9+6-6=9
train/79742.jpg,6-(4*6)=-18
train/79743.jpg,(2-1)+0=1
train/79744.jpg,5*(2*7)=70
train/79745.jpg,(0+4)+2=6
train/79746.jpg,0-7-3=-10
train/79747.jpg,7-(4+1)=2
train/79748.jpg,7+(8-9)=6
train/79749.jpg,(5-4)+5=6
train/79750.jpg,8-(8-7)=7
train/79751.jpg,(5*0)+4=4
train/79752.jpg,4-9+3=-2
train/79753.jpg,9-7-6=-4
train/79754.jpg,8+(0*3)=8
train/79755.jpg,8-1*1=7
train/79756.jpg,(3+4)-5=2
train/79757.jpg,3*(3-4)=-3
train/79758.jpg,1*0-8=-8
train/79759.jpg,2-0-2=0
train/79760.jpg,3*1*8=24
train/79761.jpg,(6*8)*3=144
train/79762.jpg,(4-3)-5=-4
train/79763.jpg,(3-9)*0=0
train/79764.jpg,6-(6*9)=-48
train/79765.jpg,8-(4*7)=-20
train/79766.jpg,(9-4)+4=9
train/79767.jpg,2*8+9=25
train/79768.jpg,0*(6+2)=0
train/79769.jpg,4*(8-7)=4
train/79770.jpg,1-8*7=-55
train/79771.jpg,4*(4+0)=16
train/79772.jpg,6*(2+0)=12
train/79773.jpg,(2+7)+4=13
train/79774.jpg,(8-1)+1=8
train/79775.jpg,(4*7)+3=31
train/79776.jpg,0*(3*9)=0
train/79777.jpg,3-(8*4)=-29
train/79778.jpg,(6-4)*0=0
train/79779.jpg,3*(9*7)=189
train/79780.jpg,5+3+7=15
train/79781.jpg,3+(1-9)=-5
train/79782.jpg,5+(5*2)=15
train/79783.jpg,(5-0)-9=-4
train/79784.jpg,(5+8)*2=26
train/79785.jpg,2*(7-1)=12
train/79786.jpg,(0-0)-1=-1
train/79787.jpg,2*(5*0)=0
train/79788.jpg,3*(9-2)=21
train/79789.jpg,0+(8-5)=3
train/79790.jpg,9*9-6=75
train/79791.jpg,4-(0*2)=4
train/79792.jpg,3-(1+6)=-4
train/79793.jpg,8+9-1=16
train/79794.jpg,4-(7+9)=-12
train/79795.jpg,(8+5)-7=6
train/79796.jpg,(3+8)+4=15
train/79797.jpg,(1+4)+1=6
train/79798.jpg,7+0+2=9
train/79799.jpg,1-(7+5)=-11
train/79800.jpg,(8-3)+1=6
train/79801.jpg,7*(1+5)=42
train/79802.jpg,9-4*0=9
train/79803.jpg,8-8*5=-32
train/79804.jpg,7*(8*3)=168
train/79805.jpg,8-(7-3)=4
train/79806.jpg,(0*9)-0=0
train/79807.jpg,9+(7*4)=37
train/79808.jpg,9+0-7=2
train/79809.jpg,9+8*1=17
train/79810.jpg,8*(4*7)=224
train/79811.jpg,(0*6)+1=1
train/79812.jpg,7-8-4=-5
train/79813.jpg,4*7-0=28
train/79814.jpg,1+(1+9)=11
train/79815.jpg,4-4+9=9
train/79816.jpg,2+0*0=2
train/79817.jpg,9+(2-9)=2
train/79818.jpg,(5-9)*7=-28
train/79819.jpg,7-1-6=0
train/79820.jpg,7-(2*0)=7
train/79821.jpg,(8-1)+1=8
train/79822.jpg,8-9-1=-2
train/79823.jpg,4-7*7=-45
train/79824.jpg,6-9-9=-12
train/79825.jpg,4+(2*0)=4
train/79826.jpg,(8-3)-1=4
train/79827.jpg,3+(2+7)=12
train/79828.jpg,(1+7)*3=24
train/79829.jpg,3+0+7=10
train/79830.jpg,1+7-9=-1
train/79831.jpg,4*7+2=30
train/79832.jpg,0*8*5=0
train/79833.jpg,(9*8)*2=144
train/79834.jpg,0+2*1=2
train/79835.jpg,(4-7)-2=-5
train/79836.jpg,9+(3+4)=16
train/79837.jpg,(5+5)-3=7
train/79838.jpg,(7+3)-2=8
train/79839.jpg,6-3-1=2
train/79840.jpg,5-(9-0)=-4
train/79841.jpg,1-(0+8)=-7
train/79842.jpg,(9*3)*1=27
train/79843.jpg,6+(8*5)=46
train/79844.jpg,6+5+9=20
train/79845.jpg,7*(4*5)=140
train/79846.jpg,7*(2*7)=98
train/79847.jpg,4-9-9=-14
train/79848.jpg,(3+0)-2=1
train/79849.jpg,8*0+5=5
train/79850.jpg,7-7+9=9
train/79851.jpg,6-3+0=3
train/79852.jpg,4+1*6=10
train/79853.jpg,5*2+2=12
train/79854.jpg,7*(0+4)=28
train/79855.jpg,(3+0)+0=3
train/79856.jpg,0-5*1=-5
train/79857.jpg,0+(3*8)=24
train/79858.jpg,(1+7)*8=64
train/79859.jpg,3-3*5=-12
train/79860.jpg,(2*7)+4=18
train/79861.jpg,3-(2-1)=2
train/79862.jpg,7-(6*1)=1
train/79863.jpg,8+(2*2)=12
train/79864.jpg,9+9+5=23
train/79865.jpg,(2-1)*7=7
train/79866.jpg,(3*2)+6=12
train/79867.jpg,2*2*4=16
train/79868.jpg,(0+1)*4=4
train/79869.jpg,(2*6)*3=36
train/79870.jpg,(9+3)-1=11
train/79871.jpg,3*1-9=-6
train/79872.jpg,1-(8-5)=-2
train/79873.jpg,2+(9+2)=13
train/79874.jpg,4-(6*3)=-14
train/79875.jpg,6+7-0=13
train/79876.jpg,9-(7-5)=7
train/79877.jpg,(0+7)+9=16
train/79878.jpg,(6*9)-1=53
train/79879.jpg,(9*3)*4=108
train/79880.jpg,7+(8+4)=19
train/79881.jpg,9-7+4=6
train/79882.jpg,(5-3)*7=14
train/79883.jpg,8-8+4=4
train/79884.jpg,(7*6)-6=36
train/79885.jpg,5-(3+9)=-7
train/79886.jpg,6+(3*5)=21
train/79887.jpg,1-(1+6)=-6
train/79888.jpg,6+8+4=18
train/79889.jpg,4-(4*9)=-32
train/79890.jpg,2+3*0=2
train/79891.jpg,1+9+5=15
train/79892.jpg,8*9*8=576
train/79893.jpg,1*8-3=5
train/79894.jpg,(7*4)+4=32
train/79895.jpg,4-2+9=11
train/79896.jpg,(8*4)*6=192
train/79897.jpg,7+2-2=7
train/79898.jpg,(8*3)+0=24
train/79899.jpg,0-(0-1)=1
train/79900.jpg,5-(3-5)=7
train/79901.jpg,2*5-0=10
train/79902.jpg,(7-1)-4=2
train/79903.jpg,(3*2)*4=24
train/79904.jpg,6*(6*9)=324
train/79905.jpg,6-0-9=-3
train/79906.jpg,(4+2)+4=10
train/79907.jpg,(7*5)*6=210
train/79908.jpg,8*(0*5)=0
train/79909.jpg,(6+2)-7=1
train/79910.jpg,7+3-8=2
train/79911.jpg,(3-6)+8=5
train/79912.jpg,3+2*1=5
train/79913.jpg,7*(0*4)=0
train/79914.jpg,0-0-2=-2
train/79915.jpg,5-(3-5)=7
train/79916.jpg,1+9*0=1
train/79917.jpg,5-8+9=6
train/79918.jpg,(5*8)+5=45
train/79919.jpg,(2+9)-4=7
train/79920.jpg,0-(3-1)=-2
train/79921.jpg,(5-1)+7=11
train/79922.jpg,(2*1)*2=4
train/79923.jpg,(4+3)*2=14
train/79924.jpg,6-2*0=6
train/79925.jpg,(6+8)-2=12
train/79926.jpg,(5-6)+6=5
train/79927.jpg,8-3-1=4
train/79928.jpg,6+9*7=69
train/79929.jpg,8+2*5=18
train/79930.jpg,5-(6*6)=-31
train/79931.jpg,1-(8*9)=-71
train/79932.jpg,1-(1-6)=6
train/79933.jpg,8+7-0=15
train/79934.jpg,9+7*0=9
train/79935.jpg,6*3+6=24
train/79936.jpg,8+(3-0)=11
train/79937.jpg,1-2*9=-17
train/79938.jpg,3+(6*1)=9
train/79939.jpg,(6-1)-8=-3
train/79940.jpg,(8+8)-1=15
train/79941.jpg,3*4-6=6
train/79942.jpg,6+7*6=48
train/79943.jpg,(0-6)-9=-15
train/79944.jpg,8*0+7=7
train/79945.jpg,(5*4)*2=40
train/79946.jpg,9+1*9=18
train/79947.jpg,0-(3-7)=4
train/79948.jpg,5*6+1=31
train/79949.jpg,9-5-4=0
train/79950.jpg,2+(9-7)=4
train/79951.jpg,(7+1)*3=24
train/79952.jpg,4-8-1=-5
train/79953.jpg,(6-4)-2=0
train/79954.jpg,9+2*6=21
train/79955.jpg,9-(8-0)=1
train/79956.jpg,(4*6)-0=24
train/79957.jpg,(4+8)*2=24
train/79958.jpg,(1-3)-9=-11
train/79959.jpg,2-(3-9)=8
train/79960.jpg,5+(6*3)=23
train/79961.jpg,7+(6+0)=13
train/79962.jpg,(3+9)-8=4
train/79963.jpg,(7-6)*1=1
train/79964.jpg,1-(1*6)=-5
train/79965.jpg,(3+5)-5=3
train/79966.jpg,(7-2)-5=0
train/79967.jpg,3-6-4=-7
train/79968.jpg,8+(1*0)=8
train/79969.jpg,5*8+5=45
train/79970.jpg,7*0-7=-7
train/79971.jpg,(8-1)+7=14
train/79972.jpg,(8-7)+3=4
train/79973.jpg,4-(8-1)=-3
train/79974.jpg,4*8-2=30
train/79975.jpg,7+5+4=16
train/79976.jpg,(8+3)-4=7
train/79977.jpg,3*4+5=17
train/79978.jpg,(7+2)*2=18
train/79979.jpg,0-(3-9)=6
train/79980.jpg,7+9+1=17
train/79981.jpg,(0*3)+5=5
train/79982.jpg,5-(8+9)=-12
train/79983.jpg,(6+3)*6=54
train/79984.jpg,(1*7)-2=5
train/79985.jpg,9*8-0=72
train/79986.jpg,5-(3+4)=-2
train/79987.jpg,6*(6+3)=54
train/79988.jpg,(4-5)-2=-3
train/79989.jpg,(0*4)-4=-4
train/79990.jpg,0+1*9=9
train/79991.jpg,9-(7-2)=4
train/79992.jpg,0-8+8=0
train/79993.jpg,(7+6)-4=9
train/79994.jpg,3-(7+5)=-9
train/79995.jpg,3-5+1=-1
train/79996.jpg,8+2-2=8
train/79997.jpg,(5+1)*6=36
train/79998.jpg,3*(5+4)=27
train/79999.jpg,(6*4)*3=72
train/80000.jpg,(1-5)*0=0
train/80001.jpg,(1*8)-8=0
train/80002.jpg,(1-7)+7=1
train/80003.jpg,(1*4)-2=2
train/80004.jpg,9-4+7=12
train/80005.jpg,(3+3)*7=42
train/80006.jpg,7+(1*2)=9
train/80007.jpg,9-(9*9)=-72
train/80008.jpg,5+1+9=15
train/80009.jpg,6+3+5=14
train/80010.jpg,8-9-7=-8
train/80011.jpg,6+(2-0)=8
train/80012.jpg,0+3+3=6
train/80013.jpg,8-(0-3)=11
train/80014.jpg,(4-2)+0=2
train/80015.jpg,(1-6)-8=-13
train/80016.jpg,(3-8)+7=2
train/80017.jpg,7+(5+5)=17
train/80018.jpg,2+(6*6)=38
train/80019.jpg,(4-1)*7=21
train/80020.jpg,4+(9*9)=85
train/80021.jpg,(2+0)+0=2
train/80022.jpg,(7+2)-7=2
train/80023.jpg,(3+1)*0=0
train/80024.jpg,(9+0)+3=12
train/80025.jpg,(7+5)+8=20
train/80026.jpg,6-5-2=-1
train/80027.jpg,(9+3)+2=14
train/80028.jpg,0+2*6=12
train/80029.jpg,9*(0*5)=0
train/80030.jpg,8+7+0=15
train/80031.jpg,5*4-8=12
train/80032.jpg,9+8+8=25
train/80033.jpg,1*6-3=3
train/80034.jpg,0+(6*9)=54
train/80035.jpg,8*3-5=19
train/80036.jpg,(5+1)*1=6
train/80037.jpg,0+(2*9)=18
train/80038.jpg,8+1*4=12
train/80039.jpg,0+(9+2)=11
train/80040.jpg,6*4-6=18
train/80041.jpg,0-9*6=-54
train/80042.jpg,(8-3)*6=30
train/80043.jpg,(2*3)*2=12
train/80044.jpg,8*(2*0)=0
train/80045.jpg,0-(9-4)=-5
train/80046.jpg,(8-7)-3=-2
train/80047.jpg,5+7*5=40
train/80048.jpg,9*8+3=75
train/80049.jpg,4-(0-5)=9
train/80050.jpg,(7*4)*9=252
train/80051.jpg,5*(3+6)=45
train/80052.jpg,4-2*5=-6
train/80053.jpg,(7-0)-4=3
train/80054.jpg,6-(9*7)=-57
train/80055.jpg,(3+6)-4=5
train/80056.jpg,3+5*8=43
train/80057.jpg,(8-4)-0=4
train/80058.jpg,8-3-8=-3
train/80059.jpg,(1*1)+1=2
train/80060.jpg,5+(8-4)=9
train/80061.jpg,5-(6+2)=-3
train/80062.jpg,(8*2)+3=19
train/80063.jpg,3-7*5=-32
train/80064.jpg,9*(3*5)=135
train/80065.jpg,(6-5)-9=-8
train/80066.jpg,6-8*8=-58
train/80067.jpg,(2+5)-2=5
train/80068.jpg,3-7-4=-8
train/80069.jpg,6+(6-8)=4
train/80070.jpg,8-(6-9)=11
train/80071.jpg,5-(1*4)=1
train/80072.jpg,1-4-8=-11
train/80073.jpg,4*(6+0)=24
train/80074.jpg,(0-6)+8=2
train/80075.jpg,2-(0-6)=8
train/80076.jpg,7*6*3=126
train/80077.jpg,(4+2)-7=-1
train/80078.jpg,7+(5*6)=37
train/80079.jpg,3*0+3=3
train/80080.jpg,3*(5+2)=21
train/80081.jpg,(7*9)-2=61
train/80082.jpg,5*9+0=45
train/80083.jpg,8+(0*3)=8
train/80084.jpg,7*(0-5)=-35
train/80085.jpg,(6+8)*5=70
train/80086.jpg,8-7+3=4
train/80087.jpg,8-2-2=4
train/80088.jpg,2-(0-7)=9
train/80089.jpg,7+(5*0)=7
train/80090.jpg,3+4*0=3
train/80091.jpg,(8*9)*1=72
train/80092.jpg,7-(3*7)=-14
train/80093.jpg,(3-9)*3=-18
train/80094.jpg,4+(7-1)=10
train/80095.jpg,4*4*8=128
train/80096.jpg,(6-3)+3=6
train/80097.jpg,3+(0+9)=12
train/80098.jpg,4-(2-1)=3
train/80099.jpg,3-2*1=1
train/80100.jpg,(8*8)*6=384
train/80101.jpg,9-(1*9)=0
train/80102.jpg,(3+3)-2=4
train/80103.jpg,7+0*1=7
train/80104.jpg,6*8-4=44
train/80105.jpg,0*(8+9)=0
train/80106.jpg,(0+1)-8=-7
train/80107.jpg,9*2*4=72
train/80108.jpg,(9+4)-6=7
train/80109.jpg,6+(7+0)=13
train/80110.jpg,(7-1)-8=-2
train/80111.jpg,8-0-8=0
train/80112.jpg,(6+3)*5=45
train/80113.jpg,8+4-7=5
train/80114.jpg,5+9+5=19
train/80115.jpg,4+9*3=31
train/80116.jpg,2-6-2=-6
train/80117.jpg,(9+2)*7=77
train/80118.jpg,(8*7)-0=56
train/80119.jpg,5+(1+0)=6
train/80120.jpg,(4-6)+6=4
train/80121.jpg,1-(7+7)=-13
train/80122.jpg,(9*9)-2=79
train/80123.jpg,6+(4*8)=38
train/80124.jpg,7*(6-5)=7
train/80125.jpg,(1+8)+7=16
train/80126.jpg,7*4-5=23
train/80127.jpg,3-0-1=2
train/80128.jpg,1-8+7=0
train/80129.jpg,(1-1)+8=8
train/80130.jpg,9-0*6=9
train/80131.jpg,(0+7)+4=11
train/80132.jpg,2*2*8=32
train/80133.jpg,0-7+8=1
train/80134.jpg,2*(7+6)=26
train/80135.jpg,4-(7+5)=-8
train/80136.jpg,1*(0-2)=-2
train/80137.jpg,0*(9*2)=0
train/80138.jpg,5+8-1=12
train/80139.jpg,(3*7)+4=25
train/80140.jpg,(7+5)+1=13
train/80141.jpg,3*(3*0)=0
train/80142.jpg,7+1*1=8
train/80143.jpg,8+(7*9)=71
train/80144.jpg,0*(2*9)=0
train/80145.jpg,5-8+2=-1
train/80146.jpg,3*4+9=21
train/80147.jpg,(4+7)-2=9
train/80148.jpg,5*(4*6)=120
train/80149.jpg,1*5*9=45
train/80150.jpg,(8+0)*6=48
train/80151.jpg,3-8*1=-5
train/80152.jpg,(4-1)+6=9
train/80153.jpg,8*(2+8)=80
train/80154.jpg,5-(3-4)=6
train/80155.jpg,2+(3-0)=5
train/80156.jpg,4*3-3=9
train/80157.jpg,9*(3-9)=-54
train/80158.jpg,5-8-6=-9
train/80159.jpg,9-(1-0)=8
train/80160.jpg,(1-8)-1=-8
train/80161.jpg,9+(1+7)=17
train/80162.jpg,0*7-5=-5
train/80163.jpg,9+(4+1)=14
train/80164.jpg,(2+1)*2=6
train/80165.jpg,(9-2)-9=-2
train/80166.jpg,7*(3*7)=147
train/80167.jpg,5+1*3=8
train/80168.jpg,7-(0-5)=12
train/80169.jpg,4-5*9=-41
train/80170.jpg,9*(4*6)=216
train/80171.jpg,7-7-8=-8
train/80172.jpg,(5-0)*8=40
train/80173.jpg,9+(2-9)=2
train/80174.jpg,(1-7)+6=0
train/80175.jpg,0-(8+7)=-15
train/80176.jpg,4*(6-8)=-8
train/80177.jpg,9-7-7=-5
train/80178.jpg,4*4+0=16
train/80179.jpg,9-(4-2)=7
train/80180.jpg,(3+0)+5=8
train/80181.jpg,2-7-4=-9
train/80182.jpg,9+(2*9)=27
train/80183.jpg,(7+0)+3=10
train/80184.jpg,5*1*6=30
train/80185.jpg,2+1*8=10
train/80186.jpg,2*(5+7)=24
train/80187.jpg,5+(2*0)=5
train/80188.jpg,(2-9)-4=-11
train/80189.jpg,(4+5)+6=15
train/80190.jpg,8+(1+4)=13
train/80191.jpg,6-(2-9)=13
train/80192.jpg,9*(8+6)=126
train/80193.jpg,7*(1+2)=21
train/80194.jpg,(9-1)+8=16
train/80195.jpg,4+8+0=12
train/80196.jpg,(9-6)*8=24
train/80197.jpg,9-0+5=14
train/80198.jpg,(4+6)+1=11
train/80199.jpg,6*(0*1)=0
train/80200.jpg,8-4-1=3
train/80201.jpg,(3*1)+1=4
train/80202.jpg,9-2+0=7
train/80203.jpg,(9+4)*3=39
train/80204.jpg,(4*1)-0=4
train/80205.jpg,6-7-8=-9
train/80206.jpg,1-8*9=-71
train/80207.jpg,9*5+5=50
train/80208.jpg,(0-3)*2=-6
train/80209.jpg,(5*1)+1=6
train/80210.jpg,(6-9)-1=-4
train/80211.jpg,5*(0-6)=-30
train/80212.jpg,(4*6)-9=15
train/80213.jpg,2+(2+9)=13
train/80214.jpg,(1+8)+3=12
train/80215.jpg,7-(6+0)=1
train/80216.jpg,3+0-2=1
train/80217.jpg,1*(7*6)=42
train/80218.jpg,2*(2*2)=8
train/80219.jpg,7*4*5=140
train/80220.jpg,7*(3*4)=84
train/80221.jpg,7*(1+2)=21
train/80222.jpg,9*(8-5)=27
train/80223.jpg,(6+3)*1=9
train/80224.jpg,0*(5-4)=0
train/80225.jpg,(4+7)-6=5
train/80226.jpg,7*4+4=32
train/80227.jpg,1*(6+9)=15
train/80228.jpg,(9+8)-7=10
train/80229.jpg,3-(7+5)=-9
train/80230.jpg,(6*8)*5=240
train/80231.jpg,(7+3)-9=1
train/80232.jpg,(8+4)-8=4
train/80233.jpg,6*(2+7)=54
train/80234.jpg,4+(7-1)=10
train/80235.jpg,3+(7+8)=18
train/80236.jpg,(9+5)+3=17
train/80237.jpg,9*(9-3)=54
train/80238.jpg,(2*3)+4=10
train/80239.jpg,5*8+6=46
train/80240.jpg,5*0+6=6
train/80241.jpg,8*(7-2)=40
train/80242.jpg,5+(5+2)=12
train/80243.jpg,3-2-7=-6
train/80244.jpg,4-6*1=-2
train/80245.jpg,7-0-5=2
train/80246.jpg,3+0+4=7
train/80247.jpg,8-(7-9)=10
train/80248.jpg,(4-3)-4=-3
train/80249.jpg,7-(8-8)=7
train/80250.jpg,1-7*4=-27
train/80251.jpg,(3*5)+4=19
train/80252.jpg,9*9-7=74
train/80253.jpg,7+0+0=7
train/80254.jpg,6-(6+5)=-5
train/80255.jpg,4-4+7=7
train/80256.jpg,2+4-8=-2
train/80257.jpg,(8*4)*5=160
train/80258.jpg,1+(7*3)=22
train/80259.jpg,(6-8)*5=-10
train/80260.jpg,2-(8*3)=-22
train/80261.jpg,3-5+4=2
train/80262.jpg,(3+4)-3=4
train/80263.jpg,0-(7-8)=1
train/80264.jpg,(9*9)-9=72
train/80265.jpg,6*3-3=15
train/80266.jpg,(1*7)+7=14
train/80267.jpg,(2-6)-6=-10
train/80268.jpg,4-(5*0)=4
train/80269.jpg,(5*9)*3=135
train/80270.jpg,9+(0-9)=0
train/80271.jpg,8-1*4=4
train/80272.jpg,4*(9+7)=64
train/80273.jpg,(6*9)-7=47
train/80274.jpg,(7-7)+3=3
train/80275.jpg,(2+7)-6=3
train/80276.jpg,1*0+9=9
train/80277.jpg,8*9*1=72
train/80278.jpg,(5*7)-0=35
train/80279.jpg,(2+5)*4=28
train/80280.jpg,6*(2*7)=84
train/80281.jpg,3-0-1=2
train/80282.jpg,8-5-3=0
train/80283.jpg,(4-1)*8=24
train/80284.jpg,6*(2*6)=72
train/80285.jpg,4*(1+8)=36
train/80286.jpg,3+4-1=6
train/80287.jpg,(5-3)*9=18
train/80288.jpg,5*6+3=33
train/80289.jpg,6-(0-7)=13
train/80290.jpg,2+7*6=44
train/80291.jpg,4*8*9=288
train/80292.jpg,7+(3*2)=13
train/80293.jpg,(8*0)+3=3
train/80294.jpg,1*(1*3)=3
train/80295.jpg,0+(7*5)=35
train/80296.jpg,6-(0+7)=-1
train/80297.jpg,(5-8)-8=-11
train/80298.jpg,3-9-7=-13
train/80299.jpg,9*1-7=2
train/80300.jpg,(8-2)-5=1
train/80301.jpg,5*3-8=7
train/80302.jpg,4*(9-4)=20
train/80303.jpg,(3+0)+2=5
train/80304.jpg,8+(2+3)=13
train/80305.jpg,4+2+3=9
train/80306.jpg,0*6-9=-9
train/80307.jpg,6+(9+6)=21
train/80308.jpg,3+3-9=-3
train/80309.jpg,0+(4*2)=8
train/80310.jpg,6*4*3=72
train/80311.jpg,(1*0)*0=0
train/80312.jpg,(7-2)-5=0
train/80313.jpg,7*(5*4)=140
train/80314.jpg,0-8-9=-17
train/80315.jpg,1*1-4=-3
train/80316.jpg,5*0*2=0
train/80317.jpg,(9+1)+3=13
train/80318.jpg,7*5*9=315
train/80319.jpg,2-(3+0)=-1
train/80320.jpg,1+(3-3)=1
train/80321.jpg,9+4-1=12
train/80322.jpg,0+8+7=15
train/80323.jpg,(4+0)+1=5
train/80324.jpg,4+(3*8)=28
train/80325.jpg,(9*0)-6=-6
train/80326.jpg,4-(9+9)=-14
train/80327.jpg,(2+1)*8=24
train/80328.jpg,9+(0+0)=9
train/80329.jpg,(2+7)-3=6
train/80330.jpg,7+3-1=9
train/80331.jpg,(0*7)*3=0
train/80332.jpg,8-9+1=0
train/80333.jpg,(5+7)-0=12
train/80334.jpg,9+(1*9)=18
train/80335.jpg,9-(0+3)=6
train/80336.jpg,(4-2)+6=8
train/80337.jpg,5+(1-3)=3
train/80338.jpg,(4-6)*7=-14
train/80339.jpg,6*(6-6)=0
train/80340.jpg,1-9-6=-14
train/80341.jpg,2+3-4=1
train/80342.jpg,(0-4)+3=-1
train/80343.jpg,4*(9*9)=324
train/80344.jpg,9-1+9=17
train/80345.jpg,9+(6+8)=23
train/80346.jpg,(9+3)*2=24
train/80347.jpg,4*(6*0)=0
train/80348.jpg,8-8-7=-7
train/80349.jpg,8-(3+2)=3
train/80350.jpg,(0*7)-4=-4
train/80351.jpg,2+0+4=6
train/80352.jpg,3+7-5=5
train/80353.jpg,3*(8*9)=216
train/80354.jpg,7-5-9=-7
train/80355.jpg,2-4-3=-5
train/80356.jpg,3+(0-9)=-6
train/80357.jpg,(2*3)*8=48
train/80358.jpg,6-(8-5)=3
train/80359.jpg,4-(8-6)=2
train/80360.jpg,(7+9)*8=128
train/80361.jpg,2+(1+1)=4
train/80362.jpg,(1*1)-6=-5
train/80363.jpg,0*(3+4)=0
train/80364.jpg,0+0+4=4
train/80365.jpg,6+0+9=15
train/80366.jpg,9+1-0=10
train/80367.jpg,(9+2)+8=19
train/80368.jpg,3*4*3=36
train/80369.jpg,7-(6+6)=-5
train/80370.jpg,2-(2*7)=-12
train/80371.jpg,8-(1*7)=1
train/80372.jpg,(9-2)*5=35
train/80373.jpg,5*0-2=-2
train/80374.jpg,4*(0*7)=0
train/80375.jpg,5*4-2=18
train/80376.jpg,0+9*3=27
train/80377.jpg,3*(0*1)=0
train/80378.jpg,(1+2)-6=-3
train/80379.jpg,2*(4*7)=56
train/80380.jpg,(6+2)-2=6
train/80381.jpg,(0*4)-5=-5
train/80382.jpg,0-(0-2)=2
train/80383.jpg,7+6*6=43
train/80384.jpg,0*7+9=9
train/80385.jpg,7-2*6=-5
train/80386.jpg,9-(7+6)=-4
train/80387.jpg,(2*1)+2=4
train/80388.jpg,4-3+2=3
train/80389.jpg,6+2+4=12
train/80390.jpg,6+(6*1)=12
train/80391.jpg,5+7+3=15
train/80392.jpg,(1*1)+2=3
train/80393.jpg,(2*0)*1=0
train/80394.jpg,(5*9)*0=0
train/80395.jpg,7*6+8=50
train/80396.jpg,(6-7)*5=-5
train/80397.jpg,8+(9-9)=8
train/80398.jpg,2*(7+6)=26
train/80399.jpg,9+(5+3)=17
train/80400.jpg,0*(9*4)=0
train/80401.jpg,9-(4+3)=2
train/80402.jpg,8*(2+6)=64
train/80403.jpg,3+0+7=10
train/80404.jpg,(2-7)+6=1
train/80405.jpg,9+7*4=37
train/80406.jpg,(4+6)*5=50
train/80407.jpg,1*(1+1)=2
train/80408.jpg,6+(5*2)=16
train/80409.jpg,(9-7)+4=6
train/80410.jpg,5-(7-8)=6
train/80411.jpg,(9*6)+2=56
train/80412.jpg,9*0*5=0
train/80413.jpg,(8+9)+6=23
train/80414.jpg,6*(4*3)=72
train/80415.jpg,0+9-2=7
train/80416.jpg,8+(6+9)=23
train/80417.jpg,8+(6+4)=18
train/80418.jpg,7*8+5=61
train/80419.jpg,4*9+7=43
train/80420.jpg,5+8+0=13
train/80421.jpg,7*6+3=45
train/80422.jpg,(6+5)+6=17
train/80423.jpg,5-4*2=-3
train/80424.jpg,(2*1)-3=-1
train/80425.jpg,1+(1*2)=3
train/80426.jpg,(3-2)-3=-2
train/80427.jpg,6+9*4=42
train/80428.jpg,5-9*8=-67
train/80429.jpg,5+6-4=7
train/80430.jpg,4-(0-9)=13
train/80431.jpg,(5*8)*7=280
train/80432.jpg,9*8+4=76
train/80433.jpg,3-(8-2)=-3
train/80434.jpg,6*9-6=48
train/80435.jpg,1*(1-3)=-2
train/80436.jpg,0+(8+1)=9
train/80437.jpg,7*4*0=0
train/80438.jpg,8-(4+1)=3
train/80439.jpg,8-0-7=1
train/80440.jpg,2+5-0=7
train/80441.jpg,(3+5)-8=0
train/80442.jpg,2*(0+9)=18
train/80443.jpg,(7*4)-2=26
train/80444.jpg,1-(8+8)=-15
train/80445.jpg,7*2+8=22
train/80446.jpg,0+(4+4)=8
train/80447.jpg,7-(6*6)=-29
train/80448.jpg,2*9*5=90
train/80449.jpg,(4-9)*5=-25
train/80450.jpg,(2+1)*5=15
train/80451.jpg,8*8-6=58
train/80452.jpg,1-8*3=-23
train/80453.jpg,(8+7)*1=15
train/80454.jpg,8*3-0=24
train/80455.jpg,2*4-0=8
train/80456.jpg,(9-8)*6=6
train/80457.jpg,7*8+9=65
train/80458.jpg,7+9+4=20
train/80459.jpg,9-(2-5)=12
train/80460.jpg,0+(7+5)=12
train/80461.jpg,(4+3)+4=11
train/80462.jpg,0+(6+2)=8
train/80463.jpg,0-4-7=-11
train/80464.jpg,(1*2)*8=16
train/80465.jpg,1+(4*7)=29
train/80466.jpg,3*(1+7)=24
train/80467.jpg,(2+9)-3=8
train/80468.jpg,2-4-2=-4
train/80469.jpg,9*4*9=324
train/80470.jpg,(1*9)*9=81
train/80471.jpg,6+(1+0)=7
train/80472.jpg,6+(1-2)=5
train/80473.jpg,6+(1+1)=8
train/80474.jpg,9-1-4=4
train/80475.jpg,6-(0+0)=6
train/80476.jpg,7-6+0=1
train/80477.jpg,5-(1-7)=11
train/80478.jpg,4*(4*3)=48
train/80479.jpg,(4+6)*8=80
train/80480.jpg,9-8+9=10
train/80481.jpg,6+(0*4)=6
train/80482.jpg,(1-8)+1=-6
train/80483.jpg,6-(3+1)=2
train/80484.jpg,(0-3)+7=4
train/80485.jpg,3-(1-3)=5
train/80486.jpg,(0-7)+6=-1
train/80487.jpg,(2-0)+0=2
train/80488.jpg,(4-7)-0=-3
train/80489.jpg,6-9-6=-9
train/80490.jpg,6+2-1=7
train/80491.jpg,5+(7+3)=15
train/80492.jpg,(6-7)-3=-4
train/80493.jpg,9+9+3=21
train/80494.jpg,1-2+9=8
train/80495.jpg,(7+8)-9=6
train/80496.jpg,(2*0)+4=4
train/80497.jpg,1*(0-4)=-4
train/80498.jpg,1+6+4=11
train/80499.jpg,7*(5-5)=0
train/80500.jpg,(5+8)-0=13
train/80501.jpg,1-9-9=-17
train/80502.jpg,0*(0+9)=0
train/80503.jpg,(6+0)+9=15
train/80504.jpg,8+(4*9)=44
train/80505.jpg,3+(7*4)=31
train/80506.jpg,3-(2-8)=9
train/80507.jpg,(5*3)+3=18
train/80508.jpg,(8+7)+1=16
train/80509.jpg,7+4*2=15
train/80510.jpg,0-(6*9)=-54
train/80511.jpg,1*2+3=5
train/80512.jpg,(4-5)+4=3
train/80513.jpg,(7-9)-4=-6
train/80514.jpg,(9-3)-7=-1
train/80515.jpg,0*8+3=3
train/80516.jpg,(5-9)*0=0
train/80517.jpg,(3-9)-1=-7
train/80518.jpg,8+(8*4)=40
train/80519.jpg,1*(5+8)=13
train/80520.jpg,8-(8*8)=-56
train/80521.jpg,1-(5+8)=-12
train/80522.jpg,(5+5)*3=30
train/80523.jpg,4+(6-8)=2
train/80524.jpg,8*(8-4)=32
train/80525.jpg,(8*8)+9=73
train/80526.jpg,5*(2+7)=45
train/80527.jpg,5*9*1=45
train/80528.jpg,(0+2)*1=2
train/80529.jpg,9-5*7=-26
train/80530.jpg,4-(6+3)=-5
train/80531.jpg,(5*6)-4=26
train/80532.jpg,3+(4-9)=-2
train/80533.jpg,0-4+6=2
train/80534.jpg,7+(3-2)=8
train/80535.jpg,(7+5)+8=20
train/80536.jpg,(1*1)-2=-1
train/80537.jpg,7+(5-2)=10
train/80538.jpg,(3-8)-5=-10
train/80539.jpg,0+4+1=5
train/80540.jpg,3*(6*5)=90
train/80541.jpg,0*3-5=-5
train/80542.jpg,1*8+2=10
train/80543.jpg,9+4-4=9
train/80544.jpg,6+(3-3)=6
train/80545.jpg,7+1+5=13
train/80546.jpg,3-(7-1)=-3
train/80547.jpg,1+(8*5)=41
train/80548.jpg,(0*2)+1=1
train/80549.jpg,(7*7)+3=52
train/80550.jpg,0+(5+3)=8
train/80551.jpg,(9+6)+0=15
train/80552.jpg,(7+2)*6=54
train/80553.jpg,(8-5)*0=0
train/80554.jpg,4+(0*7)=4
train/80555.jpg,6*2+2=14
train/80556.jpg,3+(7*4)=31
train/80557.jpg,(7*7)-0=49
train/80558.jpg,7+(9+1)=17
train/80559.jpg,1+0*6=1
train/80560.jpg,(7*9)*6=378
train/80561.jpg,7+(1+3)=11
train/80562.jpg,2-(1+7)=-6
train/80563.jpg,(7*7)*5=245
train/80564.jpg,7+0-6=1
train/80565.jpg,(4*5)-7=13
train/80566.jpg,6*1-3=3
train/80567.jpg,6*(1-7)=-36
train/80568.jpg,4-5*4=-16
train/80569.jpg,5*(9+9)=90
train/80570.jpg,4+4*1=8
train/80571.jpg,(6-4)*1=2
train/80572.jpg,9-4-5=0
train/80573.jpg,5*4*7=140
train/80574.jpg,2*9-5=13
train/80575.jpg,9+(3+3)=15
train/80576.jpg,9+(1+2)=12
train/80577.jpg,6+(7+2)=15
train/80578.jpg,(3-5)+9=7
train/80579.jpg,4+(5*3)=19
train/80580.jpg,5-(9-4)=0
train/80581.jpg,5*(3-5)=-10
train/80582.jpg,(5-5)+4=4
train/80583.jpg,8+4-9=3
train/80584.jpg,(3-3)+2=2
train/80585.jpg,7*(3-6)=-21
train/80586.jpg,(1-3)-0=-2
train/80587.jpg,4+(4+4)=12
train/80588.jpg,7*(8-7)=7
train/80589.jpg,(0-7)*9=-63
train/80590.jpg,8+(4+9)=21
train/80591.jpg,4+5-6=3
train/80592.jpg,(2+3)-9=-4
train/80593.jpg,2-5-8=-11
train/80594.jpg,4*(0-8)=-32
train/80595.jpg,4+1+7=12
train/80596.jpg,2-(4*2)=-6
train/80597.jpg,6-(9*6)=-48
train/80598.jpg,(3*0)+0=0
train/80599.jpg,4-(8+3)=-7
train/80600.jpg,(3-4)*8=-8
train/80601.jpg,(3*7)+5=26
train/80602.jpg,(7+2)*0=0
train/80603.jpg,4*(3*2)=24
train/80604.jpg,2*4-0=8
train/80605.jpg,9*9*8=648
train/80606.jpg,8+2*0=8
train/80607.jpg,(0*0)+3=3
train/80608.jpg,5*(1-4)=-15
train/80609.jpg,3-9-0=-6
train/80610.jpg,2-2+3=3
train/80611.jpg,9*4-5=31
train/80612.jpg,(5*5)-7=18
train/80613.jpg,5-0+4=9
train/80614.jpg,3-(9+4)=-10
train/80615.jpg,2*2+0=4
train/80616.jpg,5*(3+7)=50
train/80617.jpg,(3+6)*3=27
train/80618.jpg,(8*7)-5=51
train/80619.jpg,(7+3)-8=2
train/80620.jpg,(2+0)-8=-6
train/80621.jpg,5-(5*4)=-15
train/80622.jpg,(9*5)*2=90
train/80623.jpg,(2*6)+3=15
train/80624.jpg,4-7-1=-4
train/80625.jpg,1*(2*0)=0
train/80626.jpg,(9*8)-9=63
train/80627.jpg,1*0*3=0
train/80628.jpg,6+(7-5)=8
train/80629.jpg,5+(0+8)=13
train/80630.jpg,(8*3)+9=33
train/80631.jpg,(6-5)+6=7
train/80632.jpg,(5+9)+3=17
train/80633.jpg,0-8*1=-8
train/80634.jpg,5-(1+3)=1
train/80635.jpg,7+5-0=12
train/80636.jpg,4-(3-2)=3
train/80637.jpg,6+7+3=16
train/80638.jpg,0+9+8=17
train/80639.jpg,7-4+7=10
train/80640.jpg,6-(4-8)=10
train/80641.jpg,2*(7*0)=0
train/80642.jpg,8-(9-7)=6
train/80643.jpg,4*1*1=4
train/80644.jpg,(5*7)-7=28
train/80645.jpg,9+(0*1)=9
train/80646.jpg,(8*3)*0=0
train/80647.jpg,2*2+7=11
train/80648.jpg,3*0-6=-6
train/80649.jpg,0+(3*0)=0
train/80650.jpg,4-(0*3)=4
train/80651.jpg,2+(5-0)=7
train/80652.jpg,1-8*4=-31
train/80653.jpg,6+1*4=10
train/80654.jpg,3-(2*7)=-11
train/80655.jpg,6+0-7=-1
train/80656.jpg,(3*5)-9=6
train/80657.jpg,5+(4*0)=5
train/80658.jpg,(4+0)-6=-2
train/80659.jpg,1*(2+9)=11
train/80660.jpg,(3-9)-8=-14
train/80661.jpg,(5+6)+2=13
train/80662.jpg,2*3-9=-3
train/80663.jpg,6-(9-5)=2
train/80664.jpg,(0+2)-2=0
train/80665.jpg,(1*2)-6=-4
train/80666.jpg,6-(2+2)=2
train/80667.jpg,(0*3)*8=0
train/80668.jpg,8*8-7=57
train/80669.jpg,4-(2-1)=3
train/80670.jpg,7+(2-5)=4
train/80671.jpg,(2*1)-9=-7
train/80672.jpg,(4+8)-8=4
train/80673.jpg,7-5-9=-7
train/80674.jpg,9-9+9=9
train/80675.jpg,(1-3)-3=-5
train/80676.jpg,0+4+0=4
train/80677.jpg,0+9+7=16
train/80678.jpg,(2+2)+8=12
train/80679.jpg,(7-0)-4=3
train/80680.jpg,8*2+8=24
train/80681.jpg,7-(1+4)=2
train/80682.jpg,(7-3)+4=8
train/80683.jpg,7+(9+9)=25
train/80684.jpg,6-8*9=-66
train/80685.jpg,0-6+7=1
train/80686.jpg,9-(5+3)=1
train/80687.jpg,2*4+4=12
train/80688.jpg,(7+9)-1=15
train/80689.jpg,9*(0*9)=0
train/80690.jpg,6-9+4=1
train/80691.jpg,5-3*3=-4
train/80692.jpg,5-(5+9)=-9
train/80693.jpg,(3*1)-9=-6
train/80694.jpg,9+0-5=4
train/80695.jpg,0*(9+6)=0
train/80696.jpg,(7*4)-5=23
train/80697.jpg,(0-4)+8=4
train/80698.jpg,9+2+1=12
train/80699.jpg,2*(9+1)=20
train/80700.jpg,(8+9)-5=12
train/80701.jpg,9-9-5=-5
train/80702.jpg,3*6*1=18
train/80703.jpg,8*1-3=5
train/80704.jpg,(3-5)+4=2
train/80705.jpg,3+1*5=8
train/80706.jpg,0+2+8=10
train/80707.jpg,8+(9+1)=18
train/80708.jpg,(4-7)+4=1
train/80709.jpg,9+6+4=19
train/80710.jpg,1-(5-7)=3
train/80711.jpg,1+3-2=2
train/80712.jpg,4+(8*8)=68
train/80713.jpg,(7*1)-3=4
train/80714.jpg,(6+6)-1=11
train/80715.jpg,9*7*9=567
train/80716.jpg,(4-1)+9=12
train/80717.jpg,(9+2)*8=88
train/80718.jpg,(9*4)*1=36
train/80719.jpg,(7*7)-5=44
train/80720.jpg,1-4*0=1
train/80721.jpg,6+(4*8)=38
train/80722.jpg,(9-2)*9=63
train/80723.jpg,6*4-6=18
train/80724.jpg,(3-0)+6=9
train/80725.jpg,8+(3-6)=5
train/80726.jpg,3*(1*8)=24
train/80727.jpg,5-(4-1)=2
train/80728.jpg,8+(8-5)=11
train/80729.jpg,4+(7+9)=20
train/80730.jpg,(6*0)*0=0
train/80731.jpg,(2*2)-7=-3
train/80732.jpg,8-0-2=6
train/80733.jpg,2*0-3=-3
train/80734.jpg,2*2+4=8
train/80735.jpg,0*(5-0)=0
train/80736.jpg,(0*7)*2=0
train/80737.jpg,(3+4)*4=28
train/80738.jpg,3+6*0=3
train/80739.jpg,4-0-2=2
train/80740.jpg,(0*2)*2=0
train/80741.jpg,1*(3*1)=3
train/80742.jpg,(4*9)*3=108
train/80743.jpg,2-(2-9)=9
train/80744.jpg,6-(6+1)=-1
train/80745.jpg,3+(9+2)=14
train/80746.jpg,(0+5)-6=-1
train/80747.jpg,8-7-6=-5
train/80748.jpg,(0-8)+4=-4
train/80749.jpg,(8+8)+8=24
train/80750.jpg,2*4-3=5
train/80751.jpg,6+(1+2)=9
train/80752.jpg,4+7+0=11
train/80753.jpg,(0-7)-9=-16
train/80754.jpg,2*8*1=16
train/80755.jpg,(0*9)+5=5
train/80756.jpg,5*7-3=32
train/80757.jpg,(6+0)-6=0
train/80758.jpg,(6*3)+4=22
train/80759.jpg,1+(4*0)=1
train/80760.jpg,3-(2+6)=-5
train/80761.jpg,1*(8-0)=8
train/80762.jpg,8-7*2=-6
train/80763.jpg,7*5-9=26
train/80764.jpg,5*8+2=42
train/80765.jpg,(7-8)*7=-7
train/80766.jpg,4*(3*6)=72
train/80767.jpg,6-3*7=-15
train/80768.jpg,6+9+4=19
train/80769.jpg,6*3-7=11
train/80770.jpg,(7-8)-8=-9
train/80771.jpg,6-3-3=0
train/80772.jpg,(5*8)+9=49
train/80773.jpg,(3*6)-6=12
train/80774.jpg,5-3*3=-4
train/80775.jpg,7+(3-8)=2
train/80776.jpg,(4+8)+5=17
train/80777.jpg,6*(1*1)=6
train/80778.jpg,(7*8)-0=56
train/80779.jpg,3+7*7=52
train/80780.jpg,1*8-8=0
train/80781.jpg,8+(0-0)=8
train/80782.jpg,1+(5-9)=-3
train/80783.jpg,8*9+0=72
train/80784.jpg,5+0-1=4
train/80785.jpg,3-2+0=1
train/80786.jpg,4-2-1=1
train/80787.jpg,9-(9*6)=-45
train/80788.jpg,(4-6)-9=-11
train/80789.jpg,(8*3)+1=25
train/80790.jpg,(2-4)+7=5
train/80791.jpg,2+4+1=7
train/80792.jpg,8+(7*0)=8
train/80793.jpg,(8*3)*3=72
train/80794.jpg,7+(3-6)=4
train/80795.jpg,4+7-2=9
train/80796.jpg,1*9-3=6
train/80797.jpg,(8-6)*4=8
train/80798.jpg,(5-6)+5=4
train/80799.jpg,(4*7)-0=28
train/80800.jpg,6-7-7=-8
train/80801.jpg,3+(0+8)=11
train/80802.jpg,8*0-0=0
train/80803.jpg,5+(8*7)=61
train/80804.jpg,8-(2-3)=9
train/80805.jpg,(8+5)+6=19
train/80806.jpg,1*4*2=8
train/80807.jpg,(8-3)-7=-2
train/80808.jpg,0+(3-1)=2
train/80809.jpg,6-6-5=-5
train/80810.jpg,2*0+3=3
train/80811.jpg,7+7-2=12
train/80812.jpg,5+1+9=15
train/80813.jpg,3*5+1=16
train/80814.jpg,(1-5)-8=-12
train/80815.jpg,(3*9)+5=32
train/80816.jpg,(6*0)*1=0
train/80817.jpg,2+(6-8)=0
train/80818.jpg,7-8*2=-9
train/80819.jpg,5*8*3=120
train/80820.jpg,(7*6)-6=36
train/80821.jpg,4*(2*9)=72
train/80822.jpg,(6-8)-0=-2
train/80823.jpg,6-(6*3)=-12
train/80824.jpg,2+4+3=9
train/80825.jpg,(8*7)*4=224
train/80826.jpg,4-(0*2)=4
train/80827.jpg,(9-9)+7=7
train/80828.jpg,8-4+0=4
train/80829.jpg,4+1*3=7
train/80830.jpg,(1*7)-8=-1
train/80831.jpg,5*(4-7)=-15
train/80832.jpg,(0-0)*1=0
train/80833.jpg,(3+6)-5=4
train/80834.jpg,3-(2-0)=1
train/80835.jpg,9+(9*8)=81
train/80836.jpg,(5*1)-5=0
train/80837.jpg,1+0-4=-3
train/80838.jpg,9+(5*4)=29
train/80839.jpg,1+7+1=9
train/80840.jpg,(2+8)-7=3
train/80841.jpg,(8-7)+8=9
train/80842.jpg,(8+6)-6=8
train/80843.jpg,(4-8)*4=-16
train/80844.jpg,4*(9+8)=68
train/80845.jpg,(3*4)*4=48
train/80846.jpg,5-4*9=-31
train/80847.jpg,9-2*6=-3
train/80848.jpg,8-0-3=5
train/80849.jpg,0*8+4=4
train/80850.jpg,(4*9)+1=37
train/80851.jpg,8*7-7=49
train/80852.jpg,8+(5-1)=12
train/80853.jpg,1-6+9=4
train/80854.jpg,(2-0)-7=-5
train/80855.jpg,0+(2*9)=18
train/80856.jpg,(6+3)+0=9
train/80857.jpg,9-(8-3)=4
train/80858.jpg,4*1+9=13
train/80859.jpg,5*0*4=0
train/80860.jpg,3+(5-4)=4
train/80861.jpg,2*(1+0)=2
train/80862.jpg,7+9+0=16
train/80863.jpg,(7+7)*6=84
train/80864.jpg,8-(7-9)=10
train/80865.jpg,3+(8*6)=51
train/80866.jpg,4+1-0=5
train/80867.jpg,(7-5)+9=11
train/80868.jpg,7*5+8=43
train/80869.jpg,5-6-8=-9
train/80870.jpg,(2+7)+6=15
train/80871.jpg,4-2-3=-1
train/80872.jpg,7*4+3=31
train/80873.jpg,5-2-0=3
train/80874.jpg,1+8*0=1
train/80875.jpg,(1-5)*1=-4
train/80876.jpg,8*6+8=56
train/80877.jpg,6+6*1=12
train/80878.jpg,0-2*8=-16
train/80879.jpg,(2-5)-6=-9
train/80880.jpg,3*9-6=21
train/80881.jpg,2-(5-2)=-1
train/80882.jpg,9*7-8=55
train/80883.jpg,(5-2)*2=6
train/80884.jpg,0*(8-5)=0
train/80885.jpg,8*(8+4)=96
train/80886.jpg,8+(7-4)=11
train/80887.jpg,0+(6-3)=3
train/80888.jpg,3*(7-1)=18
train/80889.jpg,(2*5)*6=60
train/80890.jpg,(5*7)-5=30
train/80891.jpg,(7+5)+6=18
train/80892.jpg,1+6+3=10
train/80893.jpg,4+(4-2)=6
train/80894.jpg,(4*9)+3=39
train/80895.jpg,2+(6-5)=3
train/80896.jpg,(6-7)-0=-1
train/80897.jpg,(7*7)+0=49
train/80898.jpg,5-(9+8)=-12
train/80899.jpg,2+(1*1)=3
train/80900.jpg,(6+9)-9=6
train/80901.jpg,(4-3)+9=10
train/80902.jpg,0+(3*0)=0
train/80903.jpg,1-(2-2)=1
train/80904.jpg,2*(3*0)=0
train/80905.jpg,1-1+6=6
train/80906.jpg,(2*6)*9=108
train/80907.jpg,0+2-8=-6
train/80908.jpg,7-(8*8)=-57
train/80909.jpg,2-2-9=-9
train/80910.jpg,(4-1)*4=12
train/80911.jpg,1+(0-7)=-6
train/80912.jpg,6*(0*1)=0
train/80913.jpg,0-(9*0)=0
train/80914.jpg,0-(8*8)=-64
train/80915.jpg,7*6*5=210
train/80916.jpg,9*3*1=27
train/80917.jpg,8-(2*1)=6
train/80918.jpg,5+(6*9)=59
train/80919.jpg,(7+5)*7=84
train/80920.jpg,(4*7)+1=29
train/80921.jpg,9*2-7=11
train/80922.jpg,0+(6-4)=2
train/80923.jpg,(1+8)+4=13
train/80924.jpg,5-(2*2)=1
train/80925.jpg,4*0+8=8
train/80926.jpg,8+(5-4)=9
train/80927.jpg,5*(9-4)=25
train/80928.jpg,3+8-6=5
train/80929.jpg,(3*6)-9=9
train/80930.jpg,5*(5+5)=50
train/80931.jpg,3+6-7=2
train/80932.jpg,9+1-6=4
train/80933.jpg,7-7+7=7
train/80934.jpg,8-(2-5)=11
train/80935.jpg,(6*2)-3=9
train/80936.jpg,(2+6)+6=14
train/80937.jpg,3+(4*1)=7
train/80938.jpg,(4+7)+4=15
train/80939.jpg,(2+5)+8=15
train/80940.jpg,(9+9)-8=10
train/80941.jpg,6+1-2=5
train/80942.jpg,(8*6)-7=41
train/80943.jpg,4-3+7=8
train/80944.jpg,0*6-2=-2
train/80945.jpg,(0-9)*4=-36
train/80946.jpg,(1-4)*7=-21
train/80947.jpg,(3-6)+0=-3
train/80948.jpg,2*(3-5)=-4
train/80949.jpg,(6+0)*4=24
train/80950.jpg,9-(4-2)=7
train/80951.jpg,8-(5-7)=10
train/80952.jpg,8*(1+1)=16
train/80953.jpg,2+(5+0)=7
train/80954.jpg,(9+1)*2=20
train/80955.jpg,7*8+0=56
train/80956.jpg,(0*4)+0=0
train/80957.jpg,9+8*0=9
train/80958.jpg,7*(4-9)=-35
train/80959.jpg,(4+3)-2=5
train/80960.jpg,(9-6)+6=9
train/80961.jpg,6+(0+5)=11
train/80962.jpg,(1-8)+5=-2
train/80963.jpg,4*(0+7)=28
train/80964.jpg,(1-5)+4=0
train/80965.jpg,8-(5+1)=2
train/80966.jpg,8+3+5=16
train/80967.jpg,4+(4+6)=14
train/80968.jpg,5+(7-8)=4
train/80969.jpg,2+6*8=50
train/80970.jpg,1*(4*0)=0
train/80971.jpg,0*(1*1)=0
train/80972.jpg,4+3*9=31
train/80973.jpg,8+(9+0)=17
train/80974.jpg,9*(1+8)=81
train/80975.jpg,3*9*5=135
train/80976.jpg,(0+3)*3=9
train/80977.jpg,8-(0*5)=8
train/80978.jpg,(2+2)+8=12
train/80979.jpg,(8-0)*0=0
train/80980.jpg,8*(9+4)=104
train/80981.jpg,5*5*5=125
train/80982.jpg,7+(5-7)=5
train/80983.jpg,6+(7+2)=15
train/80984.jpg,(9-0)-0=9
train/80985.jpg,2-8-3=-9
train/80986.jpg,9-6-5=-2
train/80987.jpg,3+3*4=15
train/80988.jpg,1+5*6=31
train/80989.jpg,3-3-4=-4
train/80990.jpg,(3-5)+8=6
train/80991.jpg,0*3-1=-1
train/80992.jpg,1*(6-6)=0
train/80993.jpg,5+8+0=13
train/80994.jpg,(5-2)*6=18
train/80995.jpg,(9-0)-3=6
train/80996.jpg,5-4-6=-5
train/80997.jpg,9+(2*1)=11
train/80998.jpg,(8*7)+5=61
train/80999.jpg,3+(9+1)=13
train/81000.jpg,(1*4)*1=4
train/81001.jpg,(7-1)+3=9
train/81002.jpg,(6*2)-2=10
train/81003.jpg,(1+3)-0=4
train/81004.jpg,6-(3-8)=11
train/81005.jpg,(3*8)-0=24
train/81006.jpg,8*(7-7)=0
train/81007.jpg,6+1+8=15
train/81008.jpg,(1-8)-4=-11
train/81009.jpg,9-0*5=9
train/81010.jpg,4+5-2=7
train/81011.jpg,0*5*4=0
train/81012.jpg,(3+5)+4=12
train/81013.jpg,6-2*1=4
train/81014.jpg,3-6*7=-39
train/81015.jpg,4-(0+7)=-3
train/81016.jpg,1*(2+2)=4
train/81017.jpg,(2*3)+3=9
train/81018.jpg,6*5-6=24
train/81019.jpg,5-3-7=-5
train/81020.jpg,2-9*0=2
train/81021.jpg,2*(0*2)=0
train/81022.jpg,6-(0*3)=6
train/81023.jpg,1-5+7=3
train/81024.jpg,7-(5*1)=2
train/81025.jpg,0+(0-6)=-6
train/81026.jpg,1+(6*4)=25
train/81027.jpg,(1-2)+3=2
train/81028.jpg,9-5*1=4
train/81029.jpg,(5+5)-0=10
train/81030.jpg,7*5*4=140
train/81031.jpg,(8*7)-3=53
train/81032.jpg,4+(1+4)=9
train/81033.jpg,(6-0)+1=7
train/81034.jpg,4*5*5=100
train/81035.jpg,(6+7)+0=13
train/81036.jpg,0+(6*1)=6
train/81037.jpg,(3*2)+7=13
train/81038.jpg,(3-2)-6=-5
train/81039.jpg,(3+1)*3=12
train/81040.jpg,(4+0)+7=11
train/81041.jpg,2+3*3=11
train/81042.jpg,1*(4-5)=-1
train/81043.jpg,0+(8+5)=13
train/81044.jpg,(0*6)-8=-8
train/81045.jpg,4+(2-4)=2
train/81046.jpg,(7+6)+7=20
train/81047.jpg,(8*8)*3=192
train/81048.jpg,3*(1*5)=15
train/81049.jpg,5-(2-4)=7
train/81050.jpg,7*(4*6)=168
train/81051.jpg,9-(2+0)=7
train/81052.jpg,7+(2-3)=6
train/81053.jpg,7+3+5=15
train/81054.jpg,7*1-0=7
train/81055.jpg,8-7+0=1
train/81056.jpg,6+7+1=14
train/81057.jpg,(3+6)-0=9
train/81058.jpg,(3-5)-9=-11
train/81059.jpg,(4-3)-6=-5
train/81060.jpg,0*(5-1)=0
train/81061.jpg,(4+4)+9=17
train/81062.jpg,0*9-0=0
train/81063.jpg,(7-9)+9=7
train/81064.jpg,2*6-4=8
train/81065.jpg,(7+4)-7=4
train/81066.jpg,7-8+7=6
train/81067.jpg,(4*3)-1=11
train/81068.jpg,9*3+9=36
train/81069.jpg,3-(6*0)=3
train/81070.jpg,8+2+5=15
train/81071.jpg,(7*2)+5=19
train/81072.jpg,5*(8+1)=45
train/81073.jpg,6*1+0=6
train/81074.jpg,(4+8)+7=19
train/81075.jpg,4*(8-6)=8
train/81076.jpg,5+7-4=8
train/81077.jpg,5-(0*4)=5
train/81078.jpg,4*8-8=24
train/81079.jpg,5+(3+5)=13
train/81080.jpg,(3+3)*7=42
train/81081.jpg,(9-4)*5=25
train/81082.jpg,(1-6)*8=-40
train/81083.jpg,9+(5+3)=17
train/81084.jpg,(4*9)-5=31
train/81085.jpg,6-2-8=-4
train/81086.jpg,5-(9-0)=-4
train/81087.jpg,(4*4)-4=12
train/81088.jpg,2*(6+0)=12
train/81089.jpg,7*(7-6)=7
train/81090.jpg,(5*1)-3=2
train/81091.jpg,0*2-5=-5
train/81092.jpg,2-0-5=-3
train/81093.jpg,9*7+1=64
train/81094.jpg,2*3*0=0
train/81095.jpg,(3*1)+2=5
train/81096.jpg,(6*6)+0=36
train/81097.jpg,1*4*6=24
train/81098.jpg,2+(7-0)=9
train/81099.jpg,0-7-6=-13
train/81100.jpg,(3-1)-1=1
train/81101.jpg,(6+4)-0=10
train/81102.jpg,0+3-1=2
train/81103.jpg,3*(0+9)=27
train/81104.jpg,0-(9-3)=-6
train/81105.jpg,1+(6-8)=-1
train/81106.jpg,9*4-0=36
train/81107.jpg,(7*5)+3=38
train/81108.jpg,8+4*7=36
train/81109.jpg,(4*3)*2=24
train/81110.jpg,(4-9)+1=-4
train/81111.jpg,2*(4*0)=0
train/81112.jpg,(6-5)+6=7
train/81113.jpg,4-(7-1)=-2
train/81114.jpg,1-0+3=4
train/81115.jpg,9+(7*2)=23
train/81116.jpg,9*(3-3)=0
train/81117.jpg,(6*6)+4=40
train/81118.jpg,(7-1)-9=-3
train/81119.jpg,8-5-8=-5
train/81120.jpg,3*3*0=0
train/81121.jpg,7+1+1=9
train/81122.jpg,3*(7*2)=42
train/81123.jpg,0+5-0=5
train/81124.jpg,(2+6)*6=48
train/81125.jpg,7*(9*3)=189
train/81126.jpg,1*(6*9)=54
train/81127.jpg,(9*2)+2=20
train/81128.jpg,5+8-8=5
train/81129.jpg,1+3*0=1
train/81130.jpg,2+(6*9)=56
train/81131.jpg,(5-9)*1=-4
train/81132.jpg,(8*2)+2=18
train/81133.jpg,(5+7)+9=21
train/81134.jpg,7+(4*7)=35
train/81135.jpg,(2*7)*0=0
train/81136.jpg,1+(9-3)=7
train/81137.jpg,7-(1+3)=3
train/81138.jpg,6+(2-9)=-1
train/81139.jpg,(0+9)-8=1
train/81140.jpg,2+6+1=9
train/81141.jpg,1*8*6=48
train/81142.jpg,(1*8)+6=14
train/81143.jpg,3*3*1=9
train/81144.jpg,(2*8)+4=20
train/81145.jpg,(1+1)-3=-1
train/81146.jpg,9*6-1=53
train/81147.jpg,5-4*3=-7
train/81148.jpg,1+(8-6)=3
train/81149.jpg,4+4+1=9
train/81150.jpg,(3*0)-4=-4
train/81151.jpg,3+0*2=3
train/81152.jpg,3-2-6=-5
train/81153.jpg,7*(9*2)=126
train/81154.jpg,(2+0)*5=10
train/81155.jpg,4*(0+9)=36
train/81156.jpg,(3*7)-5=16
train/81157.jpg,5*(7*7)=245
train/81158.jpg,4*(5*8)=160
train/81159.jpg,8+1*2=10
train/81160.jpg,5-(9*8)=-67
train/81161.jpg,4+8*7=60
train/81162.jpg,1-(3*5)=-14
train/81163.jpg,3*2+6=12
train/81164.jpg,(6*0)-3=-3
train/81165.jpg,(1+7)-4=4
train/81166.jpg,(0-0)*8=0
train/81167.jpg,(8*7)-2=54
train/81168.jpg,(1-0)+7=8
train/81169.jpg,2*(4-1)=6
train/81170.jpg,8*(3+1)=32
train/81171.jpg,(1-2)*7=-7
train/81172.jpg,5-1*6=-1
train/81173.jpg,3*(3*4)=36
train/81174.jpg,9+(0*3)=9
train/81175.jpg,(2+0)+8=10
train/81176.jpg,(8+9)+2=19
train/81177.jpg,0+(5*6)=30
train/81178.jpg,2-(1+6)=-5
train/81179.jpg,6+(4+2)=12
train/81180.jpg,(0-6)+5=-1
train/81181.jpg,5+(2-0)=7
train/81182.jpg,(3-3)+8=8
train/81183.jpg,(0*9)+8=8
train/81184.jpg,(6-2)+9=13
train/81185.jpg,2*(2-5)=-6
train/81186.jpg,9+4*4=25
train/81187.jpg,(2*8)*8=128
train/81188.jpg,0+6*4=24
train/81189.jpg,1-(3*2)=-5
train/81190.jpg,(0*0)+8=8
train/81191.jpg,(9-0)-6=3
train/81192.jpg,7-(6*8)=-41
train/81193.jpg,(5*4)*4=80
train/81194.jpg,6-3*5=-9
train/81195.jpg,3-(2-9)=10
train/81196.jpg,6*(0*6)=0
train/81197.jpg,8-0*7=8
train/81198.jpg,1-2+2=1
train/81199.jpg,(1*2)+6=8
train/81200.jpg,2*3-5=1
train/81201.jpg,0+(5+6)=11
train/81202.jpg,(5*5)+3=28
train/81203.jpg,8+(4-5)=7
train/81204.jpg,(9-4)*1=5
train/81205.jpg,8*2-1=15
train/81206.jpg,(9*5)+7=52
train/81207.jpg,8*(4*2)=64
train/81208.jpg,2*0-4=-4
train/81209.jpg,6*3*8=144
train/81210.jpg,(5*6)-1=29
train/81211.jpg,1+(2-2)=1
train/81212.jpg,7+(9+1)=17
train/81213.jpg,2-0-0=2
train/81214.jpg,(1+3)+6=10
train/81215.jpg,(4-9)-1=-6
train/81216.jpg,5*6+2=32
train/81217.jpg,7+(9*8)=79
train/81218.jpg,0-(2-9)=7
train/81219.jpg,6+(6+8)=20
train/81220.jpg,6*(9-8)=6
train/81221.jpg,(4+5)*9=81
train/81222.jpg,3-(4*1)=-1
train/81223.jpg,4+2-6=0
train/81224.jpg,7-2-5=0
train/81225.jpg,(4*4)-7=9
train/81226.jpg,(0-2)*6=-12
train/81227.jpg,0-9+0=-9
train/81228.jpg,9-6+4=7
train/81229.jpg,(0+5)-9=-4
train/81230.jpg,5*8*3=120
train/81231.jpg,5-(7+3)=-5
train/81232.jpg,9+4+5=18
train/81233.jpg,(8+8)*5=80
train/81234.jpg,(8+1)+4=13
train/81235.jpg,2+(5*3)=17
train/81236.jpg,8*(7*0)=0
train/81237.jpg,3*1+1=4
train/81238.jpg,9+1-4=6
train/81239.jpg,9+(9-1)=17
train/81240.jpg,(4+0)-5=-1
train/81241.jpg,(2-5)-6=-9
train/81242.jpg,(9*4)+1=37
train/81243.jpg,6*(2+1)=18
train/81244.jpg,3+(7+9)=19
train/81245.jpg,0+(5+2)=7
train/81246.jpg,(8*9)*7=504
train/81247.jpg,9+(5-4)=10
train/81248.jpg,(0*0)+0=0
train/81249.jpg,4-(1-8)=11
train/81250.jpg,7-0*4=7
train/81251.jpg,1+3-7=-3
train/81252.jpg,3-(6-3)=0
train/81253.jpg,3-(7+0)=-4
train/81254.jpg,(2+1)+2=5
train/81255.jpg,9*3+5=32
train/81256.jpg,(5*6)+6=36
train/81257.jpg,0*(0*1)=0
train/81258.jpg,2-7*1=-5
train/81259.jpg,5*(9+0)=45
train/81260.jpg,9-6-1=2
train/81261.jpg,0+(4*8)=32
train/81262.jpg,2-7+0=-5
train/81263.jpg,2-8*7=-54
train/81264.jpg,7-4-8=-5
train/81265.jpg,4*2-3=5
train/81266.jpg,(9*6)+6=60
train/81267.jpg,(9*8)*5=360
train/81268.jpg,3+(3+7)=13
train/81269.jpg,7*2*1=14
train/81270.jpg,1*7*1=7
train/81271.jpg,(3+2)+8=13
train/81272.jpg,(9+3)-7=5
train/81273.jpg,4-5*4=-16
train/81274.jpg,9+(1-7)=3
train/81275.jpg,0-(2-0)=-2
train/81276.jpg,8*(1*2)=16
train/81277.jpg,8-(8+2)=-2
train/81278.jpg,0+(7+9)=16
train/81279.jpg,(4+9)-1=12
train/81280.jpg,(6*8)*6=288
train/81281.jpg,(3-6)+6=3
train/81282.jpg,4+1+2=7
train/81283.jpg,4+1+9=14
train/81284.jpg,3-(7+7)=-11
train/81285.jpg,7+5+6=18
train/81286.jpg,6*(1*8)=48
train/81287.jpg,3*(5*1)=15
train/81288.jpg,3*0+0=0
train/81289.jpg,(2*6)-4=8
train/81290.jpg,4-0-0=4
train/81291.jpg,(3+2)*0=0
train/81292.jpg,3+2*1=5
train/81293.jpg,(7+1)*6=48
train/81294.jpg,(7+0)-4=3
train/81295.jpg,9*(1+1)=18
train/81296.jpg,3*(2-5)=-9
train/81297.jpg,(1-5)-8=-12
train/81298.jpg,3+(6*1)=9
train/81299.jpg,(8-4)+8=12
train/81300.jpg,8+4*1=12
train/81301.jpg,8*3-6=18
train/81302.jpg,2*(2+7)=18
train/81303.jpg,2-(7+9)=-14
train/81304.jpg,9*(1-8)=-63
train/81305.jpg,5-(7-7)=5
train/81306.jpg,3+(9-8)=4
train/81307.jpg,(9*3)-8=19
train/81308.jpg,3-2*5=-7
train/81309.jpg,6+7-4=9
train/81310.jpg,5+4-4=5
train/81311.jpg,6+8*5=46
train/81312.jpg,8-6-7=-5
train/81313.jpg,(0*7)*9=0
train/81314.jpg,0-(2-4)=2
train/81315.jpg,(2*8)-0=16
train/81316.jpg,1-2*6=-11
train/81317.jpg,(6+7)*0=0
train/81318.jpg,(3+5)-1=7
train/81319.jpg,(5-3)+9=11
train/81320.jpg,0+1*9=9
train/81321.jpg,6+(3-7)=2
train/81322.jpg,1+6+8=15
train/81323.jpg,4+(3-5)=2
train/81324.jpg,4*4-0=16
train/81325.jpg,(3+8)-8=3
train/81326.jpg,3+2-0=5
train/81327.jpg,(0+4)*8=32
train/81328.jpg,2+7*7=51
train/81329.jpg,8+(7*6)=50
train/81330.jpg,7+3-4=6
train/81331.jpg,4*0*6=0
train/81332.jpg,2+7*5=37
train/81333.jpg,1*9*4=36
train/81334.jpg,7*(2-3)=-7
train/81335.jpg,(0+0)-6=-6
train/81336.jpg,5+4+8=17
train/81337.jpg,9-(0*1)=9
train/81338.jpg,4*(9+1)=40
train/81339.jpg,5*3+6=21
train/81340.jpg,(0-1)-6=-7
train/81341.jpg,(7-1)-2=4
train/81342.jpg,(7*0)*6=0
train/81343.jpg,0+2-8=-6
train/81344.jpg,(4+1)*0=0
train/81345.jpg,(5+6)-6=5
train/81346.jpg,4-4+1=1
train/81347.jpg,(3+8)-9=2
train/81348.jpg,6-(8+3)=-5
train/81349.jpg,3-(8-3)=-2
train/81350.jpg,(0+4)*2=8
train/81351.jpg,(2*4)-1=7
train/81352.jpg,7+(9*3)=34
train/81353.jpg,(5*3)-3=12
train/81354.jpg,7*(1-4)=-21
train/81355.jpg,(0*0)+1=1
train/81356.jpg,(6+8)*9=126
train/81357.jpg,6-4-9=-7
train/81358.jpg,0-(2+3)=-5
train/81359.jpg,5+(4+3)=12
train/81360.jpg,5+9*7=68
train/81361.jpg,(3+5)+6=14
train/81362.jpg,1-(8+8)=-15
train/81363.jpg,8*(7-2)=40
train/81364.jpg,7*7-3=46
train/81365.jpg,4-5+8=7
train/81366.jpg,(6+8)+9=23
train/81367.jpg,6+6-0=12
train/81368.jpg,(6*7)-3=39
train/81369.jpg,0-5+9=4
train/81370.jpg,4*5-3=17
train/81371.jpg,(9+6)+0=15
train/81372.jpg,5-1-0=4
train/81373.jpg,4+(3+4)=11
train/81374.jpg,(0+6)-8=-2
train/81375.jpg,(4*9)*4=144
train/81376.jpg,(2*5)*2=20
train/81377.jpg,0*6-0=0
train/81378.jpg,1-0-2=-1
train/81379.jpg,1-(2-8)=7
train/81380.jpg,(6*8)-9=39
train/81381.jpg,1+(2-4)=-1
train/81382.jpg,0*(2*6)=0
train/81383.jpg,(4-4)-9=-9
train/81384.jpg,6+(2*2)=10
train/81385.jpg,(3+1)+5=9
train/81386.jpg,5*5+0=25
train/81387.jpg,(5*6)-5=25
train/81388.jpg,9*8*6=432
train/81389.jpg,(9*5)+6=51
train/81390.jpg,0+(2*4)=8
train/81391.jpg,8-(2*4)=0
train/81392.jpg,(6*9)*5=270
train/81393.jpg,7*(2+3)=35
train/81394.jpg,3-1*1=2
train/81395.jpg,1*8*4=32
train/81396.jpg,2*(5-6)=-2
train/81397.jpg,(4-6)-8=-10
train/81398.jpg,(5-6)*5=-5
train/81399.jpg,5+(4-7)=2
train/81400.jpg,3+(8-4)=7
train/81401.jpg,0*(2-5)=0
train/81402.jpg,3*(1+4)=15
train/81403.jpg,(1-5)-2=-6
train/81404.jpg,(4*4)-8=8
train/81405.jpg,7-(3-7)=11
train/81406.jpg,9+(6*3)=27
train/81407.jpg,5+(1-0)=6
train/81408.jpg,1-6*1=-5
train/81409.jpg,1*2*8=16
train/81410.jpg,(0-3)*5=-15
train/81411.jpg,0+(0*1)=0
train/81412.jpg,(1+9)+3=13
train/81413.jpg,9-(0-8)=17
train/81414.jpg,1*2+9=11
train/81415.jpg,9*3*7=189
train/81416.jpg,(5+2)+2=9
train/81417.jpg,4+7+0=11
train/81418.jpg,0+(9-1)=8
train/81419.jpg,0*8+9=9
train/81420.jpg,5-(3*5)=-10
train/81421.jpg,(0+9)*3=27
train/81422.jpg,(5*1)-7=-2
train/81423.jpg,(9*2)-4=14
train/81424.jpg,(1+7)+2=10
train/81425.jpg,1-9*4=-35
train/81426.jpg,7-(0*1)=7
train/81427.jpg,(5-2)+9=12
train/81428.jpg,4+0-2=2
train/81429.jpg,(8+9)-6=11
train/81430.jpg,4*(3*2)=24
train/81431.jpg,0*5*8=0
train/81432.jpg,3+5+7=15
train/81433.jpg,(6*7)*5=210
train/81434.jpg,(1*7)-4=3
train/81435.jpg,6*1-1=5
train/81436.jpg,(4+0)+1=5
train/81437.jpg,5+5-2=8
train/81438.jpg,1*5-0=5
train/81439.jpg,1*6+9=15
train/81440.jpg,(2-8)*4=-24
train/81441.jpg,(4-1)-1=2
train/81442.jpg,4+(7*8)=60
train/81443.jpg,9+7*7=58
train/81444.jpg,(3*2)*4=24
train/81445.jpg,0-(1-1)=0
train/81446.jpg,(2*7)+6=20
train/81447.jpg,3+3+8=14
train/81448.jpg,6*2-0=12
train/81449.jpg,8*4*4=128
train/81450.jpg,7-1*7=0
train/81451.jpg,9+1*4=13
train/81452.jpg,(3*0)*1=0
train/81453.jpg,7-(8+2)=-3
train/81454.jpg,3*(1-8)=-21
train/81455.jpg,7-2-0=5
train/81456.jpg,7-(5*1)=2
train/81457.jpg,8*(1-9)=-64
train/81458.jpg,(3*1)+8=11
train/81459.jpg,9+(6+5)=20
train/81460.jpg,8+(2-5)=5
train/81461.jpg,(7-8)+2=1
train/81462.jpg,6+9*0=6
train/81463.jpg,(5+4)*3=27
train/81464.jpg,6+6+7=19
train/81465.jpg,9*(2*7)=126
train/81466.jpg,(6-8)+7=5
train/81467.jpg,(2-2)*4=0
train/81468.jpg,(9-8)-3=-2
train/81469.jpg,3-2-2=-1
train/81470.jpg,1*(0-1)=-1
train/81471.jpg,(9-0)*3=27
train/81472.jpg,6+2+3=11
train/81473.jpg,8+5-7=6
train/81474.jpg,(6*6)+7=43
train/81475.jpg,(5*0)*6=0
train/81476.jpg,(4+7)+6=17
train/81477.jpg,0-2-0=-2
train/81478.jpg,9-1*7=2
train/81479.jpg,(0+4)+0=4
train/81480.jpg,3*7+9=30
train/81481.jpg,6-(9*9)=-75
train/81482.jpg,1*(6-8)=-2
train/81483.jpg,(3+2)-2=3
train/81484.jpg,6-2*9=-12
train/81485.jpg,9*3*5=135
train/81486.jpg,1+(0-3)=-2
train/81487.jpg,(1*3)+5=8
train/81488.jpg,5*(5*1)=25
train/81489.jpg,(0*6)-0=0
train/81490.jpg,8+0+5=13
train/81491.jpg,2-3*1=-1
train/81492.jpg,(5+9)*9=126
train/81493.jpg,3+8+3=14
train/81494.jpg,(7*8)*1=56
train/81495.jpg,(5*5)+4=29
train/81496.jpg,6-5-2=-1
train/81497.jpg,9-4+3=8
train/81498.jpg,8-9+9=8
train/81499.jpg,9+(3+1)=13
train/81500.jpg,3*(3*3)=27
train/81501.jpg,4-(7*9)=-59
train/81502.jpg,(6-0)*7=42
train/81503.jpg,5+(7+6)=18
train/81504.jpg,8*(5*6)=240
train/81505.jpg,5-4-2=-1
train/81506.jpg,(0+8)+9=17
train/81507.jpg,1-(4-0)=-3
train/81508.jpg,0-1-1=-2
train/81509.jpg,8-2*3=2
train/81510.jpg,9*(4+2)=54
train/81511.jpg,2-1*2=0
train/81512.jpg,1+7+9=17
train/81513.jpg,2*9-1=17
train/81514.jpg,7+0*2=7
train/81515.jpg,(4+5)+1=10
train/81516.jpg,(5+3)*4=32
train/81517.jpg,2*7+0=14
train/81518.jpg,(6+3)*3=27
train/81519.jpg,(2+2)*2=8
train/81520.jpg,9-3*8=-15
train/81521.jpg,6-6-3=-3
train/81522.jpg,4+(0-2)=2
train/81523.jpg,(4+9)+3=16
train/81524.jpg,5*4+5=25
train/81525.jpg,5+1+6=12
train/81526.jpg,5+1-2=4
train/81527.jpg,5-(7*4)=-23
train/81528.jpg,(4*6)-7=17
train/81529.jpg,(7+7)+4=18
train/81530.jpg,(5*3)*0=0
train/81531.jpg,3*(2-1)=3
train/81532.jpg,1+(6*3)=19
train/81533.jpg,8-4+5=9
train/81534.jpg,2+(1*9)=11
train/81535.jpg,9+6-3=12
train/81536.jpg,(9+2)-2=9
train/81537.jpg,2*(7+7)=28
train/81538.jpg,(4-8)-4=-8
train/81539.jpg,2*(4*9)=72
train/81540.jpg,0*(0-0)=0
train/81541.jpg,9-9+9=9
train/81542.jpg,(4-1)*4=12
train/81543.jpg,(8+8)*5=80
train/81544.jpg,0*0-5=-5
train/81545.jpg,0+(0-8)=-8
train/81546.jpg,(2+9)-5=6
train/81547.jpg,(1+0)*8=8
train/81548.jpg,2+1-6=-3
train/81549.jpg,(2*0)*8=0
train/81550.jpg,6-2+1=5
train/81551.jpg,7+(5-0)=12
train/81552.jpg,(0+2)+2=4
train/81553.jpg,3*8+9=33
train/81554.jpg,9*(5*8)=360
train/81555.jpg,8-(5*2)=-2
train/81556.jpg,1+(2*1)=3
train/81557.jpg,(8-3)+9=14
train/81558.jpg,9*(3*6)=162
train/81559.jpg,7*(2*7)=98
train/81560.jpg,8+4*4=24
train/81561.jpg,3+(3-1)=5
train/81562.jpg,1-3-4=-6
train/81563.jpg,4+2*8=20
train/81564.jpg,(6+4)-1=9
train/81565.jpg,0-1+0=-1
train/81566.jpg,(1*2)-8=-6
train/81567.jpg,7-(7+2)=-2
train/81568.jpg,6-0*4=6
train/81569.jpg,(1*7)+5=12
train/81570.jpg,2-(7+9)=-14
train/81571.jpg,8+2-0=10
train/81572.jpg,7+7*3=28
train/81573.jpg,3-(6*4)=-21
train/81574.jpg,5-(4*6)=-19
train/81575.jpg,6+0*5=6
train/81576.jpg,(0-0)+7=7
train/81577.jpg,0+8-3=5
train/81578.jpg,8-(7*5)=-27
train/81579.jpg,(6+1)*0=0
train/81580.jpg,(2+0)-3=-1
train/81581.jpg,(0-1)*7=-7
train/81582.jpg,6*4+1=25
train/81583.jpg,3-7+8=4
train/81584.jpg,(5-0)+8=13
train/81585.jpg,(5*0)*7=0
train/81586.jpg,(1*0)*8=0
train/81587.jpg,(0+3)-1=2
train/81588.jpg,4-(3+8)=-7
train/81589.jpg,0*0+7=7
train/81590.jpg,(7*2)*5=70
train/81591.jpg,(2+7)*1=9
train/81592.jpg,(4+5)-4=5
train/81593.jpg,9-(6*5)=-21
train/81594.jpg,8*(9+8)=136
train/81595.jpg,4+(1+3)=8
train/81596.jpg,(9*6)+1=55
train/81597.jpg,7*(1+7)=56
train/81598.jpg,6-(5*7)=-29
train/81599.jpg,(2+5)+9=16
train/81600.jpg,1-(2*8)=-15
train/81601.jpg,(3*3)-2=7
train/81602.jpg,(8+5)-4=9
train/81603.jpg,4+(3*6)=22
train/81604.jpg,3+(1+8)=12
train/81605.jpg,8-(8+6)=-6
train/81606.jpg,(4-3)-0=1
train/81607.jpg,(4*9)+3=39
train/81608.jpg,(4+7)*9=99
train/81609.jpg,1*(4*0)=0
train/81610.jpg,7+7-7=7
train/81611.jpg,0+(9+0)=9
train/81612.jpg,3*(5*9)=135
train/81613.jpg,(3*5)-8=7
train/81614.jpg,(6-1)*3=15
train/81615.jpg,8+8-3=13
train/81616.jpg,9+(7+5)=21
train/81617.jpg,6+(8+2)=16
train/81618.jpg,0-3*9=-27
train/81619.jpg,1+8*9=73
train/81620.jpg,2-(6+0)=-4
train/81621.jpg,3*(8+2)=30
train/81622.jpg,2*(4+2)=12
train/81623.jpg,8-(3*7)=-13
train/81624.jpg,(0+3)-4=-1
train/81625.jpg,4-(9-0)=-5
train/81626.jpg,3+(9-5)=7
train/81627.jpg,(2*1)+6=8
train/81628.jpg,4-1-0=3
train/81629.jpg,2+0*8=2
train/81630.jpg,8*(5-8)=-24
train/81631.jpg,(4*5)*7=140
train/81632.jpg,(4-6)+9=7
train/81633.jpg,0+9+0=9
train/81634.jpg,(1-8)+3=-4
train/81635.jpg,(3-8)-8=-13
train/81636.jpg,4+(7*4)=32
train/81637.jpg,(2*5)+7=17
train/81638.jpg,(1+2)-0=3
train/81639.jpg,9*(0-6)=-54
train/81640.jpg,3+4+6=13
train/81641.jpg,(7+8)-1=14
train/81642.jpg,1-(8+8)=-15
train/81643.jpg,7*(8-4)=28
train/81644.jpg,1+6*1=7
train/81645.jpg,(1*3)+3=6
train/81646.jpg,(0*8)+4=4
train/81647.jpg,4-2-0=2
train/81648.jpg,1*(7*7)=49
train/81649.jpg,2+(3-4)=1
train/81650.jpg,(3-9)+2=-4
train/81651.jpg,2+(5-7)=0
train/81652.jpg,8*(0+9)=72
train/81653.jpg,1-8*5=-39
train/81654.jpg,5-8*0=5
train/81655.jpg,7+(7*1)=14
train/81656.jpg,(6*8)+8=56
train/81657.jpg,4-(3*0)=4
train/81658.jpg,6*(4+7)=66
train/81659.jpg,4+(4+3)=11
train/81660.jpg,(1*9)-0=9
train/81661.jpg,9+2*7=23
train/81662.jpg,(2-3)*4=-4
train/81663.jpg,(5*4)*7=140
train/81664.jpg,(5-9)-6=-10
train/81665.jpg,(4-4)-8=-8
train/81666.jpg,2*2*3=12
train/81667.jpg,5-(7*1)=-2
train/81668.jpg,7+(7-9)=5
train/81669.jpg,3+(2-5)=0
train/81670.jpg,6*(5-0)=30
train/81671.jpg,9-8*3=-15
train/81672.jpg,6-1+9=14
train/81673.jpg,(0+8)-4=4
train/81674.jpg,(9-0)*2=18
train/81675.jpg,9*(6-3)=27
train/81676.jpg,(1+9)-2=8
train/81677.jpg,(5-0)*6=30
train/81678.jpg,(1-3)-4=-6
train/81679.jpg,(4-2)-4=-2
train/81680.jpg,3*(9*3)=81
train/81681.jpg,(6+8)+5=19
train/81682.jpg,(0*7)*9=0
train/81683.jpg,1-(5*2)=-9
train/81684.jpg,4*(7*9)=252
train/81685.jpg,(7-9)-5=-7
train/81686.jpg,0-6+6=0
train/81687.jpg,0-(8*5)=-40
train/81688.jpg,8*(9+3)=96
train/81689.jpg,(1-2)+7=6
train/81690.jpg,(0+5)+3=8
train/81691.jpg,(3+3)+6=12
train/81692.jpg,1+(1*2)=3
train/81693.jpg,8-(4-7)=11
train/81694.jpg,4+0-7=-3
train/81695.jpg,3+7+8=18
train/81696.jpg,1+(2*4)=9
train/81697.jpg,(6+7)+4=17
train/81698.jpg,(8-3)+5=10
train/81699.jpg,2*4-6=2
train/81700.jpg,4*0*2=0
train/81701.jpg,3-(3*0)=3
train/81702.jpg,8-5*8=-32
train/81703.jpg,5-(6-7)=6
train/81704.jpg,4*(1*4)=16
train/81705.jpg,(2+8)*3=30
train/81706.jpg,1-(9-5)=-3
train/81707.jpg,(7-2)+8=13
train/81708.jpg,3-3*9=-24
train/81709.jpg,(8-2)+0=6
train/81710.jpg,(3*9)-3=24
train/81711.jpg,5-(8-0)=-3
train/81712.jpg,3-0*9=3
train/81713.jpg,(5+0)+4=9
train/81714.jpg,(9*0)+9=9
train/81715.jpg,(4+1)-7=-2
train/81716.jpg,(9*9)*1=81
train/81717.jpg,7-(2*9)=-11
train/81718.jpg,1*(8+2)=10
train/81719.jpg,(2*9)-3=15
train/81720.jpg,7+(0+8)=15
train/81721.jpg,7-(2-3)=8
train/81722.jpg,(7*9)*0=0
train/81723.jpg,8-1+1=8
train/81724.jpg,(2*7)-7=7
train/81725.jpg,(2+4)*1=6
train/81726.jpg,9+(2-2)=9
train/81727.jpg,2+(1+8)=11
train/81728.jpg,1+(3+4)=8
train/81729.jpg,9+5-3=11
train/81730.jpg,4+1*4=8
train/81731.jpg,(2+9)+0=11
train/81732.jpg,1*7*7=49
train/81733.jpg,3*9-8=19
train/81734.jpg,3*9-9=18
train/81735.jpg,(3*0)*9=0
train/81736.jpg,2-0+8=10
train/81737.jpg,(4*5)*3=60
train/81738.jpg,(1-2)-3=-4
train/81739.jpg,6-(3-5)=8
train/81740.jpg,9+5*9=54
train/81741.jpg,2*(3-2)=2
train/81742.jpg,0-6*4=-24
train/81743.jpg,7+8*0=7
train/81744.jpg,3*3*3=27
train/81745.jpg,2*(9-5)=8
train/81746.jpg,(0-1)-3=-4
train/81747.jpg,(4*4)+8=24
train/81748.jpg,(3-3)+9=9
train/81749.jpg,(6-3)-8=-5
train/81750.jpg,5-(9+3)=-7
train/81751.jpg,(9*7)-6=57
train/81752.jpg,3*(1+6)=21
train/81753.jpg,(9*8)*7=504
train/81754.jpg,1+6-9=-2
train/81755.jpg,5+9+7=21
train/81756.jpg,(7*0)+6=6
train/81757.jpg,(9-2)-4=3
train/81758.jpg,(6*0)*1=0
train/81759.jpg,(0+6)-7=-1
train/81760.jpg,1+7*7=50
train/81761.jpg,(6+9)*0=0
train/81762.jpg,4+2*6=16
train/81763.jpg,(9*6)*0=0
train/81764.jpg,7-2-5=0
train/81765.jpg,(9-9)+4=4
train/81766.jpg,6+4*7=34
train/81767.jpg,(5-4)+6=7
train/81768.jpg,5*(1*0)=0
train/81769.jpg,(3-9)+6=0
train/81770.jpg,5*6*4=120
train/81771.jpg,3+3+2=8
train/81772.jpg,4-(3-2)=3
train/81773.jpg,(1+0)-2=-1
train/81774.jpg,7-9+4=2
train/81775.jpg,4+(0*0)=4
train/81776.jpg,2*1-1=1
train/81777.jpg,2*7+2=16
train/81778.jpg,(4+0)+1=5
train/81779.jpg,2+(8-7)=3
train/81780.jpg,6-4-4=-2
train/81781.jpg,8+2+3=13
train/81782.jpg,3+5+4=12
train/81783.jpg,(9+3)-3=9
train/81784.jpg,8-(2*7)=-6
train/81785.jpg,7-(6*4)=-17
train/81786.jpg,9+(0+0)=9
train/81787.jpg,9-(1+3)=5
train/81788.jpg,7*8*3=168
train/81789.jpg,3+(5-5)=3
train/81790.jpg,0-(9*1)=-9
train/81791.jpg,(9*8)+5=77
train/81792.jpg,7+2*4=15
train/81793.jpg,6*6-1=35
train/81794.jpg,7-2*5=-3
train/81795.jpg,4*2-3=5
train/81796.jpg,0*1-9=-9
train/81797.jpg,3+8-3=8
train/81798.jpg,(3+1)*2=8
train/81799.jpg,0-(0+9)=-9
train/81800.jpg,8+(5+8)=21
train/81801.jpg,2*9-1=17
train/81802.jpg,4-2-4=-2
train/81803.jpg,(7*8)-9=47
train/81804.jpg,1-(1+1)=-1
train/81805.jpg,7*(8*4)=224
train/81806.jpg,3+(4+4)=11
train/81807.jpg,(3-6)+7=4
train/81808.jpg,1+1+8=10
train/81809.jpg,(3+9)+8=20
train/81810.jpg,3*6+8=26
train/81811.jpg,9-(7+3)=-1
train/81812.jpg,3+(0*5)=3
train/81813.jpg,(0+3)*1=3
train/81814.jpg,6-(6*5)=-24
train/81815.jpg,(4*2)+9=17
train/81816.jpg,8+1-4=5
train/81817.jpg,(2*9)+7=25
train/81818.jpg,2*6+7=19
train/81819.jpg,(3*1)-5=-2
train/81820.jpg,5-(8*7)=-51
train/81821.jpg,6-(7+9)=-10
train/81822.jpg,0+(8+3)=11
train/81823.jpg,7*5-6=29
train/81824.jpg,7*(7*4)=196
train/81825.jpg,(4-5)*9=-9
train/81826.jpg,9+4*9=45
train/81827.jpg,(6-8)*6=-12
train/81828.jpg,2+8*4=34
train/81829.jpg,6+9+3=18
train/81830.jpg,4*(1*7)=28
train/81831.jpg,6+0-7=-1
train/81832.jpg,0-(0+6)=-6
train/81833.jpg,1-3+7=5
train/81834.jpg,9*9-2=79
train/81835.jpg,4*8*5=160
train/81836.jpg,7*9-2=61
train/81837.jpg,(0+1)-5=-4
train/81838.jpg,8-2+6=12
train/81839.jpg,6-(8-6)=4
train/81840.jpg,3-1*9=-6
train/81841.jpg,(2+4)+2=8
train/81842.jpg,8*(8+5)=104
train/81843.jpg,(6*8)*7=336
train/81844.jpg,2*4*1=8
train/81845.jpg,(6-1)-3=2
train/81846.jpg,0+(5+2)=7
train/81847.jpg,(8+1)*9=81
train/81848.jpg,(7*3)+5=26
train/81849.jpg,2+8+9=19
train/81850.jpg,(3+7)-7=3
train/81851.jpg,7*2+9=23
train/81852.jpg,9*1+8=17
train/81853.jpg,(0*2)+5=5
train/81854.jpg,7-3+1=5
train/81855.jpg,9+5*5=34
train/81856.jpg,(7-8)-0=-1
train/81857.jpg,8+(0+6)=14
train/81858.jpg,2-0+4=6
train/81859.jpg,(3-0)+8=11
train/81860.jpg,(3*6)-1=17
train/81861.jpg,9-1-2=6
train/81862.jpg,3-2+8=9
train/81863.jpg,7+4*4=23
train/81864.jpg,3+(2-6)=-1
train/81865.jpg,6-(4+2)=0
train/81866.jpg,(7+3)-0=10
train/81867.jpg,(1*3)+8=11
train/81868.jpg,(5+8)+6=19
train/81869.jpg,5+(4*0)=5
train/81870.jpg,1*6+1=7
train/81871.jpg,3-7*6=-39
train/81872.jpg,1+3-4=0
train/81873.jpg,4-(3+6)=-5
train/81874.jpg,9-9+1=1
train/81875.jpg,0*(0+5)=0
train/81876.jpg,(8*3)-8=16
train/81877.jpg,9+3-1=11
train/81878.jpg,(1+7)*9=72
train/81879.jpg,(5*9)*3=135
train/81880.jpg,(9*4)+1=37
train/81881.jpg,2-1*1=1
train/81882.jpg,4+(2+4)=10
train/81883.jpg,(3-3)+1=1
train/81884.jpg,2*3+4=10
train/81885.jpg,0+(3*5)=15
train/81886.jpg,(0-9)+5=-4
train/81887.jpg,(8*7)+5=61
train/81888.jpg,9+2-2=9
train/81889.jpg,(4+7)-2=9
train/81890.jpg,4+0+5=9
train/81891.jpg,9-6+1=4
train/81892.jpg,2*5-6=4
train/81893.jpg,(3+8)+1=12
train/81894.jpg,4*(2+3)=20
train/81895.jpg,(9-7)*6=12
train/81896.jpg,(0-8)+0=-8
train/81897.jpg,5*(2+0)=10
train/81898.jpg,8*(1-1)=0
train/81899.jpg,7*1+2=9
train/81900.jpg,(9*8)+6=78
train/81901.jpg,(1*1)+9=10
train/81902.jpg,(9-8)-7=-6
train/81903.jpg,4-(5+2)=-3
train/81904.jpg,0*7*4=0
train/81905.jpg,(0-2)+5=3
train/81906.jpg,6*3-2=16
train/81907.jpg,4+(6*8)=52
train/81908.jpg,1+2*9=19
train/81909.jpg,(1-3)*5=-10
train/81910.jpg,(9+3)-6=6
train/81911.jpg,(0+4)*3=12
train/81912.jpg,(8*6)-9=39
train/81913.jpg,(5*3)-9=6
train/81914.jpg,1+(8-3)=6
train/81915.jpg,0+(0*9)=0
train/81916.jpg,6+8*7=62
train/81917.jpg,9*2*5=90
train/81918.jpg,(5-8)-6=-9
train/81919.jpg,(8+4)*6=72
train/81920.jpg,3+(1+5)=9
train/81921.jpg,(3-7)*2=-8
train/81922.jpg,2*5*0=0
train/81923.jpg,9+1-0=10
train/81924.jpg,8*(0-3)=-24
train/81925.jpg,2*1-6=-4
train/81926.jpg,0*(9+1)=0
train/81927.jpg,(7-3)*0=0
train/81928.jpg,8+1+0=9
train/81929.jpg,(3+9)-6=6
train/81930.jpg,5-3*7=-16
train/81931.jpg,(0+3)-9=-6
train/81932.jpg,0-(4+7)=-11
train/81933.jpg,(3*4)*2=24
train/81934.jpg,(4+7)+8=19
train/81935.jpg,(2*6)-3=9
train/81936.jpg,3-7+4=0
train/81937.jpg,5+0-3=2
train/81938.jpg,9-(5+1)=3
train/81939.jpg,(8+3)-4=7
train/81940.jpg,(4*8)*9=288
train/81941.jpg,8+9+7=24
train/81942.jpg,(9-5)+0=4
train/81943.jpg,(6-6)+5=5
train/81944.jpg,4*6+0=24
train/81945.jpg,7+7-8=6
train/81946.jpg,2+(8*2)=18
train/81947.jpg,7*(5*8)=280
train/81948.jpg,0*(6+4)=0
train/81949.jpg,(7-1)+5=11
train/81950.jpg,(4-9)+0=-5
train/81951.jpg,9*4-2=34
train/81952.jpg,2*8+4=20
train/81953.jpg,8-(9+7)=-8
train/81954.jpg,(9+1)*6=60
train/81955.jpg,5-(9-4)=0
train/81956.jpg,3+(2+1)=6
train/81957.jpg,2*2-6=-2
train/81958.jpg,1*(7-8)=-1
train/81959.jpg,1+(0*9)=1
train/81960.jpg,0+3+7=10
train/81961.jpg,5-(3+3)=-1
train/81962.jpg,3-8+7=2
train/81963.jpg,9-4*6=-15
train/81964.jpg,8-(1+1)=6
train/81965.jpg,1+(9*4)=37
train/81966.jpg,9*8*7=504
train/81967.jpg,(0*2)-1=-1
train/81968.jpg,(6+5)-0=11
train/81969.jpg,9-(1-3)=11
train/81970.jpg,9+1*3=12
train/81971.jpg,0-(7-8)=1
train/81972.jpg,9*(4-2)=18
train/81973.jpg,3-(9*4)=-33
train/81974.jpg,6*6*6=216
train/81975.jpg,(4+6)*5=50
train/81976.jpg,2*1*9=18
train/81977.jpg,0*(1+4)=0
train/81978.jpg,(7*7)*5=245
train/81979.jpg,0*(6*2)=0
train/81980.jpg,2*5+5=15
train/81981.jpg,8*(9-2)=56
train/81982.jpg,8*6-2=46
train/81983.jpg,3-(5*0)=3
train/81984.jpg,7-(8-0)=-1
train/81985.jpg,(2*9)*4=72
train/81986.jpg,1+(5*4)=21
train/81987.jpg,2-(0*4)=2
train/81988.jpg,3-1+1=3
train/81989.jpg,(4-4)*0=0
train/81990.jpg,4-6*2=-8
train/81991.jpg,0*8+2=2
train/81992.jpg,8*0+6=6
train/81993.jpg,9*5-2=43
train/81994.jpg,(2*0)+0=0
train/81995.jpg,9+1-8=2
train/81996.jpg,1+(8-3)=6
train/81997.jpg,6-5*7=-29
train/81998.jpg,0*(3*2)=0
train/81999.jpg,5*(8*8)=320
train/82000.jpg,(3*7)-5=16
train/82001.jpg,(2-7)*8=-40
train/82002.jpg,5+2+3=10
train/82003.jpg,8*(7-3)=32
train/82004.jpg,(3*9)+0=27
train/82005.jpg,(5*4)*5=100
train/82006.jpg,1-3*3=-8
train/82007.jpg,(4*3)+9=21
train/82008.jpg,2*(9*3)=54
train/82009.jpg,6-(1+2)=3
train/82010.jpg,2-(8*9)=-70
train/82011.jpg,3-8*3=-21
train/82012.jpg,(4+6)-8=2
train/82013.jpg,8*(5*0)=0
train/82014.jpg,(0*9)-8=-8
train/82015.jpg,(8*9)*3=216
train/82016.jpg,2*8*1=16
train/82017.jpg,9*7-8=55
train/82018.jpg,(3*1)*9=27
train/82019.jpg,4+(2+7)=13
train/82020.jpg,4+(3-4)=3
train/82021.jpg,(1+4)-5=0
train/82022.jpg,(3-5)*8=-16
train/82023.jpg,0-(5+7)=-12
train/82024.jpg,8-0+6=14
train/82025.jpg,6+6-1=11
train/82026.jpg,7+(9+7)=23
train/82027.jpg,8+(6-3)=11
train/82028.jpg,6-2*4=-2
train/82029.jpg,7-5+9=11
train/82030.jpg,(7*6)-1=41
train/82031.jpg,(6*8)+4=52
train/82032.jpg,2-9-5=-12
train/82033.jpg,(4*2)*4=32
train/82034.jpg,7*4+6=34
train/82035.jpg,4*(3+9)=48
train/82036.jpg,3*6-7=11
train/82037.jpg,(7-0)-7=0
train/82038.jpg,(8*8)*1=64
train/82039.jpg,1+(0*3)=1
train/82040.jpg,(3+5)+2=10
train/82041.jpg,1-(5+9)=-13
train/82042.jpg,8-(8*2)=-8
train/82043.jpg,9*3+1=28
train/82044.jpg,(5*9)*9=405
train/82045.jpg,1-(3-0)=-2
train/82046.jpg,8-3-8=-3
train/82047.jpg,0*2-2=-2
train/82048.jpg,(9+1)-2=8
train/82049.jpg,6-0*3=6
train/82050.jpg,(8*3)-5=19
train/82051.jpg,3+2+8=13
train/82052.jpg,2*(6+7)=26
train/82053.jpg,4-5*3=-11
train/82054.jpg,(8*6)-6=42
train/82055.jpg,1+3-8=-4
train/82056.jpg,1*(4-9)=-5
train/82057.jpg,7+(2*2)=11
train/82058.jpg,6*(1-7)=-36
train/82059.jpg,2*(1+1)=4
train/82060.jpg,(2+3)+9=14
train/82061.jpg,(2-2)-4=-4
train/82062.jpg,2-4-5=-7
train/82063.jpg,9+(2-7)=4
train/82064.jpg,(8*2)+4=20
train/82065.jpg,(9-7)+3=5
train/82066.jpg,4-8+8=4
train/82067.jpg,1-2-3=-4
train/82068.jpg,3*2*9=54
train/82069.jpg,9*1-0=9
train/82070.jpg,(5+3)-9=-1
train/82071.jpg,0+(2+0)=2
train/82072.jpg,3+2-4=1
train/82073.jpg,7+4*6=31
train/82074.jpg,3-(8*3)=-21
train/82075.jpg,4-(7+4)=-7
train/82076.jpg,(7*6)+2=44
train/82077.jpg,2*(4+7)=22
train/82078.jpg,0+(4-8)=-4
train/82079.jpg,2+2-8=-4
train/82080.jpg,2+7+6=15
train/82081.jpg,4*4-2=14
train/82082.jpg,8*9-2=70
train/82083.jpg,4+5*7=39
train/82084.jpg,(9-1)+9=17
train/82085.jpg,2-9*0=2
train/82086.jpg,6*(4*8)=192
train/82087.jpg,(4+9)+7=20
train/82088.jpg,1*9-1=8
train/82089.jpg,(4*4)+6=22
train/82090.jpg,9-6-2=1
train/82091.jpg,(0*9)*6=0
train/82092.jpg,0*7+8=8
train/82093.jpg,0-7+1=-6
train/82094.jpg,4+(3-0)=7
train/82095.jpg,9+7*0=9
train/82096.jpg,(5-4)*1=1
train/82097.jpg,4+(3-7)=0
train/82098.jpg,1-2+2=1
train/82099.jpg,(7-1)+7=13
train/82100.jpg,(3+3)+7=13
train/82101.jpg,1+(6-7)=0
train/82102.jpg,4*8+8=40
train/82103.jpg,6*(4-4)=0
train/82104.jpg,(2*6)*1=12
train/82105.jpg,4*(4-1)=12
train/82106.jpg,0+(9-6)=3
train/82107.jpg,5-(4+6)=-5
train/82108.jpg,(1-8)*1=-7
train/82109.jpg,4+(0*9)=4
train/82110.jpg,1+(8+8)=17
train/82111.jpg,0*(9*1)=0
train/82112.jpg,7+4*2=15
train/82113.jpg,(2-3)*4=-4
train/82114.jpg,(9*1)+9=18
train/82115.jpg,3*(0+7)=21
train/82116.jpg,8*2*3=48
train/82117.jpg,6*7*1=42
train/82118.jpg,8+(2+8)=18
train/82119.jpg,7-0-0=7
train/82120.jpg,0-0*2=0
train/82121.jpg,(8+3)+6=17
train/82122.jpg,2-(2+3)=-3
train/82123.jpg,8+(7-0)=15
train/82124.jpg,6+4-8=2
train/82125.jpg,4*(1+5)=24
train/82126.jpg,(3-3)-7=-7
train/82127.jpg,(2-7)*3=-15
train/82128.jpg,(9+0)+2=11
train/82129.jpg,0*5*0=0
train/82130.jpg,(6-7)*9=-9
train/82131.jpg,5*(3+1)=20
train/82132.jpg,(1*0)-6=-6
train/82133.jpg,8-7+7=8
train/82134.jpg,5+2-7=0
train/82135.jpg,(1*9)*3=27
train/82136.jpg,(9*5)-8=37
train/82137.jpg,9*8*3=216
train/82138.jpg,9-1+7=15
train/82139.jpg,(2*8)+7=23
train/82140.jpg,(9*8)+0=72
train/82141.jpg,(2-7)-0=-5
train/82142.jpg,2-6-4=-8
train/82143.jpg,1+(6*8)=49
train/82144.jpg,8+7*2=22
train/82145.jpg,(8+8)*4=64
train/82146.jpg,0-(4-6)=2
train/82147.jpg,4-2+9=11
train/82148.jpg,4-5*3=-11
train/82149.jpg,4*(3-4)=-4
train/82150.jpg,(5-0)*0=0
train/82151.jpg,7+0+8=15
train/82152.jpg,(3+6)*3=27
train/82153.jpg,7-8*6=-41
train/82154.jpg,2-6-3=-7
train/82155.jpg,2*(7-5)=4
train/82156.jpg,2+0*7=2
train/82157.jpg,6-2+0=4
train/82158.jpg,5-0-9=-4
train/82159.jpg,(3-1)+5=7
train/82160.jpg,(3-4)-4=-5
train/82161.jpg,7*2*4=56
train/82162.jpg,3*8-8=16
train/82163.jpg,0*3*0=0
train/82164.jpg,5*4+1=21
train/82165.jpg,4-(9+5)=-10
train/82166.jpg,(5+6)+0=11
train/82167.jpg,9+0-5=4
train/82168.jpg,(1-3)+7=5
train/82169.jpg,4*9*5=180
train/82170.jpg,1*(9-0)=9
train/82171.jpg,(2-7)-5=-10
train/82172.jpg,(6+4)-0=10
train/82173.jpg,(1*3)+7=10
train/82174.jpg,9+3-1=11
train/82175.jpg,(0*2)*3=0
train/82176.jpg,(2*9)*5=90
train/82177.jpg,4-(3+9)=-8
train/82178.jpg,9*(2+0)=18
train/82179.jpg,(7+1)*1=8
train/82180.jpg,(2*4)-7=1
train/82181.jpg,(8+8)*7=112
train/82182.jpg,(4+6)*5=50
train/82183.jpg,8+6*6=44
train/82184.jpg,9+7+6=22
train/82185.jpg,1+1+3=5
train/82186.jpg,9-(4+3)=2
train/82187.jpg,3+(4*7)=31
train/82188.jpg,(7-1)-4=2
train/82189.jpg,5-(6-7)=6
train/82190.jpg,1-(9+8)=-16
train/82191.jpg,(3+4)*0=0
train/82192.jpg,9-0*6=9
train/82193.jpg,0+(1*5)=5
train/82194.jpg,(7*6)-8=34
train/82195.jpg,4*8*1=32
train/82196.jpg,0-(6-5)=-1
train/82197.jpg,3-5+7=5
train/82198.jpg,9-3*7=-12
train/82199.jpg,9+6-8=7
train/82200.jpg,7-5-1=1
train/82201.jpg,(7-9)*0=0
train/82202.jpg,2-(7*2)=-12
train/82203.jpg,2*(5*7)=70
train/82204.jpg,6*5-0=30
train/82205.jpg,7+5-7=5
train/82206.jpg,(7+8)-7=8
train/82207.jpg,4+8+5=17
train/82208.jpg,0-(1*5)=-5
train/82209.jpg,7*4+9=37
train/82210.jpg,3-(3+1)=-1
train/82211.jpg,4-0+9=13
train/82212.jpg,6+1+7=14
train/82213.jpg,6*(4+6)=60
train/82214.jpg,0-(5-2)=-3
train/82215.jpg,(7*5)-5=30
train/82216.jpg,7*9*5=315
train/82217.jpg,0*(7*4)=0
train/82218.jpg,6*(4-5)=-6
train/82219.jpg,2*(7*1)=14
train/82220.jpg,4-(8+2)=-6
train/82221.jpg,7+(6*0)=7
train/82222.jpg,5+(7*7)=54
train/82223.jpg,(9*8)-6=66
train/82224.jpg,9-0+4=13
train/82225.jpg,2-9*7=-61
train/82226.jpg,3+3+7=13
train/82227.jpg,(2-6)*0=0
train/82228.jpg,3+5*6=33
train/82229.jpg,9*0-0=0
train/82230.jpg,(1+0)*4=4
train/82231.jpg,(3+5)-3=5
train/82232.jpg,3+(2-4)=1
train/82233.jpg,(9*7)-3=60
train/82234.jpg,9+9+3=21
train/82235.jpg,(2+0)*6=12
train/82236.jpg,2-(3-4)=3
train/82237.jpg,(0-7)+6=-1
train/82238.jpg,3+(3*0)=3
train/82239.jpg,(0-9)*1=-9
train/82240.jpg,3+(6+2)=11
train/82241.jpg,9*(3+8)=99
train/82242.jpg,8-1-7=0
train/82243.jpg,4-2+6=8
train/82244.jpg,0*(0*3)=0
train/82245.jpg,4*4+6=22
train/82246.jpg,2-0-1=1
train/82247.jpg,(4-1)-0=3
train/82248.jpg,9-3-0=6
train/82249.jpg,9*6*1=54
train/82250.jpg,1-0-8=-7
train/82251.jpg,7-(8+9)=-10
train/82252.jpg,4+(3*5)=19
train/82253.jpg,6-(5+3)=-2
train/82254.jpg,9-5*8=-31
train/82255.jpg,0-0+4=4
train/82256.jpg,4*(4+6)=40
train/82257.jpg,8-6+6=8
train/82258.jpg,3-(5+8)=-10
train/82259.jpg,6*(4*9)=216
train/82260.jpg,6-0*2=6
train/82261.jpg,(5+8)-1=12
train/82262.jpg,(2*6)+2=14
train/82263.jpg,9-2-0=7
train/82264.jpg,(8+9)-6=11
train/82265.jpg,6*(8+0)=48
train/82266.jpg,8*(7*3)=168
train/82267.jpg,8+7-5=10
train/82268.jpg,3+(8*0)=3
train/82269.jpg,2-(0-0)=2
train/82270.jpg,0-(0*2)=0
train/82271.jpg,0*(1-1)=0
train/82272.jpg,1*(4-5)=-1
train/82273.jpg,(2-3)-3=-4
train/82274.jpg,5*0+9=9
train/82275.jpg,(5*9)-6=39
train/82276.jpg,(2+9)*2=22
train/82277.jpg,9+4*7=37
train/82278.jpg,7*0-2=-2
train/82279.jpg,2-(2-5)=5
train/82280.jpg,4*9-9=27
train/82281.jpg,(8*0)*8=0
train/82282.jpg,2-(4*3)=-10
train/82283.jpg,1+9*9=82
train/82284.jpg,1*4+6=10
train/82285.jpg,1+9*6=55
train/82286.jpg,3+(7-1)=9
train/82287.jpg,1+(5-1)=5
train/82288.jpg,4+(1*3)=7
train/82289.jpg,9+(2*1)=11
train/82290.jpg,5*(8*4)=160
train/82291.jpg,(6+5)+8=19
train/82292.jpg,0*(7*1)=0
train/82293.jpg,9+(4-2)=11
train/82294.jpg,(0-8)+3=-5
train/82295.jpg,0-4*9=-36
train/82296.jpg,9-(4*6)=-15
train/82297.jpg,6*5*8=240
train/82298.jpg,1-(5-6)=2
train/82299.jpg,5+8-9=4
train/82300.jpg,9-6-6=-3
train/82301.jpg,(2*6)+5=17
train/82302.jpg,4-(5+0)=-1
train/82303.jpg,(1*3)-9=-6
train/82304.jpg,1*(2*2)=4
train/82305.jpg,6*8+4=52
train/82306.jpg,1*(7*1)=7
train/82307.jpg,(6+4)-1=9
train/82308.jpg,7-(2+1)=4
train/82309.jpg,5-(1*8)=-3
train/82310.jpg,(5-6)+8=7
train/82311.jpg,0-4+4=0
train/82312.jpg,(3-1)*5=10
train/82313.jpg,(2*7)+1=15
train/82314.jpg,4+(0+0)=4
train/82315.jpg,2*(3-2)=2
train/82316.jpg,(5*8)+5=45
train/82317.jpg,(4-2)-0=2
train/82318.jpg,3-(2-8)=9
train/82319.jpg,(8-4)+4=8
train/82320.jpg,0-(1-9)=8
train/82321.jpg,9-4*8=-23
train/82322.jpg,(3-1)-8=-6
train/82323.jpg,3-(7+9)=-13
train/82324.jpg,9*(3-9)=-54
train/82325.jpg,7-(0*8)=7
train/82326.jpg,(0+8)*4=32
train/82327.jpg,1-(2+3)=-4
train/82328.jpg,6*(7*0)=0
train/82329.jpg,7*1+3=10
train/82330.jpg,4*(7-5)=8
train/82331.jpg,4+(9-0)=13
train/82332.jpg,2*2*7=28
train/82333.jpg,2+9-3=8
train/82334.jpg,4+8-9=3
train/82335.jpg,(0*1)-8=-8
train/82336.jpg,(9-4)-9=-4
train/82337.jpg,7-1+6=12
train/82338.jpg,(9*6)-8=46
train/82339.jpg,4-(3-0)=1
train/82340.jpg,9*1+8=17
train/82341.jpg,(7+6)-8=5
train/82342.jpg,(5-3)+4=6
train/82343.jpg,(7*4)-0=28
train/82344.jpg,(4+8)*4=48
train/82345.jpg,4-8+8=4
train/82346.jpg,4+(9*2)=22
train/82347.jpg,(4*5)-8=12
train/82348.jpg,9*5*1=45
train/82349.jpg,0+5+4=9
train/82350.jpg,0*(9*1)=0
train/82351.jpg,1+2+8=11
train/82352.jpg,3+(4*0)=3
train/82353.jpg,(5*1)*3=15
train/82354.jpg,(5*1)*9=45
train/82355.jpg,9-(5-2)=6
train/82356.jpg,2-0+1=3
train/82357.jpg,7*(4-6)=-14
train/82358.jpg,(5-2)+5=8
train/82359.jpg,8-0-8=0
train/82360.jpg,2*(6-6)=0
train/82361.jpg,(2*9)+4=22
train/82362.jpg,6+9*4=42
train/82363.jpg,(6-0)-4=2
train/82364.jpg,3-9-1=-7
train/82365.jpg,4*(6*9)=216
train/82366.jpg,(6-3)+0=3
train/82367.jpg,4-(4+4)=-4
train/82368.jpg,7*4+4=32
train/82369.jpg,(5+8)*4=52
train/82370.jpg,7-(7*1)=0
train/82371.jpg,2*0-6=-6
train/82372.jpg,1+(0+2)=3
train/82373.jpg,0*(5-5)=0
train/82374.jpg,3-4-4=-5
train/82375.jpg,(2-2)*4=0
train/82376.jpg,2-0*2=2
train/82377.jpg,(5+9)*7=98
train/82378.jpg,(3-4)+7=6
train/82379.jpg,(8+9)+1=18
train/82380.jpg,3-(9*5)=-42
train/82381.jpg,(6-8)+7=5
train/82382.jpg,(6-3)-7=-4
train/82383.jpg,(0+1)-5=-4
train/82384.jpg,0+(8-7)=1
train/82385.jpg,4*(6*7)=168
train/82386.jpg,(8*9)+8=80
train/82387.jpg,5+(8-1)=12
train/82388.jpg,0*(1*0)=0
train/82389.jpg,(7+0)*0=0
train/82390.jpg,5-2*5=-5
train/82391.jpg,4+(1-6)=-1
train/82392.jpg,(6+7)+9=22
train/82393.jpg,(4-9)*2=-10
train/82394.jpg,4*5*9=180
train/82395.jpg,3-9*9=-78
train/82396.jpg,(9+0)-0=9
train/82397.jpg,(1-2)-8=-9
train/82398.jpg,8-9-7=-8
train/82399.jpg,(6+3)-9=0
train/82400.jpg,6+9-9=6
train/82401.jpg,(8*9)+9=81
train/82402.jpg,2-(4*6)=-22
train/82403.jpg,4+5+7=16
train/82404.jpg,6+(2+0)=8
train/82405.jpg,8-(6-2)=4
train/82406.jpg,(6+3)*5=45
train/82407.jpg,6+(8*4)=38
train/82408.jpg,6-1+5=10
train/82409.jpg,8+1+0=9
train/82410.jpg,5+(6+0)=11
train/82411.jpg,(7*7)*7=343
train/82412.jpg,8+(9-2)=15
train/82413.jpg,0+1+4=5
train/82414.jpg,0-3-4=-7
train/82415.jpg,9+2+6=17
train/82416.jpg,(4-9)+2=-3
train/82417.jpg,5*(1-8)=-35
train/82418.jpg,5-(2*9)=-13
train/82419.jpg,(0-3)+3=0
train/82420.jpg,3*4*7=84
train/82421.jpg,2+(9+2)=13
train/82422.jpg,(2-2)*9=0
train/82423.jpg,8+2+5=15
train/82424.jpg,8-(1+7)=0
train/82425.jpg,8+8*0=8
train/82426.jpg,(8-6)-0=2
train/82427.jpg,3+2+3=8
train/82428.jpg,8-(5-1)=4
train/82429.jpg,3+(0*7)=3
train/82430.jpg,0*(0+1)=0
train/82431.jpg,1*0+7=7
train/82432.jpg,(5*9)+2=47
train/82433.jpg,5*(6-3)=15
train/82434.jpg,2-8*6=-46
train/82435.jpg,1+9*0=1
train/82436.jpg,6+(9*2)=24
train/82437.jpg,(3+7)*8=80
train/82438.jpg,4+8*5=44
train/82439.jpg,(2+8)+0=10
train/82440.jpg,0*(6-1)=0
train/82441.jpg,7-(9*4)=-29
train/82442.jpg,6+(8-5)=9
train/82443.jpg,(2-8)+4=-2
train/82444.jpg,3-(0+3)=0
train/82445.jpg,(3+7)+4=14
train/82446.jpg,3-(5-1)=-1
train/82447.jpg,9-(0+7)=2
train/82448.jpg,6*6*4=144
train/82449.jpg,(0+1)*9=9
train/82450.jpg,4+1+6=11
train/82451.jpg,(8*9)+0=72
train/82452.jpg,1*8*6=48
train/82453.jpg,8*(8-9)=-8
train/82454.jpg,(6+1)-1=6
train/82455.jpg,2+8-9=1
train/82456.jpg,5+7*4=33
train/82457.jpg,2-(6+0)=-4
train/82458.jpg,3+(0-2)=1
train/82459.jpg,(8-8)-8=-8
train/82460.jpg,0*(2+5)=0
train/82461.jpg,(3+8)+5=16
train/82462.jpg,7-(0-1)=8
train/82463.jpg,1*(3-5)=-2
train/82464.jpg,3-2*4=-5
train/82465.jpg,8*3*3=72
train/82466.jpg,3+7+9=19
train/82467.jpg,(7-9)-4=-6
train/82468.jpg,7+(4+6)=17
train/82469.jpg,8+(5*9)=53
train/82470.jpg,7*(1*8)=56
train/82471.jpg,(3-7)*0=0
train/82472.jpg,(7*4)-3=25
train/82473.jpg,2-0*5=2
train/82474.jpg,7+9*2=25
train/82475.jpg,6-3+5=8
train/82476.jpg,8-(1*5)=3
train/82477.jpg,4*9-1=35
train/82478.jpg,(3*7)*6=126
train/82479.jpg,5+8-7=6
train/82480.jpg,(1+5)*9=54
train/82481.jpg,4*1+2=6
train/82482.jpg,8-(9-6)=5
train/82483.jpg,(6+5)+3=14
train/82484.jpg,9+(0-3)=6
train/82485.jpg,4-(7+6)=-9
train/82486.jpg,(8*5)*6=240
train/82487.jpg,0-3-4=-7
train/82488.jpg,9*(3*1)=27
train/82489.jpg,0*9*0=0
train/82490.jpg,7*7-3=46
train/82491.jpg,(9*7)+4=67
train/82492.jpg,6+3+4=13
train/82493.jpg,(8*1)+3=11
train/82494.jpg,(3+1)-9=-5
train/82495.jpg,9+0+3=12
train/82496.jpg,2*(5-3)=4
train/82497.jpg,3-(2+4)=-3
train/82498.jpg,4+(4+9)=17
train/82499.jpg,9-9-4=-4
train/82500.jpg,4+(7+4)=15
train/82501.jpg,(5*7)-7=28
train/82502.jpg,6+9+4=19
train/82503.jpg,(4-6)+0=-2
train/82504.jpg,0-9+1=-8
train/82505.jpg,3+3+1=7
train/82506.jpg,4-(2+8)=-6
train/82507.jpg,5-7*4=-23
train/82508.jpg,7*9*4=252
train/82509.jpg,9*(1-1)=0
train/82510.jpg,(5*8)*3=120
train/82511.jpg,0*(8+4)=0
train/82512.jpg,(3-1)*3=6
train/82513.jpg,(7*4)*8=224
train/82514.jpg,(9*7)+7=70
train/82515.jpg,4*(4+7)=44
train/82516.jpg,(8-3)*6=30
train/82517.jpg,6+(6+0)=12
train/82518.jpg,8*1-7=1
train/82519.jpg,1*(3*6)=18
train/82520.jpg,7+2-5=4
train/82521.jpg,9*8*1=72
train/82522.jpg,1*8*9=72
train/82523.jpg,4-9*0=4
train/82524.jpg,4+(4-2)=6
train/82525.jpg,8-(3-4)=9
train/82526.jpg,3-6*0=3
train/82527.jpg,3+(0+3)=6
train/82528.jpg,4*7+3=31
train/82529.jpg,5*(8*6)=240
train/82530.jpg,4+0+0=4
train/82531.jpg,6+8*5=46
train/82532.jpg,(4-5)-2=-3
train/82533.jpg,2+(0*2)=2
train/82534.jpg,1-1-6=-6
train/82535.jpg,9+(7+7)=23
train/82536.jpg,5-7+2=0
train/82537.jpg,6-2*7=-8
train/82538.jpg,4*2+0=8
train/82539.jpg,2*3-9=-3
train/82540.jpg,8-1*8=0
train/82541.jpg,7*6*3=126
train/82542.jpg,3+1-4=0
train/82543.jpg,(7+4)-9=2
train/82544.jpg,7+3-0=10
train/82545.jpg,4*(4+9)=52
train/82546.jpg,1+(4-8)=-3
train/82547.jpg,9-9*9=-72
train/82548.jpg,(1*8)-1=7
train/82549.jpg,(1+3)-7=-3
train/82550.jpg,(6*5)*4=120
train/82551.jpg,6*4-1=23
train/82552.jpg,8-(5*8)=-32
train/82553.jpg,0*4+4=4
train/82554.jpg,(9+8)-0=17
train/82555.jpg,1*(8+9)=17
train/82556.jpg,8*8-6=58
train/82557.jpg,9+2*7=23
train/82558.jpg,7*1-3=4
train/82559.jpg,5-4*3=-7
train/82560.jpg,(6-9)+3=0
train/82561.jpg,5+0*4=5
train/82562.jpg,8+(0*5)=8
train/82563.jpg,8*0-5=-5
train/82564.jpg,9*8+3=75
train/82565.jpg,5-5*0=5
train/82566.jpg,6+(6+3)=15
train/82567.jpg,0-(5*1)=-5
train/82568.jpg,(7+8)*0=0
train/82569.jpg,(1-9)-4=-12
train/82570.jpg,0-3+6=3
train/82571.jpg,5+(2-1)=6
train/82572.jpg,(1*0)+3=3
train/82573.jpg,(9-5)+3=7
train/82574.jpg,7*(4+8)=84
train/82575.jpg,(7+0)+3=10
train/82576.jpg,4-4-9=-9
train/82577.jpg,(3+5)+8=16
train/82578.jpg,8+(3*0)=8
train/82579.jpg,4*9*7=252
train/82580.jpg,(0*9)+0=0
train/82581.jpg,8*7*8=448
train/82582.jpg,6-8-1=-3
train/82583.jpg,4-(5-7)=6
train/82584.jpg,1+(9-0)=10
train/82585.jpg,(2*7)-6=8
train/82586.jpg,9+9+6=24
train/82587.jpg,(9*9)+6=87
train/82588.jpg,9*(1*7)=63
train/82589.jpg,2-(5*2)=-8
train/82590.jpg,2*5*5=50
train/82591.jpg,1*9-2=7
train/82592.jpg,(3+7)*4=40
train/82593.jpg,6+(3-3)=6
train/82594.jpg,8-(9+6)=-7
train/82595.jpg,(2+5)+4=11
train/82596.jpg,2+3-0=5
train/82597.jpg,(1-0)+9=10
train/82598.jpg,4-(3+8)=-7
train/82599.jpg,5+(8*9)=77
train/82600.jpg,(5-8)*3=-9
train/82601.jpg,0*3+9=9
train/82602.jpg,2+(2+2)=6
train/82603.jpg,(6+1)+5=12
train/82604.jpg,(3*3)+0=9
train/82605.jpg,6+4+9=19
train/82606.jpg,8*0-1=-1
train/82607.jpg,8+4+5=17
train/82608.jpg,(3*7)+6=27
train/82609.jpg,9-(6+6)=-3
train/82610.jpg,(0-5)*6=-30
train/82611.jpg,(1*2)*2=4
train/82612.jpg,7+2+3=12
train/82613.jpg,(9*9)+5=86
train/82614.jpg,9-5*7=-26
train/82615.jpg,6*9*1=54
train/82616.jpg,6-(3-0)=3
train/82617.jpg,(3+0)-1=2
train/82618.jpg,9*(2*3)=54
train/82619.jpg,6+2-3=5
train/82620.jpg,5-2-8=-5
train/82621.jpg,(6-5)*3=3
train/82622.jpg,2+(9*1)=11
train/82623.jpg,5*9+3=48
train/82624.jpg,6*(6*0)=0
train/82625.jpg,1-(9+7)=-15
train/82626.jpg,(5+2)+4=11
train/82627.jpg,4-(0-3)=7
train/82628.jpg,4-4-9=-9
train/82629.jpg,(8+5)*5=65
train/82630.jpg,3-(8-1)=-4
train/82631.jpg,6+(1*9)=15
train/82632.jpg,4-9-3=-8
train/82633.jpg,9-9*0=9
train/82634.jpg,5-5+2=2
train/82635.jpg,6*(0+3)=18
train/82636.jpg,(7*6)-2=40
train/82637.jpg,3*5-4=11
train/82638.jpg,2-4*8=-30
train/82639.jpg,(0*2)*2=0
train/82640.jpg,6-2+8=12
train/82641.jpg,4-(5+4)=-5
train/82642.jpg,(0-8)*8=-64
train/82643.jpg,2+3+8=13
train/82644.jpg,(1*8)+1=9
train/82645.jpg,9*9*1=81
train/82646.jpg,(2-1)+9=10
train/82647.jpg,8-6-3=-1
train/82648.jpg,8*(1*3)=24
train/82649.jpg,4-4*4=-12
train/82650.jpg,(5-3)*4=8
train/82651.jpg,4*(7+8)=60
train/82652.jpg,(6+1)-1=6
train/82653.jpg,7*3+9=30
train/82654.jpg,4+(0+1)=5
train/82655.jpg,4+0-0=4
train/82656.jpg,5-2-8=-5
train/82657.jpg,2*0-4=-4
train/82658.jpg,(1+5)+6=12
train/82659.jpg,6+4-7=3
train/82660.jpg,5-7+5=3
train/82661.jpg,7*0*6=0
train/82662.jpg,(8-7)+9=10
train/82663.jpg,9-2+5=12
train/82664.jpg,5*3*0=0
train/82665.jpg,4-(1+8)=-5
train/82666.jpg,5*9+3=48
train/82667.jpg,1+(8*8)=65
train/82668.jpg,6*(5+6)=66
train/82669.jpg,8+(6+8)=22
train/82670.jpg,1*(2-3)=-1
train/82671.jpg,0-(8-5)=-3
train/82672.jpg,3+7-0=10
train/82673.jpg,7+(2+5)=14
train/82674.jpg,(9*9)+6=87
train/82675.jpg,5+(5-1)=9
train/82676.jpg,(9+7)+3=19
train/82677.jpg,1*5*4=20
train/82678.jpg,(1*2)*3=6
train/82679.jpg,(7-7)*9=0
train/82680.jpg,2*6-3=9
train/82681.jpg,9*(9*8)=648
train/82682.jpg,2-4-8=-10
train/82683.jpg,(7+1)*9=72
train/82684.jpg,4-5-7=-8
train/82685.jpg,(5+7)-5=7
train/82686.jpg,9-9*0=9
train/82687.jpg,7-6+6=7
train/82688.jpg,1*2*7=14
train/82689.jpg,(2+4)*8=48
train/82690.jpg,4+(2+5)=11
train/82691.jpg,3-2-3=-2
train/82692.jpg,2*(2+2)=8
train/82693.jpg,6*(2*8)=96
train/82694.jpg,7*3+3=24
train/82695.jpg,7-(9*4)=-29
train/82696.jpg,0+9-5=4
train/82697.jpg,6+(0+2)=8
train/82698.jpg,1-9+3=-5
train/82699.jpg,2-(3*9)=-25
train/82700.jpg,8*7-7=49
train/82701.jpg,8-(5+7)=-4
train/82702.jpg,(6+0)-9=-3
train/82703.jpg,6*(8*7)=336
train/82704.jpg,(7*1)*0=0
train/82705.jpg,8-4+1=5
train/82706.jpg,8-(2+5)=1
train/82707.jpg,9+(6-0)=15
train/82708.jpg,5-5*0=5
train/82709.jpg,(3*3)*6=54
train/82710.jpg,7-0+0=7
train/82711.jpg,(1-0)*0=0
train/82712.jpg,7-0-7=0
train/82713.jpg,6+(0-4)=2
train/82714.jpg,7-0*6=7
train/82715.jpg,5+8-9=4
train/82716.jpg,4+(2+7)=13
train/82717.jpg,7*6+0=42
train/82718.jpg,7*(7-1)=42
train/82719.jpg,(0-3)+4=1
train/82720.jpg,(1+9)-3=7
train/82721.jpg,7-6+9=10
train/82722.jpg,8-9-5=-6
train/82723.jpg,1*(0+1)=1
train/82724.jpg,4-(7+9)=-12
train/82725.jpg,(4+1)*2=10
train/82726.jpg,3+(1-7)=-3
train/82727.jpg,(2+0)+6=8
train/82728.jpg,(7+4)+4=15
train/82729.jpg,(1*6)-5=1
train/82730.jpg,(2-9)*7=-49
train/82731.jpg,(7*4)+9=37
train/82732.jpg,4-(4-5)=5
train/82733.jpg,0*(9*1)=0
train/82734.jpg,9*9-5=76
train/82735.jpg,5-4-1=0
train/82736.jpg,6-(3+2)=1
train/82737.jpg,0*(8+3)=0
train/82738.jpg,7*(2-1)=7
train/82739.jpg,9-(9+4)=-4
train/82740.jpg,(0+5)-4=1
train/82741.jpg,(1*3)*7=21
train/82742.jpg,5+7*8=61
train/82743.jpg,8*7-4=52
train/82744.jpg,1+9-1=9
train/82745.jpg,(1*7)-5=2
train/82746.jpg,8*(4*9)=288
train/82747.jpg,2*(2*4)=16
train/82748.jpg,(4-0)+1=5
train/82749.jpg,5+7+5=17
train/82750.jpg,5*1+6=11
train/82751.jpg,0+(6+3)=9
train/82752.jpg,1+(0+8)=9
train/82753.jpg,7*7+3=52
train/82754.jpg,(3*9)*8=216
train/82755.jpg,2*(0*0)=0
train/82756.jpg,1-5-3=-7
train/82757.jpg,(2*8)-3=13
train/82758.jpg,(9-2)-5=2
train/82759.jpg,(2*2)*0=0
train/82760.jpg,5+(6+7)=18
train/82761.jpg,9-(9+8)=-8
train/82762.jpg,3-(5-5)=3
train/82763.jpg,4+3*2=10
train/82764.jpg,3*6+1=19
train/82765.jpg,9-3+7=13
train/82766.jpg,1*5-4=1
train/82767.jpg,5*3+6=21
train/82768.jpg,8-(3-7)=12
train/82769.jpg,(8*8)-7=57
train/82770.jpg,7+6+6=19
train/82771.jpg,(7+7)*9=126
train/82772.jpg,2*6-1=11
train/82773.jpg,(2-3)*8=-8
train/82774.jpg,(0*4)+7=7
train/82775.jpg,6*(6+3)=54
train/82776.jpg,3+(4*3)=15
train/82777.jpg,8*2-5=11
train/82778.jpg,8*4+2=34
train/82779.jpg,1*3+2=5
train/82780.jpg,7-(2-7)=12
train/82781.jpg,7*(3-5)=-14
train/82782.jpg,0+3+3=6
train/82783.jpg,(7+3)-7=3
train/82784.jpg,3-3+8=8
train/82785.jpg,(6+4)-3=7
train/82786.jpg,6-(9-1)=-2
train/82787.jpg,5*2*7=70
train/82788.jpg,9+(1+2)=12
train/82789.jpg,(8-9)-8=-9
train/82790.jpg,6+9+7=22
train/82791.jpg,(3-5)*2=-4
train/82792.jpg,8-(4+0)=4
train/82793.jpg,8+0*0=8
train/82794.jpg,6+8-6=8
train/82795.jpg,5*9-2=43
train/82796.jpg,0+(6-1)=5
train/82797.jpg,4-7*7=-45
train/82798.jpg,(4*7)*8=224
train/82799.jpg,4*3*2=24
train/82800.jpg,(9*9)-7=74
train/82801.jpg,3-(7-1)=-3
train/82802.jpg,4+(2+9)=15
train/82803.jpg,4*5+7=27
train/82804.jpg,1*4-6=-2
train/82805.jpg,(4*8)-6=26
train/82806.jpg,0+7-7=0
train/82807.jpg,0*5+7=7
train/82808.jpg,7-(9*0)=7
train/82809.jpg,1*1+2=3
train/82810.jpg,2-(6*4)=-22
train/82811.jpg,1+6+9=16
train/82812.jpg,6+3-4=5
train/82813.jpg,2-(9+0)=-7
train/82814.jpg,(7-1)-0=6
train/82815.jpg,6+(7-1)=12
train/82816.jpg,0*(9+9)=0
train/82817.jpg,9*(3*2)=54
train/82818.jpg,7-4+0=3
train/82819.jpg,4*(8+7)=60
train/82820.jpg,0*6*7=0
train/82821.jpg,8-3*3=-1
train/82822.jpg,9-(8-2)=3
train/82823.jpg,3+4-8=-1
train/82824.jpg,6*3*1=18
train/82825.jpg,(9-3)*0=0
train/82826.jpg,6+1*6=12
train/82827.jpg,9-2*1=7
train/82828.jpg,(0+0)*1=0
train/82829.jpg,(1-7)-4=-10
train/82830.jpg,(4+5)*8=72
train/82831.jpg,5+(9*4)=41
train/82832.jpg,9+(5-6)=8
train/82833.jpg,2+3*2=8
train/82834.jpg,2-(9-9)=2
train/82835.jpg,9-2-6=1
train/82836.jpg,9*(2-3)=-9
train/82837.jpg,8*(7-5)=16
train/82838.jpg,5*2-5=5
train/82839.jpg,(1+9)-9=1
train/82840.jpg,9-(7*3)=-12
train/82841.jpg,(9+5)-9=5
train/82842.jpg,0*1*4=0
train/82843.jpg,4*8*0=0
train/82844.jpg,(5*4)-3=17
train/82845.jpg,7-(8+4)=-5
train/82846.jpg,9+3-1=11
train/82847.jpg,7*2*9=126
train/82848.jpg,(8*5)*8=320
train/82849.jpg,1+3+4=8
train/82850.jpg,(4*2)-3=5
train/82851.jpg,(5+5)+9=19
train/82852.jpg,(3+7)+3=13
train/82853.jpg,(8+6)+1=15
train/82854.jpg,6-(8*5)=-34
train/82855.jpg,0+3+9=12
train/82856.jpg,(0+2)*0=0
train/82857.jpg,(2+4)-0=6
train/82858.jpg,5+7*8=61
train/82859.jpg,(6-9)+4=1
train/82860.jpg,9-(6+9)=-6
train/82861.jpg,6+9*3=33
train/82862.jpg,2+(0-5)=-3
train/82863.jpg,6-7+9=8
train/82864.jpg,5-3+0=2
train/82865.jpg,8*(2*0)=0
train/82866.jpg,(1*5)+1=6
train/82867.jpg,(0*6)-9=-9
train/82868.jpg,7-5*2=-3
train/82869.jpg,8+(7+4)=19
train/82870.jpg,(1*6)-7=-1
train/82871.jpg,0+(8+0)=8
train/82872.jpg,8*(0*5)=0
train/82873.jpg,8+7+8=23
train/82874.jpg,7-(9+1)=-3
train/82875.jpg,9-(3-2)=8
train/82876.jpg,(6+5)-8=3
train/82877.jpg,(6*3)+3=21
train/82878.jpg,3+(6*3)=21
train/82879.jpg,9*8+3=75
train/82880.jpg,4+(2-8)=-2
train/82881.jpg,2*9*2=36
train/82882.jpg,(5+1)-9=-3
train/82883.jpg,(5*8)-2=38
train/82884.jpg,(8*1)+1=9
train/82885.jpg,3*0-1=-1
train/82886.jpg,8*4-7=25
train/82887.jpg,(3*3)+5=14
train/82888.jpg,(9-9)*4=0
train/82889.jpg,(3+9)*5=60
train/82890.jpg,4+(9-0)=13
train/82891.jpg,1*4+9=13
train/82892.jpg,6+6*8=54
train/82893.jpg,(5+2)*8=56
train/82894.jpg,7+(0+8)=15
train/82895.jpg,(1+8)*5=45
train/82896.jpg,(5+8)+9=22
train/82897.jpg,5-(0-3)=8
train/82898.jpg,5-(9+7)=-11
train/82899.jpg,0-9-8=-17
train/82900.jpg,(9+1)*1=10
train/82901.jpg,(1-7)+0=-6
train/82902.jpg,(1-3)+6=4
train/82903.jpg,(7+6)+3=16
train/82904.jpg,(3+0)*2=6
train/82905.jpg,1+5+3=9
train/82906.jpg,(6-3)+2=5
train/82907.jpg,(6+7)-3=10
train/82908.jpg,5+0-6=-1
train/82909.jpg,(8-5)-2=1
train/82910.jpg,1-2+5=4
train/82911.jpg,3-7*1=-4
train/82912.jpg,5*3+8=23
train/82913.jpg,5*(3*0)=0
train/82914.jpg,3-(4-7)=6
train/82915.jpg,8-7-0=1
train/82916.jpg,(8-4)+7=11
train/82917.jpg,6+1+7=14
train/82918.jpg,(6-6)*3=0
train/82919.jpg,3*8-7=17
train/82920.jpg,7-(5*1)=2
train/82921.jpg,(4+1)-6=-1
train/82922.jpg,7-7+4=4
train/82923.jpg,8-(9*4)=-28
train/82924.jpg,0-(3+6)=-9
train/82925.jpg,5*8-9=31
train/82926.jpg,6*(5-8)=-18
train/82927.jpg,5-(7*7)=-44
train/82928.jpg,(6+4)*5=50
train/82929.jpg,(4+3)+3=10
train/82930.jpg,(6-7)*7=-7
train/82931.jpg,3-(3-1)=1
train/82932.jpg,(5*8)-8=32
train/82933.jpg,(4*9)*5=180
train/82934.jpg,1+(7-1)=7
train/82935.jpg,5*6+6=36
train/82936.jpg,(7-1)+0=6
train/82937.jpg,5-(1*4)=1
train/82938.jpg,3*2+2=8
train/82939.jpg,(3*9)+3=30
train/82940.jpg,(1-7)*6=-36
train/82941.jpg,3+(9*6)=57
train/82942.jpg,(2+1)-9=-6
train/82943.jpg,(7*6)-5=37
train/82944.jpg,2*(7*5)=70
train/82945.jpg,(5*5)-1=24
train/82946.jpg,9+(4-2)=11
train/82947.jpg,3+(7*2)=17
train/82948.jpg,9*(3+7)=90
train/82949.jpg,(1+6)+4=11
train/82950.jpg,9*2-9=9
train/82951.jpg,2-(9-4)=-3
train/82952.jpg,8+2-0=10
train/82953.jpg,5-(6+1)=-2
train/82954.jpg,6-1-8=-3
train/82955.jpg,(4*4)-5=11
train/82956.jpg,(3+4)*3=21
train/82957.jpg,8*9*1=72
train/82958.jpg,8*0+7=7
train/82959.jpg,7-1-9=-3
train/82960.jpg,5-(4*3)=-7
train/82961.jpg,9*4+0=36
train/82962.jpg,4-(2+0)=2
train/82963.jpg,3-(1+0)=2
train/82964.jpg,7+(4*9)=43
train/82965.jpg,(0+0)*5=0
train/82966.jpg,(8*1)*7=56
train/82967.jpg,(6*9)-6=48
train/82968.jpg,7-(8*4)=-25
train/82969.jpg,(6-2)+1=5
train/82970.jpg,7+8+1=16
train/82971.jpg,6-(7+0)=-1
train/82972.jpg,(7+3)+1=11
train/82973.jpg,9*8-2=70
train/82974.jpg,7*4*9=252
train/82975.jpg,8+0-7=1
train/82976.jpg,6-(8*4)=-26
train/82977.jpg,0-8-9=-17
train/82978.jpg,1+(7+6)=14
train/82979.jpg,(4-3)-2=-1
train/82980.jpg,(5+0)-8=-3
train/82981.jpg,9-0-4=5
train/82982.jpg,7+(8+0)=15
train/82983.jpg,(1+5)*2=12
train/82984.jpg,(0+3)+9=12
train/82985.jpg,3*(5*0)=0
train/82986.jpg,(1*9)-4=5
train/82987.jpg,(9-7)+8=10
train/82988.jpg,(4-8)-3=-7
train/82989.jpg,0*9-4=-4
train/82990.jpg,3*(9*5)=135
train/82991.jpg,5+(4*6)=29
train/82992.jpg,1+(9*0)=1
train/82993.jpg,0*(9-6)=0
train/82994.jpg,(0+8)-8=0
train/82995.jpg,6-3-3=0
train/82996.jpg,4*(1*2)=8
train/82997.jpg,6+(2-4)=4
train/82998.jpg,4-(6*5)=-26
train/82999.jpg,6-8*7=-50
train/83000.jpg,4+(7+8)=19
train/83001.jpg,0+(3*7)=21
train/83002.jpg,8-9-9=-10
train/83003.jpg,9+4*3=21
train/83004.jpg,6*2*0=0
train/83005.jpg,7+(5*9)=52
train/83006.jpg,0+(6*2)=12
train/83007.jpg,(5*7)-9=26
train/83008.jpg,4+2+4=10
train/83009.jpg,4-(3*6)=-14
train/83010.jpg,1*(7-3)=4
train/83011.jpg,3+0+8=11
train/83012.jpg,(2*9)+5=23
train/83013.jpg,1+0*8=1
train/83014.jpg,4-1*3=1
train/83015.jpg,1+7*7=50
train/83016.jpg,4*(5-4)=4
train/83017.jpg,0-2+8=6
train/83018.jpg,2*(6-4)=4
train/83019.jpg,0-4-6=-10
train/83020.jpg,(3-5)+3=1
train/83021.jpg,(0-7)-2=-9
train/83022.jpg,(7*5)-4=31
train/83023.jpg,(3-5)-3=-5
train/83024.jpg,0*7+9=9
train/83025.jpg,6+4-2=8
train/83026.jpg,5-(1*1)=4
train/83027.jpg,1*(5*6)=30
train/83028.jpg,(8+5)+1=14
train/83029.jpg,5+(0*5)=5
train/83030.jpg,9*2-2=16
train/83031.jpg,6*(8*8)=384
train/83032.jpg,(0+0)+3=3
train/83033.jpg,(4+8)+8=20
train/83034.jpg,(6-5)-6=-5
train/83035.jpg,(8-5)+3=6
train/83036.jpg,9-(7-8)=10
train/83037.jpg,2*(9-1)=16
train/83038.jpg,0+5-5=0
train/83039.jpg,(9*8)-7=65
train/83040.jpg,3+(8+2)=13
train/83041.jpg,2-(0+2)=0
train/83042.jpg,4*5+2=22
train/83043.jpg,8+1-9=0
train/83044.jpg,2+(5+2)=9
train/83045.jpg,(3+8)*0=0
train/83046.jpg,6*(3-1)=12
train/83047.jpg,7+(4-5)=6
train/83048.jpg,4+(9*1)=13
train/83049.jpg,9*3*0=0
train/83050.jpg,6+8+1=15
train/83051.jpg,(8*2)-4=12
train/83052.jpg,(6+8)-2=12
train/83053.jpg,(4+0)-0=4
train/83054.jpg,5+6*3=23
train/83055.jpg,(1+6)-5=2
train/83056.jpg,(5*2)-4=6
train/83057.jpg,9-(4+9)=-4
train/83058.jpg,5+(8*8)=69
train/83059.jpg,7+7*0=7
train/83060.jpg,1+1-0=2
train/83061.jpg,6*(0+3)=18
train/83062.jpg,2+2*5=12
train/83063.jpg,(9-9)*5=0
train/83064.jpg,9+(2-0)=11
train/83065.jpg,2-(1-9)=10
train/83066.jpg,8-(5+9)=-6
train/83067.jpg,6*4+0=24
train/83068.jpg,(9+4)*8=104
train/83069.jpg,(5*2)*6=60
train/83070.jpg,8-(9*5)=-37
train/83071.jpg,1+(3-4)=0
train/83072.jpg,5*8*9=360
train/83073.jpg,4+(5*8)=44
train/83074.jpg,(8+4)*9=108
train/83075.jpg,5+(9+6)=20
train/83076.jpg,9+9*9=90
train/83077.jpg,9*0-5=-5
train/83078.jpg,(4+0)-3=1
train/83079.jpg,(3-0)*3=9
train/83080.jpg,2-6+1=-3
train/83081.jpg,0-(7*8)=-56
train/83082.jpg,8*(2+3)=40
train/83083.jpg,2*6-6=6
train/83084.jpg,(9-0)-3=6
train/83085.jpg,(6-5)-9=-8
train/83086.jpg,5+2*6=17
train/83087.jpg,(2+2)*4=16
train/83088.jpg,4-(5+4)=-5
train/83089.jpg,7+(0-1)=6
train/83090.jpg,9-7-4=-2
train/83091.jpg,8-9+4=3
train/83092.jpg,8-(2*7)=-6
train/83093.jpg,(6*7)*9=378
train/83094.jpg,(2+8)-9=1
train/83095.jpg,0+5*0=0
train/83096.jpg,(6-7)+7=6
train/83097.jpg,(2*0)-2=-2
train/83098.jpg,0*6*0=0
train/83099.jpg,(2-5)-0=-3
train/83100.jpg,(2*8)*7=112
train/83101.jpg,1-(2-2)=1
train/83102.jpg,2+(4-0)=6
train/83103.jpg,(0-9)-0=-9
train/83104.jpg,5*6*5=150
train/83105.jpg,2*(7*3)=42
train/83106.jpg,(5-9)+0=-4
train/83107.jpg,(7+6)-7=6
train/83108.jpg,(3-5)*7=-14
train/83109.jpg,9-(4*4)=-7
train/83110.jpg,6+(5-1)=10
train/83111.jpg,(1+8)*9=81
train/83112.jpg,0+(0+3)=3
train/83113.jpg,5+(1+5)=11
train/83114.jpg,6-7-9=-10
train/83115.jpg,(5-8)*0=0
train/83116.jpg,7-(1*7)=0
train/83117.jpg,(6*9)*4=216
train/83118.jpg,(3*3)*3=27
train/83119.jpg,(5*5)-4=21
train/83120.jpg,2+9-4=7
train/83121.jpg,(9+9)+8=26
train/83122.jpg,7+6-2=11
train/83123.jpg,0*(4-8)=0
train/83124.jpg,(6+4)-9=1
train/83125.jpg,1-9*7=-62
train/83126.jpg,2-5+7=4
train/83127.jpg,(6+6)-9=3
train/83128.jpg,8-1-5=2
train/83129.jpg,(3-6)-2=-5
train/83130.jpg,(8+9)*8=136
train/83131.jpg,(1+9)+2=12
train/83132.jpg,(0*0)+6=6
train/83133.jpg,0+(3-1)=2
train/83134.jpg,6*5+5=35
train/83135.jpg,0+(4+1)=5
train/83136.jpg,0-(5+7)=-12
train/83137.jpg,5*(6*6)=180
train/83138.jpg,8*(1*7)=56
train/83139.jpg,(9+3)+4=16
train/83140.jpg,(6-4)*1=2
train/83141.jpg,(3*1)*3=9
train/83142.jpg,9+(8+9)=26
train/83143.jpg,8*(7-8)=-8
train/83144.jpg,6*8-1=47
train/83145.jpg,7*(8-5)=21
train/83146.jpg,(0+7)-1=6
train/83147.jpg,(4*4)+3=19
train/83148.jpg,8*0-1=-1
train/83149.jpg,(5-7)+0=-2
train/83150.jpg,2+0+7=9
train/83151.jpg,6-(9-4)=1
train/83152.jpg,(0+2)*8=16
train/83153.jpg,1*4*2=8
train/83154.jpg,(5-5)*9=0
train/83155.jpg,0-5+0=-5
train/83156.jpg,6*6+5=41
train/83157.jpg,3*(8-2)=18
train/83158.jpg,7-1*0=7
train/83159.jpg,8-(1*6)=2
train/83160.jpg,7*(8+6)=98
train/83161.jpg,7-3+3=7
train/83162.jpg,5*(8+3)=55
train/83163.jpg,7-2+2=7
train/83164.jpg,8+(8+2)=18
train/83165.jpg,0*(9+5)=0
train/83166.jpg,2-(8-4)=-2
train/83167.jpg,7-(8*6)=-41
train/83168.jpg,1*4+0=4
train/83169.jpg,3-(7+7)=-11
train/83170.jpg,5-9-3=-7
train/83171.jpg,6-(4+4)=-2
train/83172.jpg,(8*6)+7=55
train/83173.jpg,(1-8)+6=-1
train/83174.jpg,3-8*4=-29
train/83175.jpg,5+8*0=5
train/83176.jpg,(5-8)*4=-12
train/83177.jpg,(7+0)-4=3
train/83178.jpg,8*5-3=37
train/83179.jpg,3-5*3=-12
train/83180.jpg,(8*1)-2=6
train/83181.jpg,7*(4-3)=7
train/83182.jpg,8*(5+2)=56
train/83183.jpg,2*3-6=0
train/83184.jpg,1+0-9=-8
train/83185.jpg,1+(9*6)=55
train/83186.jpg,5-(0+1)=4
train/83187.jpg,(9*5)-9=36
train/83188.jpg,6+(6*1)=12
train/83189.jpg,(4*1)+7=11
train/83190.jpg,3+0+5=8
train/83191.jpg,9-8*2=-7
train/83192.jpg,0-(1*9)=-9
train/83193.jpg,(3-7)+9=5
train/83194.jpg,(7-7)-3=-3
train/83195.jpg,9+9-3=15
train/83196.jpg,6-3-1=2
train/83197.jpg,(9-9)-5=-5
train/83198.jpg,4*(0-2)=-8
train/83199.jpg,0-(3-2)=-1
train/83200.jpg,0-(3-8)=5
train/83201.jpg,2*(1+1)=4
train/83202.jpg,(0-2)-8=-10
train/83203.jpg,8*2*9=144
train/83204.jpg,7+4*0=7
train/83205.jpg,1+(2+4)=7
train/83206.jpg,(1+2)+5=8
train/83207.jpg,4+8+8=20
train/83208.jpg,(6+1)*7=49
train/83209.jpg,5*(3-7)=-20
train/83210.jpg,0+(6*2)=12
train/83211.jpg,8-9*8=-64
train/83212.jpg,2-(6-9)=5
train/83213.jpg,8*4*8=256
train/83214.jpg,0*(1+0)=0
train/83215.jpg,7+5*3=22
train/83216.jpg,5*7-7=28
train/83217.jpg,7+(9*0)=7
train/83218.jpg,0+6+3=9
train/83219.jpg,5-(4+4)=-3
train/83220.jpg,2*(9+0)=18
train/83221.jpg,3*(1-1)=0
train/83222.jpg,3*6*6=108
train/83223.jpg,(7*8)*9=504
train/83224.jpg,9+5+3=17
train/83225.jpg,7+(9-6)=10
train/83226.jpg,0*2*9=0
train/83227.jpg,(4*3)+8=20
train/83228.jpg,0+5+4=9
train/83229.jpg,8-1+9=16
train/83230.jpg,2+(9*8)=74
train/83231.jpg,(7-5)*7=14
train/83232.jpg,0*(5*6)=0
train/83233.jpg,9*2-4=14
train/83234.jpg,5*1+6=11
train/83235.jpg,2-4-8=-10
train/83236.jpg,1+7+1=9
train/83237.jpg,4-(0+1)=3
train/83238.jpg,1+0*7=1
train/83239.jpg,5*(5+4)=45
train/83240.jpg,7-0*1=7
train/83241.jpg,(3*0)+0=0
train/83242.jpg,7+(8*9)=79
train/83243.jpg,4+(2-6)=0
train/83244.jpg,2*9-8=10
train/83245.jpg,5-3+1=3
train/83246.jpg,(1*4)-4=0
train/83247.jpg,5-(9*6)=-49
train/83248.jpg,(0*6)-4=-4
train/83249.jpg,5+(3-1)=7
train/83250.jpg,6+(3+5)=14
train/83251.jpg,7-(6-2)=3
train/83252.jpg,(4+1)-0=5
train/83253.jpg,(5*7)-5=30
train/83254.jpg,0*(8-8)=0
train/83255.jpg,8-3-7=-2
train/83256.jpg,7+(4-3)=8
train/83257.jpg,(4+5)*9=81
train/83258.jpg,4*6+2=26
train/83259.jpg,3-7+6=2
train/83260.jpg,8-(2*0)=8
train/83261.jpg,2*(1*3)=6
train/83262.jpg,(7+9)*4=64
train/83263.jpg,(7-2)-8=-3
train/83264.jpg,0+2*2=4
train/83265.jpg,2*(9*2)=36
train/83266.jpg,8-(3-6)=11
train/83267.jpg,0*1-4=-4
train/83268.jpg,8*(5+1)=48
train/83269.jpg,(1-5)-8=-12
train/83270.jpg,3+(6-3)=6
train/83271.jpg,8+1*4=12
train/83272.jpg,4-(2+3)=-1
train/83273.jpg,1+0*0=1
train/83274.jpg,1-(6+4)=-9
train/83275.jpg,(3-2)-4=-3
train/83276.jpg,5+0-1=4
train/83277.jpg,9*(8*6)=432
train/83278.jpg,6+(5-8)=3
train/83279.jpg,8*(5+6)=88
train/83280.jpg,(4-0)*4=16
train/83281.jpg,3+(8*4)=35
train/83282.jpg,(0+7)*2=14
train/83283.jpg,6-(5+3)=-2
train/83284.jpg,7-(9+9)=-11
train/83285.jpg,0+(7+8)=15
train/83286.jpg,(2*6)*6=72
train/83287.jpg,(9+5)-2=12
train/83288.jpg,9-7-6=-4
train/83289.jpg,(1+4)*5=25
train/83290.jpg,3-5*7=-32
train/83291.jpg,(9-6)+6=9
train/83292.jpg,9*6+7=61
train/83293.jpg,5-(6-2)=1
train/83294.jpg,(1*4)-5=-1
train/83295.jpg,9-(5*3)=-6
train/83296.jpg,(1-9)-6=-14
train/83297.jpg,(1*4)*6=24
train/83298.jpg,0+1-9=-8
train/83299.jpg,(4-4)*6=0
train/83300.jpg,7*6*8=336
train/83301.jpg,8+(6*9)=62
train/83302.jpg,1*2+5=7
train/83303.jpg,(5+8)+8=21
train/83304.jpg,1*(0+8)=8
train/83305.jpg,7*2+9=23
train/83306.jpg,0*(7*9)=0
train/83307.jpg,2-4+1=-1
train/83308.jpg,2*6-5=7
train/83309.jpg,(9-9)-2=-2
train/83310.jpg,(0*2)*5=0
train/83311.jpg,(6+1)*9=63
train/83312.jpg,5+(1+2)=8
train/83313.jpg,5*(0+0)=0
train/83314.jpg,1*(9-2)=7
train/83315.jpg,2-(8-5)=-1
train/83316.jpg,(9*9)*3=243
train/83317.jpg,6*(9*6)=324
train/83318.jpg,(7+5)*0=0
train/83319.jpg,(1+2)+9=12
train/83320.jpg,4-(9+4)=-9
train/83321.jpg,(6+7)+5=18
train/83322.jpg,2+(5-1)=6
train/83323.jpg,0*(7*5)=0
train/83324.jpg,8*1*3=24
train/83325.jpg,4-4+4=4
train/83326.jpg,1*(1-1)=0
train/83327.jpg,7*1*7=49
train/83328.jpg,3*0-8=-8
train/83329.jpg,6*9-0=54
train/83330.jpg,3+9-5=7
train/83331.jpg,6-0-5=1
train/83332.jpg,(6*3)*4=72
train/83333.jpg,8*(4-6)=-16
train/83334.jpg,(5*8)-9=31
train/83335.jpg,1-(6+7)=-12
train/83336.jpg,0*8*4=0
train/83337.jpg,(5+4)*5=45
train/83338.jpg,5+9+6=20
train/83339.jpg,7*(2-5)=-21
train/83340.jpg,(2*5)*8=80
train/83341.jpg,7*7-1=48
train/83342.jpg,4-4*1=0
train/83343.jpg,(7-1)*0=0
train/83344.jpg,4-(7-3)=0
train/83345.jpg,5-(9*2)=-13
train/83346.jpg,1-(5*6)=-29
train/83347.jpg,7+(0-5)=2
train/83348.jpg,0*(1-0)=0
train/83349.jpg,(1-0)-8=-7
train/83350.jpg,6+(3-1)=8
train/83351.jpg,(4*3)-3=9
train/83352.jpg,3-(9*9)=-78
train/83353.jpg,(6*0)*5=0
train/83354.jpg,1*(7*9)=63
train/83355.jpg,(0-8)-0=-8
train/83356.jpg,6+(7+8)=21
train/83357.jpg,5-6*8=-43
train/83358.jpg,(0+2)*0=0
train/83359.jpg,(9+7)-1=15
train/83360.jpg,7+(9-4)=12
train/83361.jpg,9*(2+5)=63
train/83362.jpg,1-2*4=-7
train/83363.jpg,(4+7)-5=6
train/83364.jpg,5+(8*0)=5
train/83365.jpg,(1-1)-8=-8
train/83366.jpg,2*8+6=22
train/83367.jpg,(9*7)*5=315
train/83368.jpg,4*0+0=0
train/83369.jpg,(8+1)+8=17
train/83370.jpg,(7+2)*2=18
train/83371.jpg,9+(0+0)=9
train/83372.jpg,5*(5-6)=-5
train/83373.jpg,(0+5)+9=14
train/83374.jpg,2+8*1=10
train/83375.jpg,(9+2)*8=88
train/83376.jpg,(2*0)+7=7
train/83377.jpg,2-(9*3)=-25
train/83378.jpg,3+(3*5)=18
train/83379.jpg,(0*6)-4=-4
train/83380.jpg,6*5+8=38
train/83381.jpg,8-0-4=4
train/83382.jpg,7-0*8=7
train/83383.jpg,6*(2*6)=72
train/83384.jpg,(6+8)*0=0
train/83385.jpg,3+(2*9)=21
train/83386.jpg,(5-8)+3=0
train/83387.jpg,(1-5)+5=1
train/83388.jpg,(1*9)*2=18
train/83389.jpg,7+9+6=22
train/83390.jpg,0*9-7=-7
train/83391.jpg,3*0-3=-3
train/83392.jpg,4*8+9=41
train/83393.jpg,0*1*5=0
train/83394.jpg,(9*8)+0=72
train/83395.jpg,(1+7)*8=64
train/83396.jpg,7*(9*6)=378
train/83397.jpg,(8+7)*7=105
train/83398.jpg,7-2+2=7
train/83399.jpg,(6+2)-2=6
train/83400.jpg,8-(2*9)=-10
train/83401.jpg,3+(5+6)=14
train/83402.jpg,(3+6)-6=3
train/83403.jpg,6*7-3=39
train/83404.jpg,2+(1-7)=-4
train/83405.jpg,8-6*0=8
train/83406.jpg,(0+6)+1=7
train/83407.jpg,(9-4)+3=8
train/83408.jpg,2+(0+3)=5
train/83409.jpg,5+9*0=5
train/83410.jpg,6*(0-3)=-18
train/83411.jpg,5+(7+4)=16
train/83412.jpg,8-0+8=16
train/83413.jpg,6*4+5=29
train/83414.jpg,7*(5*7)=245
train/83415.jpg,(8+4)+1=13
train/83416.jpg,2-7+9=4
train/83417.jpg,(4+5)+1=10
train/83418.jpg,(0*5)-1=-1
train/83419.jpg,1-9+3=-5
train/83420.jpg,7-(9-5)=3
train/83421.jpg,(3*2)*5=30
train/83422.jpg,5+(6-9)=2
train/83423.jpg,(3*4)-1=11
train/83424.jpg,5-6+0=-1
train/83425.jpg,4-(8*7)=-52
train/83426.jpg,(6*6)+0=36
train/83427.jpg,7+(1*8)=15
train/83428.jpg,6+(8-3)=11
train/83429.jpg,3*5+0=15
train/83430.jpg,(3+4)+8=15
train/83431.jpg,(8-0)-0=8
train/83432.jpg,(5-0)+1=6
train/83433.jpg,2+(2+4)=8
train/83434.jpg,5-7*7=-44
train/83435.jpg,6+8*6=54
train/83436.jpg,(8-5)+3=6
train/83437.jpg,(6-0)*9=54
train/83438.jpg,1+9*8=73
train/83439.jpg,(8*2)+7=23
train/83440.jpg,7+(2-8)=1
train/83441.jpg,0+(6+5)=11
train/83442.jpg,(3*5)*7=105
train/83443.jpg,5-9-1=-5
train/83444.jpg,1-(5+0)=-4
train/83445.jpg,8-7-5=-4
train/83446.jpg,9*(8*0)=0
train/83447.jpg,1+(0*7)=1
train/83448.jpg,(8+2)+7=17
train/83449.jpg,(7*5)-0=35
train/83450.jpg,1-(2-9)=8
train/83451.jpg,0+(8+0)=8
train/83452.jpg,1-(5-9)=5
train/83453.jpg,9+1+6=16
train/83454.jpg,(5-8)+8=5
train/83455.jpg,(0+9)-8=1
train/83456.jpg,2*1+2=4
train/83457.jpg,(2-9)+9=2
train/83458.jpg,0+5*1=5
train/83459.jpg,2-(6+9)=-13
train/83460.jpg,0-(9-7)=-2
train/83461.jpg,9*4*7=252
train/83462.jpg,0*0+3=3
train/83463.jpg,(1+9)+3=13
train/83464.jpg,8-1-0=7
train/83465.jpg,3-5+2=0
train/83466.jpg,(4+7)*4=44
train/83467.jpg,(5-1)+1=5
train/83468.jpg,(0*5)-9=-9
train/83469.jpg,8*(1*0)=0
train/83470.jpg,(9*3)+1=28
train/83471.jpg,3-8+3=-2
train/83472.jpg,4-(8-7)=3
train/83473.jpg,4-(8+4)=-8
train/83474.jpg,6-(1-4)=9
train/83475.jpg,1-2-3=-4
train/83476.jpg,(5-4)+4=5
train/83477.jpg,(1*3)-2=1
train/83478.jpg,(7*6)*0=0
train/83479.jpg,1*2+1=3
train/83480.jpg,9-4-7=-2
train/83481.jpg,1*7-5=2
train/83482.jpg,(5-3)-3=-1
train/83483.jpg,1-(6-2)=-3
train/83484.jpg,7*5*2=70
train/83485.jpg,1-9+2=-6
train/83486.jpg,(2+8)+8=18
train/83487.jpg,(5-5)-4=-4
train/83488.jpg,6*(3-4)=-6
train/83489.jpg,4+7-1=10
train/83490.jpg,9+(3*0)=9
train/83491.jpg,(3*9)*6=162
train/83492.jpg,4+1*1=5
train/83493.jpg,6-(3-2)=5
train/83494.jpg,(6-4)*4=8
train/83495.jpg,1-(9*1)=-8
train/83496.jpg,(8+3)-9=2
train/83497.jpg,(2+9)-1=10
train/83498.jpg,8*5-7=33
train/83499.jpg,(7-5)+3=5
train/83500.jpg,(1-0)*6=6
train/83501.jpg,5-(4*1)=1
train/83502.jpg,8+(2+1)=11
train/83503.jpg,8+(8+1)=17
train/83504.jpg,(5*9)-5=40
train/83505.jpg,5*9*0=0
train/83506.jpg,8*7*2=112
train/83507.jpg,6+(4+0)=10
train/83508.jpg,1*(9+0)=9
train/83509.jpg,(7+1)+5=13
train/83510.jpg,9*(7+0)=63
train/83511.jpg,7*5*2=70
train/83512.jpg,2+(4+9)=15
train/83513.jpg,(6+1)-2=5
train/83514.jpg,5-(2*3)=-1
train/83515.jpg,3+5+6=14
train/83516.jpg,(2+6)+5=13
train/83517.jpg,(3+2)+6=11
train/83518.jpg,9-(5*3)=-6
train/83519.jpg,9*5*4=180
train/83520.jpg,0-(3-1)=-2
train/83521.jpg,9*3*8=216
train/83522.jpg,6*3*1=18
train/83523.jpg,0+5-8=-3
train/83524.jpg,(5+4)+5=14
train/83525.jpg,3-6-4=-7
train/83526.jpg,(9+2)*5=55
train/83527.jpg,(4*4)+8=24
train/83528.jpg,2-(8-8)=2
train/83529.jpg,1-(9+9)=-17
train/83530.jpg,7+(7*8)=63
train/83531.jpg,(0-8)+7=-1
train/83532.jpg,(7-7)+3=3
train/83533.jpg,(4+4)-5=3
train/83534.jpg,7-(0-1)=8
train/83535.jpg,(7+0)+0=7
train/83536.jpg,5*(9*9)=405
train/83537.jpg,6-(6+7)=-7
train/83538.jpg,2*2+7=11
train/83539.jpg,7*3*2=42
train/83540.jpg,(6+6)*0=0
train/83541.jpg,4-(9+4)=-9
train/83542.jpg,8*(9+3)=96
train/83543.jpg,5-(3*1)=2
train/83544.jpg,2-3-7=-8
train/83545.jpg,7-1+5=11
train/83546.jpg,4-6+7=5
train/83547.jpg,8+(2+4)=14
train/83548.jpg,2*(8*7)=112
train/83549.jpg,4-4*0=4
train/83550.jpg,(2-2)+5=5
train/83551.jpg,9-4+4=9
train/83552.jpg,8*8+3=67
train/83553.jpg,3-(7+8)=-12
train/83554.jpg,9-(1-1)=9
train/83555.jpg,1+6*2=13
train/83556.jpg,(9-8)-9=-8
train/83557.jpg,4-(7-2)=-1
train/83558.jpg,6-8*2=-10
train/83559.jpg,5-(5+3)=-3
train/83560.jpg,6-(6+7)=-7
train/83561.jpg,(5-3)-2=0
train/83562.jpg,8-(0*8)=8
train/83563.jpg,6+(8-2)=12
train/83564.jpg,6+4*5=26
train/83565.jpg,9+(3*7)=30
train/83566.jpg,9+2-6=5
train/83567.jpg,1-(5+3)=-7
train/83568.jpg,3-1-8=-6
train/83569.jpg,7*(1*2)=14
train/83570.jpg,(7+4)-0=11
train/83571.jpg,(3-8)+2=-3
train/83572.jpg,(8-7)+7=8
train/83573.jpg,4-0-8=-4
train/83574.jpg,8-(1+3)=4
train/83575.jpg,(2-1)*2=2
train/83576.jpg,6-0*9=6
train/83577.jpg,1-2+3=2
train/83578.jpg,0-7*8=-56
train/83579.jpg,(6*3)-8=10
train/83580.jpg,4*(1*4)=16
train/83581.jpg,(0-0)+4=4
train/83582.jpg,9+9-2=16
train/83583.jpg,(1*6)+3=9
train/83584.jpg,3+(8-4)=7
train/83585.jpg,(5-6)+1=0
train/83586.jpg,(4*2)-6=2
train/83587.jpg,8+(7+1)=16
train/83588.jpg,5*(8+0)=40
train/83589.jpg,2-4*6=-22
train/83590.jpg,(0*0)-1=-1
train/83591.jpg,(6+8)*2=28
train/83592.jpg,4+(4-5)=3
train/83593.jpg,4+5*4=24
train/83594.jpg,6+(0+3)=9
train/83595.jpg,5+7*2=19
train/83596.jpg,3-(2+9)=-8
train/83597.jpg,6*6-7=29
train/83598.jpg,2+(7+8)=17
train/83599.jpg,(0*2)*7=0
train/83600.jpg,7-4*2=-1
train/83601.jpg,(5*9)-4=41
train/83602.jpg,5+3-8=0
train/83603.jpg,(6*2)+2=14
train/83604.jpg,1+(1*8)=9
train/83605.jpg,4+2*1=6
train/83606.jpg,(1-9)*9=-72
train/83607.jpg,(4+6)+4=14
train/83608.jpg,3-(5+3)=-5
train/83609.jpg,0-(8*1)=-8
train/83610.jpg,5+(2-1)=6
train/83611.jpg,(8*9)-4=68
train/83612.jpg,2*7*7=98
train/83613.jpg,1*0+6=6
train/83614.jpg,(2-0)-9=-7
train/83615.jpg,8+1-7=2
train/83616.jpg,2-(3-7)=6
train/83617.jpg,7-6-9=-8
train/83618.jpg,9+(1*6)=15
train/83619.jpg,(6+6)+6=18
train/83620.jpg,1*(3*5)=15
train/83621.jpg,6+7-5=8
train/83622.jpg,6-(0+8)=-2
train/83623.jpg,(3+1)-0=4
train/83624.jpg,(9+8)-8=9
train/83625.jpg,7+9-4=12
train/83626.jpg,(6-2)+6=10
train/83627.jpg,4-2-3=-1
train/83628.jpg,7+6+5=18
train/83629.jpg,(2-4)-9=-11
train/83630.jpg,5*7-0=35
train/83631.jpg,6+9*6=60
train/83632.jpg,8*8-2=62
train/83633.jpg,1-(8+1)=-8
train/83634.jpg,(1*2)*3=6
train/83635.jpg,(5*5)*5=125
train/83636.jpg,8+(7-8)=7
train/83637.jpg,6+0-2=4
train/83638.jpg,(0*4)*1=0
train/83639.jpg,(4*3)*2=24
train/83640.jpg,9+(5-0)=14
train/83641.jpg,3*(3-8)=-15
train/83642.jpg,1-6+0=-5
train/83643.jpg,0*1*0=0
train/83644.jpg,(6*5)*1=30
train/83645.jpg,(0-7)-6=-13
train/83646.jpg,3*3-7=2
train/83647.jpg,0-(9+9)=-18
train/83648.jpg,9-(7-3)=5
train/83649.jpg,3+2+7=12
train/83650.jpg,(1-2)-3=-4
train/83651.jpg,5+9+3=17
train/83652.jpg,7*9*8=504
train/83653.jpg,3*(3-0)=9
train/83654.jpg,(5-2)-3=0
train/83655.jpg,0*4-7=-7
train/83656.jpg,(7-6)+9=10
train/83657.jpg,(8-2)+2=8
train/83658.jpg,8+(5*6)=38
train/83659.jpg,(9+5)+8=22
train/83660.jpg,9-2-1=6
train/83661.jpg,7+(1+1)=9
train/83662.jpg,9+1*4=13
train/83663.jpg,2-8-2=-8
train/83664.jpg,8-(5*2)=-2
train/83665.jpg,6-8-3=-5
train/83666.jpg,7+4+3=14
train/83667.jpg,8*0+6=6
train/83668.jpg,8*4*5=160
train/83669.jpg,2-8*9=-70
train/83670.jpg,(4*1)+9=13
train/83671.jpg,(4-4)*6=0
train/83672.jpg,1*(9+5)=14
train/83673.jpg,4+(7-4)=7
train/83674.jpg,5+4-9=0
train/83675.jpg,2-2-4=-4
train/83676.jpg,7-7+0=0
train/83677.jpg,(8*5)-4=36
train/83678.jpg,(1*6)*0=0
train/83679.jpg,5*2+6=16
train/83680.jpg,9+(4+7)=20
train/83681.jpg,(8-6)*0=0
train/83682.jpg,(6+9)*1=15
train/83683.jpg,1-9-4=-12
train/83684.jpg,8*(2-4)=-16
train/83685.jpg,(1-9)*4=-32
train/83686.jpg,(4+9)+2=15
train/83687.jpg,(1-1)-3=-3
train/83688.jpg,2-0+4=6
train/83689.jpg,2+(4-7)=-1
train/83690.jpg,(5*3)*8=120
train/83691.jpg,7-6+3=4
train/83692.jpg,9*2*7=126
train/83693.jpg,4+6-3=7
train/83694.jpg,(9+5)+4=18
train/83695.jpg,5*0*0=0
train/83696.jpg,(9*6)+1=55
train/83697.jpg,(9+6)*8=120
train/83698.jpg,(3*5)-7=8
train/83699.jpg,(3+1)-9=-5
train/83700.jpg,8*8+6=70
train/83701.jpg,1*(5-1)=4
train/83702.jpg,9-(5-7)=11
train/83703.jpg,8-(5-5)=8
train/83704.jpg,8-(6-9)=11
train/83705.jpg,7+0+9=16
train/83706.jpg,7+7*6=49
train/83707.jpg,(1+9)*7=70
train/83708.jpg,(5-4)-8=-7
train/83709.jpg,(2*1)-5=-3
train/83710.jpg,0*2+5=5
train/83711.jpg,(2-2)-4=-4
train/83712.jpg,(3-4)-3=-4
train/83713.jpg,7*7-7=42
train/83714.jpg,4*(7+0)=28
train/83715.jpg,(0*0)*4=0
train/83716.jpg,(5*1)+4=9
train/83717.jpg,(3*7)*9=189
train/83718.jpg,1*(7-4)=3
train/83719.jpg,(7-1)*4=24
train/83720.jpg,6+3+9=18
train/83721.jpg,3+(8*7)=59
train/83722.jpg,6*8*9=432
train/83723.jpg,3*0-7=-7
train/83724.jpg,9+1*7=16
train/83725.jpg,8-3*8=-16
train/83726.jpg,8*8-1=63
train/83727.jpg,3+5-8=0
train/83728.jpg,(7-3)-9=-5
train/83729.jpg,9-(8*6)=-39
train/83730.jpg,8+8+2=18
train/83731.jpg,(2*7)*7=98
train/83732.jpg,6*(1*4)=24
train/83733.jpg,(4*7)-8=20
train/83734.jpg,0-(2-6)=4
train/83735.jpg,(4+8)+6=18
train/83736.jpg,(9+3)-6=6
train/83737.jpg,(1-0)-0=1
train/83738.jpg,2-8+4=-2
train/83739.jpg,0*(2+8)=0
train/83740.jpg,7-9*4=-29
train/83741.jpg,(9+3)-2=10
train/83742.jpg,(6-8)-7=-9
train/83743.jpg,1-2-5=-6
train/83744.jpg,3+9-2=10
train/83745.jpg,1*(3*7)=21
train/83746.jpg,9*(2+5)=63
train/83747.jpg,4+1*6=10
train/83748.jpg,1-(0-0)=1
train/83749.jpg,8+(7-0)=15
train/83750.jpg,9+(3*1)=12
train/83751.jpg,2+0*6=2
train/83752.jpg,5+5*0=5
train/83753.jpg,5*9-5=40
train/83754.jpg,2-3*7=-19
train/83755.jpg,8-3+4=9
train/83756.jpg,(5-7)+8=6
train/83757.jpg,(9-8)+9=10
train/83758.jpg,(9*2)-2=16
train/83759.jpg,(0+8)+3=11
train/83760.jpg,6+(1*5)=11
train/83761.jpg,4*8*3=96
train/83762.jpg,(9-4)-2=3
train/83763.jpg,(1+9)-1=9
train/83764.jpg,1*9-3=6
train/83765.jpg,5-5-0=0
train/83766.jpg,(9*9)+5=86
train/83767.jpg,7-9-6=-8
train/83768.jpg,1*1+4=5
train/83769.jpg,(2*6)+6=18
train/83770.jpg,0+3-7=-4
train/83771.jpg,4+1+0=5
train/83772.jpg,8-(2*1)=6
train/83773.jpg,(5*6)-7=23
train/83774.jpg,(2*0)+7=7
train/83775.jpg,6*4+5=29
train/83776.jpg,(0+7)-5=2
train/83777.jpg,7-(8*0)=7
train/83778.jpg,7-1-8=-2
train/83779.jpg,6-5-1=0
train/83780.jpg,4-5+7=6
train/83781.jpg,(8+6)+2=16
train/83782.jpg,5-(4+9)=-8
train/83783.jpg,2-4-3=-5
train/83784.jpg,6-(3-9)=12
train/83785.jpg,7-9*3=-20
train/83786.jpg,4-5*4=-16
train/83787.jpg,5*(1-5)=-20
train/83788.jpg,(5-4)*7=7
train/83789.jpg,7*3*9=189
train/83790.jpg,(5+7)+7=19
train/83791.jpg,5*0*8=0
train/83792.jpg,4*(3+8)=44
train/83793.jpg,(5-4)-5=-4
train/83794.jpg,7*8*9=504
train/83795.jpg,6+1*2=8
train/83796.jpg,9+(4-1)=12
train/83797.jpg,(9+2)+2=13
train/83798.jpg,3-(0*5)=3
train/83799.jpg,9-(6*5)=-21
train/83800.jpg,9+3*7=30
train/83801.jpg,9+3+5=17
train/83802.jpg,5*(9*1)=45
train/83803.jpg,(1-8)+4=-3
train/83804.jpg,0+(2-0)=2
train/83805.jpg,2*(4-2)=4
train/83806.jpg,(5-1)+5=9
train/83807.jpg,3+0+2=5
train/83808.jpg,8-8-6=-6
train/83809.jpg,0-1+1=0
train/83810.jpg,(9-2)-1=6
train/83811.jpg,(9*3)*1=27
train/83812.jpg,8+(7-0)=15
train/83813.jpg,(0-7)+2=-5
train/83814.jpg,5+6-9=2
train/83815.jpg,(1-1)*6=0
train/83816.jpg,9+(8+8)=25
train/83817.jpg,3*(0+6)=18
train/83818.jpg,9*(8+8)=144
train/83819.jpg,5+(1+2)=8
train/83820.jpg,1-0-4=-3
train/83821.jpg,6+(1-0)=7
train/83822.jpg,3*(9*4)=108
train/83823.jpg,3-0*7=3
train/83824.jpg,9+1+4=14
train/83825.jpg,2-(1+0)=1
train/83826.jpg,(5-4)+2=3
train/83827.jpg,0+(9-1)=8
train/83828.jpg,9-(6-5)=8
train/83829.jpg,1*(7*6)=42
train/83830.jpg,3*(7+1)=24
train/83831.jpg,(0-0)*2=0
train/83832.jpg,3-(1*2)=1
train/83833.jpg,2-7-6=-11
train/83834.jpg,7+(8+7)=22
train/83835.jpg,3-(9+9)=-15
train/83836.jpg,5-(9+8)=-12
train/83837.jpg,(4+5)-0=9
train/83838.jpg,4+(0+0)=4
train/83839.jpg,7-(0+1)=6
train/83840.jpg,2*0+8=8
train/83841.jpg,5+(9-2)=12
train/83842.jpg,6*9*9=486
train/83843.jpg,1-(4*4)=-15
train/83844.jpg,4*(1+9)=40
train/83845.jpg,1+9-4=6
train/83846.jpg,(6*3)+7=25
train/83847.jpg,(3+8)+5=16
train/83848.jpg,0+3+8=11
train/83849.jpg,2-8+1=-5
train/83850.jpg,(9*6)-4=50
train/83851.jpg,(2+5)*9=63
train/83852.jpg,(0-8)*6=-48
train/83853.jpg,(1-8)+7=0
train/83854.jpg,(0-2)-4=-6
train/83855.jpg,0-(0*4)=0
train/83856.jpg,6*(8-6)=12
train/83857.jpg,5+3*0=5
train/83858.jpg,(6*9)-7=47
train/83859.jpg,4-(2-8)=10
train/83860.jpg,5*2+6=16
train/83861.jpg,(0*1)-7=-7
train/83862.jpg,2-6*0=2
train/83863.jpg,4*(8-8)=0
train/83864.jpg,9+3+9=21
train/83865.jpg,9+3+8=20
train/83866.jpg,5+1+7=13
train/83867.jpg,(6+7)*6=78
train/83868.jpg,(2+1)-1=2
train/83869.jpg,(8*0)-1=-1
train/83870.jpg,(0*8)*3=0
train/83871.jpg,3+(6+0)=9
train/83872.jpg,(7+0)+5=12
train/83873.jpg,(4-9)-4=-9
train/83874.jpg,1+2-4=-1
train/83875.jpg,(8+3)*7=77
train/83876.jpg,5*2*1=10
train/83877.jpg,5*7+7=42
train/83878.jpg,5+5-1=9
train/83879.jpg,8+6*6=44
train/83880.jpg,(4-5)*4=-4
train/83881.jpg,9+8-7=10
train/83882.jpg,3+8*3=27
train/83883.jpg,0+1-0=1
train/83884.jpg,5-(7-7)=5
train/83885.jpg,4-(3*1)=1
train/83886.jpg,9-7-8=-6
train/83887.jpg,(7-2)-2=3
train/83888.jpg,9+7-1=15
train/83889.jpg,(1+0)+7=8
train/83890.jpg,7*4*1=28
train/83891.jpg,4+1-8=-3
train/83892.jpg,5-(4-8)=9
train/83893.jpg,(6*8)*9=432
train/83894.jpg,2-9*2=-16
train/83895.jpg,(4-0)-7=-3
train/83896.jpg,3-(5-0)=-2
train/83897.jpg,(9-8)+4=5
train/83898.jpg,7+(3*7)=28
train/83899.jpg,6*2*3=36
train/83900.jpg,2+1-8=-5
train/83901.jpg,1*(4-7)=-3
train/83902.jpg,4+5-9=0
train/83903.jpg,(7-5)*7=14
train/83904.jpg,(8*3)+3=27
train/83905.jpg,(2*2)+0=4
train/83906.jpg,4+5*2=14
train/83907.jpg,4-5+2=1
train/83908.jpg,8-(6*3)=-10
train/83909.jpg,(9-3)*0=0
train/83910.jpg,6-1*9=-3
train/83911.jpg,7+1*0=7
train/83912.jpg,8*(4*4)=128
train/83913.jpg,(7+5)-0=12
train/83914.jpg,(7-0)*7=49
train/83915.jpg,7-7*3=-14
train/83916.jpg,6-(6*9)=-48
train/83917.jpg,7-(3-0)=4
train/83918.jpg,7+(4+3)=14
train/83919.jpg,(7*6)-5=37
train/83920.jpg,7*(7*1)=49
train/83921.jpg,0*(9-4)=0
train/83922.jpg,(7-9)*4=-8
train/83923.jpg,(0*2)-9=-9
train/83924.jpg,1+(4+0)=5
train/83925.jpg,(3-5)-2=-4
train/83926.jpg,2-1*3=-1
train/83927.jpg,(5+2)-6=1
train/83928.jpg,(5-6)*4=-4
train/83929.jpg,(7+3)-7=3
train/83930.jpg,9-6*4=-15
train/83931.jpg,4-(2-3)=5
train/83932.jpg,(5*8)*3=120
train/83933.jpg,0*3-2=-2
train/83934.jpg,6*0-5=-5
train/83935.jpg,8*3-9=15
train/83936.jpg,6*(2-8)=-36
train/83937.jpg,(3+0)-0=3
train/83938.jpg,3*(8*9)=216
train/83939.jpg,6*0+7=7
train/83940.jpg,(1*2)-4=-2
train/83941.jpg,5*2+6=16
train/83942.jpg,8+0*1=8
train/83943.jpg,3-(7*8)=-53
train/83944.jpg,1*(3*7)=21
train/83945.jpg,2+(1*0)=2
train/83946.jpg,(7-2)-4=1
train/83947.jpg,(7*9)*7=441
train/83948.jpg,4+(8-7)=5
train/83949.jpg,2+(0+0)=2
train/83950.jpg,(0-9)-2=-11
train/83951.jpg,3-1-3=-1
train/83952.jpg,0+(9+9)=18
train/83953.jpg,2+(0-8)=-6
train/83954.jpg,8*4-1=31
train/83955.jpg,5-(1-2)=6
train/83956.jpg,0*(5*8)=0
train/83957.jpg,2-(4-9)=7
train/83958.jpg,1+4+4=9
train/83959.jpg,(7-5)-7=-5
train/83960.jpg,4-8+3=-1
train/83961.jpg,9-(5*8)=-31
train/83962.jpg,(3*2)-4=2
train/83963.jpg,3+(6+5)=14
train/83964.jpg,4-8*3=-20
train/83965.jpg,1*(3-9)=-6
train/83966.jpg,(9*9)-2=79
train/83967.jpg,(3-7)-5=-9
train/83968.jpg,(0-6)-7=-13
train/83969.jpg,(5-7)+5=3
train/83970.jpg,(2*3)*0=0
train/83971.jpg,3-(3-6)=6
train/83972.jpg,5+(6+2)=13
train/83973.jpg,3+(6*0)=3
train/83974.jpg,3+(8*9)=75
train/83975.jpg,6+0+3=9
train/83976.jpg,9-6-7=-4
train/83977.jpg,4+(5+4)=13
train/83978.jpg,2+6*4=26
train/83979.jpg,(6-5)+0=1
train/83980.jpg,8-(0-0)=8
train/83981.jpg,1-0+7=8
train/83982.jpg,(9-6)+6=9
train/83983.jpg,3-0-2=1
train/83984.jpg,(4+4)-6=2
train/83985.jpg,4*(3+4)=28
train/83986.jpg,0-(5-1)=-4
train/83987.jpg,4+0+2=6
train/83988.jpg,5-4-1=0
train/83989.jpg,1*(8-1)=7
train/83990.jpg,(2+1)*1=3
train/83991.jpg,6*9+4=58
train/83992.jpg,6*(9*3)=162
train/83993.jpg,4-(7-2)=-1
train/83994.jpg,9*(3*6)=162
train/83995.jpg,5+(5-9)=1
train/83996.jpg,6+(5-8)=3
train/83997.jpg,6+6-0=12
train/83998.jpg,(4-0)+7=11
train/83999.jpg,6-(6*6)=-30
train/84000.jpg,(1*2)*9=18
train/84001.jpg,(7+2)+8=17
train/84002.jpg,3*4-3=9
train/84003.jpg,1+1-2=0
train/84004.jpg,7+(0+2)=9
train/84005.jpg,6+2-4=4
train/84006.jpg,6*(1-5)=-24
train/84007.jpg,(1+4)-9=-4
train/84008.jpg,0*(5+7)=0
train/84009.jpg,(8*6)+5=53
train/84010.jpg,8+6-2=12
train/84011.jpg,7-(3*9)=-20
train/84012.jpg,(4-0)*5=20
train/84013.jpg,5-(9+7)=-11
train/84014.jpg,2-(7*8)=-54
train/84015.jpg,(8+9)-7=10
train/84016.jpg,1-(6-5)=0
train/84017.jpg,1+(4+3)=8
train/84018.jpg,(5*4)*5=100
train/84019.jpg,8*8+2=66
train/84020.jpg,0*9+3=3
train/84021.jpg,8*(3-4)=-8
train/84022.jpg,9*4-1=35
train/84023.jpg,0*(4+5)=0
train/84024.jpg,5*2*3=30
train/84025.jpg,(7+6)-1=12
train/84026.jpg,7+5*7=42
train/84027.jpg,3+7+2=12
train/84028.jpg,(8-3)-7=-2
train/84029.jpg,(7*7)+6=55
train/84030.jpg,3-9*2=-15
train/84031.jpg,4*(4-7)=-12
train/84032.jpg,3-(4-0)=-1
train/84033.jpg,2-2+7=7
train/84034.jpg,1+(6+7)=14
train/84035.jpg,2-3*2=-4
train/84036.jpg,0-(9+0)=-9
train/84037.jpg,3+(6-9)=0
train/84038.jpg,(6+4)-2=8
train/84039.jpg,(2-6)-8=-12
train/84040.jpg,9-3*3=0
train/84041.jpg,4*(9-6)=12
train/84042.jpg,4+(9-4)=9
train/84043.jpg,5+9+1=15
train/84044.jpg,4*4*9=144
train/84045.jpg,1*2-9=-7
train/84046.jpg,1+(3-5)=-1
train/84047.jpg,(3*4)+6=18
train/84048.jpg,0+3-5=-2
train/84049.jpg,7*6+2=44
train/84050.jpg,8-4*5=-12
train/84051.jpg,5+5+2=12
train/84052.jpg,(2*5)-6=4
train/84053.jpg,(2-1)+1=2
train/84054.jpg,(0-8)-0=-8
train/84055.jpg,(4-0)-7=-3
train/84056.jpg,3*3+8=17
train/84057.jpg,(1+3)-5=-1
train/84058.jpg,9+(2+8)=19
train/84059.jpg,8*(6+9)=120
train/84060.jpg,0*(3-5)=0
train/84061.jpg,(1+2)*5=15
train/84062.jpg,(0-8)+1=-7
train/84063.jpg,(0+2)+0=2
train/84064.jpg,(6+6)*7=84
train/84065.jpg,6*(6-9)=-18
train/84066.jpg,4-(6-8)=6
train/84067.jpg,8-(9-7)=6
train/84068.jpg,(9+4)+2=15
train/84069.jpg,(6-8)-7=-9
train/84070.jpg,(2-7)+1=-4
train/84071.jpg,1+0*7=1
train/84072.jpg,0*2+9=9
train/84073.jpg,(6-9)-8=-11
train/84074.jpg,9*(5+3)=72
train/84075.jpg,4-(7-0)=-3
train/84076.jpg,5*(1-3)=-10
train/84077.jpg,6-(2-8)=12
train/84078.jpg,1+(6+6)=13
train/84079.jpg,(7+1)-2=6
train/84080.jpg,4+1-9=-4
train/84081.jpg,5*(5*7)=175
train/84082.jpg,(5*5)-0=25
train/84083.jpg,(3+9)+7=19
train/84084.jpg,3*0-0=0
train/84085.jpg,8-(8-7)=7
train/84086.jpg,8*1+0=8
train/84087.jpg,8*(0-6)=-48
train/84088.jpg,(0-6)+2=-4
train/84089.jpg,3+2*1=5
train/84090.jpg,(5-3)+5=7
train/84091.jpg,(4-9)+8=3
train/84092.jpg,9+(9+6)=24
train/84093.jpg,(1-9)+3=-5
train/84094.jpg,6*(1*0)=0
train/84095.jpg,0*4*0=0
train/84096.jpg,3+1+6=10
train/84097.jpg,3-(4+9)=-10
train/84098.jpg,(4-8)*1=-4
train/84099.jpg,(7+1)-2=6
train/84100.jpg,5-(3-1)=3
train/84101.jpg,8*(8-7)=8
train/84102.jpg,8-(8+5)=-5
train/84103.jpg,(1-7)+5=-1
train/84104.jpg,7+2+2=11
train/84105.jpg,8+6*1=14
train/84106.jpg,(1-2)+7=6
train/84107.jpg,(9-8)+0=1
train/84108.jpg,(2+8)-7=3
train/84109.jpg,(7+6)-4=9
train/84110.jpg,8*(1-1)=0
train/84111.jpg,7*6*8=336
train/84112.jpg,6*5*1=30
train/84113.jpg,(0+2)-4=-2
train/84114.jpg,(4-9)-1=-6
train/84115.jpg,1-(0+3)=-2
train/84116.jpg,6+0+7=13
train/84117.jpg,2-(3+3)=-4
train/84118.jpg,(6-1)*3=15
train/84119.jpg,5+(1+5)=11
train/84120.jpg,4+(8+1)=13
train/84121.jpg,4-(2*6)=-8
train/84122.jpg,3+0-0=3
train/84123.jpg,8-(0+4)=4
train/84124.jpg,(5+8)+5=18
train/84125.jpg,7+5-4=8
train/84126.jpg,5-(4+6)=-5
train/84127.jpg,6*0*1=0
train/84128.jpg,(9*8)*3=216
train/84129.jpg,7-(9*3)=-20
train/84130.jpg,2*1-8=-6
train/84131.jpg,(6-5)*6=6
train/84132.jpg,5-(4-0)=1
train/84133.jpg,(4-0)-8=-4
train/84134.jpg,1+5*5=26
train/84135.jpg,4-(3+5)=-4
train/84136.jpg,5+(9*3)=32
train/84137.jpg,6*6+8=44
train/84138.jpg,3+0*2=3
train/84139.jpg,0+1+6=7
train/84140.jpg,3+(8*8)=67
train/84141.jpg,4*(3*3)=36
train/84142.jpg,(3*6)+7=25
train/84143.jpg,6*(0*6)=0
train/84144.jpg,8*0+0=0
train/84145.jpg,(0*0)+6=6
train/84146.jpg,6-(7+7)=-8
train/84147.jpg,3+(4-8)=-1
train/84148.jpg,(0+5)*3=15
train/84149.jpg,4*(9-5)=16
train/84150.jpg,8+5+6=19
train/84151.jpg,(8+6)+6=20
train/84152.jpg,2*0*7=0
train/84153.jpg,7-(2-9)=14
train/84154.jpg,(1+4)*8=40
train/84155.jpg,0-(9*0)=0
train/84156.jpg,2-6*7=-40
train/84157.jpg,(6-7)*1=-1
train/84158.jpg,(3-8)*1=-5
train/84159.jpg,4*(1-9)=-32
train/84160.jpg,(2+9)*8=88
train/84161.jpg,5*(9+2)=55
train/84162.jpg,2-6-1=-5
train/84163.jpg,(2+6)-4=4
train/84164.jpg,2+7-9=0
train/84165.jpg,6-(3*3)=-3
train/84166.jpg,3-(2*3)=-3
train/84167.jpg,(7-6)*3=3
train/84168.jpg,(7*4)+4=32
train/84169.jpg,(3+8)-1=10
train/84170.jpg,(7+6)*7=91
train/84171.jpg,9*(2+2)=36
train/84172.jpg,(2*1)+0=2
train/84173.jpg,6-0+5=11
train/84174.jpg,0-1-7=-8
train/84175.jpg,4*5+8=28
train/84176.jpg,8+(9+6)=23
train/84177.jpg,6+7-0=13
train/84178.jpg,(2-7)-4=-9
train/84179.jpg,7-(0*3)=7
train/84180.jpg,0-5-9=-14
train/84181.jpg,(6-0)-4=2
train/84182.jpg,4-(4+2)=-2
train/84183.jpg,2-(1+0)=1
train/84184.jpg,4+(6-8)=2
train/84185.jpg,5*(7-0)=35
train/84186.jpg,8*7+3=59
train/84187.jpg,3-4+0=-1
train/84188.jpg,0*4-3=-3
train/84189.jpg,5-7+8=6
train/84190.jpg,0*4+6=6
train/84191.jpg,(2*4)+1=9
train/84192.jpg,2-(1-5)=6
train/84193.jpg,4*(4-7)=-12
train/84194.jpg,8+5+0=13
train/84195.jpg,4-(6+4)=-6
train/84196.jpg,1+9-0=10
train/84197.jpg,(9-1)-5=3
train/84198.jpg,7*6+0=42
train/84199.jpg,(0*1)+8=8
train/84200.jpg,9+2*3=15
train/84201.jpg,9*0*3=0
train/84202.jpg,(1+3)*8=32
train/84203.jpg,1+(9*6)=55
train/84204.jpg,7*(8-9)=-7
train/84205.jpg,1+1-9=-7
train/84206.jpg,6-5*8=-34
train/84207.jpg,5+9-6=8
train/84208.jpg,(8+4)-5=7
train/84209.jpg,(2+5)*7=49
train/84210.jpg,5+2-6=1
train/84211.jpg,(9*0)-9=-9
train/84212.jpg,(1*0)-5=-5
train/84213.jpg,8+(4*3)=20
train/84214.jpg,(2*2)-0=4
train/84215.jpg,(5+1)*5=30
train/84216.jpg,(1-5)-6=-10
train/84217.jpg,0*(0+8)=0
train/84218.jpg,4-(3-4)=5
train/84219.jpg,8*6+4=52
train/84220.jpg,5*0-1=-1
train/84221.jpg,3-(0-1)=4
train/84222.jpg,(0-7)-4=-11
train/84223.jpg,(8+4)-0=12
train/84224.jpg,6*1-6=0
train/84225.jpg,6-(1+7)=-2
train/84226.jpg,4*(6-8)=-8
train/84227.jpg,2+7-7=2
train/84228.jpg,0*9-8=-8
train/84229.jpg,3*(5-2)=9
train/84230.jpg,3-0-2=1
train/84231.jpg,2+9-8=3
train/84232.jpg,(1*2)-2=0
train/84233.jpg,(0-8)-0=-8
train/84234.jpg,7*(3-1)=14
train/84235.jpg,8+(1+1)=10
train/84236.jpg,3*(0-1)=-3
train/84237.jpg,2-9+2=-5
train/84238.jpg,0-(9*7)=-63
train/84239.jpg,(8*2)-3=13
train/84240.jpg,(0+3)+5=8
train/84241.jpg,2-5-6=-9
train/84242.jpg,8+(4-6)=6
train/84243.jpg,2*3+1=7
train/84244.jpg,8+(1-6)=3
train/84245.jpg,6*7-4=38
train/84246.jpg,(6*5)*6=180
train/84247.jpg,5+2*3=11
train/84248.jpg,0+(4*7)=28
train/84249.jpg,7-0+2=9
train/84250.jpg,7*(9*5)=315
train/84251.jpg,5*8-0=40
train/84252.jpg,1+(3+3)=7
train/84253.jpg,8-8-7=-7
train/84254.jpg,5+(1*4)=9
train/84255.jpg,(6*0)+2=2
train/84256.jpg,6*5*9=270
train/84257.jpg,(0-9)*7=-63
train/84258.jpg,(5-8)-5=-8
train/84259.jpg,6*0+2=2
train/84260.jpg,5-(2+2)=1
train/84261.jpg,4-1*0=4
train/84262.jpg,3-7*8=-53
train/84263.jpg,8+(0+3)=11
train/84264.jpg,7*8-1=55
train/84265.jpg,(1-8)+8=1
train/84266.jpg,(5+1)*5=30
train/84267.jpg,4+3+5=12
train/84268.jpg,3*(3+7)=30
train/84269.jpg,5-7+9=7
train/84270.jpg,(3-7)*8=-32
train/84271.jpg,2+(8-4)=6
train/84272.jpg,3-(1-9)=11
train/84273.jpg,7*8*3=168
train/84274.jpg,0+9*8=72
train/84275.jpg,(3-1)*3=6
train/84276.jpg,(8+8)-7=9
train/84277.jpg,9-7-1=1
train/84278.jpg,0-(3-0)=-3
train/84279.jpg,8-(5*7)=-27
train/84280.jpg,(4*9)+7=43
train/84281.jpg,(5*2)-8=2
train/84282.jpg,(6-7)-9=-10
train/84283.jpg,(2*9)+5=23
train/84284.jpg,(3*0)-2=-2
train/84285.jpg,9+(8-6)=11
train/84286.jpg,7*3-2=19
train/84287.jpg,(7+3)*2=20
train/84288.jpg,9-5*5=-16
train/84289.jpg,6+0-2=4
train/84290.jpg,(4*8)-2=30
train/84291.jpg,(9-6)+8=11
train/84292.jpg,2*9+7=25
train/84293.jpg,(1*3)+6=9
train/84294.jpg,0-7*3=-21
train/84295.jpg,5*1+8=13
train/84296.jpg,5+(2-2)=5
train/84297.jpg,6-(4*8)=-26
train/84298.jpg,(0-8)*1=-8
train/84299.jpg,9+(2+3)=14
train/84300.jpg,6-(5-0)=1
train/84301.jpg,7+1-9=-1
train/84302.jpg,(2+6)*4=32
train/84303.jpg,8-8-3=-3
train/84304.jpg,0-5*7=-35
train/84305.jpg,6-0+8=14
train/84306.jpg,4*(3+8)=44
train/84307.jpg,(7+7)+6=20
train/84308.jpg,6-9-4=-7
train/84309.jpg,7-3+6=10
train/84310.jpg,6-(5+3)=-2
train/84311.jpg,7+(8+6)=21
train/84312.jpg,(9-2)-9=-2
train/84313.jpg,7+(6-1)=12
train/84314.jpg,6+(4+2)=12
train/84315.jpg,2*7+4=18
train/84316.jpg,8*1*9=72
train/84317.jpg,4*0+1=1
train/84318.jpg,8+(7*4)=36
train/84319.jpg,4+(7*4)=32
train/84320.jpg,9-6*7=-33
train/84321.jpg,(1+4)*9=45
train/84322.jpg,(1-4)*3=-9
train/84323.jpg,2*3-9=-3
train/84324.jpg,0-0+2=2
train/84325.jpg,2-8-2=-8
train/84326.jpg,3*2-9=-3
train/84327.jpg,1+(9+5)=15
train/84328.jpg,2-(2+5)=-5
train/84329.jpg,(6+1)*3=21
train/84330.jpg,(0*3)-7=-7
train/84331.jpg,(6-1)-5=0
train/84332.jpg,(2+4)-5=1
train/84333.jpg,1*(0-0)=0
train/84334.jpg,3*(2+5)=21
train/84335.jpg,6+(5-9)=2
train/84336.jpg,1*(6+3)=9
train/84337.jpg,7+0-9=-2
train/84338.jpg,(5+3)-2=6
train/84339.jpg,(8+0)*0=0
train/84340.jpg,8-(0-3)=11
train/84341.jpg,6+(9+0)=15
train/84342.jpg,(9*5)*0=0
train/84343.jpg,2-(2+8)=-8
train/84344.jpg,4*(5-0)=20
train/84345.jpg,1+(0-5)=-4
train/84346.jpg,(6-2)-6=-2
train/84347.jpg,(9+0)*3=27
train/84348.jpg,(9-2)*1=7
train/84349.jpg,9-7*6=-33
train/84350.jpg,(9*9)-5=76
train/84351.jpg,9*7*8=504
train/84352.jpg,0-(8-0)=-8
train/84353.jpg,4-2*7=-10
train/84354.jpg,4*(2*2)=16
train/84355.jpg,5*(8-1)=35
train/84356.jpg,5-(5+7)=-7
train/84357.jpg,(4+0)+6=10
train/84358.jpg,4*(1*0)=0
train/84359.jpg,(2-4)-5=-7
train/84360.jpg,8-0+5=13
train/84361.jpg,8+(4*4)=24
train/84362.jpg,6-0*2=6
train/84363.jpg,5-(7+4)=-6
train/84364.jpg,(6*6)-3=33
train/84365.jpg,0*(3+9)=0
train/84366.jpg,3-(0*9)=3
train/84367.jpg,(2+4)-3=3
train/84368.jpg,9-(9*3)=-18
train/84369.jpg,6+6*2=18
train/84370.jpg,(9*2)+5=23
train/84371.jpg,9*(7+9)=144
train/84372.jpg,7*(8-3)=35
train/84373.jpg,(6-3)+0=3
train/84374.jpg,9-(0+4)=5
train/84375.jpg,5-1-4=0
train/84376.jpg,(9*4)-3=33
train/84377.jpg,0-8+4=-4
train/84378.jpg,8*4-6=26
train/84379.jpg,(1-8)-9=-16
train/84380.jpg,9-(2*8)=-7
train/84381.jpg,0*(8*0)=0
train/84382.jpg,(9-8)-3=-2
train/84383.jpg,(2*6)-1=11
train/84384.jpg,6-(3*3)=-3
train/84385.jpg,7+(6+5)=18
train/84386.jpg,(6*7)*6=252
train/84387.jpg,7-1-7=-1
train/84388.jpg,5*8-4=36
train/84389.jpg,4+(3+2)=9
train/84390.jpg,7-(7*7)=-42
train/84391.jpg,(7+9)+7=23
train/84392.jpg,(3+3)*5=30
train/84393.jpg,6+7*7=55
train/84394.jpg,3-(0+9)=-6
train/84395.jpg,9+(6*1)=15
train/84396.jpg,4-(0*8)=4
train/84397.jpg,(3-1)-4=-2
train/84398.jpg,2+2*7=16
train/84399.jpg,5*(4*9)=180
train/84400.jpg,3+(5+6)=14
train/84401.jpg,0-(5*1)=-5
train/84402.jpg,5-3-9=-7
train/84403.jpg,1+(7+1)=9
train/84404.jpg,(9-9)*7=0
train/84405.jpg,7+(4+5)=16
train/84406.jpg,3-(0-5)=8
train/84407.jpg,(7*2)+9=23
train/84408.jpg,0+3*3=9
train/84409.jpg,(8+7)*9=135
train/84410.jpg,7*(7-3)=28
train/84411.jpg,(6*5)+0=30
train/84412.jpg,4+9+0=13
train/84413.jpg,5+2+7=14
train/84414.jpg,2-(6-0)=-4
train/84415.jpg,0*(1*1)=0
train/84416.jpg,3+(4-2)=5
train/84417.jpg,(9-2)*0=0
train/84418.jpg,1-9+2=-6
train/84419.jpg,5*8-8=32
train/84420.jpg,3+(4*9)=39
train/84421.jpg,(4*3)-6=6
train/84422.jpg,(2*4)*7=56
train/84423.jpg,7-2-5=0
train/84424.jpg,4*6+2=26
train/84425.jpg,9+0*3=9
train/84426.jpg,(3*7)*2=42
train/84427.jpg,6*4*4=96
train/84428.jpg,(7*7)*7=343
train/84429.jpg,(7+1)-3=5
train/84430.jpg,4-3-2=-1
train/84431.jpg,(4+5)-0=9
train/84432.jpg,(8-0)-0=8
train/84433.jpg,6*(5-8)=-18
train/84434.jpg,3-(9-8)=2
train/84435.jpg,(7+1)-2=6
train/84436.jpg,0-(2-4)=2
train/84437.jpg,6-(0*8)=6
train/84438.jpg,(6-2)-4=0
train/84439.jpg,8*2*5=80
train/84440.jpg,7-1*8=-1
train/84441.jpg,8+(5*8)=48
train/84442.jpg,8*3-1=23
train/84443.jpg,(0*2)-3=-3
train/84444.jpg,(8+6)-8=6
train/84445.jpg,7-8*1=-1
train/84446.jpg,2*(6+9)=30
train/84447.jpg,3+9-4=8
train/84448.jpg,9-0*4=9
train/84449.jpg,(7+3)-3=7
train/84450.jpg,9-0*7=9
train/84451.jpg,1-(1+6)=-6
train/84452.jpg,4-(8*1)=-4
train/84453.jpg,(4*5)-0=20
train/84454.jpg,8*6*2=96
train/84455.jpg,2+6*3=20
train/84456.jpg,2+9+9=20
train/84457.jpg,(5+9)+5=19
train/84458.jpg,9+(4-8)=5
train/84459.jpg,(2*3)+1=7
train/84460.jpg,3-0*5=3
train/84461.jpg,(6*6)*6=216
train/84462.jpg,7*(6+1)=49
train/84463.jpg,(8+9)*3=51
train/84464.jpg,5+(9*7)=68
train/84465.jpg,(8-1)*6=42
train/84466.jpg,(3+5)+6=14
train/84467.jpg,9+8-0=17
train/84468.jpg,(0+7)-5=2
train/84469.jpg,(9+1)-0=10
train/84470.jpg,(7-4)*0=0
train/84471.jpg,(9*3)+4=31
train/84472.jpg,4-(2+4)=-2
train/84473.jpg,(8+7)-3=12
train/84474.jpg,8-(2-7)=13
train/84475.jpg,1-5-3=-7
train/84476.jpg,3+(2*8)=19
train/84477.jpg,(5*0)*7=0
train/84478.jpg,(7+1)-2=6
train/84479.jpg,0+(0+3)=3
train/84480.jpg,7+4+4=15
train/84481.jpg,0-(2*5)=-10
train/84482.jpg,(8+0)+0=8
train/84483.jpg,0+(4+6)=10
train/84484.jpg,1+(1+4)=6
train/84485.jpg,4-0-6=-2
train/84486.jpg,2-3+8=7
train/84487.jpg,6*(1+2)=18
train/84488.jpg,0*(6-4)=0
train/84489.jpg,7+(7+2)=16
train/84490.jpg,(1*1)*1=1
train/84491.jpg,(6+7)-0=13
train/84492.jpg,(5*5)+4=29
train/84493.jpg,9-(4+8)=-3
train/84494.jpg,3*(8-7)=3
train/84495.jpg,3-7*0=3
train/84496.jpg,7*(8*0)=0
train/84497.jpg,(9*2)+8=26
train/84498.jpg,(9-5)-0=4
train/84499.jpg,(8+5)+5=18
train/84500.jpg,8-(8-5)=5
train/84501.jpg,9-(2*1)=7
train/84502.jpg,8*(8-3)=40
train/84503.jpg,(6+6)+9=21
train/84504.jpg,(6+0)*1=6
train/84505.jpg,3+(8+9)=20
train/84506.jpg,4*7+6=34
train/84507.jpg,0+2-9=-7
train/84508.jpg,0*(5-7)=0
train/84509.jpg,1-(5-0)=-4
train/84510.jpg,6-(3*3)=-3
train/84511.jpg,(0*6)-1=-1
train/84512.jpg,2*4-7=1
train/84513.jpg,1+(0+1)=2
train/84514.jpg,1-3*8=-23
train/84515.jpg,9-7+2=4
train/84516.jpg,6+(1*2)=8
train/84517.jpg,0*(4*8)=0
train/84518.jpg,(8+0)-3=5
train/84519.jpg,(1+9)-5=5
train/84520.jpg,9+(5+1)=15
train/84521.jpg,3*3+1=10
train/84522.jpg,3+(6-3)=6
train/84523.jpg,(9*4)-7=29
train/84524.jpg,1-7+0=-6
train/84525.jpg,1+2+5=8
train/84526.jpg,0+3-7=-4
train/84527.jpg,8*(1+2)=24
train/84528.jpg,(8*1)*3=24
train/84529.jpg,(1+4)*9=45
train/84530.jpg,2-2-3=-3
train/84531.jpg,3*(1*4)=12
train/84532.jpg,1-(5-5)=1
train/84533.jpg,7*8*2=112
train/84534.jpg,1+0-4=-3
train/84535.jpg,4*4*7=112
train/84536.jpg,5+7-4=8
train/84537.jpg,9+(8*0)=9
train/84538.jpg,4+6*4=28
train/84539.jpg,(5*7)-8=27
train/84540.jpg,1-(1-8)=8
train/84541.jpg,5*(6*9)=270
train/84542.jpg,5+(0+3)=8
train/84543.jpg,(6-9)+9=6
train/84544.jpg,(1+9)-0=10
train/84545.jpg,3-0-4=-1
train/84546.jpg,8+1+1=10
train/84547.jpg,(4-9)-4=-9
train/84548.jpg,2+0*8=2
train/84549.jpg,(6+0)*9=54
train/84550.jpg,8+5*9=53
train/84551.jpg,9*(9+9)=162
train/84552.jpg,9*3*7=189
train/84553.jpg,2*(6+6)=24
train/84554.jpg,9+6*4=33
train/84555.jpg,1+3-5=-1
train/84556.jpg,0-5-3=-8
train/84557.jpg,(4*3)*0=0
train/84558.jpg,3-(7+7)=-11
train/84559.jpg,4-4+9=9
train/84560.jpg,6*(7*8)=336
train/84561.jpg,(7+0)*3=21
train/84562.jpg,0*(7+6)=0
train/84563.jpg,(8-8)*4=0
train/84564.jpg,(3+8)+0=11
train/84565.jpg,4*8+6=38
train/84566.jpg,4*6+7=31
train/84567.jpg,3+3+6=12
train/84568.jpg,7+(5+2)=14
train/84569.jpg,(9-9)+1=1
train/84570.jpg,(8+1)+1=10
train/84571.jpg,6*(2*0)=0
train/84572.jpg,(4*6)-9=15
train/84573.jpg,(2+9)+1=12
train/84574.jpg,0-(9+7)=-16
train/84575.jpg,8-(7-9)=10
train/84576.jpg,4*(2-0)=8
train/84577.jpg,3-(5-9)=7
train/84578.jpg,0*(3+0)=0
train/84579.jpg,9+(7+5)=21
train/84580.jpg,(8+9)*9=153
train/84581.jpg,9-3*2=3
train/84582.jpg,(6-2)+2=6
train/84583.jpg,8-(3+9)=-4
train/84584.jpg,(9*1)*5=45
train/84585.jpg,0+7-0=7
train/84586.jpg,2*(0+6)=12
train/84587.jpg,1+4+3=8
train/84588.jpg,8-7*2=-6
train/84589.jpg,(2*2)+6=10
train/84590.jpg,5-3-5=-3
train/84591.jpg,4-3-6=-5
train/84592.jpg,(3+2)*7=35
train/84593.jpg,6+3*1=9
train/84594.jpg,3+(7*2)=17
train/84595.jpg,(2-0)+7=9
train/84596.jpg,5-(3-7)=9
train/84597.jpg,(1+1)*0=0
train/84598.jpg,9*3+3=30
train/84599.jpg,(6*0)+0=0
train/84600.jpg,0+8-5=3
train/84601.jpg,3-0+8=11
train/84602.jpg,5+4+0=9
train/84603.jpg,3*(1*6)=18
train/84604.jpg,7-4*6=-17
train/84605.jpg,4-3-0=1
train/84606.jpg,(2*6)*9=108
train/84607.jpg,(3*7)+9=30
train/84608.jpg,(0*8)*9=0
train/84609.jpg,9+(6+3)=18
train/84610.jpg,(4-8)*0=0
train/84611.jpg,(4+8)-9=3
train/84612.jpg,(3*9)+0=27
train/84613.jpg,5+3*4=17
train/84614.jpg,7-(3+3)=1
train/84615.jpg,9-(7*1)=2
train/84616.jpg,6+5+2=13
train/84617.jpg,2*(0+2)=4
train/84618.jpg,(3*9)+0=27
train/84619.jpg,6-(8*9)=-66
train/84620.jpg,(4*3)+5=17
train/84621.jpg,4+(6*2)=16
train/84622.jpg,8+(5*1)=13
train/84623.jpg,4*(1+5)=24
train/84624.jpg,0+2*4=8
train/84625.jpg,9+4-8=5
train/84626.jpg,(7+5)-9=3
train/84627.jpg,9*(4+1)=45
train/84628.jpg,0-4-7=-11
train/84629.jpg,2-8*3=-22
train/84630.jpg,9+5*5=34
train/84631.jpg,5*2+2=12
train/84632.jpg,(8-9)*5=-5
train/84633.jpg,5-8*0=5
train/84634.jpg,(5*8)+0=40
train/84635.jpg,6*(9*2)=108
train/84636.jpg,3*6*1=18
train/84637.jpg,1-3+4=2
train/84638.jpg,8-5+2=5
train/84639.jpg,1*1*0=0
train/84640.jpg,(9+4)-8=5
train/84641.jpg,4-(8-2)=-2
train/84642.jpg,(2*5)*5=50
train/84643.jpg,0+(2*5)=10
train/84644.jpg,(4+6)*5=50
train/84645.jpg,(2*7)+3=17
train/84646.jpg,8*9*6=432
train/84647.jpg,8-7-5=-4
train/84648.jpg,(2+2)-9=-5
train/84649.jpg,4-2+3=5
train/84650.jpg,(0-7)-8=-15
train/84651.jpg,7+8+8=23
train/84652.jpg,(1*7)*1=7
train/84653.jpg,2-(0*6)=2
train/84654.jpg,4+9*4=40
train/84655.jpg,8*5+7=47
train/84656.jpg,9+5-4=10
train/84657.jpg,(1+4)-1=4
train/84658.jpg,3*6*9=162
train/84659.jpg,1+6-6=1
train/84660.jpg,1*(2+2)=4
train/84661.jpg,(9-1)*2=16
train/84662.jpg,7*5+3=38
train/84663.jpg,1+(1-8)=-6
train/84664.jpg,(7*1)+0=7
train/84665.jpg,6-(0+2)=4
train/84666.jpg,1-(0*9)=1
train/84667.jpg,(6-2)+6=10
train/84668.jpg,(2*6)+0=12
train/84669.jpg,(6-9)*2=-6
train/84670.jpg,2-5*5=-23
train/84671.jpg,7+5+7=19
train/84672.jpg,5-2+4=7
train/84673.jpg,0+(0*7)=0
train/84674.jpg,0-9*5=-45
train/84675.jpg,3-(9+5)=-11
train/84676.jpg,6-2+3=7
train/84677.jpg,1-7*6=-41
train/84678.jpg,(6*2)-2=10
train/84679.jpg,8+2+0=10
train/84680.jpg,4*7+3=31
train/84681.jpg,1*6-2=4
train/84682.jpg,0-1-1=-2
train/84683.jpg,6-(4+6)=-4
train/84684.jpg,(1-8)-8=-15
train/84685.jpg,(9*3)*1=27
train/84686.jpg,8-(0+4)=4
train/84687.jpg,(5-6)-7=-8
train/84688.jpg,(9+1)-2=8
train/84689.jpg,5-6*1=-1
train/84690.jpg,5+(2+7)=14
train/84691.jpg,4+(7*5)=39
train/84692.jpg,6*(5+0)=30
train/84693.jpg,6*2*2=24
train/84694.jpg,8-(4+1)=3
train/84695.jpg,(1*1)+0=1
train/84696.jpg,(8-1)*6=42
train/84697.jpg,0+3+6=9
train/84698.jpg,1-3+9=7
train/84699.jpg,5*(9+1)=50
train/84700.jpg,5*6+9=39
train/84701.jpg,(5*3)+6=21
train/84702.jpg,(5*2)+0=10
train/84703.jpg,8-1+8=15
train/84704.jpg,2-(7-1)=-4
train/84705.jpg,(8*6)*3=144
train/84706.jpg,(1-2)-4=-5
train/84707.jpg,4*(6+4)=40
train/84708.jpg,(8*5)+2=42
train/84709.jpg,(0-7)+0=-7
train/84710.jpg,(6-1)-0=5
train/84711.jpg,9+(0-4)=5
train/84712.jpg,6-4+3=5
train/84713.jpg,4+(9*5)=49
train/84714.jpg,2-4*5=-18
train/84715.jpg,(1-5)*7=-28
train/84716.jpg,(4*3)*2=24
train/84717.jpg,7+5-3=9
train/84718.jpg,4*(3-8)=-20
train/84719.jpg,(2+1)+1=4
train/84720.jpg,(3-5)+6=4
train/84721.jpg,0-(9*6)=-54
train/84722.jpg,2-(9*1)=-7
train/84723.jpg,(5*6)-1=29
train/84724.jpg,(1+3)-1=3
train/84725.jpg,7*(1-0)=7
train/84726.jpg,(0+9)-6=3
train/84727.jpg,4-(7+8)=-11
train/84728.jpg,2-(1-7)=8
train/84729.jpg,(9-5)*9=36
train/84730.jpg,7*5-0=35
train/84731.jpg,(2+2)+2=6
train/84732.jpg,(6+6)-0=12
train/84733.jpg,(9*9)*2=162
train/84734.jpg,3*(1-5)=-12
train/84735.jpg,(8-6)+0=2
train/84736.jpg,9+9+4=22
train/84737.jpg,(9+9)+7=25
train/84738.jpg,5+0*2=5
train/84739.jpg,9-9-3=-3
train/84740.jpg,6*(1+2)=18
train/84741.jpg,3*(2-1)=3
train/84742.jpg,9-(3+3)=3
train/84743.jpg,8-1-0=7
train/84744.jpg,4*(1+4)=20
train/84745.jpg,7*(2-1)=7
train/84746.jpg,6+(9*7)=69
train/84747.jpg,(1+0)*7=7
train/84748.jpg,9*2+9=27
train/84749.jpg,8-5*0=8
train/84750.jpg,9*(7+5)=108
train/84751.jpg,(5*0)-6=-6
train/84752.jpg,(2-9)*8=-56
train/84753.jpg,7*2+3=17
train/84754.jpg,8*5-5=35
train/84755.jpg,(6*3)+9=27
train/84756.jpg,3*5*3=45
train/84757.jpg,(0+3)+1=4
train/84758.jpg,5*(7-5)=10
train/84759.jpg,(0-2)-4=-6
train/84760.jpg,8+(1*9)=17
train/84761.jpg,2-(8*5)=-38
train/84762.jpg,2-9*8=-70
train/84763.jpg,(0+2)-1=1
train/84764.jpg,0*7-4=-4
train/84765.jpg,1-(8*8)=-63
train/84766.jpg,(7*5)-5=30
train/84767.jpg,(8-3)-0=5
train/84768.jpg,9+(9+5)=23
train/84769.jpg,(7-8)-8=-9
train/84770.jpg,3-(9-4)=-2
train/84771.jpg,(7+8)+6=21
train/84772.jpg,6-(1*6)=0
train/84773.jpg,6-(4+4)=-2
train/84774.jpg,5*9+2=47
train/84775.jpg,5*(9+2)=55
train/84776.jpg,1*(9+7)=16
train/84777.jpg,(6-4)*7=14
train/84778.jpg,6+(6-4)=8
train/84779.jpg,(7+1)+5=13
train/84780.jpg,0*(0*9)=0
train/84781.jpg,3*(9-2)=21
train/84782.jpg,2-3+7=6
train/84783.jpg,0*(4+7)=0
train/84784.jpg,6-1+4=9
train/84785.jpg,9-4+5=10
train/84786.jpg,(4-6)-3=-5
train/84787.jpg,9*1*5=45
train/84788.jpg,5*1*3=15
train/84789.jpg,(4+0)+1=5
train/84790.jpg,(8*6)-7=41
train/84791.jpg,2*(5-6)=-2
train/84792.jpg,(9*3)*7=189
train/84793.jpg,6+3-9=0
train/84794.jpg,(5*0)-4=-4
train/84795.jpg,2+(6-8)=0
train/84796.jpg,(6-3)+0=3
train/84797.jpg,2-9+4=-3
train/84798.jpg,8+5*1=13
train/84799.jpg,9*8-1=71
train/84800.jpg,(6-4)*6=12
train/84801.jpg,6+(3-7)=2
train/84802.jpg,2-9-2=-9
train/84803.jpg,(4-3)-3=-2
train/84804.jpg,0-9*6=-54
train/84805.jpg,(6+3)-4=5
train/84806.jpg,0*7*1=0
train/84807.jpg,(6+2)+8=16
train/84808.jpg,(7*5)*6=210
train/84809.jpg,9+(2*7)=23
train/84810.jpg,(8+8)-9=7
train/84811.jpg,3*7*5=105
train/84812.jpg,2-2-8=-8
train/84813.jpg,(4-0)-3=1
train/84814.jpg,2*(2*0)=0
train/84815.jpg,1*(1-5)=-4
train/84816.jpg,0-4*7=-28
train/84817.jpg,(2+8)+1=11
train/84818.jpg,2*(5-4)=2
train/84819.jpg,(4*3)+0=12
train/84820.jpg,8*7*0=0
train/84821.jpg,4*7+5=33
train/84822.jpg,(0-4)*1=-4
train/84823.jpg,1*8-0=8
train/84824.jpg,5*(8+8)=80
train/84825.jpg,9+1+2=12
train/84826.jpg,8+(3*4)=20
train/84827.jpg,1-0-3=-2
train/84828.jpg,8*(7*9)=504
train/84829.jpg,0-(7-2)=-5
train/84830.jpg,4-0*7=4
train/84831.jpg,(8-3)+2=7
train/84832.jpg,5*(5*1)=25
train/84833.jpg,(9+8)*8=136
train/84834.jpg,(0+6)-2=4
train/84835.jpg,7-(3*1)=4
train/84836.jpg,9*(9*3)=243
train/84837.jpg,0*(0-9)=0
train/84838.jpg,(7-5)-1=1
train/84839.jpg,(2*6)-4=8
train/84840.jpg,6*3-9=9
train/84841.jpg,2*9-7=11
train/84842.jpg,2*6*0=0
train/84843.jpg,0*6+0=0
train/84844.jpg,0+9+2=11
train/84845.jpg,9+(2*7)=23
train/84846.jpg,2*(6-4)=4
train/84847.jpg,4*(4*4)=64
train/84848.jpg,1*(5-5)=0
train/84849.jpg,0+(5+1)=6
train/84850.jpg,(0+1)*1=1
train/84851.jpg,(5+5)*6=60
train/84852.jpg,8-(1*6)=2
train/84853.jpg,1-(5*8)=-39
train/84854.jpg,3-(3*5)=-12
train/84855.jpg,(5-9)+7=3
train/84856.jpg,0*(5-3)=0
train/84857.jpg,8+7-5=10
train/84858.jpg,(2-2)-3=-3
train/84859.jpg,(1+8)*7=63
train/84860.jpg,8*(4-3)=8
train/84861.jpg,3-(6*6)=-33
train/84862.jpg,(4+4)*8=64
train/84863.jpg,(9+1)*0=0
train/84864.jpg,(9+2)*5=55
train/84865.jpg,3-(7-9)=5
train/84866.jpg,9-4+5=10
train/84867.jpg,(4+0)*3=12
train/84868.jpg,1+7+3=11
train/84869.jpg,(7*3)+4=25
train/84870.jpg,7*(0*6)=0
train/84871.jpg,0+2*2=4
train/84872.jpg,0+(0*7)=0
train/84873.jpg,4+(0-0)=4
train/84874.jpg,5+8*7=61
train/84875.jpg,6-8+9=7
train/84876.jpg,5+(1+4)=10
train/84877.jpg,7*4-3=25
train/84878.jpg,5+(2-2)=5
train/84879.jpg,(6*7)+7=49
train/84880.jpg,8+0-7=1
train/84881.jpg,8*(6*0)=0
train/84882.jpg,(1-0)+7=8
train/84883.jpg,7*8*8=448
train/84884.jpg,(4-0)*9=36
train/84885.jpg,1-7-4=-10
train/84886.jpg,9+(4*9)=45
train/84887.jpg,(9+0)-9=0
train/84888.jpg,8+0-0=8
train/84889.jpg,1+1-1=1
train/84890.jpg,(2*0)*5=0
train/84891.jpg,1-3+5=3
train/84892.jpg,(8*2)*4=64
train/84893.jpg,6-(8+2)=-4
train/84894.jpg,2+4*2=10
train/84895.jpg,9-(6-3)=6
train/84896.jpg,(0+0)-1=-1
train/84897.jpg,9-2+6=13
train/84898.jpg,7-8+7=6
train/84899.jpg,9+8*7=65
train/84900.jpg,(5*1)+9=14
train/84901.jpg,6-3-8=-5
train/84902.jpg,1*0+9=9
train/84903.jpg,(3-2)*9=9
train/84904.jpg,6+(2*7)=20
train/84905.jpg,8*(0-0)=0
train/84906.jpg,0*5*4=0
train/84907.jpg,(7*3)*4=84
train/84908.jpg,4-(8-6)=2
train/84909.jpg,(9+5)+9=23
train/84910.jpg,(5*3)+3=18
train/84911.jpg,3-(5+9)=-11
train/84912.jpg,(6+1)*2=14
train/84913.jpg,3*(8*8)=192
train/84914.jpg,(4*2)+3=11
train/84915.jpg,4*(8+5)=52
train/84916.jpg,1*(7+2)=9
train/84917.jpg,7*5*2=70
train/84918.jpg,(4-0)+6=10
train/84919.jpg,0-5+7=2
train/84920.jpg,4*(1*2)=8
train/84921.jpg,2*(6+5)=22
train/84922.jpg,(8*7)-9=47
train/84923.jpg,2+(3-2)=3
train/84924.jpg,(4+1)+3=8
train/84925.jpg,(6-3)+9=12
train/84926.jpg,(6-4)+5=7
train/84927.jpg,8-4+4=8
train/84928.jpg,7+8-1=14
train/84929.jpg,(1-6)*9=-45
train/84930.jpg,8*(6-5)=8
train/84931.jpg,6+8*6=54
train/84932.jpg,8*0+4=4
train/84933.jpg,6+(8-1)=13
train/84934.jpg,8*0+4=4
train/84935.jpg,5+1-5=1
train/84936.jpg,3-(6*9)=-51
train/84937.jpg,(0-2)+3=1
train/84938.jpg,6+(6-5)=7
train/84939.jpg,2*(9+1)=20
train/84940.jpg,8-5+3=6
train/84941.jpg,(6-6)*7=0
train/84942.jpg,6+0+2=8
train/84943.jpg,(8+9)+9=26
train/84944.jpg,(9-5)*7=28
train/84945.jpg,8-(1-1)=8
train/84946.jpg,(1+5)-2=4
train/84947.jpg,7-(7-9)=9
train/84948.jpg,0-(5+8)=-13
train/84949.jpg,7+(6+6)=19
train/84950.jpg,1+3*1=4
train/84951.jpg,7*3-1=20
train/84952.jpg,2+(9-5)=6
train/84953.jpg,(9+8)-9=8
train/84954.jpg,9-(1+1)=7
train/84955.jpg,7*1-9=-2
train/84956.jpg,2-(4+9)=-11
train/84957.jpg,4+(8*7)=60
train/84958.jpg,(6+9)-2=13
train/84959.jpg,7-(9*3)=-20
train/84960.jpg,5*(2+8)=50
train/84961.jpg,(5+5)*8=80
train/84962.jpg,6-4*9=-30
train/84963.jpg,(3+6)-6=3
train/84964.jpg,1-(0-0)=1
train/84965.jpg,0*6*2=0
train/84966.jpg,2*2+0=4
train/84967.jpg,(9-7)+3=5
train/84968.jpg,7-4+7=10
train/84969.jpg,(1*8)-6=2
train/84970.jpg,3*(7+9)=48
train/84971.jpg,9-3+7=13
train/84972.jpg,6+(8-9)=5
train/84973.jpg,2+(3-9)=-4
train/84974.jpg,(1+1)+0=2
train/84975.jpg,7-6+2=3
train/84976.jpg,8+9-2=15
train/84977.jpg,3*(9*3)=81
train/84978.jpg,2-(6+5)=-9
train/84979.jpg,(7-3)+6=10
train/84980.jpg,2+(5*0)=2
train/84981.jpg,9-(5+1)=3
train/84982.jpg,6-7-5=-6
train/84983.jpg,2+1+2=5
train/84984.jpg,4+8+5=17
train/84985.jpg,(8+6)*4=56
train/84986.jpg,9+3+9=21
train/84987.jpg,3*1+1=4
train/84988.jpg,8+2*7=22
train/84989.jpg,6*1*9=54
train/84990.jpg,8*(8-9)=-8
train/84991.jpg,9-6*7=-33
train/84992.jpg,4+7*8=60
train/84993.jpg,(7*4)+9=37
train/84994.jpg,9+3-3=9
train/84995.jpg,1-(6-1)=-4
train/84996.jpg,(2-9)*5=-35
train/84997.jpg,(3*6)+8=26
train/84998.jpg,1+8+2=11
train/84999.jpg,(8+0)*0=0
train/85000.jpg,6-7+5=4
train/85001.jpg,(1*8)*0=0
train/85002.jpg,1*0*9=0
train/85003.jpg,6+(5+1)=12
train/85004.jpg,8+(4+3)=15
train/85005.jpg,7+(9+5)=21
train/85006.jpg,(2*5)+2=12
train/85007.jpg,6-5-7=-6
train/85008.jpg,0*(0+3)=0
train/85009.jpg,0-2-2=-4
train/85010.jpg,7-3*7=-14
train/85011.jpg,3*3-8=1
train/85012.jpg,9+8+2=19
train/85013.jpg,8-(4+6)=-2
train/85014.jpg,1-5+2=-2
train/85015.jpg,(1-5)*1=-4
train/85016.jpg,5-1-9=-5
train/85017.jpg,(1+6)+3=10
train/85018.jpg,4+8-3=9
train/85019.jpg,(2*9)-5=13
train/85020.jpg,1-(7+4)=-10
train/85021.jpg,(6*9)+1=55
train/85022.jpg,3*5*6=90
train/85023.jpg,(2+3)-5=0
train/85024.jpg,(1*6)*8=48
train/85025.jpg,1*5-1=4
train/85026.jpg,5*(3+7)=50
train/85027.jpg,(3+4)-9=-2
train/85028.jpg,9*6-3=51
train/85029.jpg,(0-6)+6=0
train/85030.jpg,5-(6-1)=0
train/85031.jpg,0*(9+6)=0
train/85032.jpg,8+(9+8)=25
train/85033.jpg,6-0-3=3
train/85034.jpg,5*(8-3)=25
train/85035.jpg,(0+3)*3=9
train/85036.jpg,(7-8)-3=-4
train/85037.jpg,0-(7*1)=-7
train/85038.jpg,(5+4)-5=4
train/85039.jpg,4*(4*9)=144
train/85040.jpg,4-(0+2)=2
train/85041.jpg,5+0+2=7
train/85042.jpg,(7+5)*6=72
train/85043.jpg,3+(2*7)=17
train/85044.jpg,1-(1*1)=0
train/85045.jpg,5-(6*5)=-25
train/85046.jpg,(8-1)*6=42
train/85047.jpg,5*(2-1)=5
train/85048.jpg,(4-8)-9=-13
train/85049.jpg,2-2-6=-6
train/85050.jpg,3-(4-5)=4
train/85051.jpg,5+0-1=4
train/85052.jpg,(7+5)+6=18
train/85053.jpg,(6+6)-8=4
train/85054.jpg,1*(2+7)=9
train/85055.jpg,(0*9)*6=0
train/85056.jpg,9+4+4=17
train/85057.jpg,3*1+6=9
train/85058.jpg,9+(8*9)=81
train/85059.jpg,(9*3)*2=54
train/85060.jpg,7*1*2=14
train/85061.jpg,1*(6-0)=6
train/85062.jpg,4*3-0=12
train/85063.jpg,2+(3-0)=5
train/85064.jpg,(5+4)*6=54
train/85065.jpg,(3+8)-5=6
train/85066.jpg,9*7*2=126
train/85067.jpg,9*(0*2)=0
train/85068.jpg,3+3*4=15
train/85069.jpg,(5*4)+6=26
train/85070.jpg,8*(4-1)=24
train/85071.jpg,2*2+5=9
train/85072.jpg,(0-0)*9=0
train/85073.jpg,(1*6)+6=12
train/85074.jpg,2-3+0=-1
train/85075.jpg,6-7*8=-50
train/85076.jpg,2-(0*5)=2
train/85077.jpg,3*3-6=3
train/85078.jpg,7+5-0=12
train/85079.jpg,7+0-0=7
train/85080.jpg,1-(7+3)=-9
train/85081.jpg,(7-1)-8=-2
train/85082.jpg,(5-3)-2=0
train/85083.jpg,(5-9)*5=-20
train/85084.jpg,(6+1)+0=7
train/85085.jpg,4-(1+5)=-2
train/85086.jpg,5*(2+9)=55
train/85087.jpg,9*0+5=5
train/85088.jpg,(2*6)+1=13
train/85089.jpg,5-(4+6)=-5
train/85090.jpg,0-(9+4)=-13
train/85091.jpg,(8*4)*9=288
train/85092.jpg,(5-9)*9=-36
train/85093.jpg,3+(6-4)=5
train/85094.jpg,(0*1)+7=7
train/85095.jpg,8-6+0=2
train/85096.jpg,0-2-4=-6
train/85097.jpg,0-2*9=-18
train/85098.jpg,9-4-4=1
train/85099.jpg,4*(8+0)=32
train/85100.jpg,(4*6)*8=192
train/85101.jpg,7+7*6=49
train/85102.jpg,8+0*6=8
train/85103.jpg,(9*2)+2=20
train/85104.jpg,(1-4)+0=-3
train/85105.jpg,8-2*9=-10
train/85106.jpg,9-9+4=4
train/85107.jpg,(1*1)-0=1
train/85108.jpg,(6-6)+1=1
train/85109.jpg,6+6+0=12
train/85110.jpg,0+6*4=24
train/85111.jpg,5+(9*7)=68
train/85112.jpg,(1+2)+2=5
train/85113.jpg,1-(6*9)=-53
train/85114.jpg,6*(0-1)=-6
train/85115.jpg,1*1-5=-4
train/85116.jpg,2+(6+2)=10
train/85117.jpg,(3*2)-1=5
train/85118.jpg,4*9-9=27
train/85119.jpg,(0-1)-4=-5
train/85120.jpg,(4*4)-7=9
train/85121.jpg,9+(8-2)=15
train/85122.jpg,1-6+9=4
train/85123.jpg,9-(7+5)=-3
train/85124.jpg,2+1-3=0
train/85125.jpg,4+4+7=15
train/85126.jpg,(8+1)*5=45
train/85127.jpg,(7-9)*2=-4
train/85128.jpg,2+(9-9)=2
train/85129.jpg,(8+9)*2=34
train/85130.jpg,8-7*4=-20
train/85131.jpg,5*(5+7)=60
train/85132.jpg,(7-5)-9=-7
train/85133.jpg,(0-4)*7=-28
train/85134.jpg,(8*4)+6=38
train/85135.jpg,9-(2+2)=5
train/85136.jpg,(1*9)*3=27
train/85137.jpg,4+5-9=0
train/85138.jpg,(7-3)-7=-3
train/85139.jpg,6-4*4=-10
train/85140.jpg,(5+2)*9=63
train/85141.jpg,4*5-9=11
train/85142.jpg,5*3*1=15
train/85143.jpg,2-(0*2)=2
train/85144.jpg,(0-5)+2=-3
train/85145.jpg,3-0+3=6
train/85146.jpg,1+4-5=0
train/85147.jpg,0+(5-3)=2
train/85148.jpg,6*(6*6)=216
train/85149.jpg,1-(2-6)=5
train/85150.jpg,0+0*5=0
train/85151.jpg,2*4*6=48
train/85152.jpg,(7-4)+5=8
train/85153.jpg,(1*0)+5=5
train/85154.jpg,(1-2)*4=-4
train/85155.jpg,7*(5+7)=84
train/85156.jpg,2+(7*8)=58
train/85157.jpg,0*7*7=0
train/85158.jpg,(3+0)+7=10
train/85159.jpg,4*(6-0)=24
train/85160.jpg,7-(9-1)=-1
train/85161.jpg,(1*1)*9=9
train/85162.jpg,2*(8*5)=80
train/85163.jpg,2+(6+3)=11
train/85164.jpg,1-(7-7)=1
train/85165.jpg,5-3+8=10
train/85166.jpg,(2+1)-6=-3
train/85167.jpg,4-1-3=0
train/85168.jpg,8+0*9=8
train/85169.jpg,6-4*5=-14
train/85170.jpg,3*1-0=3
train/85171.jpg,6*(5*2)=60
train/85172.jpg,2*1+0=2
train/85173.jpg,5*(3*8)=120
train/85174.jpg,9+7+7=23
train/85175.jpg,4+0*2=4
train/85176.jpg,(5+3)-0=8
train/85177.jpg,4*2*6=48
train/85178.jpg,(5-1)-6=-2
train/85179.jpg,(9-9)-0=0
train/85180.jpg,7-(0*4)=7
train/85181.jpg,(1-1)+4=4
train/85182.jpg,(2*1)+8=10
train/85183.jpg,9-3-4=2
train/85184.jpg,9*8+5=77
train/85185.jpg,3-7*5=-32
train/85186.jpg,(0*3)*9=0
train/85187.jpg,(5+3)+8=16
train/85188.jpg,7+2*2=11
train/85189.jpg,6+4-6=4
train/85190.jpg,2*(5-2)=6
train/85191.jpg,(3*0)-6=-6
train/85192.jpg,5+2+6=13
train/85193.jpg,4+(4-4)=4
train/85194.jpg,9-(4+8)=-3
train/85195.jpg,9+(5-8)=6
train/85196.jpg,9*7*8=504
train/85197.jpg,2-5*7=-33
train/85198.jpg,(2*9)-2=16
train/85199.jpg,4-(8+4)=-8
train/85200.jpg,4*(8*5)=160
train/85201.jpg,6*9*5=270
train/85202.jpg,4+7-8=3
train/85203.jpg,(7+5)*1=12
train/85204.jpg,7*(3+0)=21
train/85205.jpg,(4-0)+2=6
train/85206.jpg,0+(5*3)=15
train/85207.jpg,6-0*3=6
train/85208.jpg,8*6*2=96
train/85209.jpg,6+(7+9)=22
train/85210.jpg,9-(9+0)=0
train/85211.jpg,(3*4)+4=16
train/85212.jpg,7-(4-7)=10
train/85213.jpg,9-(7+2)=0
train/85214.jpg,(2-8)*5=-30
train/85215.jpg,(4*5)-6=14
train/85216.jpg,5*0+4=4
train/85217.jpg,(3-9)+4=-2
train/85218.jpg,7+(2-5)=4
train/85219.jpg,4+5+1=10
train/85220.jpg,5-(3-4)=6
train/85221.jpg,4-1-6=-3
train/85222.jpg,(9*7)+8=71
train/85223.jpg,2-9-4=-11
train/85224.jpg,0+4+7=11
train/85225.jpg,3-(4+4)=-5
train/85226.jpg,7+(9-1)=15
train/85227.jpg,2*0*2=0
train/85228.jpg,6-2+0=4
train/85229.jpg,(5-6)+1=0
train/85230.jpg,2+(8+4)=14
train/85231.jpg,(9*5)-3=42
train/85232.jpg,6*4-4=20
train/85233.jpg,9*(0*9)=0
train/85234.jpg,2*(3*9)=54
train/85235.jpg,(4+2)*6=36
train/85236.jpg,(7+4)-9=2
train/85237.jpg,(0*2)*4=0
train/85238.jpg,8-5*1=3
train/85239.jpg,9+1-4=6
train/85240.jpg,9-3-1=5
train/85241.jpg,(5-5)*6=0
train/85242.jpg,(9+5)+4=18
train/85243.jpg,8-0-3=5
train/85244.jpg,(4*0)*4=0
train/85245.jpg,(3-7)*5=-20
train/85246.jpg,9+8*5=49
train/85247.jpg,2-(3+8)=-9
train/85248.jpg,(9*7)+4=67
train/85249.jpg,0-(4+2)=-6
train/85250.jpg,(6-5)*4=4
train/85251.jpg,6-(2*1)=4
train/85252.jpg,5*9-9=36
train/85253.jpg,7*(1-8)=-49
train/85254.jpg,6+(2*5)=16
train/85255.jpg,4*(1*8)=32
train/85256.jpg,(9*9)*1=81
train/85257.jpg,(2-0)+4=6
train/85258.jpg,7+5-7=5
train/85259.jpg,8+(0-6)=2
train/85260.jpg,0-(7+4)=-11
train/85261.jpg,9+7*7=58
train/85262.jpg,7-(5-2)=4
train/85263.jpg,3-9+0=-6
train/85264.jpg,2+2*2=6
train/85265.jpg,2-(4+9)=-11
train/85266.jpg,(7+6)-3=10
train/85267.jpg,0*7+5=5
train/85268.jpg,(0+2)-0=2
train/85269.jpg,3*6*0=0
train/85270.jpg,6+(7*5)=41
train/85271.jpg,(8*9)+1=73
train/85272.jpg,5*4*6=120
train/85273.jpg,(2*5)-4=6
train/85274.jpg,0-8+4=-4
train/85275.jpg,(5+4)*7=63
train/85276.jpg,8+4+4=16
train/85277.jpg,(2+5)+0=7
train/85278.jpg,0*(8*7)=0
train/85279.jpg,8+(7*5)=43
train/85280.jpg,1+0-1=0
train/85281.jpg,7-(5-4)=6
train/85282.jpg,5+(5+4)=14
train/85283.jpg,(5*1)+4=9
train/85284.jpg,8-(6+9)=-7
train/85285.jpg,4*(1-8)=-28
train/85286.jpg,(1-2)+9=8
train/85287.jpg,2+(7-1)=8
train/85288.jpg,5+6+7=18
train/85289.jpg,4+(5-6)=3
train/85290.jpg,2+1+3=6
train/85291.jpg,2+(3*7)=23
train/85292.jpg,6*1*9=54
train/85293.jpg,(5*2)+5=15
train/85294.jpg,9*8+7=79
train/85295.jpg,8-(9*0)=8
train/85296.jpg,(3*0)*9=0
train/85297.jpg,(0+7)*1=7
train/85298.jpg,(1*0)+3=3
train/85299.jpg,(7*5)-0=35
train/85300.jpg,(5-0)*0=0
train/85301.jpg,2-9*4=-34
train/85302.jpg,7+(3+5)=15
train/85303.jpg,5*(4*4)=80
train/85304.jpg,5+(6*7)=47
train/85305.jpg,2+(9*7)=65
train/85306.jpg,6*1*1=6
train/85307.jpg,7-3-1=3
train/85308.jpg,9+0-4=5
train/85309.jpg,4-(4*4)=-12
train/85310.jpg,(4+9)*8=104
train/85311.jpg,9-(2*0)=9
train/85312.jpg,(7+5)-6=6
train/85313.jpg,3*7-3=18
train/85314.jpg,6*6+8=44
train/85315.jpg,5*(5-6)=-5
train/85316.jpg,3+(2-8)=-3
train/85317.jpg,2-2*2=-2
train/85318.jpg,8+6-8=6
train/85319.jpg,(4-0)+2=6
train/85320.jpg,2+(2-8)=-4
train/85321.jpg,(6-3)+0=3
train/85322.jpg,5*(4+2)=30
train/85323.jpg,6+5+3=14
train/85324.jpg,3*(6*6)=108
train/85325.jpg,4-4+7=7
train/85326.jpg,0-0*0=0
train/85327.jpg,(8+6)+4=18
train/85328.jpg,0+(1+4)=5
train/85329.jpg,6+(9*2)=24
train/85330.jpg,(7+9)*9=144
train/85331.jpg,(4-5)*0=0
train/85332.jpg,(1*3)-5=-2
train/85333.jpg,2*7-2=12
train/85334.jpg,8-5*5=-17
train/85335.jpg,3-(0-3)=6
train/85336.jpg,3+(7*7)=52
train/85337.jpg,(2-5)+9=6
train/85338.jpg,3+6+8=17
train/85339.jpg,(3+3)-8=-2
train/85340.jpg,2+(7-7)=2
train/85341.jpg,0-(7*7)=-49
train/85342.jpg,3-(2+8)=-7
train/85343.jpg,3*(4+5)=27
train/85344.jpg,6+1*7=13
train/85345.jpg,8+(0-1)=7
train/85346.jpg,1-(2*5)=-9
train/85347.jpg,(3+2)+0=5
train/85348.jpg,7+9*3=34
train/85349.jpg,4+4*9=40
train/85350.jpg,7+5*9=52
train/85351.jpg,(5*2)+2=12
train/85352.jpg,(1+5)-0=6
train/85353.jpg,3+8-1=10
train/85354.jpg,3*(6*8)=144
train/85355.jpg,(1-7)-0=-6
train/85356.jpg,9*(6*5)=270
train/85357.jpg,1-(9+2)=-10
train/85358.jpg,(7*7)*5=245
train/85359.jpg,9-2-8=-1
train/85360.jpg,9+4-9=4
train/85361.jpg,9+(5*9)=54
train/85362.jpg,4-3-0=1
train/85363.jpg,4*3+0=12
train/85364.jpg,7+7+1=15
train/85365.jpg,3-(9-1)=-5
train/85366.jpg,8+5*2=18
train/85367.jpg,1-1*8=-7
train/85368.jpg,(8+6)+8=22
train/85369.jpg,3*7-7=14
train/85370.jpg,0*8+2=2
train/85371.jpg,0-(7+6)=-13
train/85372.jpg,0+(0*4)=0
train/85373.jpg,0+4+0=4
train/85374.jpg,3-(8-2)=-3
train/85375.jpg,4*(3-3)=0
train/85376.jpg,(6+5)+2=13
train/85377.jpg,(0-6)-6=-12
train/85378.jpg,(7*0)*7=0
train/85379.jpg,4+2-0=6
train/85380.jpg,(2*5)+7=17
train/85381.jpg,2*(2+4)=12
train/85382.jpg,7+1-1=7
train/85383.jpg,(7-3)-9=-5
train/85384.jpg,(5+9)-9=5
train/85385.jpg,(6+6)+7=19
train/85386.jpg,(5+5)+2=12
train/85387.jpg,4*0-4=-4
train/85388.jpg,(4+3)-7=0
train/85389.jpg,(8*7)+5=61
train/85390.jpg,(0+7)+1=8
train/85391.jpg,(7*6)*8=336
train/85392.jpg,2*(6-3)=6
train/85393.jpg,5-5*5=-20
train/85394.jpg,(7*0)*2=0
train/85395.jpg,1*(7+6)=13
train/85396.jpg,(0-0)-4=-4
train/85397.jpg,(7-4)*8=24
train/85398.jpg,0+2-2=0
train/85399.jpg,(5*4)*7=140
train/85400.jpg,1-9*7=-62
train/85401.jpg,6-(1+2)=3
train/85402.jpg,0-(5*4)=-20
train/85403.jpg,(4+7)*0=0
train/85404.jpg,3+5*7=38
train/85405.jpg,7-(5*4)=-13
train/85406.jpg,3*8+4=28
train/85407.jpg,7*6-1=41
train/85408.jpg,(8*3)*2=48
train/85409.jpg,(6*7)*9=378
train/85410.jpg,6*3+1=19
train/85411.jpg,(7+5)-8=4
train/85412.jpg,6+8+9=23
train/85413.jpg,(7*9)-3=60
train/85414.jpg,2+4+7=13
train/85415.jpg,8-0*9=8
train/85416.jpg,(7*6)+5=47
train/85417.jpg,(8*8)*2=128
train/85418.jpg,8+(1+6)=15
train/85419.jpg,9+(5-6)=8
train/85420.jpg,9*5+8=53
train/85421.jpg,3-(6*3)=-15
train/85422.jpg,(7-7)+9=9
train/85423.jpg,0*(5+0)=0
train/85424.jpg,(2*5)*0=0
train/85425.jpg,8*(4*9)=288
train/85426.jpg,1+7-6=2
train/85427.jpg,7+(9+5)=21
train/85428.jpg,(1*9)-2=7
train/85429.jpg,(2-8)-6=-12
train/85430.jpg,(1*9)-9=0
train/85431.jpg,7*(7*3)=147
train/85432.jpg,7-(7+6)=-6
train/85433.jpg,(5+6)+4=15
train/85434.jpg,7*(3+2)=35
train/85435.jpg,(7*0)*1=0
train/85436.jpg,(9+7)*3=48
train/85437.jpg,(2-2)*2=0
train/85438.jpg,0*9*5=0
train/85439.jpg,8*(3-4)=-8
train/85440.jpg,5+(8*2)=21
train/85441.jpg,0+8*5=40
train/85442.jpg,3-(5*1)=-2
train/85443.jpg,(4*4)-3=13
train/85444.jpg,(3*3)-9=0
train/85445.jpg,(5+0)*2=10
train/85446.jpg,8+1-1=8
train/85447.jpg,5-4*6=-19
train/85448.jpg,(7-8)-7=-8
train/85449.jpg,(0-7)*1=-7
train/85450.jpg,4-7+9=6
train/85451.jpg,3+(1+7)=11
train/85452.jpg,(3+1)-9=-5
train/85453.jpg,(9*0)+2=2
train/85454.jpg,6+0*2=6
train/85455.jpg,5+(5+2)=12
train/85456.jpg,5+1*6=11
train/85457.jpg,7*9-1=62
train/85458.jpg,1-(5+0)=-4
train/85459.jpg,(0*0)+9=9
train/85460.jpg,(6*7)-8=34
train/85461.jpg,8-8+5=5
train/85462.jpg,9-(3-2)=8
train/85463.jpg,8*(5+7)=96
train/85464.jpg,(0*3)*1=0
train/85465.jpg,3-(7+5)=-9
train/85466.jpg,(8+4)+4=16
train/85467.jpg,(2-8)-3=-9
train/85468.jpg,3+8*3=27
train/85469.jpg,2-9+4=-3
train/85470.jpg,5+(7-6)=6
train/85471.jpg,6*4-5=19
train/85472.jpg,4*(9*2)=72
train/85473.jpg,8*2-2=14
train/85474.jpg,0+(8*8)=64
train/85475.jpg,0+2*9=18
train/85476.jpg,8*8+4=68
train/85477.jpg,7+(5-7)=5
train/85478.jpg,0-(8*2)=-16
train/85479.jpg,4+(3*6)=22
train/85480.jpg,(7*4)*4=112
train/85481.jpg,1+9+3=13
train/85482.jpg,6+(0*6)=6
train/85483.jpg,(7+4)+4=15
train/85484.jpg,7+(5+8)=20
train/85485.jpg,9-4+7=12
train/85486.jpg,9-9*9=-72
train/85487.jpg,(1+4)*8=40
train/85488.jpg,9*(7+6)=117
train/85489.jpg,9*(5-2)=27
train/85490.jpg,(5*6)-2=28
train/85491.jpg,5-5-0=0
train/85492.jpg,(9-1)*0=0
train/85493.jpg,5+5-9=1
train/85494.jpg,(3-2)+9=10
train/85495.jpg,1*6*4=24
train/85496.jpg,8+(2+7)=17
train/85497.jpg,(2+0)-8=-6
train/85498.jpg,5-(8*0)=5
train/85499.jpg,2*9*1=18
train/85500.jpg,(2+4)-2=4
train/85501.jpg,0*(4*9)=0
train/85502.jpg,(0-4)+6=2
train/85503.jpg,6+(5+9)=20
train/85504.jpg,6+4*1=10
train/85505.jpg,8-8-4=-4
train/85506.jpg,8+1-0=9
train/85507.jpg,0-(6-6)=0
train/85508.jpg,1+9*8=73
train/85509.jpg,2*(1-1)=0
train/85510.jpg,0*(3+7)=0
train/85511.jpg,3-5*5=-22
train/85512.jpg,(9*5)+8=53
train/85513.jpg,(1+6)-5=2
train/85514.jpg,(3*8)*0=0
train/85515.jpg,(0-6)+7=1
train/85516.jpg,1+1+8=10
train/85517.jpg,(5*0)+2=2
train/85518.jpg,7-1-5=1
train/85519.jpg,9-1+5=13
train/85520.jpg,0+(1-8)=-7
train/85521.jpg,0*2-0=0
train/85522.jpg,7*4*0=0
train/85523.jpg,(1+4)-1=4
train/85524.jpg,(8+1)-3=6
train/85525.jpg,9*(2*0)=0
train/85526.jpg,3*(4*2)=24
train/85527.jpg,6*2+7=19
train/85528.jpg,9*(2*7)=126
train/85529.jpg,(3-8)*8=-40
train/85530.jpg,9*(0-3)=-27
train/85531.jpg,7*(9-7)=14
train/85532.jpg,1+4+1=6
train/85533.jpg,2+(9+8)=19
train/85534.jpg,(5-0)*0=0
train/85535.jpg,(2+4)*3=18
train/85536.jpg,5-(7+6)=-8
train/85537.jpg,5+8*0=5
train/85538.jpg,8*(2-0)=16
train/85539.jpg,(1+4)-4=1
train/85540.jpg,8+(8-9)=7
train/85541.jpg,3+(8-2)=9
train/85542.jpg,2-5-0=-3
train/85543.jpg,1+(0+2)=3
train/85544.jpg,(6-5)*9=9
train/85545.jpg,(2*8)-8=8
train/85546.jpg,1*1-5=-4
train/85547.jpg,(3+4)*7=49
train/85548.jpg,(0*8)+6=6
train/85549.jpg,(8*7)*1=56
train/85550.jpg,3*0+1=1
train/85551.jpg,0*2+2=2
train/85552.jpg,(4+0)+1=5
train/85553.jpg,(3*8)-2=22
train/85554.jpg,(3-5)-4=-6
train/85555.jpg,(7*9)*2=126
train/85556.jpg,2*(9-7)=4
train/85557.jpg,(9-0)+5=14
train/85558.jpg,8-(5-2)=5
train/85559.jpg,4*(1+2)=12
train/85560.jpg,(3-1)+0=2
train/85561.jpg,1+(0+1)=2
train/85562.jpg,2+1*3=5
train/85563.jpg,(7*9)+6=69
train/85564.jpg,9+3*4=21
train/85565.jpg,7*8+0=56
train/85566.jpg,(0-8)*6=-48
train/85567.jpg,(4+6)*3=30
train/85568.jpg,(0+2)-6=-4
train/85569.jpg,(0+7)+5=12
train/85570.jpg,5*(6+1)=35
train/85571.jpg,4-(9-2)=-3
train/85572.jpg,(2+4)+0=6
train/85573.jpg,0+(1-1)=0
train/85574.jpg,5*(8*3)=120
train/85575.jpg,7-1-5=1
train/85576.jpg,9-(1+2)=6
train/85577.jpg,5+(5-4)=6
train/85578.jpg,3-3+3=3
train/85579.jpg,(8*9)-3=69
train/85580.jpg,(7*2)*4=56
train/85581.jpg,5*(9+8)=85
train/85582.jpg,5+(7+2)=14
train/85583.jpg,(2*9)-9=9
train/85584.jpg,(3-2)+7=8
train/85585.jpg,7+2*7=21
train/85586.jpg,(9*2)*5=90
train/85587.jpg,3-1*6=-3
train/85588.jpg,0-(1-4)=3
train/85589.jpg,2-(3+0)=-1
train/85590.jpg,3+(1*9)=12
train/85591.jpg,(2+6)-4=4
train/85592.jpg,2+0+9=11
train/85593.jpg,(8-8)*1=0
train/85594.jpg,3*4-3=9
train/85595.jpg,(7+0)+1=8
train/85596.jpg,7-4+2=5
train/85597.jpg,(1*2)-2=0
train/85598.jpg,(4+5)*7=63
train/85599.jpg,2*9+4=22
train/85600.jpg,5*0+5=5
train/85601.jpg,0*2-1=-1
train/85602.jpg,6*(3-6)=-18
train/85603.jpg,1*(9+1)=10
train/85604.jpg,1+(3*2)=7
train/85605.jpg,1*(5*1)=5
train/85606.jpg,0*9+6=6
train/85607.jpg,(4+8)*9=108
train/85608.jpg,5*9*2=90
train/85609.jpg,9+7*6=51
train/85610.jpg,(4*5)+5=25
train/85611.jpg,2*9*6=108
train/85612.jpg,3-(0+2)=1
train/85613.jpg,2+(6*5)=32
train/85614.jpg,6-8-8=-10
train/85615.jpg,(6+3)*3=27
train/85616.jpg,9*(2+7)=81
train/85617.jpg,(3+0)-8=-5
train/85618.jpg,8-1*1=7
train/85619.jpg,2-(5+9)=-12
train/85620.jpg,2-7-7=-12
train/85621.jpg,9*2*6=108
train/85622.jpg,(5+4)-8=1
train/85623.jpg,0+0*4=0
train/85624.jpg,(4+2)*1=6
train/85625.jpg,(7*8)+2=58
train/85626.jpg,7+(7*7)=56
train/85627.jpg,(2*8)+4=20
train/85628.jpg,6+(0*1)=6
train/85629.jpg,(3-0)*4=12
train/85630.jpg,(2*8)*7=112
train/85631.jpg,1-4-1=-4
train/85632.jpg,(3+3)-3=3
train/85633.jpg,4-5*7=-31
train/85634.jpg,5-(6*0)=5
train/85635.jpg,6-9+5=2
train/85636.jpg,2*6*2=24
train/85637.jpg,5-2+9=12
train/85638.jpg,5*(0-0)=0
train/85639.jpg,2*(1*1)=2
train/85640.jpg,8-0+7=15
train/85641.jpg,6-7*8=-50
train/85642.jpg,4*9-7=29
train/85643.jpg,6-(2*6)=-6
train/85644.jpg,9*(9*0)=0
train/85645.jpg,(1+2)-3=0
train/85646.jpg,9-(0*7)=9
train/85647.jpg,3-(0-9)=12
train/85648.jpg,(2+8)*6=60
train/85649.jpg,7*(3*5)=105
train/85650.jpg,4-(3-0)=1
train/85651.jpg,5+(7+2)=14
train/85652.jpg,(5-0)+0=5
train/85653.jpg,9*(1-9)=-72
train/85654.jpg,1*(5+9)=14
train/85655.jpg,0*(8+5)=0
train/85656.jpg,3*(3*8)=72
train/85657.jpg,8+(1*5)=13
train/85658.jpg,0*7-3=-3
train/85659.jpg,(6*2)+1=13
train/85660.jpg,(4+7)-6=5
train/85661.jpg,(7+6)+7=20
train/85662.jpg,4*3-2=10
train/85663.jpg,7-0-6=1
train/85664.jpg,4+5*2=14
train/85665.jpg,0-(3+0)=-3
train/85666.jpg,4+(0-1)=3
train/85667.jpg,3+(2+7)=12
train/85668.jpg,2-(2+5)=-5
train/85669.jpg,1+7-9=-1
train/85670.jpg,2+(3*0)=2
train/85671.jpg,0*8+0=0
train/85672.jpg,(1*2)*5=10
train/85673.jpg,(8+4)*9=108
train/85674.jpg,3*7*6=126
train/85675.jpg,4*(6*6)=144
train/85676.jpg,7+(6-1)=12
train/85677.jpg,(9*7)-1=62
train/85678.jpg,5+(5*6)=35
train/85679.jpg,3+(2+2)=7
train/85680.jpg,(5-0)*1=5
train/85681.jpg,(8+7)*4=60
train/85682.jpg,7-0-4=3
train/85683.jpg,(2-3)+7=6
train/85684.jpg,(1-2)*1=-1
train/85685.jpg,3-1-0=2
train/85686.jpg,5+(9*0)=5
train/85687.jpg,8+(7*6)=50
train/85688.jpg,0-6*1=-6
train/85689.jpg,7+0+0=7
train/85690.jpg,(8+2)-9=1
train/85691.jpg,1+(8+8)=17
train/85692.jpg,3+2*3=9
train/85693.jpg,7+(5+4)=16
train/85694.jpg,1+(9+6)=16
train/85695.jpg,7+(0-8)=-1
train/85696.jpg,0+2*6=12
train/85697.jpg,(2-6)+7=3
train/85698.jpg,(0*1)-7=-7
train/85699.jpg,8-(1+0)=7
train/85700.jpg,5*2-3=7
train/85701.jpg,2*(0-9)=-18
train/85702.jpg,3+(6-0)=9
train/85703.jpg,9*1-6=3
train/85704.jpg,2*0*6=0
train/85705.jpg,6*9*1=54
train/85706.jpg,7-9+8=6
train/85707.jpg,(5*4)*6=120
train/85708.jpg,9-1*0=9
train/85709.jpg,2-(6*7)=-40
train/85710.jpg,(2+5)*5=35
train/85711.jpg,0*8+6=6
train/85712.jpg,(0*4)*8=0
train/85713.jpg,8*8*7=448
train/85714.jpg,8-8+5=5
train/85715.jpg,(5*5)-3=22
train/85716.jpg,0-(1*1)=-1
train/85717.jpg,(6-5)-9=-8
train/85718.jpg,(0+7)*4=28
train/85719.jpg,(5-5)*5=0
train/85720.jpg,2-6-9=-13
train/85721.jpg,1-(1*3)=-2
train/85722.jpg,9*7+4=67
train/85723.jpg,(7+8)*3=45
train/85724.jpg,(3*3)+8=17
train/85725.jpg,8-5*0=8
train/85726.jpg,(4+8)-0=12
train/85727.jpg,(5*1)+9=14
train/85728.jpg,8*(8*0)=0
train/85729.jpg,2*(7+7)=28
train/85730.jpg,0+(2-9)=-7
train/85731.jpg,(3*7)-9=12
train/85732.jpg,(5+1)*1=6
train/85733.jpg,(3*7)+4=25
train/85734.jpg,(7+7)+6=20
train/85735.jpg,(9+9)+0=18
train/85736.jpg,1+2*1=3
train/85737.jpg,7+(2+6)=15
train/85738.jpg,0*6*1=0
train/85739.jpg,3+5*2=13
train/85740.jpg,3-(6*5)=-27
train/85741.jpg,1-(8+9)=-16
train/85742.jpg,(4+5)+9=18
train/85743.jpg,8*(5*4)=160
train/85744.jpg,1-(7+7)=-13
train/85745.jpg,8*6*6=288
train/85746.jpg,(0*6)+7=7
train/85747.jpg,4*(7+8)=60
train/85748.jpg,7+4*8=39
train/85749.jpg,9-6*4=-15
train/85750.jpg,8*(8-4)=32
train/85751.jpg,8*7-3=53
train/85752.jpg,2-(6+3)=-7
train/85753.jpg,6-(7+7)=-8
train/85754.jpg,(8+6)*7=98
train/85755.jpg,2+6-7=1
train/85756.jpg,0+(6+7)=13
train/85757.jpg,9*(3+1)=36
train/85758.jpg,6+9+0=15
train/85759.jpg,(2-0)+1=3
train/85760.jpg,(7-4)*1=3
train/85761.jpg,5*(9+5)=70
train/85762.jpg,1*(1*7)=7
train/85763.jpg,(4*9)-7=29
train/85764.jpg,2+(6-3)=5
train/85765.jpg,8+(6+2)=16
train/85766.jpg,(7*4)+2=30
train/85767.jpg,(4+8)*7=84
train/85768.jpg,(7+9)*8=128
train/85769.jpg,(1*6)+7=13
train/85770.jpg,9-(0*4)=9
train/85771.jpg,(5+7)-0=12
train/85772.jpg,(6+0)+0=6
train/85773.jpg,(1-3)+6=4
train/85774.jpg,7*6-0=42
train/85775.jpg,(8+6)+1=15
train/85776.jpg,(2*4)*7=56
train/85777.jpg,0-0-1=-1
train/85778.jpg,2*5*7=70
train/85779.jpg,(5+3)*5=40
train/85780.jpg,(0-0)-6=-6
train/85781.jpg,3*4-4=8
train/85782.jpg,6+(6*3)=24
train/85783.jpg,(1+4)*7=35
train/85784.jpg,3-(4*3)=-9
train/85785.jpg,7+(1*1)=8
train/85786.jpg,(4-7)*6=-18
train/85787.jpg,9*8-8=64
train/85788.jpg,6*(4+7)=66
train/85789.jpg,(8+6)+3=17
train/85790.jpg,8+1*2=10
train/85791.jpg,6*(6-2)=24
train/85792.jpg,(6+5)+7=18
train/85793.jpg,6+(0+9)=15
train/85794.jpg,(9-2)+9=16
train/85795.jpg,0+9*7=63
train/85796.jpg,(9-4)-5=0
train/85797.jpg,4*2-9=-1
train/85798.jpg,2+(2-7)=-3
train/85799.jpg,(2+3)*0=0
train/85800.jpg,4-8-1=-5
train/85801.jpg,9+(5-2)=12
train/85802.jpg,(6*8)-4=44
train/85803.jpg,(4*1)*4=16
train/85804.jpg,5-(3*1)=2
train/85805.jpg,8-2-3=3
train/85806.jpg,(5*1)*8=40
train/85807.jpg,0*(3-3)=0
train/85808.jpg,6-8*0=6
train/85809.jpg,(4*4)-6=10
train/85810.jpg,(5*9)*6=270
train/85811.jpg,5+4-3=6
train/85812.jpg,5+1*0=5
train/85813.jpg,(4*0)*4=0
train/85814.jpg,9-(8*7)=-47
train/85815.jpg,4*3+4=16
train/85816.jpg,4*(3+4)=28
train/85817.jpg,4*7+0=28
train/85818.jpg,5-9+6=2
train/85819.jpg,3-(1-5)=7
train/85820.jpg,3+8+5=16
train/85821.jpg,3-(0+7)=-4
train/85822.jpg,(4-6)-2=-4
train/85823.jpg,5*(0-9)=-45
train/85824.jpg,(9-9)-1=-1
train/85825.jpg,(6+6)-1=11
train/85826.jpg,5-(4-8)=9
train/85827.jpg,(6*0)+3=3
train/85828.jpg,8*6+4=52
train/85829.jpg,9*5+6=51
train/85830.jpg,(7+9)-1=15
train/85831.jpg,2-3-4=-5
train/85832.jpg,9+5+2=16
train/85833.jpg,0-(6-3)=-3
train/85834.jpg,3*(9+5)=42
train/85835.jpg,(8+9)*4=68
train/85836.jpg,4-6*1=-2
train/85837.jpg,5*(5-1)=20
train/85838.jpg,4-(4*4)=-12
train/85839.jpg,6-8-9=-11
train/85840.jpg,(1+6)+4=11
train/85841.jpg,1-8-5=-12
train/85842.jpg,(7+5)-8=4
train/85843.jpg,(4-2)*2=4
train/85844.jpg,(6+1)+4=11
train/85845.jpg,7-(2-3)=8
train/85846.jpg,0*7-8=-8
train/85847.jpg,8-9*1=-1
train/85848.jpg,5-(9*5)=-40
train/85849.jpg,(9+5)+5=19
train/85850.jpg,6+(9+3)=18
train/85851.jpg,4*(1+5)=24
train/85852.jpg,(1+3)*6=24
train/85853.jpg,4+(8-7)=5
train/85854.jpg,(8+5)+2=15
train/85855.jpg,(8+4)*4=48
train/85856.jpg,5+8+5=18
train/85857.jpg,4-8+0=-4
train/85858.jpg,1+(0*8)=1
train/85859.jpg,0-1+1=0
train/85860.jpg,9-(0-4)=13
train/85861.jpg,(6+3)+5=14
train/85862.jpg,4*0+2=2
train/85863.jpg,8*1+1=9
train/85864.jpg,2*5-2=8
train/85865.jpg,8*7+8=64
train/85866.jpg,(4-4)-7=-7
train/85867.jpg,0+(8-5)=3
train/85868.jpg,(5+9)-0=14
train/85869.jpg,(3*9)+7=34
train/85870.jpg,1*1*6=6
train/85871.jpg,(8-3)*2=10
train/85872.jpg,(2*1)*4=8
train/85873.jpg,2-7+6=1
train/85874.jpg,(6+4)+4=14
train/85875.jpg,(0-2)*5=-10
train/85876.jpg,(9-1)-0=8
train/85877.jpg,(5-6)-1=-2
train/85878.jpg,5-3+8=10
train/85879.jpg,4*(2+2)=16
train/85880.jpg,7-(6+6)=-5
train/85881.jpg,(2-3)-2=-3
train/85882.jpg,1*7+4=11
train/85883.jpg,7*5+2=37
train/85884.jpg,9+(4*8)=41
train/85885.jpg,1+8+9=18
train/85886.jpg,3-3*4=-9
train/85887.jpg,5-(8*5)=-35
train/85888.jpg,9+4+6=19
train/85889.jpg,(1-4)+4=1
train/85890.jpg,9+(2*8)=25
train/85891.jpg,(2-3)-2=-3
train/85892.jpg,2+1*1=3
train/85893.jpg,(9-6)*7=21
train/85894.jpg,4*8-9=23
train/85895.jpg,(8-8)*3=0
train/85896.jpg,9*(4*0)=0
train/85897.jpg,2+6-5=3
train/85898.jpg,3+(9-2)=10
train/85899.jpg,0-4*5=-20
train/85900.jpg,(4+4)-6=2
train/85901.jpg,7-9+1=-1
train/85902.jpg,(7-2)-6=-1
train/85903.jpg,9*5*9=405
train/85904.jpg,(8-2)+4=10
train/85905.jpg,(9+2)*5=55
train/85906.jpg,8*(9*5)=360
train/85907.jpg,(7-5)-3=-1
train/85908.jpg,(6*6)*6=216
train/85909.jpg,7-7*0=7
train/85910.jpg,(0-6)*8=-48
train/85911.jpg,(5-9)+1=-3
train/85912.jpg,4+7*7=53
train/85913.jpg,0-(1+0)=-1
train/85914.jpg,4-(1*5)=-1
train/85915.jpg,1-8-7=-14
train/85916.jpg,3+(5+6)=14
train/85917.jpg,7-9*0=7
train/85918.jpg,9*(7*5)=315
train/85919.jpg,(6*0)+4=4
train/85920.jpg,5+1-2=4
train/85921.jpg,(6+7)+5=18
train/85922.jpg,1-1*1=0
train/85923.jpg,1-1*4=-3
train/85924.jpg,1-6-9=-14
train/85925.jpg,(3-8)-7=-12
train/85926.jpg,(6+0)-4=2
train/85927.jpg,1-5+3=-1
train/85928.jpg,(3+6)*3=27
train/85929.jpg,(1+4)*2=10
train/85930.jpg,3+1*7=10
train/85931.jpg,9-5+2=6
train/85932.jpg,(6*3)*1=18
train/85933.jpg,5+5-3=7
train/85934.jpg,5+4*0=5
train/85935.jpg,(1-2)-8=-9
train/85936.jpg,9+6*2=21
train/85937.jpg,6+5+4=15
train/85938.jpg,8+(1*1)=9
train/85939.jpg,1+(7*6)=43
train/85940.jpg,1+(1*8)=9
train/85941.jpg,7*(5-2)=21
train/85942.jpg,(6+4)*7=70
train/85943.jpg,(3+2)*5=25
train/85944.jpg,(3-8)*1=-5
train/85945.jpg,(1-4)-2=-5
train/85946.jpg,3*(4-8)=-12
train/85947.jpg,0*(8*6)=0
train/85948.jpg,(6*2)+8=20
train/85949.jpg,3*7+7=28
train/85950.jpg,0*(9+0)=0
train/85951.jpg,(9-7)+4=6
train/85952.jpg,(0*0)-2=-2
train/85953.jpg,1-(1*6)=-5
train/85954.jpg,(1*2)*7=14
train/85955.jpg,(5-7)+2=0
train/85956.jpg,9*4-3=33
train/85957.jpg,4*(7+9)=64
train/85958.jpg,2-4-8=-10
train/85959.jpg,2-(0*9)=2
train/85960.jpg,4*1+4=8
train/85961.jpg,1+(8*6)=49
train/85962.jpg,(5-8)*1=-3
train/85963.jpg,(1*6)+6=12
train/85964.jpg,4-(9+3)=-8
train/85965.jpg,2*(3*2)=12
train/85966.jpg,0*7*1=0
train/85967.jpg,4*(5*2)=40
train/85968.jpg,8-(3*4)=-4
train/85969.jpg,(7-3)+3=7
train/85970.jpg,(1*7)-4=3
train/85971.jpg,3-6-0=-3
train/85972.jpg,1+3*7=22
train/85973.jpg,1+5+4=10
train/85974.jpg,1+(0-5)=-4
train/85975.jpg,(8-3)+3=8
train/85976.jpg,(5*9)*1=45
train/85977.jpg,(7-9)-1=-3
train/85978.jpg,3-9*1=-6
train/85979.jpg,3+(3+9)=15
train/85980.jpg,2*(8-5)=6
train/85981.jpg,0-5*6=-30
train/85982.jpg,6-(1-7)=12
train/85983.jpg,2+9*2=20
train/85984.jpg,7-2-8=-3
train/85985.jpg,(2*8)-0=16
train/85986.jpg,(4-2)*5=10
train/85987.jpg,(0-7)+6=-1
train/85988.jpg,(7-7)+4=4
train/85989.jpg,3+3+6=12
train/85990.jpg,4-0-8=-4
train/85991.jpg,1-(2-4)=3
train/85992.jpg,(4+2)-7=-1
train/85993.jpg,0*4-2=-2
train/85994.jpg,(4-1)*1=3
train/85995.jpg,(1*3)*6=18
train/85996.jpg,8+(9+3)=20
train/85997.jpg,2+(4+5)=11
train/85998.jpg,3*1+5=8
train/85999.jpg,(4+4)*5=40
train/86000.jpg,(5+5)-2=8
train/86001.jpg,5+2+3=10
train/86002.jpg,4*0*8=0
train/86003.jpg,1-0+0=1
train/86004.jpg,0*(0+0)=0
train/86005.jpg,4-7-9=-12
train/86006.jpg,8+6-0=14
train/86007.jpg,7+0+8=15
train/86008.jpg,7+1*6=13
train/86009.jpg,6-(1+7)=-2
train/86010.jpg,4*(8*7)=224
train/86011.jpg,1+4+4=9
train/86012.jpg,0*5+0=0
train/86013.jpg,(0+2)*8=16
train/86014.jpg,(5+0)*2=10
train/86015.jpg,5*9-5=40
train/86016.jpg,9*2*4=72
train/86017.jpg,2+(9*0)=2
train/86018.jpg,(9-5)+7=11
train/86019.jpg,9+(3*5)=24
train/86020.jpg,8+6*0=8
train/86021.jpg,(6*6)+0=36
train/86022.jpg,2*2*2=8
train/86023.jpg,(8*2)*4=64
train/86024.jpg,3-(7*5)=-32
train/86025.jpg,0-(3-1)=-2
train/86026.jpg,(0-3)+5=2
train/86027.jpg,(4+9)-2=11
train/86028.jpg,4+2*0=4
train/86029.jpg,8+(4+7)=19
train/86030.jpg,(0-9)-7=-16
train/86031.jpg,8+(1*2)=10
train/86032.jpg,(7-6)*9=9
train/86033.jpg,(9*5)-2=43
train/86034.jpg,4+(1-0)=5
train/86035.jpg,3-(9-1)=-5
train/86036.jpg,9+(3*3)=18
train/86037.jpg,5*(8-2)=30
train/86038.jpg,(8+4)-7=5
train/86039.jpg,4-0+6=10
train/86040.jpg,(1*2)*6=12
train/86041.jpg,1-0*9=1
train/86042.jpg,(6*0)+1=1
train/86043.jpg,6+(2*2)=10
train/86044.jpg,6+2*9=24
train/86045.jpg,7-(5-0)=2
train/86046.jpg,8*5+3=43
train/86047.jpg,2-1+5=6
train/86048.jpg,8*(5-4)=8
train/86049.jpg,(2*3)+5=11
train/86050.jpg,(7+5)-4=8
train/86051.jpg,4-(2+1)=1
train/86052.jpg,5+4*6=29
train/86053.jpg,3*(4+6)=30
train/86054.jpg,2+6-5=3
train/86055.jpg,(7-8)-1=-2
train/86056.jpg,4+8*8=68
train/86057.jpg,(7-3)-3=1
train/86058.jpg,1-0-5=-4
train/86059.jpg,5*8*9=360
train/86060.jpg,(4*2)-5=3
train/86061.jpg,(8+2)*1=10
train/86062.jpg,(7+9)+5=21
train/86063.jpg,(4+2)*3=18
train/86064.jpg,7-(8-5)=4
train/86065.jpg,6-(4-7)=9
train/86066.jpg,0*(1*0)=0
train/86067.jpg,8*7*3=168
train/86068.jpg,4*7*2=56
train/86069.jpg,(3*4)*1=12
train/86070.jpg,(5-7)*8=-16
train/86071.jpg,(1-8)-4=-11
train/86072.jpg,(3+9)+0=12
train/86073.jpg,6*(1-9)=-48
train/86074.jpg,(9-5)+7=11
train/86075.jpg,5-0+3=8
train/86076.jpg,6+7*2=20
train/86077.jpg,9+3-6=6
train/86078.jpg,(4-5)*8=-8
train/86079.jpg,5+(9-0)=14
train/86080.jpg,0*6-4=-4
train/86081.jpg,7+0+0=7
train/86082.jpg,(1+3)*3=12
train/86083.jpg,(3*0)+2=2
train/86084.jpg,7*5-5=30
train/86085.jpg,3+5*7=38
train/86086.jpg,(3+3)+9=15
train/86087.jpg,2*(0*8)=0
train/86088.jpg,1-2+9=8
train/86089.jpg,8+(7*0)=8
train/86090.jpg,7+5+3=15
train/86091.jpg,6+(2+4)=12
train/86092.jpg,9+(2-2)=9
train/86093.jpg,8*2-0=16
train/86094.jpg,3*(2+3)=15
train/86095.jpg,3-3-5=-5
train/86096.jpg,7*(1-2)=-7
train/86097.jpg,6-1*1=5
train/86098.jpg,(4-5)-5=-6
train/86099.jpg,(7-7)+7=7
train/86100.jpg,4-(9+9)=-14
train/86101.jpg,1*(2*0)=0
train/86102.jpg,4+(0-4)=0
train/86103.jpg,2-2+9=9
train/86104.jpg,(1-9)*7=-56
train/86105.jpg,3+2-7=-2
train/86106.jpg,3+1-9=-5
train/86107.jpg,7*9-0=63
train/86108.jpg,3-(1-3)=5
train/86109.jpg,2+(7+6)=15
train/86110.jpg,7*(0*1)=0
train/86111.jpg,(1-7)*4=-24
train/86112.jpg,0-6-7=-13
train/86113.jpg,1-3-3=-5
train/86114.jpg,2-(8+8)=-14
train/86115.jpg,1-3+9=7
train/86116.jpg,3*(3+9)=36
train/86117.jpg,(7+5)+6=18
train/86118.jpg,(7-7)+1=1
train/86119.jpg,7-9+0=-2
train/86120.jpg,9+4+5=18
train/86121.jpg,9-(0*1)=9
train/86122.jpg,0+7*9=63
train/86123.jpg,9*6*1=54
train/86124.jpg,(6+0)-7=-1
train/86125.jpg,(4+6)*8=80
train/86126.jpg,5-3*1=2
train/86127.jpg,7-(5-1)=3
train/86128.jpg,3*(9*2)=54
train/86129.jpg,4*2+4=12
train/86130.jpg,9*(7*8)=504
train/86131.jpg,(8*6)-1=47
train/86132.jpg,0*8*2=0
train/86133.jpg,0-(9+0)=-9
train/86134.jpg,(6*3)*6=108
train/86135.jpg,3*(1*7)=21
train/86136.jpg,5*8-8=32
train/86137.jpg,4*(0+2)=8
train/86138.jpg,(7-9)-7=-9
train/86139.jpg,3+(0*7)=3
train/86140.jpg,9-6-1=2
train/86141.jpg,(7*5)*2=70
train/86142.jpg,(5-4)+5=6
train/86143.jpg,8+(8+5)=21
train/86144.jpg,0+5-7=-2
train/86145.jpg,7+1*6=13
train/86146.jpg,6*1*1=6
train/86147.jpg,5-2-2=1
train/86148.jpg,(0+4)+6=10
train/86149.jpg,(6*6)*1=36
train/86150.jpg,6-8+9=7
train/86151.jpg,0*(2-8)=0
train/86152.jpg,(4*8)*9=288
train/86153.jpg,6-(7*4)=-22
train/86154.jpg,2+(6-8)=0
train/86155.jpg,1*2*3=6
train/86156.jpg,2+(3-0)=5
train/86157.jpg,0-(5+3)=-8
train/86158.jpg,(6*3)*2=36
train/86159.jpg,3+(2+8)=13
train/86160.jpg,(5*2)+0=10
train/86161.jpg,4*4-7=9
train/86162.jpg,8+2-4=6
train/86163.jpg,(9-3)-6=0
train/86164.jpg,3*4*6=72
train/86165.jpg,3-1*7=-4
train/86166.jpg,3*2+3=9
train/86167.jpg,(5-3)*8=16
train/86168.jpg,9-4-3=2
train/86169.jpg,(9*6)-1=53
train/86170.jpg,2*4*4=32
train/86171.jpg,2-6*4=-22
train/86172.jpg,6+6*6=42
train/86173.jpg,9+4-4=9
train/86174.jpg,9-3+3=9
train/86175.jpg,5+5*4=25
train/86176.jpg,(8+7)*5=75
train/86177.jpg,9+0*4=9
train/86178.jpg,3+(5*2)=13
train/86179.jpg,8-3*0=8
train/86180.jpg,(7*3)*1=21
train/86181.jpg,4+(4-0)=8
train/86182.jpg,2+2+0=4
train/86183.jpg,9-(1*6)=3
train/86184.jpg,(9*4)*2=72
train/86185.jpg,0+(3*2)=6
train/86186.jpg,(1+0)-6=-5
train/86187.jpg,3*(5-7)=-6
train/86188.jpg,2+(1*7)=9
train/86189.jpg,0+(1*3)=3
train/86190.jpg,(5-6)-9=-10
train/86191.jpg,5-0*0=5
train/86192.jpg,(8+4)-7=5
train/86193.jpg,4-(6-9)=7
train/86194.jpg,5-3+6=8
train/86195.jpg,2*3*7=42
train/86196.jpg,5*(3*7)=105
train/86197.jpg,(6+2)-5=3
train/86198.jpg,(6*4)*2=48
train/86199.jpg,0+(0*0)=0
train/86200.jpg,6-(0-6)=12
train/86201.jpg,(1*0)-7=-7
train/86202.jpg,9*6-1=53
train/86203.jpg,8-(0-5)=13
train/86204.jpg,4-6*0=4
train/86205.jpg,8+5-0=13
train/86206.jpg,(6-0)-3=3
train/86207.jpg,(9-1)+7=15
train/86208.jpg,0-(5+1)=-6
train/86209.jpg,(4-6)*7=-14
train/86210.jpg,6-(1+9)=-4
train/86211.jpg,(7*0)-7=-7
train/86212.jpg,0*(8-3)=0
train/86213.jpg,1+7-3=5
train/86214.jpg,0-(4+8)=-12
train/86215.jpg,(3+3)+0=6
train/86216.jpg,5+(7-6)=6
train/86217.jpg,7+5-6=6
train/86218.jpg,0*(2*1)=0
train/86219.jpg,0*7+4=4
train/86220.jpg,4-4*0=4
train/86221.jpg,(2*0)*9=0
train/86222.jpg,(5-1)+2=6
train/86223.jpg,6-6+3=3
train/86224.jpg,3+1-3=1
train/86225.jpg,6-(5-3)=4
train/86226.jpg,8*7+6=62
train/86227.jpg,(0-4)*7=-28
train/86228.jpg,9+1-2=8
train/86229.jpg,(3-4)-6=-7
train/86230.jpg,(3*9)*7=189
train/86231.jpg,9+(8+0)=17
train/86232.jpg,1-8-1=-8
train/86233.jpg,(8+1)-2=7
train/86234.jpg,5*5-4=21
train/86235.jpg,3+6-4=5
train/86236.jpg,(1-4)*4=-12
train/86237.jpg,(9-6)+5=8
train/86238.jpg,0*(9*3)=0
train/86239.jpg,7-8+4=3
train/86240.jpg,(2*2)+9=13
train/86241.jpg,4*5*7=140
train/86242.jpg,3*8*7=168
train/86243.jpg,(2*9)+0=18
train/86244.jpg,7-(6-9)=10
train/86245.jpg,(6+0)*9=54
train/86246.jpg,8*(4+3)=56
train/86247.jpg,2-(2*5)=-8
train/86248.jpg,7+(4+0)=11
train/86249.jpg,(9+4)-1=12
train/86250.jpg,9*9+5=86
train/86251.jpg,4+2-4=2
train/86252.jpg,(1-0)-3=-2
train/86253.jpg,6*0*3=0
train/86254.jpg,0-7+4=-3
train/86255.jpg,(8+3)-9=2
train/86256.jpg,(5-8)+8=5
train/86257.jpg,(4-0)+1=5
train/86258.jpg,(0-4)*0=0
train/86259.jpg,(7*4)-5=23
train/86260.jpg,0*8+2=2
train/86261.jpg,(3-6)+8=5
train/86262.jpg,3*(2+6)=24
train/86263.jpg,(8*6)*9=432
train/86264.jpg,3+0-8=-5
train/86265.jpg,7*9+0=63
train/86266.jpg,9*(8*2)=144
train/86267.jpg,0-(3-2)=-1
train/86268.jpg,7+(5*9)=52
train/86269.jpg,6-7-3=-4
train/86270.jpg,5*7+2=37
train/86271.jpg,4*0+6=6
train/86272.jpg,5+6-4=7
train/86273.jpg,(6-5)*8=8
train/86274.jpg,(5*8)+1=41
train/86275.jpg,(4+1)-5=0
train/86276.jpg,(2+5)+3=10
train/86277.jpg,(1*4)*1=4
train/86278.jpg,9-(9-7)=7
train/86279.jpg,6*4*7=168
train/86280.jpg,8-2-0=6
train/86281.jpg,5+1-6=0
train/86282.jpg,9-(5-8)=12
train/86283.jpg,9+(2+7)=18
train/86284.jpg,(0*9)-2=-2
train/86285.jpg,6-8*3=-18
train/86286.jpg,1-(7-5)=-1
train/86287.jpg,5+(6+2)=13
train/86288.jpg,1*(7-1)=6
train/86289.jpg,6*(4*1)=24
train/86290.jpg,2+8-8=2
train/86291.jpg,3-(5+0)=-2
train/86292.jpg,0*(5+3)=0
train/86293.jpg,7+0+3=10
train/86294.jpg,1*3*9=27
train/86295.jpg,(1*0)*5=0
train/86296.jpg,7+8-8=7
train/86297.jpg,7+7-8=6
train/86298.jpg,9*1-4=5
train/86299.jpg,1*9+9=18
train/86300.jpg,(8+1)-6=3
train/86301.jpg,3+(7+7)=17
train/86302.jpg,(0-0)-9=-9
train/86303.jpg,8*(3+2)=40
train/86304.jpg,(9*0)-5=-5
train/86305.jpg,8*6+1=49
train/86306.jpg,7+(6+3)=16
train/86307.jpg,(4*3)+3=15
train/86308.jpg,2-(8*9)=-70
train/86309.jpg,(0*4)*8=0
train/86310.jpg,8-6*9=-46
train/86311.jpg,0*3+0=0
train/86312.jpg,2*(4*9)=72
train/86313.jpg,(6*8)-0=48
train/86314.jpg,0*0-8=-8
train/86315.jpg,8-(1-5)=12
train/86316.jpg,(4+7)*3=33
train/86317.jpg,(3+2)+9=14
train/86318.jpg,(4-0)+8=12
train/86319.jpg,0-7*0=0
train/86320.jpg,(7-8)*5=-5
train/86321.jpg,6+4*8=38
train/86322.jpg,(5-7)+2=0
train/86323.jpg,4+(9+4)=17
train/86324.jpg,(4*3)*3=36
train/86325.jpg,(4*6)*3=72
train/86326.jpg,(8+7)+7=22
train/86327.jpg,8+7-9=6
train/86328.jpg,(5+8)-1=12
train/86329.jpg,5+(8-3)=10
train/86330.jpg,2-3*0=2
train/86331.jpg,3+1-4=0
train/86332.jpg,7-(8-0)=-1
train/86333.jpg,(4-2)+5=7
train/86334.jpg,4-9-3=-8
train/86335.jpg,(6-7)+0=-1
train/86336.jpg,8+3-3=8
train/86337.jpg,(3*0)-6=-6
train/86338.jpg,(8*6)*8=384
train/86339.jpg,(2*1)+1=3
train/86340.jpg,3*(6*8)=144
train/86341.jpg,2-9+5=-2
train/86342.jpg,7-4-9=-6
train/86343.jpg,0-7-1=-8
train/86344.jpg,5*1+8=13
train/86345.jpg,0*4-1=-1
train/86346.jpg,1-(8-5)=-2
train/86347.jpg,(4*7)-0=28
train/86348.jpg,1-(2-5)=4
train/86349.jpg,(5-2)+3=6
train/86350.jpg,(3*9)-4=23
train/86351.jpg,4+(2*6)=16
train/86352.jpg,2-5+7=4
train/86353.jpg,5-9+5=1
train/86354.jpg,(5*6)-3=27
train/86355.jpg,8*(0-1)=-8
train/86356.jpg,(5-7)*1=-2
train/86357.jpg,(8+4)*6=72
train/86358.jpg,7-(9*3)=-20
train/86359.jpg,9+(8*7)=65
train/86360.jpg,1+3*7=22
train/86361.jpg,2*5-9=1
train/86362.jpg,1+(4*7)=29
train/86363.jpg,9-(2-1)=8
train/86364.jpg,(9-7)+5=7
train/86365.jpg,(5+2)+8=15
train/86366.jpg,(0-7)*3=-21
train/86367.jpg,9+3*5=24
train/86368.jpg,1+9*4=37
train/86369.jpg,2-6+6=2
train/86370.jpg,(9-4)-2=3
train/86371.jpg,6+7*9=69
train/86372.jpg,7*(8+0)=56
train/86373.jpg,2*6-7=5
train/86374.jpg,(7*7)*9=441
train/86375.jpg,3+3+3=9
train/86376.jpg,1-7*5=-34
train/86377.jpg,3*0+7=7
train/86378.jpg,(5*7)+1=36
train/86379.jpg,0*(4+6)=0
train/86380.jpg,1*3-6=-3
train/86381.jpg,(7*6)-3=39
train/86382.jpg,6+8+2=16
train/86383.jpg,4*(1*2)=8
train/86384.jpg,(0*0)-0=0
train/86385.jpg,(6+5)+1=12
train/86386.jpg,(5+5)*4=40
train/86387.jpg,(0-8)-6=-14
train/86388.jpg,5*3+9=24
train/86389.jpg,0-6-7=-13
train/86390.jpg,3*6+1=19
train/86391.jpg,(1*2)+6=8
train/86392.jpg,4*(1*0)=0
train/86393.jpg,(9+8)*9=153
train/86394.jpg,1-(2+4)=-5
train/86395.jpg,6+6-5=7
train/86396.jpg,1*9*9=81
train/86397.jpg,(1+4)*2=10
train/86398.jpg,6-9*4=-30
train/86399.jpg,(2-7)+6=1
train/86400.jpg,1*(0+8)=8
train/86401.jpg,2-0-7=-5
train/86402.jpg,7+0*2=7
train/86403.jpg,(8*3)+3=27
train/86404.jpg,1-(7*7)=-48
train/86405.jpg,(2*6)+4=16
train/86406.jpg,(9+1)+4=14
train/86407.jpg,9*0*6=0
train/86408.jpg,(3+9)+3=15
train/86409.jpg,(1+9)+6=16
train/86410.jpg,0+5-9=-4
train/86411.jpg,(6+7)*7=91
train/86412.jpg,(8*5)*4=160
train/86413.jpg,4*(9*0)=0
train/86414.jpg,(1-6)+7=2
train/86415.jpg,7-7-7=-7
train/86416.jpg,2*(7*1)=14
train/86417.jpg,8*1*2=16
train/86418.jpg,2-(6*1)=-4
train/86419.jpg,5+8-0=13
train/86420.jpg,3+8-6=5
train/86421.jpg,5+0*1=5
train/86422.jpg,1*(8*8)=64
train/86423.jpg,(1+1)-5=-3
train/86424.jpg,(4+3)+3=10
train/86425.jpg,(7-2)+5=10
train/86426.jpg,1-0-1=0
train/86427.jpg,(4*8)*9=288
train/86428.jpg,(9+8)*5=85
train/86429.jpg,2*3*2=12
train/86430.jpg,(7+8)+4=19
train/86431.jpg,0-(6+4)=-10
train/86432.jpg,5+3-6=2
train/86433.jpg,(0-5)+3=-2
train/86434.jpg,4+(6-1)=9
train/86435.jpg,4-4*9=-32
train/86436.jpg,9+(1-1)=9
train/86437.jpg,4*9*8=288
train/86438.jpg,0-(2-9)=7
train/86439.jpg,(4*9)+6=42
train/86440.jpg,2*6-6=6
train/86441.jpg,(0+5)*3=15
train/86442.jpg,0+(2*9)=18
train/86443.jpg,(0*8)-9=-9
train/86444.jpg,2*6*5=60
train/86445.jpg,(2*8)+2=18
train/86446.jpg,9+(2-2)=9
train/86447.jpg,(0*7)-2=-2
train/86448.jpg,(7*6)-1=41
train/86449.jpg,(5*4)*8=160
train/86450.jpg,8+(4-0)=12
train/86451.jpg,8-(3+2)=3
train/86452.jpg,(1+5)-5=1
train/86453.jpg,7+(7-9)=5
train/86454.jpg,0*(3+7)=0
train/86455.jpg,(3*3)+6=15
train/86456.jpg,1+(2+7)=10
train/86457.jpg,9-0-4=5
train/86458.jpg,6+5*2=16
train/86459.jpg,(8-1)+2=9
train/86460.jpg,(8+5)*4=52
train/86461.jpg,1+(9-4)=6
train/86462.jpg,(8*6)-2=46
train/86463.jpg,5-(3+7)=-5
train/86464.jpg,(5*0)-1=-1
train/86465.jpg,0+4+6=10
train/86466.jpg,(3+9)+6=18
train/86467.jpg,4-(5+0)=-1
train/86468.jpg,8*(2*7)=112
train/86469.jpg,7-(8-9)=8
train/86470.jpg,(4+3)*7=49
train/86471.jpg,6*(8-2)=36
train/86472.jpg,6-0-3=3
train/86473.jpg,9+(0-4)=5
train/86474.jpg,(0-2)-2=-4
train/86475.jpg,7-1-5=1
train/86476.jpg,(3+9)+0=12
train/86477.jpg,0+7*5=35
train/86478.jpg,0*4+8=8
train/86479.jpg,9*(9-0)=81
train/86480.jpg,(4*9)-6=30
train/86481.jpg,7-(5-2)=4
train/86482.jpg,5*5-2=23
train/86483.jpg,1+9*6=55
train/86484.jpg,1-4*9=-35
train/86485.jpg,7+0+4=11
train/86486.jpg,(1*8)-5=3
train/86487.jpg,(2+8)*6=60
train/86488.jpg,3*(1+3)=12
train/86489.jpg,8-9+0=-1
train/86490.jpg,(7*7)+3=52
train/86491.jpg,4*(4+6)=40
train/86492.jpg,(6*8)+6=54
train/86493.jpg,3*5*1=15
train/86494.jpg,1-9*3=-26
train/86495.jpg,7*(1*8)=56
train/86496.jpg,5*(4+6)=50
train/86497.jpg,(2-8)+0=-6
train/86498.jpg,(6*0)*0=0
train/86499.jpg,(2-1)-8=-7
train/86500.jpg,1-5+6=2
train/86501.jpg,2+(0+5)=7
train/86502.jpg,8+(6*0)=8
train/86503.jpg,1+8-9=0
train/86504.jpg,(3-6)-6=-9
train/86505.jpg,1*(1+5)=6
train/86506.jpg,0-(0+6)=-6
train/86507.jpg,4*2-8=0
train/86508.jpg,5-9*1=-4
train/86509.jpg,(4-7)*0=0
train/86510.jpg,(6*6)*0=0
train/86511.jpg,(4*0)*9=0
train/86512.jpg,4+(4*1)=8
train/86513.jpg,(7+7)-2=12
train/86514.jpg,(5*0)-4=-4
train/86515.jpg,6*(6-3)=18
train/86516.jpg,1-(7-3)=-3
train/86517.jpg,3-(5*1)=-2
train/86518.jpg,8*2+2=18
train/86519.jpg,(7-7)*9=0
train/86520.jpg,4*3+5=17
train/86521.jpg,5+1+5=11
train/86522.jpg,(5+2)*3=21
train/86523.jpg,(1*0)+8=8
train/86524.jpg,7-2*3=1
train/86525.jpg,5*2*3=30
train/86526.jpg,(5-3)+3=5
train/86527.jpg,1-6*5=-29
train/86528.jpg,(0*6)*7=0
train/86529.jpg,0+(9*3)=27
train/86530.jpg,(9+7)-9=7
train/86531.jpg,7-(8+6)=-7
train/86532.jpg,8-2-2=4
train/86533.jpg,(0+0)+0=0
train/86534.jpg,(8-9)*6=-6
train/86535.jpg,7*(4+8)=84
train/86536.jpg,(3+5)*8=64
train/86537.jpg,1*1*9=9
train/86538.jpg,0-(5+7)=-12
train/86539.jpg,1*(2+1)=3
train/86540.jpg,4*(9*4)=144
train/86541.jpg,6*(2+1)=18
train/86542.jpg,5-(6*8)=-43
train/86543.jpg,(5*5)-2=23
train/86544.jpg,6-(5+3)=-2
train/86545.jpg,2*3+2=8
train/86546.jpg,4*(1*2)=8
train/86547.jpg,(2+9)-7=4
train/86548.jpg,6+(2*6)=18
train/86549.jpg,(6+7)-9=4
train/86550.jpg,(7*8)-2=54
train/86551.jpg,3*(8-6)=6
train/86552.jpg,1*0-1=-1
train/86553.jpg,6+(7+5)=18
train/86554.jpg,9*(5+3)=72
train/86555.jpg,1*(8*3)=24
train/86556.jpg,(3-8)+2=-3
train/86557.jpg,0+(8*4)=32
train/86558.jpg,1-(1*7)=-6
train/86559.jpg,4*(6+0)=24
train/86560.jpg,(1-3)+7=5
train/86561.jpg,(2*8)+0=16
train/86562.jpg,5-0*7=5
train/86563.jpg,6+8*9=78
train/86564.jpg,(3+3)+0=6
train/86565.jpg,2+(3-8)=-3
train/86566.jpg,(9*0)*8=0
train/86567.jpg,4*(2-0)=8
train/86568.jpg,0-8+0=-8
train/86569.jpg,2-(1+7)=-6
train/86570.jpg,3*(7+6)=39
train/86571.jpg,0+5*3=15
train/86572.jpg,2*3+5=11
train/86573.jpg,9+7+2=18
train/86574.jpg,4+(7+1)=12
train/86575.jpg,9-(2-5)=12
train/86576.jpg,3+0-0=3
train/86577.jpg,(1-0)-6=-5
train/86578.jpg,1*(5*7)=35
train/86579.jpg,6*1*1=6
train/86580.jpg,1+7*9=64
train/86581.jpg,0-(4-3)=-1
train/86582.jpg,3-(5*4)=-17
train/86583.jpg,(6*6)-8=28
train/86584.jpg,(7-4)-6=-3
train/86585.jpg,3-4-0=-1
train/86586.jpg,2*(7*0)=0
train/86587.jpg,5-0*7=5
train/86588.jpg,0+(1+1)=2
train/86589.jpg,(1-5)+5=1
train/86590.jpg,6+(3*2)=12
train/86591.jpg,6*6+2=38
train/86592.jpg,4+7*3=25
train/86593.jpg,7*8*4=224
train/86594.jpg,9+(2*5)=19
train/86595.jpg,(4*1)*5=20
train/86596.jpg,0+(3-3)=0
train/86597.jpg,6*1-1=5
train/86598.jpg,(7*9)*6=378
train/86599.jpg,0+8*4=32
train/86600.jpg,(5+3)*0=0
train/86601.jpg,2+(4+2)=8
train/86602.jpg,(1-6)+7=2
train/86603.jpg,7+(7-6)=8
train/86604.jpg,6*(5*0)=0
train/86605.jpg,8-(7+4)=-3
train/86606.jpg,(6+1)-4=3
train/86607.jpg,5+1*4=9
train/86608.jpg,6+7+1=14
train/86609.jpg,(8+4)-3=9
train/86610.jpg,(2*8)+4=20
train/86611.jpg,(2-3)*3=-3
train/86612.jpg,5-8-6=-9
train/86613.jpg,9*5+4=49
train/86614.jpg,7+9*0=7
train/86615.jpg,6*7-5=37
train/86616.jpg,0*4+6=6
train/86617.jpg,6+8-5=9
train/86618.jpg,1-(5*9)=-44
train/86619.jpg,(8+3)*7=77
train/86620.jpg,(9*7)-0=63
train/86621.jpg,(9*8)-7=65
train/86622.jpg,2+(3+9)=14
train/86623.jpg,(0*3)*9=0
train/86624.jpg,1*(5-7)=-2
train/86625.jpg,5-(2-1)=4
train/86626.jpg,7+(9+1)=17
train/86627.jpg,(9+3)+4=16
train/86628.jpg,(0-7)*6=-42
train/86629.jpg,6-3-5=-2
train/86630.jpg,1-(3+4)=-6
train/86631.jpg,1*(9+6)=15
train/86632.jpg,(8+3)*9=99
train/86633.jpg,(2+5)*3=21
train/86634.jpg,(0-2)-0=-2
train/86635.jpg,7+9+5=21
train/86636.jpg,1+(5*4)=21
train/86637.jpg,(8+9)*0=0
train/86638.jpg,(8-4)*6=24
train/86639.jpg,0*8-2=-2
train/86640.jpg,(8+8)+1=17
train/86641.jpg,3-3*5=-12
train/86642.jpg,9+8+3=20
train/86643.jpg,0+9-0=9
train/86644.jpg,7+9+0=16
train/86645.jpg,6-(2*8)=-10
train/86646.jpg,(4-5)*5=-5
train/86647.jpg,1*9-0=9
train/86648.jpg,1*(7-1)=6
train/86649.jpg,(5*6)*2=60
train/86650.jpg,(6-0)*3=18
train/86651.jpg,7-9*8=-65
train/86652.jpg,(2+8)+2=12
train/86653.jpg,2+(9*6)=56
train/86654.jpg,1+(8-4)=5
train/86655.jpg,(8+7)-6=9
train/86656.jpg,1-4-0=-3
train/86657.jpg,5+9-0=14
train/86658.jpg,(9-3)*4=24
train/86659.jpg,(2*0)-9=-9
train/86660.jpg,1*8-3=5
train/86661.jpg,2+(7*6)=44
train/86662.jpg,1-(2-1)=0
train/86663.jpg,0*8*3=0
train/86664.jpg,2+4*1=6
train/86665.jpg,9-(6*5)=-21
train/86666.jpg,4*(5+3)=32
train/86667.jpg,(8-1)-6=1
train/86668.jpg,(4+2)-7=-1
train/86669.jpg,(6-9)*9=-27
train/86670.jpg,2-0-7=-5
train/86671.jpg,0-(7*2)=-14
train/86672.jpg,6+(8-5)=9
train/86673.jpg,(2*2)*4=16
train/86674.jpg,(7*5)*2=70
train/86675.jpg,5+9+8=22
train/86676.jpg,(8*2)-1=15
train/86677.jpg,7-(6-2)=3
train/86678.jpg,2*(5*9)=90
train/86679.jpg,8-(1-7)=14
train/86680.jpg,(0+6)-9=-3
train/86681.jpg,8*(0-3)=-24
train/86682.jpg,2-(4-8)=6
train/86683.jpg,8+9-2=15
train/86684.jpg,5*(0*1)=0
train/86685.jpg,2-5*6=-28
train/86686.jpg,6+1*8=14
train/86687.jpg,(9-5)-5=-1
train/86688.jpg,6+(7*9)=69
train/86689.jpg,4+(5*7)=39
train/86690.jpg,8*8*3=192
train/86691.jpg,6*3+0=18
train/86692.jpg,4*(1+9)=40
train/86693.jpg,(9+7)*8=128
train/86694.jpg,(0+6)-3=3
train/86695.jpg,8+(8*2)=24
train/86696.jpg,5+(9*7)=68
train/86697.jpg,(5*3)-8=7
train/86698.jpg,6*1*4=24
train/86699.jpg,4+9-9=4
train/86700.jpg,7+6-1=12
train/86701.jpg,1*(8*5)=40
train/86702.jpg,(6+2)-4=4
train/86703.jpg,6*(6+7)=78
train/86704.jpg,7-(2-7)=12
train/86705.jpg,1*7*0=0
train/86706.jpg,3+(3-9)=-3
train/86707.jpg,3-(1*1)=2
train/86708.jpg,6-6-8=-8
train/86709.jpg,6*(4+8)=72
train/86710.jpg,4-(0-0)=4
train/86711.jpg,(0*1)*5=0
train/86712.jpg,6-(8-4)=2
train/86713.jpg,(5+1)+5=11
train/86714.jpg,(6*9)+7=61
train/86715.jpg,8-(6*9)=-46
train/86716.jpg,2-(8*3)=-22
train/86717.jpg,(0*5)*7=0
train/86718.jpg,(6-8)*8=-16
train/86719.jpg,(0+5)-6=-1
train/86720.jpg,(9*0)-9=-9
train/86721.jpg,(4*0)-4=-4
train/86722.jpg,6+4*2=14
train/86723.jpg,0-(0*6)=0
train/86724.jpg,4+(8-1)=11
train/86725.jpg,0*0*4=0
train/86726.jpg,(1*8)-4=4
train/86727.jpg,4+8*7=60
train/86728.jpg,(8*0)+8=8
train/86729.jpg,8*1+6=14
train/86730.jpg,4+6+2=12
train/86731.jpg,3+2-3=2
train/86732.jpg,6*(5*7)=210
train/86733.jpg,(7+1)-6=2
train/86734.jpg,2+(4*7)=30
train/86735.jpg,(1+5)+1=7
train/86736.jpg,7*5+0=35
train/86737.jpg,0+5-6=-1
train/86738.jpg,(7*1)+7=14
train/86739.jpg,9+(6*7)=51
train/86740.jpg,0-3+8=5
train/86741.jpg,(9*5)+9=54
train/86742.jpg,5+(0*9)=5
train/86743.jpg,(2+2)-4=0
train/86744.jpg,6*(0-1)=-6
train/86745.jpg,(1+8)+0=9
train/86746.jpg,(4+0)+9=13
train/86747.jpg,(6*0)*2=0
train/86748.jpg,5+(8*9)=77
train/86749.jpg,(3+0)*0=0
train/86750.jpg,(7*3)-4=17
train/86751.jpg,3+(6+4)=13
train/86752.jpg,7+2+4=13
train/86753.jpg,5*2*4=40
train/86754.jpg,7-1+3=9
train/86755.jpg,(2+9)*4=44
train/86756.jpg,(1+1)*8=16
train/86757.jpg,5+(5+3)=13
train/86758.jpg,(6+2)-0=8
train/86759.jpg,2+2-0=4
train/86760.jpg,2+(3*5)=17
train/86761.jpg,(2+6)+3=11
train/86762.jpg,4*8*2=64
train/86763.jpg,8-1+3=10
train/86764.jpg,(9+9)*7=126
train/86765.jpg,6-(4-3)=5
train/86766.jpg,9-4-3=2
train/86767.jpg,4+(5+7)=16
train/86768.jpg,3*2*4=24
train/86769.jpg,4-(6+8)=-10
train/86770.jpg,(0*1)-9=-9
train/86771.jpg,3-(3*9)=-24
train/86772.jpg,0-8*9=-72
train/86773.jpg,1*(6+0)=6
train/86774.jpg,3*8*5=120
train/86775.jpg,(7-5)+5=7
train/86776.jpg,8-7+1=2
train/86777.jpg,2-9+9=2
train/86778.jpg,6-4+2=4
train/86779.jpg,1-(4+4)=-7
train/86780.jpg,(6+5)-7=4
train/86781.jpg,8*(2-6)=-32
train/86782.jpg,(8*8)*4=256
train/86783.jpg,0+5-7=-2
train/86784.jpg,(1+9)-2=8
train/86785.jpg,5+(9-2)=12
train/86786.jpg,(6*7)+9=51
train/86787.jpg,(4*7)-9=19
train/86788.jpg,(9-2)*6=42
train/86789.jpg,8+3-8=3
train/86790.jpg,(9-7)*8=16
train/86791.jpg,(4*9)-8=28
train/86792.jpg,(6-5)*5=5
train/86793.jpg,(4+5)+6=15
train/86794.jpg,8-0-9=-1
train/86795.jpg,7*(2-2)=0
train/86796.jpg,(9-3)+5=11
train/86797.jpg,9+(2-5)=6
train/86798.jpg,9*9*9=729
train/86799.jpg,(0*1)-8=-8
train/86800.jpg,(8+4)*7=84
train/86801.jpg,2+(6-2)=6
train/86802.jpg,9+(9-3)=15
train/86803.jpg,3-(8*1)=-5
train/86804.jpg,(6-2)+0=4
train/86805.jpg,(9*6)*7=378
train/86806.jpg,0+(7*1)=7
train/86807.jpg,2+(6+3)=11
train/86808.jpg,4*(1*7)=28
train/86809.jpg,(2*0)+9=9
train/86810.jpg,4+(7-3)=8
train/86811.jpg,2+6*4=26
train/86812.jpg,3+6-3=6
train/86813.jpg,(6*5)-6=24
train/86814.jpg,(8+2)*4=40
train/86815.jpg,3-4+6=5
train/86816.jpg,3-9*1=-6
train/86817.jpg,4*6+4=28
train/86818.jpg,1-3-7=-9
train/86819.jpg,6-8+0=-2
train/86820.jpg,4*(2-0)=8
train/86821.jpg,5+(8-7)=6
train/86822.jpg,5-(3*1)=2
train/86823.jpg,(3+6)*0=0
train/86824.jpg,(5-6)+3=2
train/86825.jpg,(9+1)+1=11
train/86826.jpg,4*(3*5)=60
train/86827.jpg,6*2*7=84
train/86828.jpg,1*(6*8)=48
train/86829.jpg,(7*6)-9=33
train/86830.jpg,7+8-4=11
train/86831.jpg,7+5-6=6
train/86832.jpg,9*4+3=39
train/86833.jpg,8*5+8=48
train/86834.jpg,5-5*8=-35
train/86835.jpg,0+5+8=13
train/86836.jpg,(4-0)-0=4
train/86837.jpg,9*(6*2)=108
train/86838.jpg,9*5*0=0
train/86839.jpg,2+(8*7)=58
train/86840.jpg,(0-0)-2=-2
train/86841.jpg,3*(1-3)=-6
train/86842.jpg,9+2*1=11
train/86843.jpg,9*(6*0)=0
train/86844.jpg,(2-6)*1=-4
train/86845.jpg,(1-6)+6=1
train/86846.jpg,3+1*5=8
train/86847.jpg,5+(9*4)=41
train/86848.jpg,4*(9*8)=288
train/86849.jpg,5+(3+4)=12
train/86850.jpg,(1*4)+8=12
train/86851.jpg,3+9-3=9
train/86852.jpg,(8+5)*3=39
train/86853.jpg,6-0+1=7
train/86854.jpg,(4+7)+4=15
train/86855.jpg,6-8+2=0
train/86856.jpg,3+0-0=3
train/86857.jpg,1*2*7=14
train/86858.jpg,(8+6)+9=23
train/86859.jpg,9+9+1=19
train/86860.jpg,8+(9-2)=15
train/86861.jpg,7*3*8=168
train/86862.jpg,9*2+5=23
train/86863.jpg,3-2+8=9
train/86864.jpg,0*6+5=5
train/86865.jpg,(6-2)-4=0
train/86866.jpg,4+3*6=22
train/86867.jpg,5-8-0=-3
train/86868.jpg,0+5+5=10
train/86869.jpg,2+(9+2)=13
train/86870.jpg,1*3+0=3
train/86871.jpg,1+1*8=9
train/86872.jpg,1-1-3=-3
train/86873.jpg,1-(8-3)=-4
train/86874.jpg,(4+1)*5=25
train/86875.jpg,2+3*4=14
train/86876.jpg,7*5+1=36
train/86877.jpg,3*(2*2)=12
train/86878.jpg,3+1+0=4
train/86879.jpg,9+3*7=30
train/86880.jpg,0+(1+1)=2
train/86881.jpg,3+6-3=6
train/86882.jpg,1-(3+9)=-11
train/86883.jpg,(4-3)+6=7
train/86884.jpg,4+4+6=14
train/86885.jpg,9-4-7=-2
train/86886.jpg,8*1-9=-1
train/86887.jpg,4-(5-3)=2
train/86888.jpg,8-3+1=6
train/86889.jpg,0-5-5=-10
train/86890.jpg,(9-5)-7=-3
train/86891.jpg,8+5-5=8
train/86892.jpg,3*4+3=15
train/86893.jpg,9*6*9=486
train/86894.jpg,5-9*3=-22
train/86895.jpg,1-(0*8)=1
train/86896.jpg,(4*6)*6=144
train/86897.jpg,5-(7*9)=-58
train/86898.jpg,3-(3+6)=-6
train/86899.jpg,3*4-7=5
train/86900.jpg,(2*4)+1=9
train/86901.jpg,(7*6)*9=378
train/86902.jpg,7*(6+8)=98
train/86903.jpg,6+5-7=4
train/86904.jpg,2-(1*4)=-2
train/86905.jpg,7-(4-5)=8
train/86906.jpg,1+(5*9)=46
train/86907.jpg,3+(9-0)=12
train/86908.jpg,8-(4+9)=-5
train/86909.jpg,5*5+1=26
train/86910.jpg,(0+7)*3=21
train/86911.jpg,(6+1)+4=11
train/86912.jpg,5*(4*9)=180
train/86913.jpg,6-(9-8)=5
train/86914.jpg,7+(0-6)=1
train/86915.jpg,6+3+3=12
train/86916.jpg,1+4*6=25
train/86917.jpg,5-7-0=-2
train/86918.jpg,0+(2*2)=4
train/86919.jpg,9-(4+3)=2
train/86920.jpg,4*5-9=11
train/86921.jpg,0*(8+5)=0
train/86922.jpg,7*(5*3)=105
train/86923.jpg,8*(4+1)=40
train/86924.jpg,(7*1)-8=-1
train/86925.jpg,6*4+8=32
train/86926.jpg,9*9+8=89
train/86927.jpg,0+(6+6)=12
train/86928.jpg,3*(8+9)=51
train/86929.jpg,9+1*7=16
train/86930.jpg,7+1+2=10
train/86931.jpg,(7+6)*9=117
train/86932.jpg,8+3-4=7
train/86933.jpg,4+8+8=20
train/86934.jpg,9-(3*7)=-12
train/86935.jpg,(4-2)-6=-4
train/86936.jpg,(6-9)*6=-18
train/86937.jpg,8+(7*3)=29
train/86938.jpg,5-5-3=-3
train/86939.jpg,(0+3)+7=10
train/86940.jpg,(2*1)+3=5
train/86941.jpg,(6-1)-8=-3
train/86942.jpg,7-5+6=8
train/86943.jpg,3*7*3=63
train/86944.jpg,8-0*4=8
train/86945.jpg,7-3*5=-8
train/86946.jpg,0-(5+8)=-13
train/86947.jpg,3+(6*5)=33
train/86948.jpg,(0+9)+4=13
train/86949.jpg,4-(5-6)=5
train/86950.jpg,8*(8*9)=576
train/86951.jpg,3-(8*3)=-21
train/86952.jpg,4-(6*0)=4
train/86953.jpg,3*(5+7)=36
train/86954.jpg,(1*8)+0=8
train/86955.jpg,7+2-6=3
train/86956.jpg,2*0*7=0
train/86957.jpg,5-(0*9)=5
train/86958.jpg,1-(3-8)=6
train/86959.jpg,2+0+5=7
train/86960.jpg,(4-4)+0=0
train/86961.jpg,7*(5*2)=70
train/86962.jpg,(6-0)-8=-2
train/86963.jpg,7-1*1=6
train/86964.jpg,(1+5)-7=-1
train/86965.jpg,(7+9)-7=9
train/86966.jpg,1*(4+9)=13
train/86967.jpg,(3*8)-8=16
train/86968.jpg,(0*4)-4=-4
train/86969.jpg,(9*1)*0=0
train/86970.jpg,(8+7)*0=0
train/86971.jpg,8-1+5=12
train/86972.jpg,8*0+2=2
train/86973.jpg,9-(8+2)=-1
train/86974.jpg,7*3-1=20
train/86975.jpg,2-(2-5)=5
train/86976.jpg,6+6+6=18
train/86977.jpg,1-(7-3)=-3
train/86978.jpg,3+2*7=17
train/86979.jpg,8+9-1=16
train/86980.jpg,(5-2)*8=24
train/86981.jpg,(0-6)*5=-30
train/86982.jpg,(9*6)+7=61
train/86983.jpg,3+(8-5)=6
train/86984.jpg,(3-9)+8=2
train/86985.jpg,8+(4*4)=24
train/86986.jpg,7+(7*1)=14
train/86987.jpg,(6-4)-6=-4
train/86988.jpg,(9+5)*4=56
train/86989.jpg,6-8-6=-8
train/86990.jpg,(0+0)+3=3
train/86991.jpg,2+6-3=5
train/86992.jpg,5-(5*4)=-15
train/86993.jpg,(3-0)+8=11
train/86994.jpg,(7-4)+5=8
train/86995.jpg,(4*6)-0=24
train/86996.jpg,6*7-0=42
train/86997.jpg,8-(2-5)=11
train/86998.jpg,6*3*3=54
train/86999.jpg,(7*2)*3=42
train/87000.jpg,(5*1)*5=25
train/87001.jpg,0+3+1=4
train/87002.jpg,(1+9)*3=30
train/87003.jpg,(1*6)*5=30
train/87004.jpg,(7*4)-7=21
train/87005.jpg,4+(9-7)=6
train/87006.jpg,2*(8+9)=34
train/87007.jpg,(9-1)-7=1
train/87008.jpg,0+(3*9)=27
train/87009.jpg,2*(3-9)=-12
train/87010.jpg,2+1*8=10
train/87011.jpg,4-(2+0)=2
train/87012.jpg,0-(6-8)=2
train/87013.jpg,2+(9*0)=2
train/87014.jpg,9*(0-2)=-18
train/87015.jpg,1*0*1=0
train/87016.jpg,2*3-8=-2
train/87017.jpg,(0+4)-8=-4
train/87018.jpg,4*9+4=40
train/87019.jpg,(5*4)*2=40
train/87020.jpg,7-0+0=7
train/87021.jpg,2-2*6=-10
train/87022.jpg,3*(2+6)=24
train/87023.jpg,7+(1-6)=2
train/87024.jpg,(9+2)-9=2
train/87025.jpg,5-9*3=-22
train/87026.jpg,9*7-1=62
train/87027.jpg,4*(0*3)=0
train/87028.jpg,9+(7*0)=9
train/87029.jpg,(9-4)-3=2
train/87030.jpg,2*7+5=19
train/87031.jpg,(5*0)*7=0
train/87032.jpg,6-0+4=10
train/87033.jpg,(7*2)+4=18
train/87034.jpg,(5*4)-4=16
train/87035.jpg,(0+2)*1=2
train/87036.jpg,(1-7)+8=2
train/87037.jpg,(9*2)-4=14
train/87038.jpg,9*(8*2)=144
train/87039.jpg,(7*5)*1=35
train/87040.jpg,8-3-6=-1
train/87041.jpg,(9*1)-3=6
train/87042.jpg,0+(4*6)=24
train/87043.jpg,6*6-7=29
train/87044.jpg,9-9+5=5
train/87045.jpg,7+(8+5)=20
train/87046.jpg,1+9+4=14
train/87047.jpg,(6*2)-8=4
train/87048.jpg,2+7+1=10
train/87049.jpg,(8*0)-9=-9
train/87050.jpg,1+(4-0)=5
train/87051.jpg,6-3*8=-18
train/87052.jpg,(3*6)*4=72
train/87053.jpg,6*(2*2)=24
train/87054.jpg,(3+4)*6=42
train/87055.jpg,(3*3)+8=17
train/87056.jpg,1+1+3=5
train/87057.jpg,6*0+3=3
train/87058.jpg,8+3*3=17
train/87059.jpg,3*(1-0)=3
train/87060.jpg,(9-1)*8=64
train/87061.jpg,8-(0*9)=8
train/87062.jpg,4-(2*8)=-12
train/87063.jpg,8+(9*9)=89
train/87064.jpg,2*(5*2)=20
train/87065.jpg,5-(8+5)=-8
train/87066.jpg,7*3*2=42
train/87067.jpg,3-8-7=-12
train/87068.jpg,4+(4*4)=20
train/87069.jpg,(3-5)+1=-1
train/87070.jpg,8-(5-9)=12
train/87071.jpg,5+4-0=9
train/87072.jpg,(3*6)+8=26
train/87073.jpg,4+2+4=10
train/87074.jpg,4+(6-4)=6
train/87075.jpg,0*(4+1)=0
train/87076.jpg,6*6-4=32
train/87077.jpg,(4-1)+0=3
train/87078.jpg,6-(5*5)=-19
train/87079.jpg,8-(6-9)=11
train/87080.jpg,8*(3+9)=96
train/87081.jpg,(5-3)*3=6
train/87082.jpg,6-2-3=1
train/87083.jpg,3-(1+6)=-4
train/87084.jpg,8+1+1=10
train/87085.jpg,2+(2-2)=2
train/87086.jpg,4*3*8=96
train/87087.jpg,6*2-8=4
train/87088.jpg,(0+0)*0=0
train/87089.jpg,1-6*8=-47
train/87090.jpg,(4*3)-4=8
train/87091.jpg,6-1+9=14
train/87092.jpg,(5*3)+7=22
train/87093.jpg,(8*6)-3=45
train/87094.jpg,6-(8+4)=-6
train/87095.jpg,3+(3-9)=-3
train/87096.jpg,(9+8)*9=153
train/87097.jpg,5+5*2=15
train/87098.jpg,5+(3+8)=16
train/87099.jpg,(5*8)+4=44
train/87100.jpg,8+4-0=12
train/87101.jpg,4+(4+7)=15
train/87102.jpg,8-(8+0)=0
train/87103.jpg,(9-7)+2=4
train/87104.jpg,(8+4)+9=21
train/87105.jpg,4+(1*9)=13
train/87106.jpg,(7-1)*4=24
train/87107.jpg,(8*5)-6=34
train/87108.jpg,7-(1+6)=0
train/87109.jpg,5+(0+7)=12
train/87110.jpg,6+7+7=20
train/87111.jpg,1+1+4=6
train/87112.jpg,1+(0-6)=-5
train/87113.jpg,3+(5*0)=3
train/87114.jpg,7+2*2=11
train/87115.jpg,9-(7+5)=-3
train/87116.jpg,(8+8)+1=17
train/87117.jpg,6+(6*7)=48
train/87118.jpg,(5*1)*5=25
train/87119.jpg,(3*4)*9=108
train/87120.jpg,3+9*2=21
train/87121.jpg,8-(4*4)=-8
train/87122.jpg,2+3+0=5
train/87123.jpg,(7*1)*7=49
train/87124.jpg,2*(3*2)=12
train/87125.jpg,7-(5*1)=2
train/87126.jpg,0-(8-7)=-1
train/87127.jpg,(5+9)+9=23
train/87128.jpg,(4*9)-2=34
train/87129.jpg,(2+2)*0=0
train/87130.jpg,(4-1)-9=-6
train/87131.jpg,6*(4+5)=54
train/87132.jpg,2*(9+6)=30
train/87133.jpg,5-3+5=7
train/87134.jpg,1-(4-9)=6
train/87135.jpg,1-(9*4)=-35
train/87136.jpg,(7-9)*7=-14
train/87137.jpg,8-(2*9)=-10
train/87138.jpg,1*2-5=-3
train/87139.jpg,(8+2)-8=2
train/87140.jpg,1-4*6=-23
train/87141.jpg,7*(1+0)=7
train/87142.jpg,4-(1-3)=6
train/87143.jpg,7*(6-1)=35
train/87144.jpg,(3-9)*6=-36
train/87145.jpg,(0+2)+8=10
train/87146.jpg,6+(9-6)=9
train/87147.jpg,(2+0)-7=-5
train/87148.jpg,4-7*8=-52
train/87149.jpg,9*2-6=12
train/87150.jpg,(8+4)+6=18
train/87151.jpg,5*(2+6)=40
train/87152.jpg,7+(3+8)=18
train/87153.jpg,(5+8)-7=6
train/87154.jpg,6-(0+8)=-2
train/87155.jpg,(1-2)*1=-1
train/87156.jpg,(9*5)-8=37
train/87157.jpg,3-(9-5)=-1
train/87158.jpg,(1-1)+3=3
train/87159.jpg,8*6-7=41
train/87160.jpg,0*8*2=0
train/87161.jpg,(7-4)*6=18
train/87162.jpg,(4-9)-9=-14
train/87163.jpg,3*6+0=18
train/87164.jpg,(9*6)-5=49
train/87165.jpg,(7-0)-0=7
train/87166.jpg,7-(4*6)=-17
train/87167.jpg,5*(3+9)=60
train/87168.jpg,4*(4+5)=36
train/87169.jpg,(5-5)*4=0
train/87170.jpg,(8-9)*4=-4
train/87171.jpg,0-6+8=2
train/87172.jpg,(5*2)*0=0
train/87173.jpg,3*(7*9)=189
train/87174.jpg,0+3*2=6
train/87175.jpg,5+7+6=18
train/87176.jpg,8+(3+8)=19
train/87177.jpg,8*6-2=46
train/87178.jpg,2+(3-0)=5
train/87179.jpg,(1+2)*0=0
train/87180.jpg,(6*3)*4=72
train/87181.jpg,1*(1+9)=10
train/87182.jpg,(8-8)+0=0
train/87183.jpg,7+(3+2)=12
train/87184.jpg,4*6-2=22
train/87185.jpg,4-9+7=2
train/87186.jpg,9+9+2=20
train/87187.jpg,9-(3-8)=14
train/87188.jpg,(9*5)+8=53
train/87189.jpg,1+9+6=16
train/87190.jpg,(3-5)*0=0
train/87191.jpg,(3+2)*5=25
train/87192.jpg,(3+9)-3=9
train/87193.jpg,9*(0*2)=0
train/87194.jpg,4-(7+0)=-3
train/87195.jpg,3*4-3=9
train/87196.jpg,(6-9)+8=5
train/87197.jpg,1+(3*0)=1
train/87198.jpg,9*5*4=180
train/87199.jpg,8*(9+1)=80
train/87200.jpg,5-3+8=10
train/87201.jpg,6+(4+7)=17
train/87202.jpg,3*(8*2)=48
train/87203.jpg,3-(2-7)=8
train/87204.jpg,3-(4+5)=-6
train/87205.jpg,7-5-8=-6
train/87206.jpg,6-(3-2)=5
train/87207.jpg,3*5+1=16
train/87208.jpg,9*1*5=45
train/87209.jpg,(3+6)*8=72
train/87210.jpg,2+(0*2)=2
train/87211.jpg,3*(3+6)=27
train/87212.jpg,(7-2)*2=10
train/87213.jpg,(7*3)*4=84
train/87214.jpg,5*(1+6)=35
train/87215.jpg,3+(5*6)=33
train/87216.jpg,5+(6*4)=29
train/87217.jpg,(3-2)+2=3
train/87218.jpg,0+3*9=27
train/87219.jpg,6-6+3=3
train/87220.jpg,8+(7*8)=64
train/87221.jpg,0+3-1=2
train/87222.jpg,(3+1)-8=-4
train/87223.jpg,(5+4)-4=5
train/87224.jpg,0+0+4=4
train/87225.jpg,6*8*1=48
train/87226.jpg,0+0+2=2
train/87227.jpg,8+7+8=23
train/87228.jpg,2-7*2=-12
train/87229.jpg,(9-5)+1=5
train/87230.jpg,1+7*5=36
train/87231.jpg,7*6*5=210
train/87232.jpg,6+8+3=17
train/87233.jpg,9*(6*6)=324
train/87234.jpg,0-3+2=-1
train/87235.jpg,(2*8)+5=21
train/87236.jpg,2*(0*1)=0
train/87237.jpg,4+4-2=6
train/87238.jpg,(8-5)*2=6
train/87239.jpg,(7*1)*4=28
train/87240.jpg,(4-0)-3=1
train/87241.jpg,1*0-6=-6
train/87242.jpg,(9*4)+0=36
train/87243.jpg,9*(5+6)=99
train/87244.jpg,(3+0)*0=0
train/87245.jpg,4-3-1=0
train/87246.jpg,6-7+2=1
train/87247.jpg,5+(7*4)=33
train/87248.jpg,(6+4)+3=13
train/87249.jpg,(8*3)*7=168
train/87250.jpg,8+(7+7)=22
train/87251.jpg,(1*9)-0=9
train/87252.jpg,(3-8)*1=-5
train/87253.jpg,9-(4-7)=12
train/87254.jpg,(3+3)*6=36
train/87255.jpg,(0*4)*7=0
train/87256.jpg,8*(1*9)=72
train/87257.jpg,6+(8*3)=30
train/87258.jpg,(9*5)*4=180
train/87259.jpg,(9-3)*8=48
train/87260.jpg,9*(4+1)=45
train/87261.jpg,5-(2+1)=2
train/87262.jpg,2+(4*9)=38
train/87263.jpg,3+1+4=8
train/87264.jpg,(0+1)-8=-7
train/87265.jpg,8*3-2=22
train/87266.jpg,(5+9)-4=10
train/87267.jpg,3+8+9=20
train/87268.jpg,8*(3*4)=96
train/87269.jpg,1+(9*4)=37
train/87270.jpg,0*9+6=6
train/87271.jpg,8+(8+0)=16
train/87272.jpg,2*(7-7)=0
train/87273.jpg,2+(6-6)=2
train/87274.jpg,9-(0-1)=10
train/87275.jpg,(2-1)-6=-5
train/87276.jpg,5*(7*1)=35
train/87277.jpg,4+(0-8)=-4
train/87278.jpg,(7-0)+1=8
train/87279.jpg,8-3-8=-3
train/87280.jpg,(8*3)-3=21
train/87281.jpg,(7*4)*1=28
train/87282.jpg,9+7-5=11
train/87283.jpg,(1+4)-6=-1
train/87284.jpg,3*5*9=135
train/87285.jpg,4-(3-6)=7
train/87286.jpg,(7-2)*6=30
train/87287.jpg,9+(8-4)=13
train/87288.jpg,(9+8)*4=68
train/87289.jpg,6*(1-1)=0
train/87290.jpg,(5*4)+6=26
train/87291.jpg,(9*3)*0=0
train/87292.jpg,4+(5-6)=3
train/87293.jpg,(2+3)+4=9
train/87294.jpg,2*1*8=16
train/87295.jpg,7+(4+8)=19
train/87296.jpg,6-(5-7)=8
train/87297.jpg,(4*9)+4=40
train/87298.jpg,1-(5-9)=5
train/87299.jpg,(8+6)-7=7
train/87300.jpg,0-1*2=-2
train/87301.jpg,2+(4+2)=8
train/87302.jpg,7-6-1=0
train/87303.jpg,1+(7-5)=3
train/87304.jpg,2+2*2=6
train/87305.jpg,0*4*2=0
train/87306.jpg,7*1-0=7
train/87307.jpg,1+(7*9)=64
train/87308.jpg,7+0-2=5
train/87309.jpg,2-(3-5)=4
train/87310.jpg,(6-9)+6=3
train/87311.jpg,0*2-7=-7
train/87312.jpg,(7+1)+4=12
train/87313.jpg,(0-7)-8=-15
train/87314.jpg,2*3+0=6
train/87315.jpg,6+9+5=20
train/87316.jpg,9-4+2=7
train/87317.jpg,5+6+9=20
train/87318.jpg,7-1*6=1
train/87319.jpg,5+2*5=15
train/87320.jpg,9-7*0=9
train/87321.jpg,5+5*0=5
train/87322.jpg,3+7*5=38
train/87323.jpg,7*1*4=28
train/87324.jpg,4*(7*9)=252
train/87325.jpg,7*(9+4)=91
train/87326.jpg,(2-6)-8=-12
train/87327.jpg,7+(8*4)=39
train/87328.jpg,(4-1)-5=-2
train/87329.jpg,9-(3*0)=9
train/87330.jpg,3*3-2=7
train/87331.jpg,8+(0+6)=14
train/87332.jpg,(1*5)+3=8
train/87333.jpg,8*(9+3)=96
train/87334.jpg,(7+7)*1=14
train/87335.jpg,(6*9)+6=60
train/87336.jpg,(4-5)-5=-6
train/87337.jpg,2*2-9=-5
train/87338.jpg,5-(8-3)=0
train/87339.jpg,0+(7-6)=1
train/87340.jpg,0-(6+3)=-9
train/87341.jpg,3-5+1=-1
train/87342.jpg,(8-4)+4=8
train/87343.jpg,(3+8)*5=55
train/87344.jpg,(2-1)*3=3
train/87345.jpg,5+0-2=3
train/87346.jpg,4+(6+9)=19
train/87347.jpg,(6*5)+8=38
train/87348.jpg,(5-1)+6=10
train/87349.jpg,(6+8)+8=22
train/87350.jpg,(9-0)+9=18
train/87351.jpg,(1-6)-2=-7
train/87352.jpg,0-2+5=3
train/87353.jpg,2-(0+6)=-4
train/87354.jpg,(2*0)-9=-9
train/87355.jpg,(9*1)-6=3
train/87356.jpg,(0*7)-9=-9
train/87357.jpg,2*4-8=0
train/87358.jpg,(7+8)+1=16
train/87359.jpg,7*(8*7)=392
train/87360.jpg,(4+4)-2=6
train/87361.jpg,4+(6*2)=16
train/87362.jpg,5-2-2=1
train/87363.jpg,(9-1)*3=24
train/87364.jpg,6+0-9=-3
train/87365.jpg,3*1+6=9
train/87366.jpg,4-(5+7)=-8
train/87367.jpg,(2*8)+7=23
train/87368.jpg,0+(7*8)=56
train/87369.jpg,0+(4-7)=-3
train/87370.jpg,1*(8-1)=7
train/87371.jpg,6+(9-5)=10
train/87372.jpg,(0*4)-0=0
train/87373.jpg,9-8*7=-47
train/87374.jpg,9+(3-5)=7
train/87375.jpg,4+(6*9)=58
train/87376.jpg,8+(4-2)=10
train/87377.jpg,(1*2)*6=12
train/87378.jpg,(6+5)*9=99
train/87379.jpg,4-(1*4)=0
train/87380.jpg,1-6*8=-47
train/87381.jpg,5-(0-9)=14
train/87382.jpg,3-(4*3)=-9
train/87383.jpg,5*(4+3)=35
train/87384.jpg,5+4-3=6
train/87385.jpg,9*(1-7)=-54
train/87386.jpg,(2*6)+7=19
train/87387.jpg,9+1-2=8
train/87388.jpg,8-(5*6)=-22
train/87389.jpg,(3*8)+7=31
train/87390.jpg,5-(6+3)=-4
train/87391.jpg,7+(3*1)=10
train/87392.jpg,3-(8+0)=-5
train/87393.jpg,7-4-2=1
train/87394.jpg,(6-0)+3=9
train/87395.jpg,3-(0*9)=3
train/87396.jpg,(5-8)+0=-3
train/87397.jpg,(5+9)*7=98
train/87398.jpg,2-1*3=-1
train/87399.jpg,0-9*3=-27
train/87400.jpg,(8+9)+5=22
train/87401.jpg,(6*4)*3=72
train/87402.jpg,4*0+9=9
train/87403.jpg,2+(5*8)=42
train/87404.jpg,2+(1-4)=-1
train/87405.jpg,1+(8*4)=33
train/87406.jpg,7-(3+3)=1
train/87407.jpg,1*(8*4)=32
train/87408.jpg,6-(2+9)=-5
train/87409.jpg,5+(2-8)=-1
train/87410.jpg,5*3+4=19
train/87411.jpg,4-4*8=-28
train/87412.jpg,9+(0-7)=2
train/87413.jpg,9*(2-8)=-54
train/87414.jpg,3+(3-1)=5
train/87415.jpg,9-(5+7)=-3
train/87416.jpg,5-(2+0)=3
train/87417.jpg,5+(8-5)=8
train/87418.jpg,5-(2+9)=-6
train/87419.jpg,(6+4)*9=90
train/87420.jpg,7-(6+2)=-1
train/87421.jpg,(6*9)*3=162
train/87422.jpg,8*(5*7)=280
train/87423.jpg,6*7*4=168
train/87424.jpg,(8*2)-0=16
train/87425.jpg,6+(2-0)=8
train/87426.jpg,9-(2-8)=15
train/87427.jpg,(6-4)-8=-6
train/87428.jpg,8-(5-7)=10
train/87429.jpg,2-(7+1)=-6
train/87430.jpg,3+4-3=4
train/87431.jpg,(4+6)*2=20
train/87432.jpg,(5-7)*9=-18
train/87433.jpg,(9*8)-1=71
train/87434.jpg,(5+6)-0=11
train/87435.jpg,4-(8*6)=-44
train/87436.jpg,(2-6)*4=-16
train/87437.jpg,6*4*1=24
train/87438.jpg,8+(6+1)=15
train/87439.jpg,2-(4*2)=-6
train/87440.jpg,5-(2*3)=-1
train/87441.jpg,(3-1)-1=1
train/87442.jpg,(7*9)-5=58
train/87443.jpg,5+8-5=8
train/87444.jpg,1-0+3=4
train/87445.jpg,9+(2*3)=15
train/87446.jpg,(6+6)+2=14
train/87447.jpg,1-(5+6)=-10
train/87448.jpg,(0-5)*9=-45
train/87449.jpg,(7-1)*6=36
train/87450.jpg,(8-2)-3=3
train/87451.jpg,(6-8)*0=0
train/87452.jpg,(1+2)+8=11
train/87453.jpg,(2-0)-1=1
train/87454.jpg,(2*2)-3=1
train/87455.jpg,(8+0)*0=0
train/87456.jpg,(4+7)-7=4
train/87457.jpg,7-(3*8)=-17
train/87458.jpg,(8*7)*4=224
train/87459.jpg,0+3-0=3
train/87460.jpg,(4-9)-5=-10
train/87461.jpg,3+3-4=2
train/87462.jpg,(2+8)*3=30
train/87463.jpg,7+(1+0)=8
train/87464.jpg,(5*1)-6=-1
train/87465.jpg,(2-5)-2=-5
train/87466.jpg,(0+8)-9=-1
train/87467.jpg,5+9*4=41
train/87468.jpg,6-7-3=-4
train/87469.jpg,(0-9)+4=-5
train/87470.jpg,4+(8-9)=3
train/87471.jpg,9-(9*9)=-72
train/87472.jpg,5+(2-3)=4
train/87473.jpg,2+(9+6)=17
train/87474.jpg,0+3+7=10
train/87475.jpg,7-(8-4)=3
train/87476.jpg,(2+1)+6=9
train/87477.jpg,4*4-6=10
train/87478.jpg,1*(7-6)=1
train/87479.jpg,0*(2*1)=0
train/87480.jpg,7-7-6=-6
train/87481.jpg,4*(9*9)=324
train/87482.jpg,5-9+5=1
train/87483.jpg,8+6*5=38
train/87484.jpg,7+1+9=17
train/87485.jpg,(3*3)*2=18
train/87486.jpg,1*(4*5)=20
train/87487.jpg,4+(7-3)=8
train/87488.jpg,2-(0+1)=1
train/87489.jpg,(1*8)+7=15
train/87490.jpg,(2+6)*4=32
train/87491.jpg,6-4+7=9
train/87492.jpg,5*7+5=40
train/87493.jpg,5*(3-3)=0
train/87494.jpg,3+3+2=8
train/87495.jpg,(6+2)*1=8
train/87496.jpg,5+(4-2)=7
train/87497.jpg,4-0*2=4
train/87498.jpg,9-(0+6)=3
train/87499.jpg,7+(8-6)=9
train/87500.jpg,(9-9)*6=0
train/87501.jpg,(5+1)*0=0
train/87502.jpg,5+6*8=53
train/87503.jpg,7+(8-0)=15
train/87504.jpg,2-0-0=2
train/87505.jpg,5-(9+7)=-11
train/87506.jpg,(1*2)-6=-4
train/87507.jpg,7*(9-3)=42
train/87508.jpg,1*6*4=24
train/87509.jpg,0-1*7=-7
train/87510.jpg,(7*4)*9=252
train/87511.jpg,5+8-0=13
train/87512.jpg,7*(4+2)=42
train/87513.jpg,(3*4)*3=36
train/87514.jpg,8-5+1=4
train/87515.jpg,(3-9)*9=-54
train/87516.jpg,(8-7)*2=2
train/87517.jpg,(6+0)-4=2
train/87518.jpg,(3-5)*1=-2
train/87519.jpg,(9+0)+1=10
train/87520.jpg,(1-6)*9=-45
train/87521.jpg,3+(8*0)=3
train/87522.jpg,1-(6*3)=-17
train/87523.jpg,3*(2-1)=3
train/87524.jpg,4*(4+4)=32
train/87525.jpg,1-8+5=-2
train/87526.jpg,6-5-7=-6
train/87527.jpg,(4-5)+8=7
train/87528.jpg,1*(3+7)=10
train/87529.jpg,5-8-3=-6
train/87530.jpg,8+4+7=19
train/87531.jpg,2*7*5=70
train/87532.jpg,(4+9)+9=22
train/87533.jpg,2-8*1=-6
train/87534.jpg,8+(8-8)=8
train/87535.jpg,(9-5)-7=-3
train/87536.jpg,0*(7*6)=0
train/87537.jpg,(1+0)+9=10
train/87538.jpg,(8+0)+9=17
train/87539.jpg,2+1-9=-6
train/87540.jpg,4-2-4=-2
train/87541.jpg,4+(0+1)=5
train/87542.jpg,4+(2*1)=6
train/87543.jpg,5+5*6=35
train/87544.jpg,6+6*0=6
train/87545.jpg,6*(6+2)=48
train/87546.jpg,(1-9)+5=-3
train/87547.jpg,3+(7+3)=13
train/87548.jpg,(2*9)*8=144
train/87549.jpg,6-(2-7)=11
train/87550.jpg,6*(6-4)=12
train/87551.jpg,(1+1)-1=1
train/87552.jpg,2-2+4=4
train/87553.jpg,7-(4+2)=1
train/87554.jpg,9*(9+2)=99
train/87555.jpg,(7-1)*1=6
train/87556.jpg,(8+0)+7=15
train/87557.jpg,6-5+6=7
train/87558.jpg,5+5*8=45
train/87559.jpg,6-(3+3)=0
train/87560.jpg,0-(9-3)=-6
train/87561.jpg,8*8-3=61
train/87562.jpg,7*7-2=47
train/87563.jpg,3-(8+4)=-9
train/87564.jpg,6+6+0=12
train/87565.jpg,2*(7-1)=12
train/87566.jpg,9+(8*0)=9
train/87567.jpg,4+3*6=22
train/87568.jpg,(9-0)+1=10
train/87569.jpg,8*(5*1)=40
train/87570.jpg,4+2-4=2
train/87571.jpg,(4*5)-7=13
train/87572.jpg,(9+8)*6=102
train/87573.jpg,1*9+1=10
train/87574.jpg,0-0+7=7
train/87575.jpg,3*(5*8)=120
train/87576.jpg,9-8-1=0
train/87577.jpg,6-0*6=6
train/87578.jpg,(2*5)-4=6
train/87579.jpg,(3+8)+3=14
train/87580.jpg,6+7+2=15
train/87581.jpg,8-8-1=-1
train/87582.jpg,(8+0)-5=3
train/87583.jpg,9-(2+4)=3
train/87584.jpg,4*(4+3)=28
train/87585.jpg,2*(3-9)=-12
train/87586.jpg,(6+7)+5=18
train/87587.jpg,0+9-1=8
train/87588.jpg,3*4+9=21
train/87589.jpg,(4+7)-8=3
train/87590.jpg,8*9+9=81
train/87591.jpg,0-4+7=3
train/87592.jpg,6*1+6=12
train/87593.jpg,(6*1)-7=-1
train/87594.jpg,7-(0+6)=1
train/87595.jpg,(5*4)+8=28
train/87596.jpg,2*9+8=26
train/87597.jpg,8*(6+1)=56
train/87598.jpg,4*3-7=5
train/87599.jpg,5-(2*5)=-5
train/87600.jpg,(1*7)+3=10
train/87601.jpg,8*9-6=66
train/87602.jpg,9-(3*8)=-15
train/87603.jpg,1*(7*9)=63
train/87604.jpg,(7*8)+4=60
train/87605.jpg,5*(6*0)=0
train/87606.jpg,1+8-4=5
train/87607.jpg,(4+4)-8=0
train/87608.jpg,(0-1)*5=-5
train/87609.jpg,0+1*3=3
train/87610.jpg,7*(4+9)=91
train/87611.jpg,1-5*4=-19
train/87612.jpg,1-(4+7)=-10
train/87613.jpg,0-9*5=-45
train/87614.jpg,6*1*7=42
train/87615.jpg,7*7*2=98
train/87616.jpg,(0*8)*4=0
train/87617.jpg,8*3*7=168
train/87618.jpg,7-(5*6)=-23
train/87619.jpg,(4-0)+7=11
train/87620.jpg,0+2+0=2
train/87621.jpg,4+(6*1)=10
train/87622.jpg,7*5-0=35
train/87623.jpg,0+7+9=16
train/87624.jpg,1+1*8=9
train/87625.jpg,(9-8)-5=-4
train/87626.jpg,2-7+3=-2
train/87627.jpg,(6*7)*4=168
train/87628.jpg,6*(0*4)=0
train/87629.jpg,8*(9-4)=40
train/87630.jpg,6-9*3=-21
train/87631.jpg,(8+7)-6=9
train/87632.jpg,4*6*6=144
train/87633.jpg,9*1+5=14
train/87634.jpg,4*2+7=15
train/87635.jpg,6+(6-3)=9
train/87636.jpg,1+(1+5)=7
train/87637.jpg,(9-6)*3=9
train/87638.jpg,4*7-3=25
train/87639.jpg,(6+5)+4=15
train/87640.jpg,(7-0)+6=13
train/87641.jpg,3*(6-0)=18
train/87642.jpg,(9*0)*5=0
train/87643.jpg,9*0-3=-3
train/87644.jpg,(9-1)+3=11
train/87645.jpg,(6*6)+5=41
train/87646.jpg,8+(2-1)=9
train/87647.jpg,3+(6+5)=14
train/87648.jpg,(3-5)+1=-1
train/87649.jpg,(9*1)-3=6
train/87650.jpg,1*(2*8)=16
train/87651.jpg,9-1*2=7
train/87652.jpg,(6-3)*0=0
train/87653.jpg,(4*9)-3=33
train/87654.jpg,4+(9+3)=16
train/87655.jpg,(6-6)+5=5
train/87656.jpg,(2-9)+8=1
train/87657.jpg,3-(0-0)=3
train/87658.jpg,(7*4)-5=23
train/87659.jpg,4-4*3=-8
train/87660.jpg,2*3*1=6
train/87661.jpg,6*(5+4)=54
train/87662.jpg,1+(6+9)=16
train/87663.jpg,(1*8)-6=2
train/87664.jpg,2*(9*5)=90
train/87665.jpg,0+7*1=7
train/87666.jpg,5*(2+7)=45
train/87667.jpg,0*1*8=0
train/87668.jpg,(9+5)*1=14
train/87669.jpg,(9*5)+9=54
train/87670.jpg,9*1+1=10
train/87671.jpg,8-(3-3)=8
train/87672.jpg,(0+3)*2=6
train/87673.jpg,5+6-6=5
train/87674.jpg,(0-3)-1=-4
train/87675.jpg,0*9*4=0
train/87676.jpg,6*0+9=9
train/87677.jpg,(6+2)*6=48
train/87678.jpg,(4+0)+2=6
train/87679.jpg,(9-4)+0=5
train/87680.jpg,9*9+3=84
train/87681.jpg,(0+5)+0=5
train/87682.jpg,5+7*1=12
train/87683.jpg,(8+8)-1=15
train/87684.jpg,1+1+0=2
train/87685.jpg,9-6-9=-6
train/87686.jpg,(6-7)+1=0
train/87687.jpg,1+(0*5)=1
train/87688.jpg,(6*4)+8=32
train/87689.jpg,2+(1-9)=-6
train/87690.jpg,9-(2*4)=1
train/87691.jpg,2+2+1=5
train/87692.jpg,6+4*0=6
train/87693.jpg,0-(8+1)=-9
train/87694.jpg,(1-9)-8=-16
train/87695.jpg,6-(5+2)=-1
train/87696.jpg,5*(6+3)=45
train/87697.jpg,7*7*6=294
train/87698.jpg,3*8-9=15
train/87699.jpg,7-(3*5)=-8
train/87700.jpg,(9-1)*1=8
train/87701.jpg,7*4+8=36
train/87702.jpg,9+5+4=18
train/87703.jpg,(6-4)*3=6
train/87704.jpg,3-(9*0)=3
train/87705.jpg,(3+1)-6=-2
train/87706.jpg,2*(5+5)=20
train/87707.jpg,8*(3+9)=96
train/87708.jpg,(9-2)-2=5
train/87709.jpg,8*(4-9)=-40
train/87710.jpg,8-(3+7)=-2
train/87711.jpg,(4-8)+6=2
train/87712.jpg,(0*3)+3=3
train/87713.jpg,0-(9*7)=-63
train/87714.jpg,1-(6+7)=-12
train/87715.jpg,4*0+8=8
train/87716.jpg,(4+1)*5=25
train/87717.jpg,(8-9)-2=-3
train/87718.jpg,9-(0+3)=6
train/87719.jpg,9+3+1=13
train/87720.jpg,0-4-1=-5
train/87721.jpg,(6*1)-4=2
train/87722.jpg,0+2+4=6
train/87723.jpg,3*9*0=0
train/87724.jpg,(7*7)+4=53
train/87725.jpg,0-(2+5)=-7
train/87726.jpg,8+(3+0)=11
train/87727.jpg,4-(8*0)=4
train/87728.jpg,4-(3*4)=-8
train/87729.jpg,3+(1+1)=5
train/87730.jpg,0*5+6=6
train/87731.jpg,9+5*5=34
train/87732.jpg,(6-5)-6=-5
train/87733.jpg,1+4*6=25
train/87734.jpg,2-5*6=-28
train/87735.jpg,6+4-5=5
train/87736.jpg,(5-4)+3=4
train/87737.jpg,4+0-0=4
train/87738.jpg,3*(9+4)=39
train/87739.jpg,1-(8*5)=-39
train/87740.jpg,6-(7+5)=-6
train/87741.jpg,(5+6)+2=13
train/87742.jpg,(9-5)+6=10
train/87743.jpg,(7*1)*8=56
train/87744.jpg,6+(7-0)=13
train/87745.jpg,(6-1)*7=35
train/87746.jpg,(9+4)-7=6
train/87747.jpg,(9*9)*1=81
train/87748.jpg,6+(5+7)=18
train/87749.jpg,9*(7*8)=504
train/87750.jpg,8*(2-0)=16
train/87751.jpg,7*0*5=0
train/87752.jpg,5+(2-9)=-2
train/87753.jpg,6*5*1=30
train/87754.jpg,3-2*3=-3
train/87755.jpg,7+6+3=16
train/87756.jpg,5*(0-3)=-15
train/87757.jpg,4*(0*9)=0
train/87758.jpg,9-1+1=9
train/87759.jpg,7*4*3=84
train/87760.jpg,2-8-2=-8
train/87761.jpg,5-(1+3)=1
train/87762.jpg,6*6*4=144
train/87763.jpg,(5*9)+1=46
train/87764.jpg,2-6*4=-22
train/87765.jpg,8+(1+6)=15
train/87766.jpg,1+(7*8)=57
train/87767.jpg,(8+1)-4=5
train/87768.jpg,9*(8-3)=45
train/87769.jpg,2+1*1=3
train/87770.jpg,7+0-8=-1
train/87771.jpg,(8*7)*0=0
train/87772.jpg,4*(6+8)=56
train/87773.jpg,(7*7)*1=49
train/87774.jpg,3+7+3=13
train/87775.jpg,5-(6+0)=-1
train/87776.jpg,1*5+6=11
train/87777.jpg,1*4*5=20
train/87778.jpg,1*8*7=56
train/87779.jpg,0+(9+2)=11
train/87780.jpg,9*(3+0)=27
train/87781.jpg,(1+8)+4=13
train/87782.jpg,(9+0)*8=72
train/87783.jpg,7*0*7=0
train/87784.jpg,4-(5+4)=-5
train/87785.jpg,7*(7+7)=98
train/87786.jpg,6+7*8=62
train/87787.jpg,(2*4)-5=3
train/87788.jpg,2*6-6=6
train/87789.jpg,9*(8*8)=576
train/87790.jpg,4+(0*5)=4
train/87791.jpg,5-(7*7)=-44
train/87792.jpg,8+1-3=6
train/87793.jpg,4+(1-8)=-3
train/87794.jpg,(2-6)-2=-6
train/87795.jpg,(6+1)-7=0
train/87796.jpg,(2-5)+7=4
train/87797.jpg,(5*0)+7=7
train/87798.jpg,7+1-1=7
train/87799.jpg,(6*2)*0=0
train/87800.jpg,0-(4-1)=-3
train/87801.jpg,(2+3)+5=10
train/87802.jpg,(6+5)-7=4
train/87803.jpg,7+(2*9)=25
train/87804.jpg,7*(3+1)=28
train/87805.jpg,4*0+3=3
train/87806.jpg,(3+3)-4=2
train/87807.jpg,7+7*8=63
train/87808.jpg,5+3*9=32
train/87809.jpg,(6+6)+9=21
train/87810.jpg,(2*2)-0=4
train/87811.jpg,3+(8*9)=75
train/87812.jpg,(4*7)-6=22
train/87813.jpg,4+7+9=20
train/87814.jpg,(3-8)+7=2
train/87815.jpg,5+(3-8)=0
train/87816.jpg,0*(8*5)=0
train/87817.jpg,9-2+8=15
train/87818.jpg,4+1+2=7
train/87819.jpg,(4-3)-8=-7
train/87820.jpg,4*(7+9)=64
train/87821.jpg,5*(7-5)=10
train/87822.jpg,8-(9-4)=3
train/87823.jpg,9-(5*2)=-1
train/87824.jpg,8+0+7=15
train/87825.jpg,1+8-2=7
train/87826.jpg,3*(9+4)=39
train/87827.jpg,(7+6)+1=14
train/87828.jpg,(4-8)+5=1
train/87829.jpg,6-7+4=3
train/87830.jpg,(6*0)-6=-6
train/87831.jpg,2*6*5=60
train/87832.jpg,6+5*6=36
train/87833.jpg,(5*5)+9=34
train/87834.jpg,8+4-8=4
train/87835.jpg,1-8+2=-5
train/87836.jpg,5*8-3=37
train/87837.jpg,3*1+8=11
train/87838.jpg,0*7+6=6
train/87839.jpg,(0-6)*7=-42
train/87840.jpg,3+4+5=12
train/87841.jpg,(5+1)*1=6
train/87842.jpg,6+3*6=24
train/87843.jpg,2+0-9=-7
train/87844.jpg,0-0+3=3
train/87845.jpg,(0+7)*9=63
train/87846.jpg,1-(2+2)=-3
train/87847.jpg,(6*7)+3=45
train/87848.jpg,2-(3-4)=3
train/87849.jpg,9-9+8=8
train/87850.jpg,6*(8*2)=96
train/87851.jpg,(0*5)*3=0
train/87852.jpg,4+(6-4)=6
train/87853.jpg,(1-8)*6=-42
train/87854.jpg,(2*0)-1=-1
train/87855.jpg,0-(2+0)=-2
train/87856.jpg,2-8*2=-14
train/87857.jpg,(6-2)+4=8
train/87858.jpg,3+(5*7)=38
train/87859.jpg,(1+5)*2=12
train/87860.jpg,0-(6-3)=-3
train/87861.jpg,8+(6*5)=38
train/87862.jpg,1*4*7=28
train/87863.jpg,(6-1)+1=6
train/87864.jpg,0-3-4=-7
train/87865.jpg,(1+9)*6=60
train/87866.jpg,(2+9)+0=11
train/87867.jpg,3*3*0=0
train/87868.jpg,5-3*2=-1
train/87869.jpg,(8-4)*5=20
train/87870.jpg,4+9-3=10
train/87871.jpg,2+(3-0)=5
train/87872.jpg,(1*0)+8=8
train/87873.jpg,0*(2*2)=0
train/87874.jpg,8-(2-8)=14
train/87875.jpg,0*(0+8)=0
train/87876.jpg,5-7+1=-1
train/87877.jpg,(9+7)+6=22
train/87878.jpg,4+(0+5)=9
train/87879.jpg,1-(4+6)=-9
train/87880.jpg,(5*3)+9=24
train/87881.jpg,(3-9)*8=-48
train/87882.jpg,9*7*5=315
train/87883.jpg,3-(3*8)=-21
train/87884.jpg,9-4-3=2
train/87885.jpg,4+(7-6)=5
train/87886.jpg,3+1*1=4
train/87887.jpg,1-(3+6)=-8
train/87888.jpg,3-(7+2)=-6
train/87889.jpg,(4+3)-7=0
train/87890.jpg,3*2+8=14
train/87891.jpg,7-5-1=1
train/87892.jpg,5-(9+9)=-13
train/87893.jpg,(6*9)-9=45
train/87894.jpg,(5-8)-8=-11
train/87895.jpg,(7+7)+5=19
train/87896.jpg,8-(2*8)=-8
train/87897.jpg,(9-4)+2=7
train/87898.jpg,7+3-7=3
train/87899.jpg,8+7*7=57
train/87900.jpg,7*(9-5)=28
train/87901.jpg,2*(5*0)=0
train/87902.jpg,(5+5)*1=10
train/87903.jpg,(3-2)+6=7
train/87904.jpg,6-3*4=-6
train/87905.jpg,5+6+1=12
train/87906.jpg,(2+0)*9=18
train/87907.jpg,7-2-5=0
train/87908.jpg,(7-3)-8=-4
train/87909.jpg,4+(0+4)=8
train/87910.jpg,6+(3-5)=4
train/87911.jpg,8*(3*2)=48
train/87912.jpg,(4+7)-1=10
train/87913.jpg,0+5*6=30
train/87914.jpg,9+(8+8)=25
train/87915.jpg,0*4+0=0
train/87916.jpg,(8+8)+6=22
train/87917.jpg,(8+4)-8=4
train/87918.jpg,6+(1+0)=7
train/87919.jpg,(3-6)-1=-4
train/87920.jpg,4*8*9=288
train/87921.jpg,(1-6)+0=-5
train/87922.jpg,(6-1)*2=10
train/87923.jpg,7*(4+3)=49
train/87924.jpg,0+(4+2)=6
train/87925.jpg,1+2*1=3
train/87926.jpg,5-(3*9)=-22
train/87927.jpg,(2*1)+2=4
train/87928.jpg,0+6*3=18
train/87929.jpg,6-2*3=0
train/87930.jpg,(3-2)-9=-8
train/87931.jpg,(2+4)-4=2
train/87932.jpg,7+(3-6)=4
train/87933.jpg,7*(2+2)=28
train/87934.jpg,7-1-9=-3
train/87935.jpg,4+(6*6)=40
train/87936.jpg,8-3+4=9
train/87937.jpg,9-(6*9)=-45
train/87938.jpg,4*(6*5)=120
train/87939.jpg,8-(3+4)=1
train/87940.jpg,(7*5)*2=70
train/87941.jpg,(7+2)-0=9
train/87942.jpg,4*5+1=21
train/87943.jpg,8+(6+1)=15
train/87944.jpg,4+2-2=4
train/87945.jpg,8*9*7=504
train/87946.jpg,(2-0)*3=6
train/87947.jpg,(3*4)-8=4
train/87948.jpg,7*2+7=21
train/87949.jpg,9*6+3=57
train/87950.jpg,9-2+8=15
train/87951.jpg,0+(0-3)=-3
train/87952.jpg,0+5+4=9
train/87953.jpg,(4-8)*8=-32
train/87954.jpg,4-(4-4)=4
train/87955.jpg,7*(8*4)=224
train/87956.jpg,(5+7)+7=19
train/87957.jpg,2*5-2=8
train/87958.jpg,(3*9)-2=25
train/87959.jpg,2+0+3=5
train/87960.jpg,(2+8)+3=13
train/87961.jpg,(7-0)-8=-1
train/87962.jpg,(0+0)-5=-5
train/87963.jpg,(8+3)-1=10
train/87964.jpg,6-4*5=-14
train/87965.jpg,(7-5)+7=9
train/87966.jpg,8*(0-6)=-48
train/87967.jpg,(5*3)*6=90
train/87968.jpg,5*8+2=42
train/87969.jpg,6+(9*5)=51
train/87970.jpg,7*(6+2)=56
train/87971.jpg,1+(1-0)=2
train/87972.jpg,4+8+0=12
train/87973.jpg,(2-0)-0=2
train/87974.jpg,1-(4+5)=-8
train/87975.jpg,7+(5-8)=4
train/87976.jpg,0*(6-6)=0
train/87977.jpg,9-(3*8)=-15
train/87978.jpg,9+(2+8)=19
train/87979.jpg,(6-3)-8=-5
train/87980.jpg,7*9-0=63
train/87981.jpg,2*(7-8)=-2
train/87982.jpg,(9*4)*3=108
train/87983.jpg,(6-7)*4=-4
train/87984.jpg,9-(0+3)=6
train/87985.jpg,(4-4)+9=9
train/87986.jpg,(5*0)-5=-5
train/87987.jpg,5*9-2=43
train/87988.jpg,3+(1+3)=7
train/87989.jpg,1-(9-3)=-5
train/87990.jpg,(4-8)*7=-28
train/87991.jpg,7+(2*0)=7
train/87992.jpg,6+(8*6)=54
train/87993.jpg,0+5-1=4
train/87994.jpg,5+0*2=5
train/87995.jpg,(4+2)*6=36
train/87996.jpg,(4+6)-1=9
train/87997.jpg,1-8-2=-9
train/87998.jpg,3*(7+5)=36
train/87999.jpg,1+7+6=14
train/88000.jpg,5*4+7=27
train/88001.jpg,8*8-2=62
train/88002.jpg,3-7-4=-8
train/88003.jpg,4*(8*0)=0
train/88004.jpg,3*(9*0)=0
train/88005.jpg,(2-0)+6=8
train/88006.jpg,(9*4)*9=324
train/88007.jpg,2-(1*3)=-1
train/88008.jpg,0*5-1=-1
train/88009.jpg,3-4*3=-9
train/88010.jpg,4+1*3=7
train/88011.jpg,(8*6)*0=0
train/88012.jpg,6*4-8=16
train/88013.jpg,9*9*7=567
train/88014.jpg,7+2-1=8
train/88015.jpg,(2+5)*2=14
train/88016.jpg,9*4*9=324
train/88017.jpg,2*0+2=2
train/88018.jpg,3+2*5=13
train/88019.jpg,5*1+4=9
train/88020.jpg,5-4-4=-3
train/88021.jpg,8-9*7=-55
train/88022.jpg,4+8*7=60
train/88023.jpg,(2-0)-9=-7
train/88024.jpg,6-0+4=10
train/88025.jpg,(8*3)+5=29
train/88026.jpg,(9*5)+7=52
train/88027.jpg,(5-6)-2=-3
train/88028.jpg,8-4-1=3
train/88029.jpg,4-(7+2)=-5
train/88030.jpg,3-(0+1)=2
train/88031.jpg,3+9-6=6
train/88032.jpg,7+2-3=6
train/88033.jpg,(2*7)-0=14
train/88034.jpg,1-(6+7)=-12
train/88035.jpg,(2*5)+8=18
train/88036.jpg,1-6*0=1
train/88037.jpg,(6+9)*5=75
train/88038.jpg,1+2*1=3
train/88039.jpg,(9+9)+7=25
train/88040.jpg,6*3*9=162
train/88041.jpg,1-(3-3)=1
train/88042.jpg,6+(2+7)=15
train/88043.jpg,5-(7-2)=0
train/88044.jpg,5+(2+8)=15
train/88045.jpg,9*5*4=180
train/88046.jpg,(2+0)-5=-3
train/88047.jpg,9*(1+1)=18
train/88048.jpg,4*(6+5)=44
train/88049.jpg,4+1+5=10
train/88050.jpg,3-(5+1)=-3
train/88051.jpg,2*7-0=14
train/88052.jpg,0*(2-4)=0
train/88053.jpg,(9*5)*6=270
train/88054.jpg,(5+4)*5=45
train/88055.jpg,(7*9)+8=71
train/88056.jpg,5+(6*4)=29
train/88057.jpg,8*(7*8)=448
train/88058.jpg,(3-0)+8=11
train/88059.jpg,7-(0*9)=7
train/88060.jpg,1*9-5=4
train/88061.jpg,(0*5)+8=8
train/88062.jpg,9*6+9=63
train/88063.jpg,(8*4)*5=160
train/88064.jpg,(9*9)-8=73
train/88065.jpg,(0*3)*9=0
train/88066.jpg,(8-8)*9=0
train/88067.jpg,8+9*9=89
train/88068.jpg,0-5-3=-8
train/88069.jpg,0*(6+4)=0
train/88070.jpg,(7-2)*3=15
train/88071.jpg,2*(4+8)=24
train/88072.jpg,0-3-3=-6
train/88073.jpg,(0-2)-1=-3
train/88074.jpg,(8+8)*1=16
train/88075.jpg,4*(9+3)=48
train/88076.jpg,0+5-4=1
train/88077.jpg,4-(4-0)=0
train/88078.jpg,9-6-6=-3
train/88079.jpg,(1+9)*9=90
train/88080.jpg,6-(8*0)=6
train/88081.jpg,8*5-4=36
train/88082.jpg,8+5*7=43
train/88083.jpg,3-7*1=-4
train/88084.jpg,(2+0)-5=-3
train/88085.jpg,(3+0)-8=-5
train/88086.jpg,(4-4)+0=0
train/88087.jpg,9-8+8=9
train/88088.jpg,(0+7)*3=21
train/88089.jpg,9+(2*3)=15
train/88090.jpg,3-0-5=-2
train/88091.jpg,(2-5)-7=-10
train/88092.jpg,1-(6-7)=2
train/88093.jpg,0*(1*4)=0
train/88094.jpg,5-(2+5)=-2
train/88095.jpg,8+(9*6)=62
train/88096.jpg,0-2-6=-8
train/88097.jpg,(4-9)-6=-11
train/88098.jpg,6-3+5=8
train/88099.jpg,(3+2)-9=-4
train/88100.jpg,3+8+7=18
train/88101.jpg,(2-3)*1=-1
train/88102.jpg,(3+5)*9=72
train/88103.jpg,1-(4-2)=-1
train/88104.jpg,(4-4)+0=0
train/88105.jpg,(8-6)+1=3
train/88106.jpg,(8-3)*4=20
train/88107.jpg,4*8-3=29
train/88108.jpg,(3+7)*5=50
train/88109.jpg,(3*0)*8=0
train/88110.jpg,(5-9)-2=-6
train/88111.jpg,3-9+4=-2
train/88112.jpg,5+9+2=16
train/88113.jpg,7-(2*0)=7
train/88114.jpg,0+8-5=3
train/88115.jpg,7*(5-6)=-7
train/88116.jpg,0*(5+3)=0
train/88117.jpg,0*(6-5)=0
train/88118.jpg,4*3*4=48
train/88119.jpg,4*(3+4)=28
train/88120.jpg,9-(4+5)=0
train/88121.jpg,(4-5)+4=3
train/88122.jpg,2*(2*7)=28
train/88123.jpg,(9-3)*7=42
train/88124.jpg,3+4*2=11
train/88125.jpg,9-3+0=6
train/88126.jpg,(4-6)+3=1
train/88127.jpg,1*(3*6)=18
train/88128.jpg,4+(1-3)=2
train/88129.jpg,8+(8*9)=80
train/88130.jpg,3*4*9=108
train/88131.jpg,4*3+9=21
train/88132.jpg,8+3*7=29
train/88133.jpg,(6+9)-5=10
train/88134.jpg,6*(7-5)=12
train/88135.jpg,9*1-2=7
train/88136.jpg,(4-4)+0=0
train/88137.jpg,3+0*3=3
train/88138.jpg,7-9-7=-9
train/88139.jpg,4+2*3=10
train/88140.jpg,4*(0-5)=-20
train/88141.jpg,(5+7)+0=12
train/88142.jpg,(5+4)-2=7
train/88143.jpg,(6-6)*7=0
train/88144.jpg,6*7-8=34
train/88145.jpg,8+9-0=17
train/88146.jpg,(8+1)-2=7
train/88147.jpg,(2*1)+5=7
train/88148.jpg,1*8-6=2
train/88149.jpg,(0-9)+7=-2
train/88150.jpg,5+(5-1)=9
train/88151.jpg,(9-0)+9=18
train/88152.jpg,5+(4+1)=10
train/88153.jpg,1-(0-7)=8
train/88154.jpg,0+(6+9)=15
train/88155.jpg,3*(2+3)=15
train/88156.jpg,7*(9*4)=252
train/88157.jpg,(8+0)+4=12
train/88158.jpg,0*(6+5)=0
train/88159.jpg,7+7*0=7
train/88160.jpg,5*(3*8)=120
train/88161.jpg,9*3-3=24
train/88162.jpg,6*(3-2)=6
train/88163.jpg,(3*5)*3=45
train/88164.jpg,0+5-4=1
train/88165.jpg,(3+5)-2=6
train/88166.jpg,1*9+2=11
train/88167.jpg,4+4-0=8
train/88168.jpg,0+6-5=1
train/88169.jpg,5+9*1=14
train/88170.jpg,(3-0)-6=-3
train/88171.jpg,4-1+2=5
train/88172.jpg,9*(2-5)=-27
train/88173.jpg,6-4+5=7
train/88174.jpg,0-(4+0)=-4
train/88175.jpg,(8*3)+6=30
train/88176.jpg,7-2-3=2
train/88177.jpg,(9-8)*4=4
train/88178.jpg,6+5-6=5
train/88179.jpg,6-(3*8)=-18
train/88180.jpg,9*9-1=80
train/88181.jpg,(6+8)-7=7
train/88182.jpg,(7*4)-7=21
train/88183.jpg,2*(8+4)=24
train/88184.jpg,1+4+3=8
train/88185.jpg,(5*2)+4=14
train/88186.jpg,(7-4)*4=12
train/88187.jpg,9-(5+9)=-5
train/88188.jpg,7+(5+8)=20
train/88189.jpg,1+5+7=13
train/88190.jpg,9+7+1=17
train/88191.jpg,0*4+6=6
train/88192.jpg,(9*3)*9=243
train/88193.jpg,8-2+0=6
train/88194.jpg,7-6+6=7
train/88195.jpg,(7*5)-7=28
train/88196.jpg,(2+1)+2=5
train/88197.jpg,(1*9)*2=18
train/88198.jpg,9*8-2=70
train/88199.jpg,(3*3)*6=54
train/88200.jpg,4-8+5=1
train/88201.jpg,2+7*1=9
train/88202.jpg,0+0-3=-3
train/88203.jpg,8-3-7=-2
train/88204.jpg,(6+6)-6=6
train/88205.jpg,5+7+6=18
train/88206.jpg,7*1+7=14
train/88207.jpg,6-4-9=-7
train/88208.jpg,0+(7+2)=9
train/88209.jpg,9-(5+8)=-4
train/88210.jpg,7-(5-4)=6
train/88211.jpg,3+(4-4)=3
train/88212.jpg,(3+7)*4=40
train/88213.jpg,(6+2)+6=14
train/88214.jpg,(2-3)+7=6
train/88215.jpg,(5*2)+2=12
train/88216.jpg,9-1+0=8
train/88217.jpg,1*4+9=13
train/88218.jpg,4-5-2=-3
train/88219.jpg,2+5*7=37
train/88220.jpg,5*1*7=35
train/88221.jpg,8*3+5=29
train/88222.jpg,(6-4)+6=8
train/88223.jpg,8-6-7=-5
train/88224.jpg,(8-9)*1=-1
train/88225.jpg,6*(3-5)=-12
train/88226.jpg,(2*6)*2=24
train/88227.jpg,(3+3)+9=15
train/88228.jpg,2-(4*1)=-2
train/88229.jpg,4*1+2=6
train/88230.jpg,(5*5)+1=26
train/88231.jpg,(0*5)-0=0
train/88232.jpg,0+(0+5)=5
train/88233.jpg,4-6+5=3
train/88234.jpg,(2-0)*0=0
train/88235.jpg,(5+3)*4=32
train/88236.jpg,(3-4)+8=7
train/88237.jpg,8+4+6=18
train/88238.jpg,(4+9)+9=22
train/88239.jpg,3-(8-9)=4
train/88240.jpg,4+(3*5)=19
train/88241.jpg,(5-1)-4=0
train/88242.jpg,2*2-4=0
train/88243.jpg,2+1+1=4
train/88244.jpg,1*0-8=-8
train/88245.jpg,(4*4)-0=16
train/88246.jpg,(0*1)+1=1
train/88247.jpg,4+1+7=12
train/88248.jpg,(9-3)-5=1
train/88249.jpg,8-0+0=8
train/88250.jpg,8+(4+5)=17
train/88251.jpg,1-4-2=-5
train/88252.jpg,(2-2)+9=9
train/88253.jpg,(9-5)*0=0
train/88254.jpg,3+2+4=9
train/88255.jpg,9+8+4=21
train/88256.jpg,(6-3)*3=9
train/88257.jpg,9*(8-3)=45
train/88258.jpg,2+8+2=12
train/88259.jpg,9*1+3=12
train/88260.jpg,2-(2+5)=-5
train/88261.jpg,7*1+5=12
train/88262.jpg,5-(6*6)=-31
train/88263.jpg,(2*1)+3=5
train/88264.jpg,4-9-0=-5
train/88265.jpg,0-(4+6)=-10
train/88266.jpg,4-0-9=-5
train/88267.jpg,(9+6)*6=90
train/88268.jpg,(8*6)-7=41
train/88269.jpg,(7+6)*6=78
train/88270.jpg,1*(1+5)=6
train/88271.jpg,3+2-3=2
train/88272.jpg,8*(6*3)=144
train/88273.jpg,4+(1-2)=3
train/88274.jpg,4+5*5=29
train/88275.jpg,0+9-8=1
train/88276.jpg,2*(3+7)=20
train/88277.jpg,1-7+2=-4
train/88278.jpg,(6-3)-1=2
train/88279.jpg,(7*9)-3=60
train/88280.jpg,(4+1)+0=5
train/88281.jpg,3-0*0=3
train/88282.jpg,(7*3)+3=24
train/88283.jpg,(7*4)-8=20
train/88284.jpg,2+5+9=16
train/88285.jpg,7*5-9=26
train/88286.jpg,6+7*6=48
train/88287.jpg,7*(7-4)=21
train/88288.jpg,9*6-2=52
train/88289.jpg,8-4*3=-4
train/88290.jpg,6*(1-0)=6
train/88291.jpg,(0+6)*1=6
train/88292.jpg,4+1-7=-2
train/88293.jpg,3*(4-7)=-9
train/88294.jpg,6-(8-1)=-1
train/88295.jpg,8-(0-4)=12
train/88296.jpg,(5+1)*9=54
train/88297.jpg,(8*6)*4=192
train/88298.jpg,1*4*3=12
train/88299.jpg,2-(5-6)=3
train/88300.jpg,7-4-5=-2
train/88301.jpg,(0+1)*0=0
train/88302.jpg,8-6+2=4
train/88303.jpg,(3*7)*5=105
train/88304.jpg,(0*6)-4=-4
train/88305.jpg,(8-1)+3=10
train/88306.jpg,5-4+3=4
train/88307.jpg,6*4-5=19
train/88308.jpg,(5+1)+5=11
train/88309.jpg,3+3*4=15
train/88310.jpg,6+(7*1)=13
train/88311.jpg,(4-4)-2=-2
train/88312.jpg,(2*3)*0=0
train/88313.jpg,6+8+1=15
train/88314.jpg,(3-5)-4=-6
train/88315.jpg,(6+4)*1=10
train/88316.jpg,(4+2)*8=48
train/88317.jpg,(2+8)+7=17
train/88318.jpg,0*(0-7)=0
train/88319.jpg,(4+3)*8=56
train/88320.jpg,(6+3)+3=12
train/88321.jpg,0+(6*4)=24
train/88322.jpg,8-(6+7)=-5
train/88323.jpg,5-8-5=-8
train/88324.jpg,2*(5*6)=60
train/88325.jpg,2-(9*3)=-25
train/88326.jpg,(1+9)-6=4
train/88327.jpg,8*2+1=17
train/88328.jpg,(4+1)*3=15
train/88329.jpg,(9+9)+9=27
train/88330.jpg,7+(6*7)=49
train/88331.jpg,2-(0-0)=2
train/88332.jpg,(6-2)+3=7
train/88333.jpg,(1*5)+3=8
train/88334.jpg,6+(5+7)=18
train/88335.jpg,3*3*5=45
train/88336.jpg,5*(6*8)=240
train/88337.jpg,(7+2)*6=54
train/88338.jpg,9-(9+6)=-6
train/88339.jpg,1-(3*2)=-5
train/88340.jpg,4-(8+5)=-9
train/88341.jpg,6+(0-4)=2
train/88342.jpg,6+6*1=12
train/88343.jpg,(1*7)-7=0
train/88344.jpg,0+9*8=72
train/88345.jpg,(9*3)*1=27
train/88346.jpg,4+5-7=2
train/88347.jpg,7+(5+4)=16
train/88348.jpg,4*(8+7)=60
train/88349.jpg,2*(2+2)=8
train/88350.jpg,7-(6-5)=6
train/88351.jpg,(0-3)+7=4
train/88352.jpg,5*(4-5)=-5
train/88353.jpg,9-(4+3)=2
train/88354.jpg,7-8+6=5
train/88355.jpg,(9-3)-9=-3
train/88356.jpg,(2*2)-5=-1
train/88357.jpg,1*4-8=-4
train/88358.jpg,0*1+6=6
train/88359.jpg,(1+1)-3=-1
train/88360.jpg,0*8-5=-5
train/88361.jpg,5+(4+7)=16
train/88362.jpg,3+(9+0)=12
train/88363.jpg,9+6-7=8
train/88364.jpg,8*(1+8)=72
train/88365.jpg,(7*6)*4=168
train/88366.jpg,(0+0)+4=4
train/88367.jpg,3-8-3=-8
train/88368.jpg,(2*2)*8=32
train/88369.jpg,(3-9)*6=-36
train/88370.jpg,(9*5)-6=39
train/88371.jpg,7+(9-1)=15
train/88372.jpg,(1-3)*8=-16
train/88373.jpg,4-(6-5)=3
train/88374.jpg,(6*4)-3=21
train/88375.jpg,(1*9)-7=2
train/88376.jpg,6+(9*3)=33
train/88377.jpg,0-3*3=-9
train/88378.jpg,7-(0*4)=7
train/88379.jpg,(7+3)-6=4
train/88380.jpg,(1*5)+4=9
train/88381.jpg,(7+6)-8=5
train/88382.jpg,(9-7)+3=5
train/88383.jpg,7-1-7=-1
train/88384.jpg,(8+4)*6=72
train/88385.jpg,(4-9)*9=-45
train/88386.jpg,5*(2-6)=-20
train/88387.jpg,7+(3+9)=19
train/88388.jpg,0*4*6=0
train/88389.jpg,8+(2-0)=10
train/88390.jpg,8*(4+9)=104
train/88391.jpg,(6+0)-0=6
train/88392.jpg,0*8*8=0
train/88393.jpg,8-1-8=-1
train/88394.jpg,(9-1)-8=0
train/88395.jpg,1-(4-3)=0
train/88396.jpg,7+9+4=20
train/88397.jpg,9+0+2=11
train/88398.jpg,7*(0+5)=35
train/88399.jpg,3*5+3=18
train/88400.jpg,(2-2)*2=0
train/88401.jpg,9*5*9=405
train/88402.jpg,1*(4-7)=-3
train/88403.jpg,6+(6+7)=19
train/88404.jpg,4*(2-4)=-8
train/88405.jpg,(4*1)+2=6
train/88406.jpg,(3-2)-3=-2
train/88407.jpg,8-(5-3)=6
train/88408.jpg,8+3+6=17
train/88409.jpg,(1-4)-9=-12
train/88410.jpg,7*(4+0)=28
train/88411.jpg,6*(2*3)=36
train/88412.jpg,2+(6+9)=17
train/88413.jpg,2*4*7=56
train/88414.jpg,9-9*8=-63
train/88415.jpg,7*4-8=20
train/88416.jpg,(7-4)-3=0
train/88417.jpg,(9+2)-9=2
train/88418.jpg,(0*4)+5=5
train/88419.jpg,(4+6)+9=19
train/88420.jpg,9-3*0=9
train/88421.jpg,(3-9)*4=-24
train/88422.jpg,7*3-3=18
train/88423.jpg,(4*8)-7=25
train/88424.jpg,(6-6)*7=0
train/88425.jpg,(4*7)+1=29
train/88426.jpg,5*(2+2)=20
train/88427.jpg,9*3-0=27
train/88428.jpg,2-(9+2)=-9
train/88429.jpg,1-2-7=-8
train/88430.jpg,(9*3)+1=28
train/88431.jpg,1+(6+6)=13
train/88432.jpg,(0*2)+0=0
train/88433.jpg,6*6-7=29
train/88434.jpg,6+5+0=11
train/88435.jpg,9-(7*6)=-33
train/88436.jpg,4-7+8=5
train/88437.jpg,1-5+6=2
train/88438.jpg,6-(2+3)=1
train/88439.jpg,9-(6+2)=1
train/88440.jpg,2-4+4=2
train/88441.jpg,6-(4-0)=2
train/88442.jpg,0*(6-0)=0
train/88443.jpg,8*1*6=48
train/88444.jpg,(5+6)*6=66
train/88445.jpg,5*5*6=150
train/88446.jpg,3*(1+1)=6
train/88447.jpg,3+(1*9)=12
train/88448.jpg,6+7*1=13
train/88449.jpg,7+(0+2)=9
train/88450.jpg,3*7*4=84
train/88451.jpg,0*(2+7)=0
train/88452.jpg,(2-1)-4=-3
train/88453.jpg,(5+4)+4=13
train/88454.jpg,(4*5)+7=27
train/88455.jpg,6+0+5=11
train/88456.jpg,9*6-4=50
train/88457.jpg,3-5-2=-4
train/88458.jpg,9-(7+4)=-2
train/88459.jpg,(9*0)+5=5
train/88460.jpg,(5+2)+3=10
train/88461.jpg,1*2*3=6
train/88462.jpg,(0+3)+0=3
train/88463.jpg,0*(7+8)=0
train/88464.jpg,0*9+7=7
train/88465.jpg,4*(8-9)=-4
train/88466.jpg,5*(9-1)=40
train/88467.jpg,(4+1)-0=5
train/88468.jpg,6*9-3=51
train/88469.jpg,0+9-6=3
train/88470.jpg,(9*6)-0=54
train/88471.jpg,2-(4+1)=-3
train/88472.jpg,(1-0)-2=-1
train/88473.jpg,(3+3)*6=36
train/88474.jpg,7-2+7=12
train/88475.jpg,(9*4)*0=0
train/88476.jpg,4-8+1=-3
train/88477.jpg,2*0*2=0
train/88478.jpg,6-(8+9)=-11
train/88479.jpg,7+(7+0)=14
train/88480.jpg,(6-0)-8=-2
train/88481.jpg,(9-6)-2=1
train/88482.jpg,4+(7*0)=4
train/88483.jpg,6*8-9=39
train/88484.jpg,3-(0-4)=7
train/88485.jpg,1-(3-7)=5
train/88486.jpg,4-3+3=4
train/88487.jpg,(0+8)+2=10
train/88488.jpg,(4*6)+3=27
train/88489.jpg,(3*2)+4=10
train/88490.jpg,0+(1-2)=-1
train/88491.jpg,8+4+2=14
train/88492.jpg,4*(8-1)=28
train/88493.jpg,(0-5)-5=-10
train/88494.jpg,1*0*7=0
train/88495.jpg,(6-3)-0=3
train/88496.jpg,(8-5)-3=0
train/88497.jpg,4*(8-8)=0
train/88498.jpg,(2*1)*6=12
train/88499.jpg,2-(2*9)=-16
train/88500.jpg,(2*8)-0=16
train/88501.jpg,(9*2)*5=90
train/88502.jpg,2+3-7=-2
train/88503.jpg,6+(8+7)=21
train/88504.jpg,5+(1*4)=9
train/88505.jpg,7*(9-6)=21
train/88506.jpg,(6+8)+4=18
train/88507.jpg,(5-1)*7=28
train/88508.jpg,9*(3+7)=90
train/88509.jpg,1-(7*3)=-20
train/88510.jpg,(0*3)-9=-9
train/88511.jpg,4*(7*6)=168
train/88512.jpg,4+(7*0)=4
train/88513.jpg,8*1*8=64
train/88514.jpg,(5*9)-3=42
train/88515.jpg,5+1*6=11
train/88516.jpg,4-(8+9)=-13
train/88517.jpg,2-(4*7)=-26
train/88518.jpg,(0-6)*1=-6
train/88519.jpg,5-4+9=10
train/88520.jpg,4*(3*9)=108
train/88521.jpg,5-5*1=0
train/88522.jpg,8+(8+1)=17
train/88523.jpg,6*(3*7)=126
train/88524.jpg,(7+2)+6=15
train/88525.jpg,3-(4-0)=-1
train/88526.jpg,8-(4-4)=8
train/88527.jpg,2*5*3=30
train/88528.jpg,6-3+3=6
train/88529.jpg,(4+6)+1=11
train/88530.jpg,6*0*0=0
train/88531.jpg,0+(0-9)=-9
train/88532.jpg,2+(6-9)=-1
train/88533.jpg,(6*3)-5=13
train/88534.jpg,(3*9)-6=21
train/88535.jpg,7*(7+6)=91
train/88536.jpg,6*4-5=19
train/88537.jpg,(9-8)-1=0
train/88538.jpg,6*(5*6)=180
train/88539.jpg,(9-6)+7=10
train/88540.jpg,5-(9-8)=4
train/88541.jpg,8-(6*7)=-34
train/88542.jpg,6*5+7=37
train/88543.jpg,4-1-2=1
train/88544.jpg,9*(8-1)=63
train/88545.jpg,5-3-1=1
train/88546.jpg,(6-7)-6=-7
train/88547.jpg,8+(0-8)=0
train/88548.jpg,1+8-2=7
train/88549.jpg,6*(4*9)=216
train/88550.jpg,8*1-6=2
train/88551.jpg,5+3-7=1
train/88552.jpg,(3*4)+1=13
train/88553.jpg,(1-7)+5=-1
train/88554.jpg,8-2-5=1
train/88555.jpg,7+5+3=15
train/88556.jpg,1+5*9=46
train/88557.jpg,(6-0)*9=54
train/88558.jpg,0+6-9=-3
train/88559.jpg,0+(2-9)=-7
train/88560.jpg,4-(7*9)=-59
train/88561.jpg,3+8*2=19
train/88562.jpg,8+(0-0)=8
train/88563.jpg,(2*9)*6=108
train/88564.jpg,(2*3)+8=14
train/88565.jpg,(1+7)*3=24
train/88566.jpg,(1+8)-8=1
train/88567.jpg,7-(6*3)=-11
train/88568.jpg,6*3*2=36
train/88569.jpg,4-(8-4)=0
train/88570.jpg,8-1+3=10
train/88571.jpg,9*8+8=80
train/88572.jpg,(0*4)*8=0
train/88573.jpg,(7*7)*1=49
train/88574.jpg,9-(4-8)=13
train/88575.jpg,3-(8*9)=-69
train/88576.jpg,9-(9-9)=9
train/88577.jpg,1*(6+5)=11
train/88578.jpg,9+(3+6)=18
train/88579.jpg,(5+3)+7=15
train/88580.jpg,3+(6*0)=3
train/88581.jpg,(4*7)-5=23
train/88582.jpg,4-(5-7)=6
train/88583.jpg,(6*3)*9=162
train/88584.jpg,(7*2)+0=14
train/88585.jpg,0-(6*9)=-54
train/88586.jpg,0*(5*7)=0
train/88587.jpg,6+8+4=18
train/88588.jpg,5+(3-0)=8
train/88589.jpg,4-(7+3)=-6
train/88590.jpg,4+0*1=4
train/88591.jpg,2*(7-1)=12
train/88592.jpg,3*1+0=3
train/88593.jpg,7+(7*6)=49
train/88594.jpg,6-6*5=-24
train/88595.jpg,(4+0)-4=0
train/88596.jpg,8*1+7=15
train/88597.jpg,(9-7)*7=14
train/88598.jpg,(7-6)*0=0
train/88599.jpg,(8-5)+7=10
train/88600.jpg,(5+2)*0=0
train/88601.jpg,0*(0*4)=0
train/88602.jpg,3-6+2=-1
train/88603.jpg,8-8*3=-16
train/88604.jpg,7+4+4=15
train/88605.jpg,(4*8)*4=128
train/88606.jpg,(2*6)+2=14
train/88607.jpg,8+(7-6)=9
train/88608.jpg,(9+0)*2=18
train/88609.jpg,(1*8)-2=6
train/88610.jpg,(3*7)+9=30
train/88611.jpg,5*(8-0)=40
train/88612.jpg,(9+8)+8=25
train/88613.jpg,(4+8)+3=15
train/88614.jpg,4+3-5=2
train/88615.jpg,(0+4)*9=36
train/88616.jpg,0-(5*0)=0
train/88617.jpg,5*(6-0)=30
train/88618.jpg,(9-9)-7=-7
train/88619.jpg,4-(5+0)=-1
train/88620.jpg,4-(9+9)=-14
train/88621.jpg,2+(9-6)=5
train/88622.jpg,2+(5+9)=16
train/88623.jpg,(6-7)*9=-9
train/88624.jpg,0*(8-4)=0
train/88625.jpg,5+1-3=3
train/88626.jpg,7+(8*4)=39
train/88627.jpg,(3-1)*6=12
train/88628.jpg,1+(4*1)=5
train/88629.jpg,3-(4+8)=-9
train/88630.jpg,1+(3+9)=13
train/88631.jpg,8-(6-3)=5
train/88632.jpg,(6+3)-8=1
train/88633.jpg,7+3+4=14
train/88634.jpg,9+3-8=4
train/88635.jpg,7*(3+7)=70
train/88636.jpg,(0*7)*0=0
train/88637.jpg,3*(0-0)=0
train/88638.jpg,5*1+2=7
train/88639.jpg,5*0+1=1
train/88640.jpg,(0+6)*6=36
train/88641.jpg,(1*1)-2=-1
train/88642.jpg,8+(8*2)=24
train/88643.jpg,2-(5-6)=3
train/88644.jpg,(6-2)-9=-5
train/88645.jpg,(1-8)-6=-13
train/88646.jpg,8*3-1=23
train/88647.jpg,7-(1+5)=1
train/88648.jpg,1+(5-0)=6
train/88649.jpg,6*4+4=28
train/88650.jpg,(2-5)*4=-12
train/88651.jpg,3+0*3=3
train/88652.jpg,3-(9*4)=-33
train/88653.jpg,3+9+9=21
train/88654.jpg,2*0-7=-7
train/88655.jpg,4-(4*3)=-8
train/88656.jpg,(4*6)+4=28
train/88657.jpg,7*(3*9)=189
train/88658.jpg,2*(2*2)=8
train/88659.jpg,(0-6)*4=-24
train/88660.jpg,(6+3)+7=16
train/88661.jpg,(7*1)+3=10
train/88662.jpg,6*1+3=9
train/88663.jpg,1+(2+3)=6
train/88664.jpg,0*(2+8)=0
train/88665.jpg,(8+0)*6=48
train/88666.jpg,5*2-8=2
train/88667.jpg,2+(0-0)=2
train/88668.jpg,2*3-0=6
train/88669.jpg,0*8+3=3
train/88670.jpg,1*6+3=9
train/88671.jpg,(4*8)+6=38
train/88672.jpg,2-(0+2)=0
train/88673.jpg,4*8+0=32
train/88674.jpg,3+7-5=5
train/88675.jpg,0+1*3=3
train/88676.jpg,8*(6*2)=96
train/88677.jpg,1*(5*4)=20
train/88678.jpg,9+5*6=39
train/88679.jpg,5*2*8=80
train/88680.jpg,(2+2)-7=-3
train/88681.jpg,(9-0)-5=4
train/88682.jpg,0-6-7=-13
train/88683.jpg,(1-9)-6=-14
train/88684.jpg,5*(4+3)=35
train/88685.jpg,(2-5)-8=-11
train/88686.jpg,2*1*7=14
train/88687.jpg,(2*2)*5=20
train/88688.jpg,(8*3)*1=24
train/88689.jpg,2+(1-0)=3
train/88690.jpg,1*(9-6)=3
train/88691.jpg,0*9-7=-7
train/88692.jpg,1-(2*1)=-1
train/88693.jpg,2-2-0=0
train/88694.jpg,(7-1)*8=48
train/88695.jpg,(2-3)-3=-4
train/88696.jpg,0*(3+4)=0
train/88697.jpg,(5*8)+2=42
train/88698.jpg,8+(7*0)=8
train/88699.jpg,(8+6)-7=7
train/88700.jpg,1*3+4=7
train/88701.jpg,4-(3-5)=6
train/88702.jpg,(7+2)+5=14
train/88703.jpg,3+2+8=13
train/88704.jpg,7-7+3=3
train/88705.jpg,(9+0)-4=5
train/88706.jpg,8-(4*0)=8
train/88707.jpg,6+5-8=3
train/88708.jpg,(8+5)+3=16
train/88709.jpg,(1-8)+2=-5
train/88710.jpg,8-4-8=-4
train/88711.jpg,6+0-0=6
train/88712.jpg,4+(3*7)=25
train/88713.jpg,(0*6)+5=5
train/88714.jpg,(1-3)+2=0
train/88715.jpg,(5*2)+5=15
train/88716.jpg,8*4-5=27
train/88717.jpg,8+(2*8)=24
train/88718.jpg,4*(5*0)=0
train/88719.jpg,(8*2)+4=20
train/88720.jpg,7*(7-1)=42
train/88721.jpg,2*3-3=3
train/88722.jpg,4+3-0=7
train/88723.jpg,9-(4-2)=7
train/88724.jpg,3-(1*7)=-4
train/88725.jpg,0*5-8=-8
train/88726.jpg,8*(0+0)=0
train/88727.jpg,(5+3)*6=48
train/88728.jpg,3*6+4=22
train/88729.jpg,5+9*4=41
train/88730.jpg,(6-5)-0=1
train/88731.jpg,2+(0+1)=3
train/88732.jpg,(6*4)+5=29
train/88733.jpg,1*(0*9)=0
train/88734.jpg,8-1+8=15
train/88735.jpg,9-(8-2)=3
train/88736.jpg,7+4+7=18
train/88737.jpg,5*(3+8)=55
train/88738.jpg,5*5*6=150
train/88739.jpg,7-4-1=2
train/88740.jpg,7+(9+6)=22
train/88741.jpg,(9+2)+5=16
train/88742.jpg,(8*6)-6=42
train/88743.jpg,2+(8-4)=6
train/88744.jpg,4*9+8=44
train/88745.jpg,5+(5-7)=3
train/88746.jpg,1-8+1=-6
train/88747.jpg,7*(7-9)=-14
train/88748.jpg,(5-7)*6=-12
train/88749.jpg,(1-1)-5=-5
train/88750.jpg,(9*2)-6=12
train/88751.jpg,5*4-4=16
train/88752.jpg,5*(1+1)=10
train/88753.jpg,5*(9*5)=225
train/88754.jpg,2+2*9=20
train/88755.jpg,7+0-3=4
train/88756.jpg,0+(1-2)=-1
train/88757.jpg,6-1+9=14
train/88758.jpg,(0+3)*8=24
train/88759.jpg,7*(7+8)=105
train/88760.jpg,(6*4)*5=120
train/88761.jpg,9+0*5=9
train/88762.jpg,4+8*9=76
train/88763.jpg,6*(7+4)=66
train/88764.jpg,5+7-4=8
train/88765.jpg,1-8*4=-31
train/88766.jpg,8*2*7=112
train/88767.jpg,(4*4)*1=16
train/88768.jpg,8+9-6=11
train/88769.jpg,5*(1*6)=30
train/88770.jpg,1-2-9=-10
train/88771.jpg,6+2-4=4
train/88772.jpg,5-(2*7)=-9
train/88773.jpg,8+(5-3)=10
train/88774.jpg,(2*9)*2=36
train/88775.jpg,7+(6*2)=19
train/88776.jpg,6*(5+8)=78
train/88777.jpg,4+2-9=-3
train/88778.jpg,6+(1+1)=8
train/88779.jpg,(6+0)*5=30
train/88780.jpg,0+(7+4)=11
train/88781.jpg,3+(9-0)=12
train/88782.jpg,6+(2-2)=6
train/88783.jpg,(2-9)+7=0
train/88784.jpg,4*7+2=30
train/88785.jpg,(3*4)-4=8
train/88786.jpg,5*5+1=26
train/88787.jpg,(6-3)-3=0
train/88788.jpg,0-3-3=-6
train/88789.jpg,7*(3+0)=21
train/88790.jpg,6-(4*4)=-10
train/88791.jpg,8*(6-4)=16
train/88792.jpg,0-(8-4)=-4
train/88793.jpg,(3*2)-6=0
train/88794.jpg,7-(7*9)=-56
train/88795.jpg,3-(2*7)=-11
train/88796.jpg,2+(1-0)=3
train/88797.jpg,9-3+9=15
train/88798.jpg,7*(1-9)=-56
train/88799.jpg,3+4*8=35
train/88800.jpg,0*(1-3)=0
train/88801.jpg,5*6*4=120
train/88802.jpg,(7-7)+9=9
train/88803.jpg,9-(1*2)=7
train/88804.jpg,5-(5*6)=-25
train/88805.jpg,4*(9-3)=24
train/88806.jpg,5*(1-4)=-15
train/88807.jpg,9+(8-5)=12
train/88808.jpg,2+9+5=16
train/88809.jpg,7-(6-2)=3
train/88810.jpg,(2-4)+2=0
train/88811.jpg,(9*4)*4=144
train/88812.jpg,9+2*6=21
train/88813.jpg,(5+5)-5=5
train/88814.jpg,9+(6-7)=8
train/88815.jpg,8+3*8=32
train/88816.jpg,(3*8)+1=25
train/88817.jpg,3-(0+3)=0
train/88818.jpg,(6*4)+7=31
train/88819.jpg,6+3*3=15
train/88820.jpg,6-3*9=-21
train/88821.jpg,4-(9-5)=0
train/88822.jpg,0+(0-0)=0
train/88823.jpg,(3+2)*0=0
train/88824.jpg,3-(1+6)=-4
train/88825.jpg,4+(3*3)=13
train/88826.jpg,(0*9)+7=7
train/88827.jpg,8+9*4=44
train/88828.jpg,0*7-0=0
train/88829.jpg,4-(7+3)=-6
train/88830.jpg,(7*8)*0=0
train/88831.jpg,(6-4)-8=-6
train/88832.jpg,(3-5)*8=-16
train/88833.jpg,4+(6+7)=17
train/88834.jpg,1+6+5=12
train/88835.jpg,(5+1)-9=-3
train/88836.jpg,6-4+0=2
train/88837.jpg,(6*1)+2=8
train/88838.jpg,2*5*0=0
train/88839.jpg,(9-4)-3=2
train/88840.jpg,(6*4)+4=28
train/88841.jpg,1-(1*4)=-3
train/88842.jpg,0+(8+2)=10
train/88843.jpg,3*7+2=23
train/88844.jpg,(8-7)*2=2
train/88845.jpg,9-7*3=-12
train/88846.jpg,4+(1+4)=9
train/88847.jpg,1+7*9=64
train/88848.jpg,8+6+8=22
train/88849.jpg,8-(5*5)=-17
train/88850.jpg,6*0*8=0
train/88851.jpg,1*5*2=10
train/88852.jpg,2-(0*9)=2
train/88853.jpg,9+(9-0)=18
train/88854.jpg,(3+5)+7=15
train/88855.jpg,0*(6*6)=0
train/88856.jpg,(9*6)+9=63
train/88857.jpg,(5+7)+7=19
train/88858.jpg,8*(4*0)=0
train/88859.jpg,(3*4)+0=12
train/88860.jpg,2-(1-8)=9
train/88861.jpg,(8*0)*5=0
train/88862.jpg,0+(9*5)=45
train/88863.jpg,4+(1+1)=6
train/88864.jpg,3-(0-9)=12
train/88865.jpg,(7*2)+8=22
train/88866.jpg,9*3-0=27
train/88867.jpg,0+1+8=9
train/88868.jpg,7+1*0=7
train/88869.jpg,(9-0)+2=11
train/88870.jpg,(7*7)-4=45
train/88871.jpg,5-(0+5)=0
train/88872.jpg,2+(2+5)=9
train/88873.jpg,3-(2-8)=9
train/88874.jpg,4+(1-9)=-4
train/88875.jpg,5+7*8=61
train/88876.jpg,0-5-7=-12
train/88877.jpg,3-5+9=7
train/88878.jpg,4+(3+8)=15
train/88879.jpg,(5-7)+8=6
train/88880.jpg,3-0+2=5
train/88881.jpg,1-(7*7)=-48
train/88882.jpg,9-1*6=3
train/88883.jpg,(7-3)*6=24
train/88884.jpg,(0*7)+9=9
train/88885.jpg,(4*4)+7=23
train/88886.jpg,(5*6)+8=38
train/88887.jpg,9-3+1=7
train/88888.jpg,(1+4)+1=6
train/88889.jpg,5+3*6=23
train/88890.jpg,4+6*6=40
train/88891.jpg,1*(7+0)=7
train/88892.jpg,(5+4)-0=9
train/88893.jpg,6+7*4=34
train/88894.jpg,(1+4)+9=14
train/88895.jpg,(3+0)-8=-5
train/88896.jpg,(0-0)+8=8
train/88897.jpg,4-6*5=-26
train/88898.jpg,(6*8)-8=40
train/88899.jpg,3*(6+1)=21
train/88900.jpg,7*(9*9)=567
train/88901.jpg,1*7*2=14
train/88902.jpg,4-3-0=1
train/88903.jpg,5-2*5=-5
train/88904.jpg,8*(9+0)=72
train/88905.jpg,5+(2+8)=15
train/88906.jpg,1-6+5=0
train/88907.jpg,1-(6-7)=2
train/88908.jpg,(6+8)+5=19
train/88909.jpg,4*(5+0)=20
train/88910.jpg,3+(9*7)=66
train/88911.jpg,7*1+2=9
train/88912.jpg,6*(5*8)=240
train/88913.jpg,(9*1)*0=0
train/88914.jpg,(8-4)-9=-5
train/88915.jpg,5*5*7=175
train/88916.jpg,(3*3)*5=45
train/88917.jpg,(0-0)*8=0
train/88918.jpg,2-8*8=-62
train/88919.jpg,(8*2)+8=24
train/88920.jpg,(4-1)+1=4
train/88921.jpg,(3-3)*9=0
train/88922.jpg,(8-9)+7=6
train/88923.jpg,6-(7-9)=8
train/88924.jpg,5-6+2=1
train/88925.jpg,4-3+5=6
train/88926.jpg,6+2*9=24
train/88927.jpg,(6-2)+9=13
train/88928.jpg,3-(2+0)=1
train/88929.jpg,5*(8+1)=45
train/88930.jpg,6*3+1=19
train/88931.jpg,2+8-7=3
train/88932.jpg,(0+8)+2=10
train/88933.jpg,(2-0)+0=2
train/88934.jpg,1-(9-5)=-3
train/88935.jpg,4+6-6=4
train/88936.jpg,3+(6+0)=9
train/88937.jpg,8*2*6=96
train/88938.jpg,7*(0-6)=-42
train/88939.jpg,9-(8+4)=-3
train/88940.jpg,0*(7+0)=0
train/88941.jpg,(1-7)*1=-6
train/88942.jpg,8-6*5=-22
train/88943.jpg,(1-2)+7=6
train/88944.jpg,4-(2+3)=-1
train/88945.jpg,(6+2)+1=9
train/88946.jpg,8*(7*4)=224
train/88947.jpg,(2*9)-6=12
train/88948.jpg,3-(7*4)=-25
train/88949.jpg,4-7+2=-1
train/88950.jpg,0*7*5=0
train/88951.jpg,(7*6)-7=35
train/88952.jpg,(4-2)*7=14
train/88953.jpg,7*(3*8)=168
train/88954.jpg,8+8+1=17
train/88955.jpg,(6*4)*1=24
train/88956.jpg,8-(6+7)=-5
train/88957.jpg,1*1+2=3
train/88958.jpg,7+(5+1)=13
train/88959.jpg,(5*8)*3=120
train/88960.jpg,(6+6)+5=17
train/88961.jpg,(4-6)+4=2
train/88962.jpg,0-(1*2)=-2
train/88963.jpg,4+(4-4)=4
train/88964.jpg,3+(8*8)=67
train/88965.jpg,5-(1-9)=13
train/88966.jpg,5+1*4=9
train/88967.jpg,5*(0*9)=0
train/88968.jpg,3+(5+3)=11
train/88969.jpg,(0-0)*4=0
train/88970.jpg,8-8+2=2
train/88971.jpg,0-(8*3)=-24
train/88972.jpg,1+8-3=6
train/88973.jpg,0+(8+1)=9
train/88974.jpg,3+6*0=3
train/88975.jpg,(9+8)*7=119
train/88976.jpg,0+7+9=16
train/88977.jpg,8-(4+9)=-5
train/88978.jpg,0*1+7=7
train/88979.jpg,9-(4*4)=-7
train/88980.jpg,1+(2*3)=7
train/88981.jpg,(3-2)-1=0
train/88982.jpg,2+(2*2)=6
train/88983.jpg,7*(0*9)=0
train/88984.jpg,8-5-1=2
train/88985.jpg,9*(5*0)=0
train/88986.jpg,8*7*5=280
train/88987.jpg,9-(0+9)=0
train/88988.jpg,(4-2)*7=14
train/88989.jpg,3*(3+0)=9
train/88990.jpg,(7*2)+6=20
train/88991.jpg,0+(0-2)=-2
train/88992.jpg,(0-5)+0=-5
train/88993.jpg,8*6+5=53
train/88994.jpg,6+(2-6)=2
train/88995.jpg,0-2*7=-14
train/88996.jpg,3+(8-7)=4
train/88997.jpg,3*(8-8)=0
train/88998.jpg,6+(8+4)=18
train/88999.jpg,(1+2)+6=9
train/89000.jpg,6-(1+5)=0
train/89001.jpg,2-(4*1)=-2
train/89002.jpg,2*(2*6)=24
train/89003.jpg,0*4*0=0
train/89004.jpg,7+(1-2)=6
train/89005.jpg,(8*0)-6=-6
train/89006.jpg,3*1*9=27
train/89007.jpg,9-(0+5)=4
train/89008.jpg,7*7*5=245
train/89009.jpg,1+3-8=-4
train/89010.jpg,4*(8+1)=36
train/89011.jpg,4-(8*3)=-20
train/89012.jpg,1+0*4=1
train/89013.jpg,(9*3)-9=18
train/89014.jpg,4*(6-4)=8
train/89015.jpg,1*(9-1)=8
train/89016.jpg,(2*2)-0=4
train/89017.jpg,9*8+1=73
train/89018.jpg,(9*0)-1=-1
train/89019.jpg,2*(6*5)=60
train/89020.jpg,4-3*5=-11
train/89021.jpg,(7*9)*1=63
train/89022.jpg,2-(9*2)=-16
train/89023.jpg,5*6*5=150
train/89024.jpg,(2-8)+1=-5
train/89025.jpg,4*1-1=3
train/89026.jpg,(4*1)*8=32
train/89027.jpg,4-(5*6)=-26
train/89028.jpg,5+(4+2)=11
train/89029.jpg,8*(6+0)=48
train/89030.jpg,(6+6)*5=60
train/89031.jpg,(1+4)+9=14
train/89032.jpg,4*1-7=-3
train/89033.jpg,6*(9*4)=216
train/89034.jpg,(6*8)*4=192
train/89035.jpg,9*6*7=378
train/89036.jpg,(6-3)-6=-3
train/89037.jpg,4-(9-0)=-5
train/89038.jpg,(0-3)*8=-24
train/89039.jpg,9+0+1=10
train/89040.jpg,(5-3)*0=0
train/89041.jpg,(2-5)+4=1
train/89042.jpg,8-(4*8)=-24
train/89043.jpg,3-(1+0)=2
train/89044.jpg,6*6+3=39
train/89045.jpg,8-(1+5)=2
train/89046.jpg,6-(9+8)=-11
train/89047.jpg,4-4-4=-4
train/89048.jpg,6+5-6=5
train/89049.jpg,7+(4+2)=13
train/89050.jpg,(2*1)+7=9
train/89051.jpg,(4-1)*3=9
train/89052.jpg,(6+6)+0=12
train/89053.jpg,3+(7*6)=45
train/89054.jpg,6-8+5=3
train/89055.jpg,(3*0)*4=0
train/89056.jpg,9-(8+7)=-6
train/89057.jpg,4-1*1=3
train/89058.jpg,7-7-7=-7
train/89059.jpg,(0*0)+5=5
train/89060.jpg,(3*6)*7=126
train/89061.jpg,7-2-6=-1
train/89062.jpg,3+(1-1)=3
train/89063.jpg,(0*8)-5=-5
train/89064.jpg,0+4+1=5
train/89065.jpg,(9*5)*7=315
train/89066.jpg,8+(2-0)=10
train/89067.jpg,(4+9)*4=52
train/89068.jpg,4*(2+3)=20
train/89069.jpg,(2*4)+2=10
train/89070.jpg,6*(1-1)=0
train/89071.jpg,9-(8-8)=9
train/89072.jpg,9+(4+3)=16
train/89073.jpg,(3+9)-1=11
train/89074.jpg,0-9-7=-16
train/89075.jpg,(4*3)-2=10
train/89076.jpg,1+4-0=5
train/89077.jpg,(1+2)*8=24
train/89078.jpg,3-7*3=-18
train/89079.jpg,(7*7)-5=44
train/89080.jpg,(2+5)-3=4
train/89081.jpg,7*(2+0)=14
train/89082.jpg,(1-3)-7=-9
train/89083.jpg,9*(3-3)=0
train/89084.jpg,9+(9-7)=11
train/89085.jpg,4-5-8=-9
train/89086.jpg,(4-6)-9=-11
train/89087.jpg,6-7+5=4
train/89088.jpg,4*9*8=288
train/89089.jpg,1+(9+9)=19
train/89090.jpg,0+(3-5)=-2
train/89091.jpg,(8-7)+4=5
train/89092.jpg,(8-0)*4=32
train/89093.jpg,(3+6)*8=72
train/89094.jpg,(2*9)-8=10
train/89095.jpg,4-0+1=5
train/89096.jpg,7+2*6=19
train/89097.jpg,4+8-1=11
train/89098.jpg,(6*0)*9=0
train/89099.jpg,(2*5)*9=90
train/89100.jpg,(3+3)-8=-2
train/89101.jpg,7-(9+7)=-9
train/89102.jpg,(1*6)*0=0
train/89103.jpg,3*(6+4)=30
train/89104.jpg,3*(9*3)=81
train/89105.jpg,6-(8-8)=6
train/89106.jpg,(9-3)-7=-1
train/89107.jpg,7-8-9=-10
train/89108.jpg,(2*0)*6=0
train/89109.jpg,7-(7+0)=0
train/89110.jpg,(6+7)-4=9
train/89111.jpg,(4-9)-9=-14
train/89112.jpg,5*(5+7)=60
train/89113.jpg,(5+3)+2=10
train/89114.jpg,3*(3-8)=-15
train/89115.jpg,1*5+8=13
train/89116.jpg,(1*2)-6=-4
train/89117.jpg,(6*8)*6=288
train/89118.jpg,4*(5*9)=180
train/89119.jpg,7*7-8=41
train/89120.jpg,7*(1-2)=-7
train/89121.jpg,7+2-8=1
train/89122.jpg,0+3-4=-1
train/89123.jpg,(1+2)-7=-4
train/89124.jpg,0+(0*2)=0
train/89125.jpg,(2-1)*9=9
train/89126.jpg,(7*5)-4=31
train/89127.jpg,(2*0)*3=0
train/89128.jpg,5+1-2=4
train/89129.jpg,3-(7*9)=-60
train/89130.jpg,4+6*2=16
train/89131.jpg,9*(9-2)=63
train/89132.jpg,(8-6)-2=0
train/89133.jpg,8+(4*5)=28
train/89134.jpg,(0+1)+8=9
train/89135.jpg,6-4*1=2
train/89136.jpg,0*(8-9)=0
train/89137.jpg,3-8*2=-13
train/89138.jpg,1*9-3=6
train/89139.jpg,(1*3)+2=5
train/89140.jpg,2*4-1=7
train/89141.jpg,(1+1)+1=3
train/89142.jpg,0-(0+6)=-6
train/89143.jpg,(0-0)*6=0
train/89144.jpg,1-(6-9)=4
train/89145.jpg,9+1-5=5
train/89146.jpg,9-5+1=5
train/89147.jpg,8*3+6=30
train/89148.jpg,8*4+0=32
train/89149.jpg,7+(6-1)=12
train/89150.jpg,(7-2)-7=-2
train/89151.jpg,8*(0-0)=0
train/89152.jpg,9-2-1=6
train/89153.jpg,9*(0-7)=-63
train/89154.jpg,(1-3)*3=-6
train/89155.jpg,4*0-3=-3
train/89156.jpg,0-(1-2)=1
train/89157.jpg,(1*8)-9=-1
train/89158.jpg,8-1*7=1
train/89159.jpg,6*(0-3)=-18
train/89160.jpg,4-(5+9)=-10
train/89161.jpg,2+2+8=12
train/89162.jpg,(8+9)+3=20
train/89163.jpg,8-5+0=3
train/89164.jpg,0*1*2=0
train/89165.jpg,1*2+1=3
train/89166.jpg,(5+4)*6=54
train/89167.jpg,(5+8)-4=9
train/89168.jpg,9+(3-4)=8
train/89169.jpg,1*(2-0)=2
train/89170.jpg,2-(9-1)=-6
train/89171.jpg,9+6-8=7
train/89172.jpg,9*7*4=252
train/89173.jpg,3+(4*6)=27
train/89174.jpg,3+1-2=2
train/89175.jpg,6*(6*4)=144
train/89176.jpg,(3+2)+8=13
train/89177.jpg,4-(5+2)=-3
train/89178.jpg,5-2*7=-9
train/89179.jpg,(1-3)-3=-5
train/89180.jpg,7-(8-3)=2
train/89181.jpg,(7+6)-1=12
train/89182.jpg,(2*7)*7=98
train/89183.jpg,4+8*2=20
train/89184.jpg,4+(6-1)=9
train/89185.jpg,6*0+8=8
train/89186.jpg,8+(6-4)=10
train/89187.jpg,3*4*6=72
train/89188.jpg,4-6-1=-3
train/89189.jpg,(3-9)+1=-5
train/89190.jpg,(5-7)*6=-12
train/89191.jpg,(6*4)-4=20
train/89192.jpg,(4+1)-8=-3
train/89193.jpg,8-(9*3)=-19
train/89194.jpg,4-8*9=-68
train/89195.jpg,4+(0-3)=1
train/89196.jpg,(2*7)-5=9
train/89197.jpg,4+0*6=4
train/89198.jpg,2-4-2=-4
train/89199.jpg,8+8+7=23
train/89200.jpg,3*7*0=0
train/89201.jpg,(1*0)+5=5
train/89202.jpg,(1-0)+6=7
train/89203.jpg,3-(3+0)=0
train/89204.jpg,3*3*0=0
train/89205.jpg,6-(1+6)=-1
train/89206.jpg,(8+7)+6=21
train/89207.jpg,(9+7)+0=16
train/89208.jpg,(7*2)-2=12
train/89209.jpg,3-1-8=-6
train/89210.jpg,2+(9-7)=4
train/89211.jpg,(5*9)*9=405
train/89212.jpg,3-(0*9)=3
train/89213.jpg,(7-4)*6=18
train/89214.jpg,8-(6+1)=1
train/89215.jpg,3-(6+8)=-11
train/89216.jpg,(3+5)*7=56
train/89217.jpg,(4-1)-3=0
train/89218.jpg,8+(9+2)=19
train/89219.jpg,4-2*3=-2
train/89220.jpg,1-4-4=-7
train/89221.jpg,9-(3-1)=7
train/89222.jpg,2-7+7=2
train/89223.jpg,8*(4*2)=64
train/89224.jpg,3-(6-7)=4
train/89225.jpg,6+1-7=0
train/89226.jpg,2-4+5=3
train/89227.jpg,6-(8-9)=7
train/89228.jpg,9-3*0=9
train/89229.jpg,1*(5-4)=1
train/89230.jpg,4+(9*5)=49
train/89231.jpg,2*(9+9)=36
train/89232.jpg,(2*8)-5=11
train/89233.jpg,(5+4)*8=72
train/89234.jpg,4*5+9=29
train/89235.jpg,0*(2*1)=0
train/89236.jpg,(9+2)*8=88
train/89237.jpg,3+4*9=39
train/89238.jpg,(6-2)*4=16
train/89239.jpg,9*(4+6)=90
train/89240.jpg,0-(6-3)=-3
train/89241.jpg,1*(3-8)=-5
train/89242.jpg,(1-6)-7=-12
train/89243.jpg,8*9+8=80
train/89244.jpg,7+(8+9)=24
train/89245.jpg,1-7+5=-1
train/89246.jpg,(5+2)*3=21
train/89247.jpg,4-(6+0)=-2
train/89248.jpg,7-(5+2)=0
train/89249.jpg,(8*3)*3=72
train/89250.jpg,(0*9)+5=5
train/89251.jpg,(0*3)*7=0
train/89252.jpg,(4+1)-1=4
train/89253.jpg,8+5*7=43
train/89254.jpg,(2*6)*1=12
train/89255.jpg,1+(7*6)=43
train/89256.jpg,9*1*4=36
train/89257.jpg,(3+7)-1=9
train/89258.jpg,1*(8+7)=15
train/89259.jpg,8+(0*7)=8
train/89260.jpg,3+7-6=4
train/89261.jpg,3+3*3=12
train/89262.jpg,(4*4)-9=7
train/89263.jpg,9*4+6=42
train/89264.jpg,6*(9+0)=54
train/89265.jpg,2-9*5=-43
train/89266.jpg,1-4-5=-8
train/89267.jpg,3*(4+4)=24
train/89268.jpg,(6+4)*2=20
train/89269.jpg,(3+3)-8=-2
train/89270.jpg,(4+7)-9=2
train/89271.jpg,0-(2+1)=-3
train/89272.jpg,5+(7-8)=4
train/89273.jpg,(0*0)+1=1
train/89274.jpg,4+2+4=10
train/89275.jpg,(5-3)-8=-6
train/89276.jpg,(8-5)+9=12
train/89277.jpg,9+2-4=7
train/89278.jpg,0+(4-4)=0
train/89279.jpg,3-5+9=7
train/89280.jpg,6*6-4=32
train/89281.jpg,(2*7)-2=12
train/89282.jpg,(9+9)*0=0
train/89283.jpg,5+(1*9)=14
train/89284.jpg,6+(0+0)=6
train/89285.jpg,(0*4)*3=0
train/89286.jpg,(7-9)+0=-2
train/89287.jpg,8+5*6=38
train/89288.jpg,(4+6)+4=14
train/89289.jpg,3-0*2=3
train/89290.jpg,5-6*9=-49
train/89291.jpg,4+(8+1)=13
train/89292.jpg,9*(5-4)=9
train/89293.jpg,(3+4)+1=8
train/89294.jpg,6-(4-9)=11
train/89295.jpg,(5*3)-0=15
train/89296.jpg,(8+9)+1=18
train/89297.jpg,9*8*7=504
train/89298.jpg,0+7*4=28
train/89299.jpg,9-0-9=0
train/89300.jpg,9-(6*6)=-27
train/89301.jpg,4+(8*0)=4
train/89302.jpg,9+0-5=4
train/89303.jpg,(8*4)-9=23
train/89304.jpg,(5+2)*9=63
train/89305.jpg,(4*5)+3=23
train/89306.jpg,5*(7+1)=40
train/89307.jpg,(9+3)-9=3
train/89308.jpg,5+(1+3)=9
train/89309.jpg,2-6-9=-13
train/89310.jpg,1*(0+4)=4
train/89311.jpg,1+(0-3)=-2
train/89312.jpg,3-4+2=1
train/89313.jpg,0+1*8=8
train/89314.jpg,3-(4+1)=-2
train/89315.jpg,3*3*8=72
train/89316.jpg,(8+1)+8=17
train/89317.jpg,4*(7-0)=28
train/89318.jpg,7+(5*2)=17
train/89319.jpg,8*(5*2)=80
train/89320.jpg,9-8*3=-15
train/89321.jpg,(7+8)-7=8
train/89322.jpg,(1-8)-6=-13
train/89323.jpg,8*1*2=16
train/89324.jpg,(7-2)-3=2
train/89325.jpg,(8+5)-2=11
train/89326.jpg,9*(8*7)=504
train/89327.jpg,2-3+6=5
train/89328.jpg,2+(7*4)=30
train/89329.jpg,5+(7+4)=16
train/89330.jpg,2+(9-5)=6
train/89331.jpg,1+5*3=16
train/89332.jpg,7-2+1=6
train/89333.jpg,(3-4)*8=-8
train/89334.jpg,9*(0*9)=0
train/89335.jpg,(3-9)*4=-24
train/89336.jpg,(1+5)-4=2
train/89337.jpg,1*0-4=-4
train/89338.jpg,5*(4+8)=60
train/89339.jpg,2+(9-4)=7
train/89340.jpg,2-(9-9)=2
train/89341.jpg,9*4+6=42
train/89342.jpg,2*(4-2)=4
train/89343.jpg,6*(3*5)=90
train/89344.jpg,(3-3)+5=5
train/89345.jpg,7-(1-4)=10
train/89346.jpg,1-2*5=-9
train/89347.jpg,6-7*1=-1
train/89348.jpg,(9*6)*7=378
train/89349.jpg,1+6*5=31
train/89350.jpg,0-1*0=0
train/89351.jpg,5-9-3=-7
train/89352.jpg,2+(7+7)=16
train/89353.jpg,(5+1)+7=13
train/89354.jpg,9*(5+9)=126
train/89355.jpg,2*(8*3)=48
train/89356.jpg,9+(6+0)=15
train/89357.jpg,7-5*2=-3
train/89358.jpg,9-4*3=-3
train/89359.jpg,2*(8+8)=32
train/89360.jpg,5*1+8=13
train/89361.jpg,0*(0+4)=0
train/89362.jpg,(9*6)+4=58
train/89363.jpg,0-(6*9)=-54
train/89364.jpg,9-9-9=-9
train/89365.jpg,9*6*2=108
train/89366.jpg,(8-5)+3=6
train/89367.jpg,0+(8+2)=10
train/89368.jpg,1-(7+7)=-13
train/89369.jpg,(4*4)*3=48
train/89370.jpg,(9+3)*7=84
train/89371.jpg,9*(4+6)=90
train/89372.jpg,4*(8-4)=16
train/89373.jpg,9+5+3=17
train/89374.jpg,(0-8)*6=-48
train/89375.jpg,3-(1-7)=9
train/89376.jpg,1-(3+1)=-3
train/89377.jpg,(0+4)-4=0
train/89378.jpg,4+(6*7)=46
train/89379.jpg,(9*0)+5=5
train/89380.jpg,(1*8)*0=0
train/89381.jpg,4*1+8=12
train/89382.jpg,0-(3*6)=-18
train/89383.jpg,(8-9)+7=6
train/89384.jpg,(8-9)-1=-2
train/89385.jpg,1-9*2=-17
train/89386.jpg,(1+9)+4=14
train/89387.jpg,0*(1*4)=0
train/89388.jpg,7+6*4=31
train/89389.jpg,9*(2-8)=-54
train/89390.jpg,4-(2*7)=-10
train/89391.jpg,(3-7)-3=-7
train/89392.jpg,1-7+4=-2
train/89393.jpg,2-(6-6)=2
train/89394.jpg,(5+5)+0=10
train/89395.jpg,7*3+9=30
train/89396.jpg,1+2-7=-4
train/89397.jpg,6+(8+2)=16
train/89398.jpg,1+3*8=25
train/89399.jpg,5*(4+8)=60
train/89400.jpg,(9-3)+3=9
train/89401.jpg,(3*7)*6=126
train/89402.jpg,0-1*8=-8
train/89403.jpg,(7*8)*5=280
train/89404.jpg,9-(5*1)=4
train/89405.jpg,(0+4)*3=12
train/89406.jpg,(5-8)+9=6
train/89407.jpg,5*(1+0)=5
train/89408.jpg,6+(5*1)=11
train/89409.jpg,(0*9)-9=-9
train/89410.jpg,(5*8)+0=40
train/89411.jpg,(5*7)-8=27
train/89412.jpg,1+(9+9)=19
train/89413.jpg,(1-6)+1=-4
train/89414.jpg,6*6-3=33
train/89415.jpg,5*(3*1)=15
train/89416.jpg,1+6+1=8
train/89417.jpg,6-(0*5)=6
train/89418.jpg,9+4+4=17
train/89419.jpg,4-(8-8)=4
train/89420.jpg,3+(3+2)=8
train/89421.jpg,4-9-2=-7
train/89422.jpg,5+(7-5)=7
train/89423.jpg,(2+8)+2=12
train/89424.jpg,2+1*2=4
train/89425.jpg,7*(9-8)=7
train/89426.jpg,(6+2)-2=6
train/89427.jpg,4*4*3=48
train/89428.jpg,1+4-3=2
train/89429.jpg,2+(2*3)=8
train/89430.jpg,(9+3)-1=11
train/89431.jpg,(3+9)+8=20
train/89432.jpg,4+(1-1)=4
train/89433.jpg,(8*0)*0=0
train/89434.jpg,8-(7-3)=4
train/89435.jpg,3-3*1=0
train/89436.jpg,(2*4)+7=15
train/89437.jpg,3-(4-6)=5
train/89438.jpg,2*1*5=10
train/89439.jpg,2+2-8=-4
train/89440.jpg,7*2-4=10
train/89441.jpg,6+0+0=6
train/89442.jpg,2*6-0=12
train/89443.jpg,6*5-2=28
train/89444.jpg,(2-1)+0=1
train/89445.jpg,(3-2)+4=5
train/89446.jpg,7*4*5=140
train/89447.jpg,5*2-3=7
train/89448.jpg,3*7+3=24
train/89449.jpg,(6*2)+6=18
train/89450.jpg,(4*0)*2=0
train/89451.jpg,(1*8)*3=24
train/89452.jpg,5-(6*7)=-37
train/89453.jpg,8+(1+3)=12
train/89454.jpg,3*3+9=18
train/89455.jpg,(1*3)+5=8
train/89456.jpg,(5*2)-1=9
train/89457.jpg,8+(7*6)=50
train/89458.jpg,5-7*2=-9
train/89459.jpg,(7+8)-4=11
train/89460.jpg,8*3*2=48
train/89461.jpg,9+0+5=14
train/89462.jpg,4+(2+3)=9
train/89463.jpg,(1+8)-9=0
train/89464.jpg,5*(9*2)=90
train/89465.jpg,8-(9-0)=-1
train/89466.jpg,(0+6)+0=6
train/89467.jpg,0*4+7=7
train/89468.jpg,3-2-3=-2
train/89469.jpg,3-(5-1)=-1
train/89470.jpg,4-5*4=-16
train/89471.jpg,1+(3*3)=10
train/89472.jpg,3*(1+4)=15
train/89473.jpg,2+2+9=13
train/89474.jpg,1*(1*6)=6
train/89475.jpg,(5+6)+7=18
train/89476.jpg,(4*2)+3=11
train/89477.jpg,(3+2)-1=4
train/89478.jpg,3+8-2=9
train/89479.jpg,7*4+2=30
train/89480.jpg,(5*2)-7=3
train/89481.jpg,2*2*6=24
train/89482.jpg,(5+7)*0=0
train/89483.jpg,0-6*8=-48
train/89484.jpg,7+(5-7)=5
train/89485.jpg,9*(2*3)=54
train/89486.jpg,9+0-4=5
train/89487.jpg,5+(8+8)=21
train/89488.jpg,2-(0-8)=10
train/89489.jpg,6-8-2=-4
train/89490.jpg,5+(9+4)=18
train/89491.jpg,9*3-6=21
train/89492.jpg,6-(4-8)=10
train/89493.jpg,5+(2-1)=6
train/89494.jpg,4+(2-6)=0
train/89495.jpg,5+(4+0)=9
train/89496.jpg,(2+7)-9=0
train/89497.jpg,9-(6+5)=-2
train/89498.jpg,5+0*5=5
train/89499.jpg,(5-3)*4=8
train/89500.jpg,7+6+2=15
train/89501.jpg,7-(7-0)=0
train/89502.jpg,(8-9)+3=2
train/89503.jpg,2-(6-1)=-3
train/89504.jpg,(2+5)+9=16
train/89505.jpg,3*8-1=23
train/89506.jpg,9*4-1=35
train/89507.jpg,3*(9-1)=24
train/89508.jpg,6-2-5=-1
train/89509.jpg,(4-5)*3=-3
train/89510.jpg,7*3*0=0
train/89511.jpg,(0+1)*1=1
train/89512.jpg,(1*4)*8=32
train/89513.jpg,(1+8)*3=27
train/89514.jpg,(9-2)-3=4
train/89515.jpg,2*2-9=-5
train/89516.jpg,0*5-8=-8
train/89517.jpg,1*(0-3)=-3
train/89518.jpg,8+(2+3)=13
train/89519.jpg,5-5-2=-2
train/89520.jpg,3-5-7=-9
train/89521.jpg,8+(0*5)=8
train/89522.jpg,(6-3)*6=18
train/89523.jpg,(9+5)-9=5
train/89524.jpg,7+7+1=15
train/89525.jpg,0+(7*8)=56
train/89526.jpg,1*(9*0)=0
train/89527.jpg,6+(2+2)=10
train/89528.jpg,5*2*8=80
train/89529.jpg,(6-2)*3=12
train/89530.jpg,9-(7+4)=-2
train/89531.jpg,(5*5)-9=16
train/89532.jpg,6-4+6=8
train/89533.jpg,(9+7)+1=17
train/89534.jpg,8+7+6=21
train/89535.jpg,1*4-3=1
train/89536.jpg,(4+9)+5=18
train/89537.jpg,(8-6)+9=11
train/89538.jpg,1*0+6=6
train/89539.jpg,0-(4+3)=-7
train/89540.jpg,3-7*9=-60
train/89541.jpg,3*4-9=3
train/89542.jpg,9*7-0=63
train/89543.jpg,9*7+9=72
train/89544.jpg,4*0+6=6
train/89545.jpg,(6*3)+2=20
train/89546.jpg,0+7-9=-2
train/89547.jpg,6*1+8=14
train/89548.jpg,(5-1)-9=-5
train/89549.jpg,3+9-2=10
train/89550.jpg,6*3+1=19
train/89551.jpg,1-5*0=1
train/89552.jpg,2+(8-0)=10
train/89553.jpg,(5*6)-7=23
train/89554.jpg,7-4-8=-5
train/89555.jpg,1*1+8=9
train/89556.jpg,(7+8)-3=12
train/89557.jpg,(3-5)+8=6
train/89558.jpg,2+(5*7)=37
train/89559.jpg,0+(1-9)=-8
train/89560.jpg,3*(7+2)=27
train/89561.jpg,(7+8)+6=21
train/89562.jpg,(3*8)*3=72
train/89563.jpg,(2*2)*4=16
train/89564.jpg,1*(1+5)=6
train/89565.jpg,8+(2-5)=5
train/89566.jpg,2*(9+7)=32
train/89567.jpg,2*8+0=16
train/89568.jpg,(3-5)-2=-4
train/89569.jpg,0*(0-6)=0
train/89570.jpg,(7*3)-8=13
train/89571.jpg,5*(5-1)=20
train/89572.jpg,1-(1*9)=-8
train/89573.jpg,5+(8-1)=12
train/89574.jpg,9+5*4=29
train/89575.jpg,(4+4)-9=-1
train/89576.jpg,(3+3)*0=0
train/89577.jpg,0*2+4=4
train/89578.jpg,8-7*1=1
train/89579.jpg,8+(5*9)=53
train/89580.jpg,9-(7*4)=-19
train/89581.jpg,9+(4-5)=8
train/89582.jpg,3+4*7=31
train/89583.jpg,8-8*7=-48
train/89584.jpg,1*(1*2)=2
train/89585.jpg,6*6+6=42
train/89586.jpg,(4-7)*1=-3
train/89587.jpg,(1*6)*7=42
train/89588.jpg,2*1+9=11
train/89589.jpg,8+6+4=18
train/89590.jpg,9-1*2=7
train/89591.jpg,4*(4-9)=-20
train/89592.jpg,9*(2+8)=90
train/89593.jpg,1-(7+3)=-9
train/89594.jpg,6+0+9=15
train/89595.jpg,0-(8*9)=-72
train/89596.jpg,0*(0+9)=0
train/89597.jpg,(4+6)+1=11
train/89598.jpg,9-(8*4)=-23
train/89599.jpg,4*(8*0)=0
train/89600.jpg,(3-1)-7=-5
train/89601.jpg,1-8-3=-10
train/89602.jpg,1+6-1=6
train/89603.jpg,4+6-4=6
train/89604.jpg,9-(0*4)=9
train/89605.jpg,(4*6)*1=24
train/89606.jpg,8*(8+2)=80
train/89607.jpg,3*7-9=12
train/89608.jpg,4+3+9=16
train/89609.jpg,(4*7)+9=37
train/89610.jpg,3*6*6=108
train/89611.jpg,4*(7+4)=44
train/89612.jpg,0-(9*6)=-54
train/89613.jpg,6+6*2=18
train/89614.jpg,9*8+0=72
train/89615.jpg,5+9*2=23
train/89616.jpg,1-(0+4)=-3
train/89617.jpg,9*(6+6)=108
train/89618.jpg,(9-0)*9=81
train/89619.jpg,(2+4)-4=2
train/89620.jpg,3*2+5=11
train/89621.jpg,2+(2*5)=12
train/89622.jpg,7*0*9=0
train/89623.jpg,(9-1)+5=13
train/89624.jpg,7-(7-1)=1
train/89625.jpg,8+(2-3)=7
train/89626.jpg,0-9*4=-36
train/89627.jpg,1+2+1=4
train/89628.jpg,7+(6-8)=5
train/89629.jpg,4+(8+6)=18
train/89630.jpg,(1+2)+7=10
train/89631.jpg,3-3*2=-3
train/89632.jpg,1*4+5=9
train/89633.jpg,(0-4)+1=-3
train/89634.jpg,8-(2*4)=0
train/89635.jpg,3-(6*8)=-45
train/89636.jpg,8+7*5=43
train/89637.jpg,4-(8+4)=-8
train/89638.jpg,6*(0*2)=0
train/89639.jpg,6*2+4=16
train/89640.jpg,(5*3)*8=120
train/89641.jpg,(2-8)+1=-5
train/89642.jpg,(6+5)+5=16
train/89643.jpg,5+(4-1)=8
train/89644.jpg,1+(4-8)=-3
train/89645.jpg,0*0+2=2
train/89646.jpg,3-(5+3)=-5
train/89647.jpg,(2*5)*8=80
train/89648.jpg,2-6*0=2
train/89649.jpg,2*(5-8)=-6
train/89650.jpg,(1+6)*0=0
train/89651.jpg,2*8+6=22
train/89652.jpg,6*0+2=2
train/89653.jpg,6+1+2=9
train/89654.jpg,7+(5-6)=6
train/89655.jpg,(7+3)*9=90
train/89656.jpg,(4+3)-7=0
train/89657.jpg,2-(9+9)=-16
train/89658.jpg,2-(5*3)=-13
train/89659.jpg,5-(9*6)=-49
train/89660.jpg,5-2+5=8
train/89661.jpg,4-(7+3)=-6
train/89662.jpg,8*(9*6)=432
train/89663.jpg,3*(2-9)=-21
train/89664.jpg,(3*8)*3=72
train/89665.jpg,4+(5*4)=24
train/89666.jpg,(9-8)-1=0
train/89667.jpg,2*(0*6)=0
train/89668.jpg,4-9+1=-4
train/89669.jpg,9+9-6=12
train/89670.jpg,8*(2*0)=0
train/89671.jpg,(1*2)*7=14
train/89672.jpg,(3*7)*9=189
train/89673.jpg,(9*4)*2=72
train/89674.jpg,(4+2)*2=12
train/89675.jpg,0*6+0=0
train/89676.jpg,4-4*6=-20
train/89677.jpg,8*6-2=46
train/89678.jpg,(8+8)+5=21
train/89679.jpg,(6*5)+1=31
train/89680.jpg,(7+6)-8=5
train/89681.jpg,2-(7*4)=-26
train/89682.jpg,7*(0-7)=-49
train/89683.jpg,9*6+5=59
train/89684.jpg,0+(8+4)=12
train/89685.jpg,4-0-7=-3
train/89686.jpg,9*9-8=73
train/89687.jpg,(5-7)*5=-10
train/89688.jpg,5-3*0=5
train/89689.jpg,(6*9)*5=270
train/89690.jpg,2-3+3=2
train/89691.jpg,0-(8+8)=-16
train/89692.jpg,(3*6)+0=18
train/89693.jpg,(2*0)-3=-3
train/89694.jpg,(2+2)*8=32
train/89695.jpg,(8-6)-1=1
train/89696.jpg,7*(8+7)=105
train/89697.jpg,4-4+4=4
train/89698.jpg,6-3-4=-1
train/89699.jpg,(2*7)*8=112
train/89700.jpg,(8-7)-3=-2
train/89701.jpg,5-5-5=-5
train/89702.jpg,3*(6*9)=162
train/89703.jpg,(5*5)*3=75
train/89704.jpg,8-(7*7)=-41
train/89705.jpg,7+(7-4)=10
train/89706.jpg,(5*3)*0=0
train/89707.jpg,8-(2+7)=-1
train/89708.jpg,8-1*9=-1
train/89709.jpg,5*7-9=26
train/89710.jpg,4-(4*4)=-12
train/89711.jpg,0*4-5=-5
train/89712.jpg,6-(4-1)=3
train/89713.jpg,8*(5+8)=104
train/89714.jpg,(5+5)+7=17
train/89715.jpg,5*(9+9)=90
train/89716.jpg,0+5+8=13
train/89717.jpg,7*(3-9)=-42
train/89718.jpg,6+3*3=15
train/89719.jpg,3+(6+9)=18
train/89720.jpg,0*(9*8)=0
train/89721.jpg,(1+2)-3=0
train/89722.jpg,6*5-5=25
train/89723.jpg,3-(7+8)=-12
train/89724.jpg,9-(8+4)=-3
train/89725.jpg,(4+6)-9=1
train/89726.jpg,1+(2+9)=12
train/89727.jpg,5*7*4=140
train/89728.jpg,3+(9*1)=12
train/89729.jpg,7*3*8=168
train/89730.jpg,7-5+4=6
train/89731.jpg,1+1+5=7
train/89732.jpg,5-(6+5)=-6
train/89733.jpg,(0-7)-9=-16
train/89734.jpg,4+5-2=7
train/89735.jpg,(9+3)+8=20
train/89736.jpg,4+8+1=13
train/89737.jpg,(3-5)+3=1
train/89738.jpg,1*9+9=18
train/89739.jpg,1*5*7=35
train/89740.jpg,9-(8-9)=10
train/89741.jpg,6*(6*3)=108
train/89742.jpg,9*(1*6)=54
train/89743.jpg,1-6*1=-5
train/89744.jpg,(6+7)*1=13
train/89745.jpg,(8+0)+8=16
train/89746.jpg,5-8+3=0
train/89747.jpg,(2*3)-1=5
train/89748.jpg,(3*4)+1=13
train/89749.jpg,(4*9)*9=324
train/89750.jpg,5+6-3=8
train/89751.jpg,6+0+5=11
train/89752.jpg,(1+0)+1=2
train/89753.jpg,6-(3+6)=-3
train/89754.jpg,(2+1)+9=12
train/89755.jpg,(8-5)*3=9
train/89756.jpg,(9-9)+6=6
train/89757.jpg,0+6*2=12
train/89758.jpg,1+8+9=18
train/89759.jpg,6-6-0=0
train/89760.jpg,5-(9+2)=-6
train/89761.jpg,2*2*2=8
train/89762.jpg,0+(7+1)=8
train/89763.jpg,(0*4)+0=0
train/89764.jpg,5+(1+9)=15
train/89765.jpg,(0-9)*4=-36
train/89766.jpg,3-5-7=-9
train/89767.jpg,5*(5+1)=30
train/89768.jpg,9-7*7=-40
train/89769.jpg,(8*7)+6=62
train/89770.jpg,(6*0)-9=-9
train/89771.jpg,8-4+4=8
train/89772.jpg,(9+8)+4=21
train/89773.jpg,(3-2)-5=-4
train/89774.jpg,(4-0)-1=3
train/89775.jpg,(3*1)+9=12
train/89776.jpg,(0-2)-6=-8
train/89777.jpg,7-0+6=13
train/89778.jpg,3*7+6=27
train/89779.jpg,7-(1*7)=0
train/89780.jpg,6*1-0=6
train/89781.jpg,(6-1)+1=6
train/89782.jpg,1-9*7=-62
train/89783.jpg,7+(0*9)=7
train/89784.jpg,3+(3-3)=3
train/89785.jpg,2-4-2=-4
train/89786.jpg,7+(3*8)=31
train/89787.jpg,8-0-2=6
train/89788.jpg,(7*8)*9=504
train/89789.jpg,1-5+6=2
train/89790.jpg,7+(6-1)=12
train/89791.jpg,8+3+3=14
train/89792.jpg,(8*8)-1=63
train/89793.jpg,3*(7-9)=-6
train/89794.jpg,(9-4)-5=0
train/89795.jpg,(1-0)+6=7
train/89796.jpg,9+(4+2)=15
train/89797.jpg,(2+6)+8=16
train/89798.jpg,8-7-9=-8
train/89799.jpg,(8-3)*1=5
train/89800.jpg,0*4-2=-2
train/89801.jpg,5+(7-1)=11
train/89802.jpg,7+(8+5)=20
train/89803.jpg,(0-2)+3=1
train/89804.jpg,(0-1)-0=-1
train/89805.jpg,(4*0)*5=0
train/89806.jpg,(2*3)+7=13
train/89807.jpg,(2-9)*6=-42
train/89808.jpg,(8-2)+4=10
train/89809.jpg,1-4+4=1
train/89810.jpg,(1-5)*0=0
train/89811.jpg,4+(5*7)=39
train/89812.jpg,2-(2-6)=6
train/89813.jpg,(5*5)*2=50
train/89814.jpg,1+1*4=5
train/89815.jpg,1*9-5=4
train/89816.jpg,9+(7-3)=13
train/89817.jpg,(9+5)+4=18
train/89818.jpg,(9-5)*9=36
train/89819.jpg,0-(1+4)=-5
train/89820.jpg,3*7*7=147
train/89821.jpg,1*(3*8)=24
train/89822.jpg,1+9+1=11
train/89823.jpg,3-(1+5)=-3
train/89824.jpg,1-(8+0)=-7
train/89825.jpg,8+(3-7)=4
train/89826.jpg,5*4-9=11
train/89827.jpg,7+5*8=47
train/89828.jpg,(5*0)+4=4
train/89829.jpg,(4+4)*0=0
train/89830.jpg,7*(7+4)=77
train/89831.jpg,9*6*7=378
train/89832.jpg,4-(5*2)=-6
train/89833.jpg,(1-5)*1=-4
train/89834.jpg,1-(8+2)=-9
train/89835.jpg,3+(5+4)=12
train/89836.jpg,1*(2*7)=14
train/89837.jpg,(7-4)+8=11
train/89838.jpg,7*8-8=48
train/89839.jpg,7*(5-9)=-28
train/89840.jpg,0+(5*8)=40
train/89841.jpg,0-(3-7)=4
train/89842.jpg,3*3-0=9
train/89843.jpg,6-(2-5)=9
train/89844.jpg,(4-4)+4=4
train/89845.jpg,(2+8)+6=16
train/89846.jpg,4*5-1=19
train/89847.jpg,5-(6*6)=-31
train/89848.jpg,(8*6)-1=47
train/89849.jpg,7-9-9=-11
train/89850.jpg,5-7-2=-4
train/89851.jpg,8+6+9=23
train/89852.jpg,(8+4)-4=8
train/89853.jpg,7-7+1=1
train/89854.jpg,9*7+8=71
train/89855.jpg,4+(2*3)=10
train/89856.jpg,2-(2*7)=-12
train/89857.jpg,5-(8-1)=-2
train/89858.jpg,(3-6)*3=-9
train/89859.jpg,3+(9-2)=10
train/89860.jpg,9-(0*8)=9
train/89861.jpg,(4-3)-6=-5
train/89862.jpg,(6*9)*2=108
train/89863.jpg,9-4*8=-23
train/89864.jpg,5+9+1=15
train/89865.jpg,(8+3)*3=33
train/89866.jpg,5-8*8=-59
train/89867.jpg,(7+6)*4=52
train/89868.jpg,2*(7-4)=6
train/89869.jpg,(6*0)+2=2
train/89870.jpg,6+(0*6)=6
train/89871.jpg,5-0+5=10
train/89872.jpg,4*(7-1)=24
train/89873.jpg,9-6+9=12
train/89874.jpg,4+9-6=7
train/89875.jpg,5-(8+4)=-7
train/89876.jpg,(7+0)-3=4
train/89877.jpg,3+(1-0)=4
train/89878.jpg,3+1+1=5
train/89879.jpg,(2*3)-5=1
train/89880.jpg,4-(5*7)=-31
train/89881.jpg,4-(5*8)=-36
train/89882.jpg,0-2*9=-18
train/89883.jpg,0+7*5=35
train/89884.jpg,6+9*9=87
train/89885.jpg,(0*4)-3=-3
train/89886.jpg,1+(4-5)=0
train/89887.jpg,4-(3*1)=1
train/89888.jpg,(7*6)-5=37
train/89889.jpg,6*(2-5)=-18
train/89890.jpg,1+(5*8)=41
train/89891.jpg,3*(4*1)=12
train/89892.jpg,9-4+2=7
train/89893.jpg,9-(4+9)=-4
train/89894.jpg,(2*5)+1=11
train/89895.jpg,(1*6)-3=3
train/89896.jpg,8*4+1=33
train/89897.jpg,1*(9*7)=63
train/89898.jpg,3+(0*6)=3
train/89899.jpg,7+7*4=35
train/89900.jpg,1-(0*9)=1
train/89901.jpg,(4-7)-5=-8
train/89902.jpg,4+7-3=8
train/89903.jpg,8*(4*2)=64
train/89904.jpg,1-(3*1)=-2
train/89905.jpg,(8*2)+5=21
train/89906.jpg,0-1-7=-8
train/89907.jpg,2+6+5=13
train/89908.jpg,(4+3)-1=6
train/89909.jpg,4-(6*6)=-32
train/89910.jpg,(3*0)+6=6
train/89911.jpg,6*(7+5)=72
train/89912.jpg,(9-9)-7=-7
train/89913.jpg,6-1-8=-3
train/89914.jpg,(9-6)*4=12
train/89915.jpg,(6*3)*4=72
train/89916.jpg,4*(1-6)=-20
train/89917.jpg,2*(7*2)=28
train/89918.jpg,(4+2)*5=30
train/89919.jpg,1-(3*8)=-23
train/89920.jpg,4*(2-0)=8
train/89921.jpg,(7*7)*5=245
train/89922.jpg,3+6*7=45
train/89923.jpg,4*4+2=18
train/89924.jpg,8-(4*4)=-8
train/89925.jpg,0-8+1=-7
train/89926.jpg,(8+4)+3=15
train/89927.jpg,0*8-0=0
train/89928.jpg,(5*0)-6=-6
train/89929.jpg,(9+3)+7=19
train/89930.jpg,0-8-9=-17
train/89931.jpg,7+(3+4)=14
train/89932.jpg,9-3+1=7
train/89933.jpg,2*(5-1)=8
train/89934.jpg,3+9*7=66
train/89935.jpg,(5-5)*0=0
train/89936.jpg,5*0-6=-6
train/89937.jpg,8*(9+1)=80
train/89938.jpg,5-5*7=-30
train/89939.jpg,(2-0)*0=0
train/89940.jpg,5+(3-5)=3
train/89941.jpg,2+(7+2)=11
train/89942.jpg,0*0*7=0
train/89943.jpg,2-(6*2)=-10
train/89944.jpg,2*0-6=-6
train/89945.jpg,(2-2)*9=0
train/89946.jpg,(6+0)-4=2
train/89947.jpg,1*4-0=4
train/89948.jpg,(5*1)-7=-2
train/89949.jpg,8-(3*8)=-16
train/89950.jpg,4*9-1=35
train/89951.jpg,8*(4*2)=64
train/89952.jpg,2*(7-0)=14
train/89953.jpg,(1+4)*3=15
train/89954.jpg,(2*6)*9=108
train/89955.jpg,(3+3)*2=12
train/89956.jpg,0*4+6=6
train/89957.jpg,(7*0)-2=-2
train/89958.jpg,(8+6)+4=18
train/89959.jpg,7+6-8=5
train/89960.jpg,4+(3-4)=3
train/89961.jpg,4*(7-8)=-4
train/89962.jpg,8-0*4=8
train/89963.jpg,3-(4-3)=2
train/89964.jpg,1+(9-0)=10
train/89965.jpg,(5+1)+9=15
train/89966.jpg,9+4+1=14
train/89967.jpg,2+2*0=2
train/89968.jpg,0-(2+1)=-3
train/89969.jpg,9+(0*2)=9
train/89970.jpg,(2+0)-1=1
train/89971.jpg,8*0-9=-9
train/89972.jpg,0*(5-4)=0
train/89973.jpg,6*(4-7)=-18
train/89974.jpg,(5+6)+2=13
train/89975.jpg,6*0*3=0
train/89976.jpg,(8+8)+7=23
train/89977.jpg,6*2-9=3
train/89978.jpg,(8-0)-6=2
train/89979.jpg,8-(0-7)=15
train/89980.jpg,8-(2*0)=8
train/89981.jpg,4*4*2=32
train/89982.jpg,(6-0)+9=15
train/89983.jpg,1*7*0=0
train/89984.jpg,(3-7)+7=3
train/89985.jpg,(5-0)*5=25
train/89986.jpg,5-4*9=-31
train/89987.jpg,(3-7)-5=-9
train/89988.jpg,0+(2*4)=8
train/89989.jpg,5*1*4=20
train/89990.jpg,3+(1+8)=12
train/89991.jpg,5+(2-5)=2
train/89992.jpg,6*2-3=9
train/89993.jpg,4-(5+0)=-1
train/89994.jpg,(7-8)+7=6
train/89995.jpg,(0-2)-1=-3
train/89996.jpg,6+(2*9)=24
train/89997.jpg,3+9*0=3
train/89998.jpg,2-(0*9)=2
train/89999.jpg,(8+7)+1=16
train/90000.jpg,3+(4*8)=35
train/90001.jpg,(2*5)*3=30
train/90002.jpg,(4+9)*7=91
train/90003.jpg,4-6*8=-44
train/90004.jpg,(4+4)+0=8
train/90005.jpg,(5+5)+5=15
train/90006.jpg,(8*1)+5=13
train/90007.jpg,1-(3+1)=-3
train/90008.jpg,(4*5)+7=27
train/90009.jpg,0+(3-2)=1
train/90010.jpg,(6+2)+6=14
train/90011.jpg,4+0+4=8
train/90012.jpg,8+(3-8)=3
train/90013.jpg,1*(7-9)=-2
train/90014.jpg,(4-0)*0=0
train/90015.jpg,7-5-7=-5
train/90016.jpg,8+(2*4)=16
train/90017.jpg,7-(3+5)=-1
train/90018.jpg,1-(6*7)=-41
train/90019.jpg,6*3+7=25
train/90020.jpg,9+0+7=16
train/90021.jpg,4-(5+2)=-3
train/90022.jpg,(3*6)-1=17
train/90023.jpg,0+(2-3)=-1
train/90024.jpg,(5*7)*1=35
train/90025.jpg,(0+4)+1=5
train/90026.jpg,8*4+8=40
train/90027.jpg,(7-7)-6=-6
train/90028.jpg,3-7+8=4
train/90029.jpg,(6*2)+9=21
train/90030.jpg,1*8*2=16
train/90031.jpg,6*3*6=108
train/90032.jpg,(2+3)*8=40
train/90033.jpg,6*(3*9)=162
train/90034.jpg,(1-3)*0=0
train/90035.jpg,7*(8+1)=63
train/90036.jpg,0*9+6=6
train/90037.jpg,2+(6+2)=10
train/90038.jpg,6-(5+9)=-8
train/90039.jpg,6-(8*3)=-18
train/90040.jpg,(6-7)+3=2
train/90041.jpg,(2*4)-9=-1
train/90042.jpg,1+3+9=13
train/90043.jpg,(7-4)-9=-6
train/90044.jpg,5+(5+0)=10
train/90045.jpg,7-3-8=-4
train/90046.jpg,8-3*1=5
train/90047.jpg,3+(3-6)=0
train/90048.jpg,7+6*9=61
train/90049.jpg,9-(8-2)=3
train/90050.jpg,3*4+7=19
train/90051.jpg,(1-0)*3=3
train/90052.jpg,4-0*6=4
train/90053.jpg,3*(2+0)=6
train/90054.jpg,(3+3)+6=12
train/90055.jpg,3-(8+4)=-9
train/90056.jpg,2+(2-6)=-2
train/90057.jpg,(1-0)*2=2
train/90058.jpg,6-2+4=8
train/90059.jpg,8-9*5=-37
train/90060.jpg,4+(9-3)=10
train/90061.jpg,(5*1)+1=6
train/90062.jpg,7+8*2=23
train/90063.jpg,(8*6)+1=49
train/90064.jpg,(6+1)-3=4
train/90065.jpg,7+7-4=10
train/90066.jpg,8+(9*7)=71
train/90067.jpg,(6-0)+3=9
train/90068.jpg,2+6*3=20
train/90069.jpg,0+6*3=18
train/90070.jpg,1+(1*4)=5
train/90071.jpg,2+9+6=17
train/90072.jpg,(7-5)-4=-2
train/90073.jpg,2-(4+5)=-7
train/90074.jpg,(3*9)-9=18
train/90075.jpg,9+9*5=54
train/90076.jpg,3+(5-1)=7
train/90077.jpg,(1-5)-3=-7
train/90078.jpg,1+3+8=12
train/90079.jpg,2+0-0=2
train/90080.jpg,6*0-7=-7
train/90081.jpg,2-9*1=-7
train/90082.jpg,6-6+9=9
train/90083.jpg,2-8-1=-7
train/90084.jpg,1+8*2=17
train/90085.jpg,4-(5*2)=-6
train/90086.jpg,6*7+2=44
train/90087.jpg,6+5+8=19
train/90088.jpg,(9-2)+9=16
train/90089.jpg,(4-4)-4=-4
train/90090.jpg,5-9*5=-40
train/90091.jpg,(9*1)+8=17
train/90092.jpg,3-(1-9)=11
train/90093.jpg,(2-2)-7=-7
train/90094.jpg,4*6*5=120
train/90095.jpg,6-(1*5)=1
train/90096.jpg,(7*4)+6=34
train/90097.jpg,(5+8)-8=5
train/90098.jpg,8+(8*2)=24
train/90099.jpg,2+(6-2)=6
train/90100.jpg,(6*9)*3=162
train/90101.jpg,(2+1)-7=-4
train/90102.jpg,6+4*0=6
train/90103.jpg,9*(6*5)=270
train/90104.jpg,5-2+1=4
train/90105.jpg,1+4+5=10
train/90106.jpg,(9+1)-4=6
train/90107.jpg,9+(4-1)=12
train/90108.jpg,7-(4+5)=-2
train/90109.jpg,4+7-5=6
train/90110.jpg,(0*7)*9=0
train/90111.jpg,0-(4-3)=-1
train/90112.jpg,(3+0)+1=4
train/90113.jpg,3+(5+1)=9
train/90114.jpg,1+9-7=3
train/90115.jpg,4-3*1=1
train/90116.jpg,(7-2)-9=-4
train/90117.jpg,(3+4)*8=56
train/90118.jpg,3+(2+4)=9
train/90119.jpg,8*9-9=63
train/90120.jpg,8+2*3=14
train/90121.jpg,5+(3-5)=3
train/90122.jpg,(8+3)*0=0
train/90123.jpg,1*(6-8)=-2
train/90124.jpg,1*7-6=1
train/90125.jpg,(7+5)+0=12
train/90126.jpg,3-(7+0)=-4
train/90127.jpg,(9+0)*0=0
train/90128.jpg,8*0+5=5
train/90129.jpg,0+4*6=24
train/90130.jpg,(0+6)-0=6
train/90131.jpg,(6+7)*8=104
train/90132.jpg,(6+8)+9=23
train/90133.jpg,(5*2)+6=16
train/90134.jpg,7+3-3=7
train/90135.jpg,0*(5-5)=0
train/90136.jpg,1*(6*7)=42
train/90137.jpg,6*(7*6)=252
train/90138.jpg,0+7-8=-1
train/90139.jpg,1*3*0=0
train/90140.jpg,8+6*3=26
train/90141.jpg,0-(8-2)=-6
train/90142.jpg,4+6-6=4
train/90143.jpg,3*(8-4)=12
train/90144.jpg,(8+4)*7=84
train/90145.jpg,1+(8+9)=18
train/90146.jpg,(4-4)+8=8
train/90147.jpg,(3*1)+0=3
train/90148.jpg,5-7+6=4
train/90149.jpg,6-(5*2)=-4
train/90150.jpg,9+(7-7)=9
train/90151.jpg,(7*3)-6=15
train/90152.jpg,4+1+5=10
train/90153.jpg,9-(6*6)=-27
train/90154.jpg,5*9-1=44
train/90155.jpg,(2-8)+8=2
train/90156.jpg,8*(1-7)=-48
train/90157.jpg,6-6+1=1
train/90158.jpg,9+5*0=9
train/90159.jpg,(0*7)*5=0
train/90160.jpg,9*0-4=-4
train/90161.jpg,(3-8)+6=1
train/90162.jpg,4+(8*5)=44
train/90163.jpg,(4-3)-1=0
train/90164.jpg,9+7+7=23
train/90165.jpg,(8*3)-7=17
train/90166.jpg,8*(7*1)=56
train/90167.jpg,5-(8-6)=3
train/90168.jpg,5-2-4=-1
train/90169.jpg,6+4-1=9
train/90170.jpg,(7*9)+8=71
train/90171.jpg,7*(9-5)=28
train/90172.jpg,0+(7*1)=7
train/90173.jpg,(8+0)-5=3
train/90174.jpg,4+(1-7)=-2
train/90175.jpg,0-6*7=-42
train/90176.jpg,6+6-4=8
train/90177.jpg,5+2+7=14
train/90178.jpg,(3*6)+8=26
train/90179.jpg,3-(8-4)=-1
train/90180.jpg,6+7*7=55
train/90181.jpg,(4+2)*0=0
train/90182.jpg,3*6+6=24
train/90183.jpg,(7*6)-3=39
train/90184.jpg,(9*2)*7=126
train/90185.jpg,(4+6)+7=17
train/90186.jpg,5-1*9=-4
train/90187.jpg,7+9+8=24
train/90188.jpg,5+(0*3)=5
train/90189.jpg,7*6-6=36
train/90190.jpg,3*(7+3)=30
train/90191.jpg,2*3-2=4
train/90192.jpg,3*9*5=135
train/90193.jpg,8*4+2=34
train/90194.jpg,(6+4)-4=6
train/90195.jpg,2-8+7=1
train/90196.jpg,5+(9*2)=23
train/90197.jpg,6-(8-6)=4
train/90198.jpg,(0*7)+2=2
train/90199.jpg,8*(1*1)=8
train/90200.jpg,1-0-9=-8
train/90201.jpg,0-2*1=-2
train/90202.jpg,(0-8)-8=-16
train/90203.jpg,(5-6)+5=4
train/90204.jpg,6+0+5=11
train/90205.jpg,6+(7+9)=22
train/90206.jpg,1-4*9=-35
train/90207.jpg,1+(3+9)=13
train/90208.jpg,(4*4)*8=128
train/90209.jpg,1+3-7=-3
train/90210.jpg,0+(1+2)=3
train/90211.jpg,5*3-0=15
train/90212.jpg,0-4*0=0
train/90213.jpg,1-(1-8)=8
train/90214.jpg,1-0*5=1
train/90215.jpg,8-9*5=-37
train/90216.jpg,(4-4)*9=0
train/90217.jpg,9+(9+2)=20
train/90218.jpg,(8*1)+7=15
train/90219.jpg,1-(7+4)=-10
train/90220.jpg,4+4*2=12
train/90221.jpg,0+6+0=6
train/90222.jpg,4+0-1=3
train/90223.jpg,(9*9)*9=729
train/90224.jpg,9*(3+8)=99
train/90225.jpg,0+0-5=-5
train/90226.jpg,(7+6)-4=9
train/90227.jpg,8-2*6=-4
train/90228.jpg,6+(2-5)=3
train/90229.jpg,6-9*9=-75
train/90230.jpg,(7-9)*1=-2
train/90231.jpg,9+(2-6)=5
train/90232.jpg,(0-8)+1=-7
train/90233.jpg,7-(8*2)=-9
train/90234.jpg,(6*3)*3=54
train/90235.jpg,(2-5)*7=-21
train/90236.jpg,6-(9*9)=-75
train/90237.jpg,4-(6*7)=-38
train/90238.jpg,7-3-0=4
train/90239.jpg,6-(3-9)=12
train/90240.jpg,1-(0*3)=1
train/90241.jpg,0*2+6=6
train/90242.jpg,(3-3)-6=-6
train/90243.jpg,3*7+9=30
train/90244.jpg,3*(9-5)=12
train/90245.jpg,(7*9)*9=567
train/90246.jpg,(9*3)+5=32
train/90247.jpg,(5-6)-1=-2
train/90248.jpg,9*0-3=-3
train/90249.jpg,(6-1)*6=30
train/90250.jpg,(9-5)+7=11
train/90251.jpg,2-(4-2)=0
train/90252.jpg,0*8+5=5
train/90253.jpg,7-(0*0)=7
train/90254.jpg,7+(4-2)=9
train/90255.jpg,(4+1)*3=15
train/90256.jpg,1+(2*1)=3
train/90257.jpg,1*1*7=7
train/90258.jpg,(3-2)-7=-6
train/90259.jpg,(9-8)-3=-2
train/90260.jpg,5*4+0=20
train/90261.jpg,(7-7)-9=-9
train/90262.jpg,6*(2+2)=24
train/90263.jpg,3*(0*0)=0
train/90264.jpg,4*(3-6)=-12
train/90265.jpg,2*(4*9)=72
train/90266.jpg,2-(5+7)=-10
train/90267.jpg,4*7+1=29
train/90268.jpg,(9+8)*9=153
train/90269.jpg,(5*4)*3=60
train/90270.jpg,7-(4-8)=11
train/90271.jpg,5+3+5=13
train/90272.jpg,9+(2-5)=6
train/90273.jpg,0-(3+5)=-8
train/90274.jpg,3*7-6=15
train/90275.jpg,1*7*2=14
train/90276.jpg,(0-1)*4=-4
train/90277.jpg,4*(3-8)=-20
train/90278.jpg,(1*9)*9=81
train/90279.jpg,(5*7)+9=44
train/90280.jpg,(4*2)-2=6
train/90281.jpg,(6+8)-5=9
train/90282.jpg,2-1+4=5
train/90283.jpg,4-3*9=-23
train/90284.jpg,9*(4-4)=0
train/90285.jpg,(4+7)-7=4
train/90286.jpg,7+(5+6)=18
train/90287.jpg,6-7+0=-1
train/90288.jpg,(8+0)-2=6
train/90289.jpg,(2+7)*8=72
train/90290.jpg,4+(4-4)=4
train/90291.jpg,(3-6)+3=0
train/90292.jpg,2-(4*2)=-6
train/90293.jpg,7+5+1=13
train/90294.jpg,5+(9+0)=14
train/90295.jpg,2*(3-9)=-12
train/90296.jpg,5*(8+5)=65
train/90297.jpg,(4+1)-7=-2
train/90298.jpg,3*8*5=120
train/90299.jpg,8-8-3=-3
train/90300.jpg,2+(0-3)=-1
train/90301.jpg,7*(0*6)=0
train/90302.jpg,1*(7-5)=2
train/90303.jpg,2-4+3=1
train/90304.jpg,(2*7)+7=21
train/90305.jpg,9+(6-2)=13
train/90306.jpg,4*8*8=256
train/90307.jpg,1+5-2=4
train/90308.jpg,5-(7+7)=-9
train/90309.jpg,1+3*6=19
train/90310.jpg,(6-4)+6=8
train/90311.jpg,(0-2)*1=-2
train/90312.jpg,7-8-1=-2
train/90313.jpg,8*3-6=18
train/90314.jpg,9*4-4=32
train/90315.jpg,(9*6)-5=49
train/90316.jpg,3-3+8=8
train/90317.jpg,(1-6)-7=-12
train/90318.jpg,(9*2)*8=144
train/90319.jpg,(1-4)+8=5
train/90320.jpg,2*2-0=4
train/90321.jpg,(5+9)*8=112
train/90322.jpg,2*1*3=6
train/90323.jpg,0*(3*3)=0
train/90324.jpg,8*(4-2)=16
train/90325.jpg,5+9+8=22
train/90326.jpg,7+4+4=15
train/90327.jpg,0-3*8=-24
train/90328.jpg,7+6-2=11
train/90329.jpg,5+(4+2)=11
train/90330.jpg,5+(4+7)=16
train/90331.jpg,(2*3)*0=0
train/90332.jpg,6*4-3=21
train/90333.jpg,3-(3+4)=-4
train/90334.jpg,(9*4)-9=27
train/90335.jpg,6*(1*4)=24
train/90336.jpg,(1+4)-5=0
train/90337.jpg,1*4*1=4
train/90338.jpg,5+6-2=9
train/90339.jpg,4+(0-5)=-1
train/90340.jpg,6+2+0=8
train/90341.jpg,5+2*3=11
train/90342.jpg,2*4+3=11
train/90343.jpg,1-(5*8)=-39
train/90344.jpg,6*(5-6)=-6
train/90345.jpg,1+(2*5)=11
train/90346.jpg,1+8*0=1
train/90347.jpg,1+(7-7)=1
train/90348.jpg,(3*6)+3=21
train/90349.jpg,4+4+2=10
train/90350.jpg,(1*5)*4=20
train/90351.jpg,2-(6*6)=-34
train/90352.jpg,8*(4*9)=288
train/90353.jpg,(9+0)+8=17
train/90354.jpg,8+(7*3)=29
train/90355.jpg,7+(3*3)=16
train/90356.jpg,4*9*6=216
train/90357.jpg,(8+9)+0=17
train/90358.jpg,(0*4)-6=-6
train/90359.jpg,8+(4-5)=7
train/90360.jpg,3-(6+0)=-3
train/90361.jpg,5*(8-8)=0
train/90362.jpg,7-8*6=-41
train/90363.jpg,(1-2)*8=-8
train/90364.jpg,5*(5*2)=50
train/90365.jpg,3+8-4=7
train/90366.jpg,4-4-7=-7
train/90367.jpg,8+6-9=5
train/90368.jpg,1-9+7=-1
train/90369.jpg,1*(8-5)=3
train/90370.jpg,2*(8*8)=128
train/90371.jpg,3*3+2=11
train/90372.jpg,2-(8+5)=-11
train/90373.jpg,3*6*2=36
train/90374.jpg,0+(8-5)=3
train/90375.jpg,8-(3*2)=2
train/90376.jpg,6+(5*9)=51
train/90377.jpg,4*2+7=15
train/90378.jpg,2-4*0=2
train/90379.jpg,9+0-9=0
train/90380.jpg,6-9+1=-2
train/90381.jpg,1*(3-6)=-3
train/90382.jpg,0-9+6=-3
train/90383.jpg,3-(4-6)=5
train/90384.jpg,2+(7*9)=65
train/90385.jpg,0-(4+3)=-7
train/90386.jpg,7+2+3=12
train/90387.jpg,5-6+2=1
train/90388.jpg,6+7*3=27
train/90389.jpg,2-9-0=-7
train/90390.jpg,7-5*4=-13
train/90391.jpg,(1-2)-7=-8
train/90392.jpg,7*0*3=0
train/90393.jpg,(0+0)*7=0
train/90394.jpg,(0-6)+2=-4
train/90395.jpg,8*7+2=58
train/90396.jpg,1+5+0=6
train/90397.jpg,5*8+6=46
train/90398.jpg,3-8-1=-6
train/90399.jpg,(9*5)*5=225
train/90400.jpg,5-(2+0)=3
train/90401.jpg,(5-2)*0=0
train/90402.jpg,1+(0+5)=6
train/90403.jpg,(0+4)-8=-4
train/90404.jpg,(7*8)+7=63
train/90405.jpg,2-(4+9)=-11
train/90406.jpg,(7-2)+3=8
train/90407.jpg,1*3+9=12
train/90408.jpg,1+(3-4)=0
train/90409.jpg,6*2-9=3
train/90410.jpg,(4-9)+2=-3
train/90411.jpg,(1+0)-3=-2
train/90412.jpg,(3*1)-6=-3
train/90413.jpg,3+(4*6)=27
train/90414.jpg,(5+4)+6=15
train/90415.jpg,(3-6)*3=-9
train/90416.jpg,(2+1)-9=-6
train/90417.jpg,0+(5*6)=30
train/90418.jpg,(8+6)*5=70
train/90419.jpg,3*3*1=9
train/90420.jpg,6-(8+8)=-10
train/90421.jpg,0-6*2=-12
train/90422.jpg,2*(6-3)=6
train/90423.jpg,1*1+7=8
train/90424.jpg,6+0+2=8
train/90425.jpg,5*(1+8)=45
train/90426.jpg,(4*2)+6=14
train/90427.jpg,(4-0)+0=4
train/90428.jpg,(3-9)*2=-12
train/90429.jpg,2-(8+0)=-6
train/90430.jpg,3*(1+1)=6
train/90431.jpg,1-(4+4)=-7
train/90432.jpg,1*(5+2)=7
train/90433.jpg,0+(9+8)=17
train/90434.jpg,5-(1-6)=10
train/90435.jpg,(7+0)+3=10
train/90436.jpg,3*8*4=96
train/90437.jpg,1*(2*2)=4
train/90438.jpg,(3+9)-1=11
train/90439.jpg,8*(1+6)=56
train/90440.jpg,(1+7)+9=17
train/90441.jpg,9-(5*4)=-11
train/90442.jpg,2-(5+7)=-10
train/90443.jpg,2-1*8=-6
train/90444.jpg,8*(1*2)=16
train/90445.jpg,(9+6)+9=24
train/90446.jpg,4-(3-5)=6
train/90447.jpg,(9-8)-6=-5
train/90448.jpg,9+8-2=15
train/90449.jpg,4+7+4=15
train/90450.jpg,(1*5)+9=14
train/90451.jpg,(5*8)+9=49
train/90452.jpg,6-(0*1)=6
train/90453.jpg,1-1+0=0
train/90454.jpg,(2-5)*1=-3
train/90455.jpg,6+0+8=14
train/90456.jpg,(4+9)*2=26
train/90457.jpg,(1+0)*6=6
train/90458.jpg,(3*1)*8=24
train/90459.jpg,9+7-0=16
train/90460.jpg,3+(8+9)=20
train/90461.jpg,3+(6*5)=33
train/90462.jpg,8+6+0=14
train/90463.jpg,7*4+9=37
train/90464.jpg,6*6-5=31
train/90465.jpg,3+4*0=3
train/90466.jpg,2*6+1=13
train/90467.jpg,3*5+1=16
train/90468.jpg,5-(3-4)=6
train/90469.jpg,4-7+2=-1
train/90470.jpg,(8-7)+8=9
train/90471.jpg,5-6-4=-5
train/90472.jpg,(1+0)+4=5
train/90473.jpg,9-9+1=1
train/90474.jpg,1-0-3=-2
train/90475.jpg,8-3*8=-16
train/90476.jpg,7*(1*5)=35
train/90477.jpg,(0-7)+0=-7
train/90478.jpg,(5+4)-6=3
train/90479.jpg,(3*7)-7=14
train/90480.jpg,1-(9*2)=-17
train/90481.jpg,4+4*1=8
train/90482.jpg,0-(7*4)=-28
train/90483.jpg,9+1*8=17
train/90484.jpg,6-(6-6)=6
train/90485.jpg,7+0-1=6
train/90486.jpg,(3+8)+6=17
train/90487.jpg,5-(7+0)=-2
train/90488.jpg,4+(4*5)=24
train/90489.jpg,(6*1)*9=54
train/90490.jpg,5*(5*3)=75
train/90491.jpg,2-(6*4)=-22
train/90492.jpg,(6-6)+6=6
train/90493.jpg,(5+1)+0=6
train/90494.jpg,2*8*6=96
train/90495.jpg,7+(8*7)=63
train/90496.jpg,2*(6+3)=18
train/90497.jpg,(4*6)-4=20
train/90498.jpg,7*(3-5)=-14
train/90499.jpg,(1-9)*9=-72
train/90500.jpg,(8*1)-7=1
train/90501.jpg,(8*7)*6=336
train/90502.jpg,1+(7-9)=-1
train/90503.jpg,(4-5)-6=-7
train/90504.jpg,(3*9)-2=25
train/90505.jpg,(2*3)-9=-3
train/90506.jpg,8*4-1=31
train/90507.jpg,(9-9)*2=0
train/90508.jpg,6*0+1=1
train/90509.jpg,4+(0*1)=4
train/90510.jpg,(5-0)-9=-4
train/90511.jpg,5-3-3=-1
train/90512.jpg,(6+0)+6=12
train/90513.jpg,6-6-7=-7
train/90514.jpg,2*(3+5)=16
train/90515.jpg,1-2-8=-9
train/90516.jpg,2+7-5=4
train/90517.jpg,4*5-2=18
train/90518.jpg,4+(7+9)=20
train/90519.jpg,5*7+6=41
train/90520.jpg,4-5*4=-16
train/90521.jpg,9*(5-9)=-36
train/90522.jpg,4*1+9=13
train/90523.jpg,5*(1+3)=20
train/90524.jpg,4-7+6=3
train/90525.jpg,(9-9)*1=0
train/90526.jpg,8+5-7=6
train/90527.jpg,4-(3-9)=10
train/90528.jpg,7+(3+8)=18
train/90529.jpg,(8-8)*8=0
train/90530.jpg,(9*1)*4=36
train/90531.jpg,9*2+2=20
train/90532.jpg,(7+3)-0=10
train/90533.jpg,3*8+3=27
train/90534.jpg,7+(3-1)=9
train/90535.jpg,8-4*3=-4
train/90536.jpg,(5*9)*9=405
train/90537.jpg,0-0+3=3
train/90538.jpg,9+(8*3)=33
train/90539.jpg,(9+5)+5=19
train/90540.jpg,6+(9+3)=18
train/90541.jpg,8*(0-2)=-16
train/90542.jpg,(3-5)+9=7
train/90543.jpg,(7+5)+1=13
train/90544.jpg,(5*6)-2=28
train/90545.jpg,(1+4)+7=12
train/90546.jpg,6+(8+0)=14
train/90547.jpg,(0*9)+7=7
train/90548.jpg,8-(2*8)=-8
train/90549.jpg,(9-1)-5=3
train/90550.jpg,(7+1)+3=11
train/90551.jpg,7-4+3=6
train/90552.jpg,0-0-5=-5
train/90553.jpg,(7+4)*6=66
train/90554.jpg,(6*7)-1=41
train/90555.jpg,(1-7)*8=-48
train/90556.jpg,9*(9*9)=729
train/90557.jpg,(7+7)-3=11
train/90558.jpg,(0-0)*6=0
train/90559.jpg,8-(0*1)=8
train/90560.jpg,5*(8-5)=15
train/90561.jpg,5-(8*7)=-51
train/90562.jpg,(2*3)*6=36
train/90563.jpg,7-1*4=3
train/90564.jpg,(7-7)*1=0
train/90565.jpg,(3+4)*3=21
train/90566.jpg,5+(0*5)=5
train/90567.jpg,4*(9*3)=108
train/90568.jpg,1*0+8=8
train/90569.jpg,(5*8)-6=34
train/90570.jpg,8*(7*6)=336
train/90571.jpg,5-(9*3)=-22
train/90572.jpg,(9+6)+3=18
train/90573.jpg,4*2*5=40
train/90574.jpg,7-5+7=9
train/90575.jpg,(2+9)+4=15
train/90576.jpg,(0-7)-8=-15
train/90577.jpg,2-(6*9)=-52
train/90578.jpg,3-4+1=0
train/90579.jpg,0+8-8=0
train/90580.jpg,0-8+3=-5
train/90581.jpg,(5*0)+4=4
train/90582.jpg,(4+9)*4=52
train/90583.jpg,(5+4)*9=81
train/90584.jpg,(3-6)-2=-5
train/90585.jpg,(7+2)-6=3
train/90586.jpg,0*4+6=6
train/90587.jpg,3*(4+2)=18
train/90588.jpg,7-8*0=7
train/90589.jpg,4*(7-6)=4
train/90590.jpg,0+5-8=-3
train/90591.jpg,4-6+0=-2
train/90592.jpg,6-7-2=-3
train/90593.jpg,(2*8)+0=16
train/90594.jpg,(1+7)+7=15
train/90595.jpg,6-3*2=0
train/90596.jpg,(5*1)*6=30
train/90597.jpg,(5*7)*5=175
train/90598.jpg,1*2+1=3
train/90599.jpg,9-(3-8)=14
train/90600.jpg,(6*8)-5=43
train/90601.jpg,2+6-6=2
train/90602.jpg,(7*1)-5=2
train/90603.jpg,(1+6)*3=21
train/90604.jpg,5+(3-4)=4
train/90605.jpg,3*0*9=0
train/90606.jpg,5-1*9=-4
train/90607.jpg,9-(2*5)=-1
train/90608.jpg,3*6+8=26
train/90609.jpg,(5-4)+1=2
train/90610.jpg,1*(0+5)=5
train/90611.jpg,(7*1)*4=28
train/90612.jpg,(0+1)+1=2
train/90613.jpg,(5-4)-2=-1
train/90614.jpg,9*3*4=108
train/90615.jpg,7-(6*0)=7
train/90616.jpg,0-(0-7)=7
train/90617.jpg,2*(6+4)=20
train/90618.jpg,2-5-7=-10
train/90619.jpg,(0+1)*8=8
train/90620.jpg,3*5-0=15
train/90621.jpg,3-1+2=4
train/90622.jpg,(3*7)*9=189
train/90623.jpg,0*(2+6)=0
train/90624.jpg,9-(4*6)=-15
train/90625.jpg,(8-4)*7=28
train/90626.jpg,5-9-3=-7
train/90627.jpg,(9*3)-4=23
train/90628.jpg,9-4-5=0
train/90629.jpg,4*(3+2)=20
train/90630.jpg,5*5*4=100
train/90631.jpg,(0-2)*5=-10
train/90632.jpg,1*1+8=9
train/90633.jpg,(0-5)*4=-20
train/90634.jpg,(4+4)*2=16
train/90635.jpg,(3+8)*4=44
train/90636.jpg,(2*0)+8=8
train/90637.jpg,3-6*3=-15
train/90638.jpg,5-5*6=-25
train/90639.jpg,9*(1+7)=72
train/90640.jpg,(2*5)+7=17
train/90641.jpg,3+(1+9)=13
train/90642.jpg,9*8*8=576
train/90643.jpg,7*0-6=-6
train/90644.jpg,(5-3)+3=5
train/90645.jpg,1-(6*0)=1
train/90646.jpg,(3*7)*5=105
train/90647.jpg,0+(5-3)=2
train/90648.jpg,3+(1*9)=12
train/90649.jpg,7-(4+9)=-6
train/90650.jpg,3+4-7=0
train/90651.jpg,7*(0-0)=0
train/90652.jpg,1+6+9=16
train/90653.jpg,0+(7-8)=-1
train/90654.jpg,1-(4*7)=-27
train/90655.jpg,9+3-7=5
train/90656.jpg,(7+9)-9=7
train/90657.jpg,(8-4)*7=28
train/90658.jpg,6+7+1=14
train/90659.jpg,(2*9)-4=14
train/90660.jpg,(4+1)*9=45
train/90661.jpg,9-(0+7)=2
train/90662.jpg,(5-6)-2=-3
train/90663.jpg,4+5*1=9
train/90664.jpg,8*(3-6)=-24
train/90665.jpg,4*(2-0)=8
train/90666.jpg,2+4-2=4
train/90667.jpg,2*(3+6)=18
train/90668.jpg,6-(2+3)=1
train/90669.jpg,5*2*9=90
train/90670.jpg,1*5*6=30
train/90671.jpg,9*5+1=46
train/90672.jpg,4*5+2=22
train/90673.jpg,7*(4*0)=0
train/90674.jpg,(2-9)-9=-16
train/90675.jpg,(4+0)-4=0
train/90676.jpg,5*(7*5)=175
train/90677.jpg,2-8*3=-22
train/90678.jpg,(1*9)-7=2
train/90679.jpg,1-4+0=-3
train/90680.jpg,(3*3)-5=4
train/90681.jpg,8*6-2=46
train/90682.jpg,7*(3+6)=63
train/90683.jpg,6*3*8=144
train/90684.jpg,3-4*8=-29
train/90685.jpg,7-7+1=1
train/90686.jpg,0-0*3=0
train/90687.jpg,(7+0)+1=8
train/90688.jpg,9-8-9=-8
train/90689.jpg,6*8*0=0
train/90690.jpg,7-0-3=4
train/90691.jpg,1-9*3=-26
train/90692.jpg,(8*9)-5=67
train/90693.jpg,1+0+8=9
train/90694.jpg,2-8-9=-15
train/90695.jpg,2*(5*2)=20
train/90696.jpg,(1*7)*1=7
train/90697.jpg,2+7+8=17
train/90698.jpg,(6*4)+5=29
train/90699.jpg,3*(4+2)=18
train/90700.jpg,9*(1+7)=72
train/90701.jpg,(6*4)+0=24
train/90702.jpg,(8-3)+9=14
train/90703.jpg,7*7-7=42
train/90704.jpg,8*1-9=-1
train/90705.jpg,4+(6+4)=14
train/90706.jpg,(0-4)+3=-1
train/90707.jpg,8-2-5=1
train/90708.jpg,2*(3-4)=-2
train/90709.jpg,2-(7-9)=4
train/90710.jpg,2+0+8=10
train/90711.jpg,(2*6)*5=60
train/90712.jpg,4+3*1=7
train/90713.jpg,1+(6-0)=7
train/90714.jpg,2-0*9=2
train/90715.jpg,5+6+2=13
train/90716.jpg,8-(0-6)=14
train/90717.jpg,4*1*4=16
train/90718.jpg,(9-6)-5=-2
train/90719.jpg,6*6*5=180
train/90720.jpg,1+(8*9)=73
train/90721.jpg,3+(2*3)=9
train/90722.jpg,6+(5-2)=9
train/90723.jpg,(0*4)-9=-9
train/90724.jpg,9*(8*0)=0
train/90725.jpg,3*4*0=0
train/90726.jpg,(4*3)*3=36
train/90727.jpg,3-4*7=-25
train/90728.jpg,7*(2-9)=-49
train/90729.jpg,0-(9-5)=-4
train/90730.jpg,7*(5+5)=70
train/90731.jpg,(6+6)*3=36
train/90732.jpg,7*(3+9)=84
train/90733.jpg,(3-9)+2=-4
train/90734.jpg,0*1-8=-8
train/90735.jpg,(0-9)*3=-27
train/90736.jpg,1+(8-9)=0
train/90737.jpg,3*(4*5)=60
train/90738.jpg,1-(3+6)=-8
train/90739.jpg,9*(5-6)=-9
train/90740.jpg,1-(1*7)=-6
train/90741.jpg,9+(9-6)=12
train/90742.jpg,(6*6)*7=252
train/90743.jpg,9-(4*7)=-19
train/90744.jpg,(2+6)*7=56
train/90745.jpg,(8*9)-3=69
train/90746.jpg,1*(3*3)=9
train/90747.jpg,8+5*8=48
train/90748.jpg,8+4-5=7
train/90749.jpg,1+(9-2)=8
train/90750.jpg,(0-6)-5=-11
train/90751.jpg,3*(8-8)=0
train/90752.jpg,9*3+0=27
train/90753.jpg,4+9*2=22
train/90754.jpg,6-(2+3)=1
train/90755.jpg,8*(4+6)=80
train/90756.jpg,9*3+3=30
train/90757.jpg,(8-0)-1=7
train/90758.jpg,2-(2-6)=6
train/90759.jpg,6+(4*0)=6
train/90760.jpg,7-7*5=-28
train/90761.jpg,8-4*6=-16
train/90762.jpg,1+2-8=-5
train/90763.jpg,4*(8*5)=160
train/90764.jpg,(7-8)-0=-1
train/90765.jpg,(8-2)+2=8
train/90766.jpg,4-1*2=2
train/90767.jpg,9+(4-4)=9
train/90768.jpg,4*(2-7)=-20
train/90769.jpg,(4-8)*7=-28
train/90770.jpg,2-2*5=-8
train/90771.jpg,2*2+5=9
train/90772.jpg,5*(5-9)=-20
train/90773.jpg,(2-1)+0=1
train/90774.jpg,9+4*7=37
train/90775.jpg,2*2-5=-1
train/90776.jpg,(9*4)-1=35
train/90777.jpg,6-7*1=-1
train/90778.jpg,0+6*2=12
train/90779.jpg,1*(6-9)=-3
train/90780.jpg,(0+8)+2=10
train/90781.jpg,6*(9+8)=102
train/90782.jpg,4-0-8=-4
train/90783.jpg,5*3-4=11
train/90784.jpg,6+(4*2)=14
train/90785.jpg,(4-7)*4=-12
train/90786.jpg,7-(0*8)=7
train/90787.jpg,(7-8)*2=-2
train/90788.jpg,9+(6+5)=20
train/90789.jpg,2-0-6=-4
train/90790.jpg,2-(9*5)=-43
train/90791.jpg,2*8+5=21
train/90792.jpg,9-7*0=9
train/90793.jpg,(0+5)*5=25
train/90794.jpg,(1*8)-1=7
train/90795.jpg,(8-4)+6=10
train/90796.jpg,0-(2+7)=-9
train/90797.jpg,(8+0)+1=9
train/90798.jpg,3*9*5=135
train/90799.jpg,5*(3+6)=45
train/90800.jpg,9*3-2=25
train/90801.jpg,(7*2)-8=6
train/90802.jpg,1-(3*3)=-8
train/90803.jpg,(0-2)-1=-3
train/90804.jpg,1*(2+1)=3
train/90805.jpg,7-(2+7)=-2
train/90806.jpg,(5-9)-6=-10
train/90807.jpg,(3+7)-1=9
train/90808.jpg,9-1*4=5
train/90809.jpg,5*2+4=14
train/90810.jpg,3+(0-4)=-1
train/90811.jpg,7*(3-1)=14
train/90812.jpg,6*7*3=126
train/90813.jpg,(6*0)*7=0
train/90814.jpg,6*(8+0)=48
train/90815.jpg,(6*2)-9=3
train/90816.jpg,5-(3+3)=-1
train/90817.jpg,0*4*0=0
train/90818.jpg,7+3*3=16
train/90819.jpg,4-(4*3)=-8
train/90820.jpg,6*0*4=0
train/90821.jpg,3*(4-7)=-9
train/90822.jpg,4*(1*8)=32
train/90823.jpg,0+4-5=-1
train/90824.jpg,5-3*1=2
train/90825.jpg,1+(2-6)=-3
train/90826.jpg,(8+4)-7=5
train/90827.jpg,6-(8*0)=6
train/90828.jpg,(4*6)*8=192
train/90829.jpg,7+9+1=17
train/90830.jpg,5+2+4=11
train/90831.jpg,(0+1)-0=1
train/90832.jpg,8+(7-1)=14
train/90833.jpg,5-(1*7)=-2
train/90834.jpg,(0*6)-3=-3
train/90835.jpg,0*(2*6)=0
train/90836.jpg,9*(7*3)=189
train/90837.jpg,(8-8)-6=-6
train/90838.jpg,3*8+3=27
train/90839.jpg,6-(8-3)=1
train/90840.jpg,8-9*4=-28
train/90841.jpg,0+(6+8)=14
train/90842.jpg,6*7*0=0
train/90843.jpg,5-2*6=-7
train/90844.jpg,5*3-2=13
train/90845.jpg,2+8+5=15
train/90846.jpg,9*2-7=11
train/90847.jpg,2+(2+3)=7
train/90848.jpg,(4*8)*9=288
train/90849.jpg,(6+1)+1=8
train/90850.jpg,(1+4)-5=0
train/90851.jpg,1+(5*4)=21
train/90852.jpg,(0+1)*9=9
train/90853.jpg,1*(9+1)=10
train/90854.jpg,(8*2)*3=48
train/90855.jpg,3-0+4=7
train/90856.jpg,8+(6*2)=20
train/90857.jpg,8-(7+5)=-4
train/90858.jpg,(7*8)*3=168
train/90859.jpg,(7*8)*3=168
train/90860.jpg,(0*1)*3=0
train/90861.jpg,4-(7*4)=-24
train/90862.jpg,(3*1)*4=12
train/90863.jpg,(9-0)-4=5
train/90864.jpg,5+(8+1)=14
train/90865.jpg,1-(0-2)=3
train/90866.jpg,4*(0-5)=-20
train/90867.jpg,9*(0*4)=0
train/90868.jpg,2+(5*1)=7
train/90869.jpg,5+0-4=1
train/90870.jpg,(7-0)+3=10
train/90871.jpg,6+8+1=15
train/90872.jpg,6*(8-9)=-6
train/90873.jpg,(2*3)+5=11
train/90874.jpg,(7-0)-2=5
train/90875.jpg,8+(6*6)=44
train/90876.jpg,(7+8)-4=11
train/90877.jpg,1-5-7=-11
train/90878.jpg,8-5*1=3
train/90879.jpg,1+(1-6)=-4
train/90880.jpg,(6-8)-4=-6
train/90881.jpg,0-8+5=-3
train/90882.jpg,(9+8)-2=15
train/90883.jpg,0*6-9=-9
train/90884.jpg,1-(6*1)=-5
train/90885.jpg,(8+4)*7=84
train/90886.jpg,3*7*6=126
train/90887.jpg,2*(8+5)=26
train/90888.jpg,(4+5)-8=1
train/90889.jpg,8-3-9=-4
train/90890.jpg,9+4+4=17
train/90891.jpg,1-9-1=-9
train/90892.jpg,2*(3+7)=20
train/90893.jpg,3+1+9=13
train/90894.jpg,6+(6+1)=13
train/90895.jpg,1-(3*3)=-8
train/90896.jpg,(1+6)*4=28
train/90897.jpg,(8+9)+1=18
train/90898.jpg,8+(5-3)=10
train/90899.jpg,6-(4-5)=7
train/90900.jpg,9-6*6=-27
train/90901.jpg,3*(6*6)=108
train/90902.jpg,1+5-4=2
train/90903.jpg,(7+5)-1=11
train/90904.jpg,0-(8-4)=-4
train/90905.jpg,4-5*1=-1
train/90906.jpg,3+(4*1)=7
train/90907.jpg,(5*1)*6=30
train/90908.jpg,(3*1)+1=4
train/90909.jpg,8*(1+4)=40
train/90910.jpg,1-(7+9)=-15
train/90911.jpg,4*(1+8)=36
train/90912.jpg,3+(7*4)=31
train/90913.jpg,(0+4)+1=5
train/90914.jpg,5+0*9=5
train/90915.jpg,(0+0)+1=1
train/90916.jpg,(6*6)+3=39
train/90917.jpg,1-(4+5)=-8
train/90918.jpg,(6*4)+8=32
train/90919.jpg,1*2-3=-1
train/90920.jpg,3-(9-8)=2
train/90921.jpg,1-7-4=-10
train/90922.jpg,7*7+8=57
train/90923.jpg,6+(4+8)=18
train/90924.jpg,(1-8)*6=-42
train/90925.jpg,1+(8+5)=14
train/90926.jpg,5+7-3=9
train/90927.jpg,5+5*8=45
train/90928.jpg,1+(1*1)=2
train/90929.jpg,5*8+4=44
train/90930.jpg,(3-5)-2=-4
train/90931.jpg,9*(9*2)=162
train/90932.jpg,8+(9*9)=89
train/90933.jpg,1+(7+4)=12
train/90934.jpg,(0-4)+3=-1
train/90935.jpg,(5-2)-1=2
train/90936.jpg,1*2*8=16
train/90937.jpg,7*8+8=64
train/90938.jpg,(9-5)+8=12
train/90939.jpg,2*(5*2)=20
train/90940.jpg,(3+9)-8=4
train/90941.jpg,6+(9*7)=69
train/90942.jpg,9-(1*5)=4
train/90943.jpg,(5*3)*5=75
train/90944.jpg,2-6-4=-8
train/90945.jpg,0-(9-6)=-3
train/90946.jpg,0*(1*0)=0
train/90947.jpg,4*(2*1)=8
train/90948.jpg,8+3+1=12
train/90949.jpg,(7+0)*2=14
train/90950.jpg,4+(6+0)=10
train/90951.jpg,(1+4)*9=45
train/90952.jpg,6-0-3=3
train/90953.jpg,8-4+3=7
train/90954.jpg,(4-8)-9=-13
train/90955.jpg,0*0*9=0
train/90956.jpg,7*(0-5)=-35
train/90957.jpg,3-4-7=-8
train/90958.jpg,9*(2*0)=0
train/90959.jpg,5+(6+1)=12
train/90960.jpg,3-6*4=-21
train/90961.jpg,8+0+1=9
train/90962.jpg,2*4+3=11
train/90963.jpg,7-0*2=7
train/90964.jpg,2+2-8=-4
train/90965.jpg,6+(8*8)=70
train/90966.jpg,(8+1)-6=3
train/90967.jpg,(8-9)*7=-7
train/90968.jpg,2*(0+2)=4
train/90969.jpg,6+0-0=6
train/90970.jpg,6+(5+0)=11
train/90971.jpg,9*(2*2)=36
train/90972.jpg,(6*1)*8=48
train/90973.jpg,7*(7-6)=7
train/90974.jpg,5*9+8=53
train/90975.jpg,8*(5-6)=-8
train/90976.jpg,(4+1)+3=8
train/90977.jpg,0-5-7=-12
train/90978.jpg,8-(5+0)=3
train/90979.jpg,2-(4*6)=-22
train/90980.jpg,7-4+1=4
train/90981.jpg,1-3+1=-1
train/90982.jpg,1+1-0=2
train/90983.jpg,7*9+4=67
train/90984.jpg,(3-6)*8=-24
train/90985.jpg,4-9+4=-1
train/90986.jpg,0*(0+5)=0
train/90987.jpg,(1*4)-2=2
train/90988.jpg,5+6-5=6
train/90989.jpg,1*(4-4)=0
train/90990.jpg,3+(1*8)=11
train/90991.jpg,6-(8-9)=7
train/90992.jpg,(9+8)*8=136
train/90993.jpg,(7+7)+4=18
train/90994.jpg,7-3+0=4
train/90995.jpg,2+(3+7)=12
train/90996.jpg,(1*8)+6=14
train/90997.jpg,9+1*7=16
train/90998.jpg,2+7+6=15
train/90999.jpg,9-(2-6)=13
train/91000.jpg,6*7*1=42
train/91001.jpg,8-(3-0)=5
train/91002.jpg,(4-0)*0=0
train/91003.jpg,(3-0)-6=-3
train/91004.jpg,0*8+3=3
train/91005.jpg,5-0+8=13
train/91006.jpg,3-7+8=4
train/91007.jpg,1+5+2=8
train/91008.jpg,0*(1+7)=0
train/91009.jpg,7*(3*3)=63
train/91010.jpg,(4+5)-2=7
train/91011.jpg,(6+9)+4=19
train/91012.jpg,8*(7-2)=40
train/91013.jpg,(7+3)*5=50
train/91014.jpg,9*(9+4)=117
train/91015.jpg,9*9-9=72
train/91016.jpg,5*(9+9)=90
train/91017.jpg,2-1*8=-6
train/91018.jpg,0*(0+0)=0
train/91019.jpg,1-6+7=2
train/91020.jpg,(6+6)*6=72
train/91021.jpg,3-(4*9)=-33
train/91022.jpg,(1-8)*9=-63
train/91023.jpg,(0+6)-5=1
train/91024.jpg,(6*5)*2=60
train/91025.jpg,(9*0)+2=2
train/91026.jpg,6-7+7=6
train/91027.jpg,(0+7)-6=1
train/91028.jpg,6*3*3=54
train/91029.jpg,7+(1*9)=16
train/91030.jpg,(4+2)*1=6
train/91031.jpg,8*(7-0)=56
train/91032.jpg,6-9*6=-48
train/91033.jpg,7*5*9=315
train/91034.jpg,(1*7)-8=-1
train/91035.jpg,1*(9+6)=15
train/91036.jpg,6+6-3=9
train/91037.jpg,4+(2*7)=18
train/91038.jpg,(5-0)-2=3
train/91039.jpg,4+1+7=12
train/91040.jpg,9+(7-9)=7
train/91041.jpg,8*2-6=10
train/91042.jpg,(2+0)+8=10
train/91043.jpg,5+1-1=5
train/91044.jpg,(1-3)*7=-14
train/91045.jpg,(1+1)-5=-3
train/91046.jpg,3*(9+7)=48
train/91047.jpg,1-(9+4)=-12
train/91048.jpg,(9*5)*5=225
train/91049.jpg,(9+5)-9=5
train/91050.jpg,3*3-3=6
train/91051.jpg,3+(2-2)=3
train/91052.jpg,(3+7)-9=1
train/91053.jpg,3+6-1=8
train/91054.jpg,9+(4+1)=14
train/91055.jpg,5+8-9=4
train/91056.jpg,(5-7)-4=-6
train/91057.jpg,0+7-5=2
train/91058.jpg,(3*5)-0=15
train/91059.jpg,(4*4)+7=23
train/91060.jpg,8-(7-9)=10
train/91061.jpg,9*7*9=567
train/91062.jpg,(7+7)*2=28
train/91063.jpg,3+(0+4)=7
train/91064.jpg,(7*5)*8=280
train/91065.jpg,(5+5)-1=9
train/91066.jpg,1*2+5=7
train/91067.jpg,(9-0)*0=0
train/91068.jpg,9+4+3=16
train/91069.jpg,9+6-4=11
train/91070.jpg,4-9-2=-7
train/91071.jpg,5*(8+9)=85
train/91072.jpg,0+7-7=0
train/91073.jpg,0+(8*9)=72
train/91074.jpg,0*(3-5)=0
train/91075.jpg,(3*0)*8=0
train/91076.jpg,8*9+0=72
train/91077.jpg,8*3*6=144
train/91078.jpg,4*3*2=24
train/91079.jpg,(4*5)-1=19
train/91080.jpg,7-(9-2)=0
train/91081.jpg,4*3-9=3
train/91082.jpg,2-4*0=2
train/91083.jpg,9+(2*3)=15
train/91084.jpg,6+(7+7)=20
train/91085.jpg,7*(6*3)=126
train/91086.jpg,1-8-8=-15
train/91087.jpg,(3*1)-3=0
train/91088.jpg,9*(1*1)=9
train/91089.jpg,1*(1-8)=-7
train/91090.jpg,4-(6+1)=-3
train/91091.jpg,0*5-4=-4
train/91092.jpg,1-0+0=1
train/91093.jpg,0+6*1=6
train/91094.jpg,(0*1)+3=3
train/91095.jpg,3-(7+5)=-9
train/91096.jpg,(9+8)+9=26
train/91097.jpg,(0-9)-3=-12
train/91098.jpg,(8-9)+0=-1
train/91099.jpg,7+(3+9)=19
train/91100.jpg,5+6*5=35
train/91101.jpg,6*(8+6)=84
train/91102.jpg,3*7*8=168
train/91103.jpg,0+(4*9)=36
train/91104.jpg,3*(7-9)=-6
train/91105.jpg,(4+6)*7=70
train/91106.jpg,(8*0)-3=-3
train/91107.jpg,6+5-2=9
train/91108.jpg,1-(6*8)=-47
train/91109.jpg,4*(2*2)=16
train/91110.jpg,(9+5)+8=22
train/91111.jpg,3+(0-6)=-3
train/91112.jpg,1*(8-3)=5
train/91113.jpg,0+3+7=10
train/91114.jpg,2+1-6=-3
train/91115.jpg,2-(5*2)=-8
train/91116.jpg,6*9-9=45
train/91117.jpg,(8+4)+2=14
train/91118.jpg,2+(3-5)=0
train/91119.jpg,1-(8*0)=1
train/91120.jpg,5+6+5=16
train/91121.jpg,(7*3)-8=13
train/91122.jpg,2+(8+2)=12
train/91123.jpg,(4*5)+5=25
train/91124.jpg,(9*3)*8=216
train/91125.jpg,(4+3)-7=0
train/91126.jpg,5-(2+4)=-1
train/91127.jpg,1*4*9=36
train/91128.jpg,(9-8)-7=-6
train/91129.jpg,1-(4*6)=-23
train/91130.jpg,5*(5+0)=25
train/91131.jpg,(6-5)*6=6
train/91132.jpg,5+(1+3)=9
train/91133.jpg,7+2-2=7
train/91134.jpg,6+(1+3)=10
train/91135.jpg,2*(5*7)=70
train/91136.jpg,0-4+7=3
train/91137.jpg,(8*6)+4=52
train/91138.jpg,3*0-0=0
train/91139.jpg,7-(5*6)=-23
train/91140.jpg,2*4*3=24
train/91141.jpg,(2-1)*9=9
train/91142.jpg,7+0+6=13
train/91143.jpg,0+(7+2)=9
train/91144.jpg,(3-8)+5=0
train/91145.jpg,7*3*5=105
train/91146.jpg,(1-0)+5=6
train/91147.jpg,8*2-8=8
train/91148.jpg,4+(8-5)=7
train/91149.jpg,1+(9*4)=37
train/91150.jpg,0+3*3=9
train/91151.jpg,6*3*6=108
train/91152.jpg,7+2*4=15
train/91153.jpg,2*(5*7)=70
train/91154.jpg,6+(3-1)=8
train/91155.jpg,2*5+6=16
train/91156.jpg,0+(5+9)=14
train/91157.jpg,3+(3-6)=0
train/91158.jpg,(0+8)-4=4
train/91159.jpg,2-7+6=1
train/91160.jpg,(6+6)-2=10
train/91161.jpg,8+(5-2)=11
train/91162.jpg,6+7*5=41
train/91163.jpg,8*(1-8)=-56
train/91164.jpg,9-6-6=-3
train/91165.jpg,1-(0*4)=1
train/91166.jpg,(4*3)+5=17
train/91167.jpg,(3-9)-4=-10
train/91168.jpg,4+(4+0)=8
train/91169.jpg,(9+9)+3=21
train/91170.jpg,7+(3*6)=25
train/91171.jpg,8+2+6=16
train/91172.jpg,(7*1)-9=-2
train/91173.jpg,7-1*2=5
train/91174.jpg,5+7+1=13
train/91175.jpg,4+5*9=49
train/91176.jpg,0+4+1=5
train/91177.jpg,0*7+3=3
train/91178.jpg,(4+9)-1=12
train/91179.jpg,8*(4+3)=56
train/91180.jpg,9*3-2=25
train/91181.jpg,3*(1+9)=30
train/91182.jpg,7-(2-6)=11
train/91183.jpg,3+2-1=4
train/91184.jpg,7*5+9=44
train/91185.jpg,0*(2-7)=0
train/91186.jpg,8-9-6=-7
train/91187.jpg,(3*5)+1=16
train/91188.jpg,6-(5+5)=-4
train/91189.jpg,3*(8-8)=0
train/91190.jpg,9-3-1=5
train/91191.jpg,(2+5)+8=15
train/91192.jpg,(8-2)-7=-1
train/91193.jpg,9-8+7=8
train/91194.jpg,6*(1+1)=12
train/91195.jpg,5*(9*9)=405
train/91196.jpg,(4-3)+0=1
train/91197.jpg,1-(2*3)=-5
train/91198.jpg,2+9+2=13
train/91199.jpg,3*(5*2)=30
train/91200.jpg,3*(3+6)=27
train/91201.jpg,5-(7*6)=-37
train/91202.jpg,2+3*4=14
train/91203.jpg,9+(6-9)=6
train/91204.jpg,1*(8*3)=24
train/91205.jpg,4+(2*0)=4
train/91206.jpg,2+(4-0)=6
train/91207.jpg,5+0-5=0
train/91208.jpg,2-9+7=0
train/91209.jpg,0*1-8=-8
train/91210.jpg,1+(3+4)=8
train/91211.jpg,(8*3)-8=16
train/91212.jpg,3+(4+9)=16
train/91213.jpg,(7-1)*9=54
train/91214.jpg,(0*4)-8=-8
train/91215.jpg,(9*1)-3=6
train/91216.jpg,(8+4)*2=24
train/91217.jpg,(7-5)+1=3
train/91218.jpg,(4+9)-1=12
train/91219.jpg,(7+0)-0=7
train/91220.jpg,0+(1+4)=5
train/91221.jpg,2+3-8=-3
train/91222.jpg,8-(2+5)=1
train/91223.jpg,(6-5)*9=9
train/91224.jpg,8*(5+1)=48
train/91225.jpg,1+4-1=4
train/91226.jpg,2+(1-3)=0
train/91227.jpg,1-5+8=4
train/91228.jpg,1+(5+6)=12
train/91229.jpg,9+1-6=4
train/91230.jpg,0-(6*9)=-54
train/91231.jpg,(0-0)+9=9
train/91232.jpg,6*0+3=3
train/91233.jpg,(7-8)+0=-1
train/91234.jpg,9*9-2=79
train/91235.jpg,3*(8*1)=24
train/91236.jpg,0+(4-6)=-2
train/91237.jpg,1*3-0=3
train/91238.jpg,1-(5+6)=-10
train/91239.jpg,(4*3)+1=13
train/91240.jpg,(2*6)+3=15
train/91241.jpg,6+(4-0)=10
train/91242.jpg,7+(2-0)=9
train/91243.jpg,(6+5)*0=0
train/91244.jpg,(7+5)+2=14
train/91245.jpg,3+(4-7)=0
train/91246.jpg,(3-1)*1=2
train/91247.jpg,0*1-0=0
train/91248.jpg,(6+5)-4=7
train/91249.jpg,1+(6+5)=12
train/91250.jpg,2-1-7=-6
train/91251.jpg,6*(2+8)=60
train/91252.jpg,(8+2)*1=10
train/91253.jpg,8-9*2=-10
train/91254.jpg,3+(5*1)=8
train/91255.jpg,9+4-8=5
train/91256.jpg,(4+5)*6=54
train/91257.jpg,9+0-3=6
train/91258.jpg,6*(4*3)=72
train/91259.jpg,(3-7)*2=-8
train/91260.jpg,(2+5)-6=1
train/91261.jpg,2-(0*0)=2
train/91262.jpg,(4*1)*1=4
train/91263.jpg,(5+4)*9=81
train/91264.jpg,(8-1)-6=1
train/91265.jpg,(9+6)+5=20
train/91266.jpg,(3+8)+1=12
train/91267.jpg,(7-3)*0=0
train/91268.jpg,1-6*5=-29
train/91269.jpg,8*2*3=48
train/91270.jpg,(2-7)+3=-2
train/91271.jpg,3-4-7=-8
train/91272.jpg,(3*6)*0=0
train/91273.jpg,2*(9*1)=18
train/91274.jpg,2+7*4=30
train/91275.jpg,9+(3*4)=21
train/91276.jpg,(1-3)*0=0
train/91277.jpg,(1-0)-3=-2
train/91278.jpg,(4-5)-2=-3
train/91279.jpg,6*(8*8)=384
train/91280.jpg,4+(7*4)=32
train/91281.jpg,3*3+7=16
train/91282.jpg,(6+6)+5=17
train/91283.jpg,4*(1+3)=16
train/91284.jpg,(5*7)*2=70
train/91285.jpg,(5*5)-9=16
train/91286.jpg,(2+0)*4=8
train/91287.jpg,2-(3-1)=0
train/91288.jpg,2-(8*5)=-38
train/91289.jpg,(8-3)*9=45
train/91290.jpg,(1+2)*1=3
train/91291.jpg,8*(7-0)=56
train/91292.jpg,6+3*1=9
train/91293.jpg,(7*3)-3=18
train/91294.jpg,(5+4)-8=1
train/91295.jpg,(3+3)-5=1
train/91296.jpg,(4-3)-7=-6
train/91297.jpg,6*(7+4)=66
train/91298.jpg,7+(5-7)=5
train/91299.jpg,(5-4)+5=6
train/91300.jpg,8+5-8=5
train/91301.jpg,4*(5*2)=40
train/91302.jpg,5-(2-6)=9
train/91303.jpg,(7+2)+0=9
train/91304.jpg,1-(0-6)=7
train/91305.jpg,(2-2)*1=0
train/91306.jpg,(7-9)+9=7
train/91307.jpg,6*(7*2)=84
train/91308.jpg,(1*0)+7=7
train/91309.jpg,8+(5+4)=17
train/91310.jpg,3*0-6=-6
train/91311.jpg,(8*3)+5=29
train/91312.jpg,5+1*9=14
train/91313.jpg,4+(6*4)=28
train/91314.jpg,9+1+3=13
train/91315.jpg,(3-6)-9=-12
train/91316.jpg,(8*7)+8=64
train/91317.jpg,3*4-2=10
train/91318.jpg,(1*0)+7=7
train/91319.jpg,0+0-3=-3
train/91320.jpg,(2+6)-4=4
train/91321.jpg,(6-5)+6=7
train/91322.jpg,7-(0-4)=11
train/91323.jpg,1+5-2=4
train/91324.jpg,5-(1+6)=-2
train/91325.jpg,(6-3)*2=6
train/91326.jpg,(5+6)*1=11
train/91327.jpg,(7-2)*6=30
train/91328.jpg,2-(0-2)=4
train/91329.jpg,(4*0)*5=0
train/91330.jpg,8*(7*4)=224
train/91331.jpg,(9-6)+1=4
train/91332.jpg,4+5+8=17
train/91333.jpg,5*(9*7)=315
train/91334.jpg,5+4*7=33
train/91335.jpg,5+(1-6)=0
train/91336.jpg,0+(6*3)=18
train/91337.jpg,6-(9-6)=3
train/91338.jpg,(2*4)*9=72
train/91339.jpg,(0-5)*2=-10
train/91340.jpg,(8+4)+9=21
train/91341.jpg,1*9*2=18
train/91342.jpg,(2*9)+8=26
train/91343.jpg,8+9-7=10
train/91344.jpg,(1*4)-8=-4
train/91345.jpg,8+3-7=4
train/91346.jpg,(7-3)*3=12
train/91347.jpg,2-(7*8)=-54
train/91348.jpg,5+1*0=5
train/91349.jpg,8*(1-6)=-40
train/91350.jpg,0+(5+4)=9
train/91351.jpg,(2*3)+4=10
train/91352.jpg,7-5+1=3
train/91353.jpg,(2+9)*6=66
train/91354.jpg,8*(3*6)=144
train/91355.jpg,4+(6-8)=2
train/91356.jpg,8*(1+6)=56
train/91357.jpg,5+(0-7)=-2
train/91358.jpg,4-(0+6)=-2
train/91359.jpg,3+9-7=5
train/91360.jpg,(3-9)+0=-6
train/91361.jpg,(3*3)+1=10
train/91362.jpg,6-(7*1)=-1
train/91363.jpg,4*(0*9)=0
train/91364.jpg,(8+3)*5=55
train/91365.jpg,(1-4)*9=-27
train/91366.jpg,(3*3)-2=7
train/91367.jpg,(8*8)+6=70
train/91368.jpg,1+(8-4)=5
train/91369.jpg,5+(5*7)=40
train/91370.jpg,(6-4)-1=1
train/91371.jpg,3-(5-7)=5
train/91372.jpg,(4*2)*1=8
train/91373.jpg,(0+2)+5=7
train/91374.jpg,(7+4)-6=5
train/91375.jpg,8+(6*8)=56
train/91376.jpg,7*(7+4)=77
train/91377.jpg,6-5+9=10
train/91378.jpg,8-7+3=4
train/91379.jpg,(0+5)+3=8
train/91380.jpg,8+(3+1)=12
train/91381.jpg,(9*9)-8=73
train/91382.jpg,9*5+0=45
train/91383.jpg,(9-4)+3=8
train/91384.jpg,6+4*3=18
train/91385.jpg,1-(3-0)=-2
train/91386.jpg,0*(0+8)=0
train/91387.jpg,9-4-2=3
train/91388.jpg,8-(3-1)=6
train/91389.jpg,9-1-2=6
train/91390.jpg,(1-5)*4=-16
train/91391.jpg,(2*6)*3=36
train/91392.jpg,0*(3+7)=0
train/91393.jpg,(7*2)-0=14
train/91394.jpg,(3+2)*1=5
train/91395.jpg,6-0-1=5
train/91396.jpg,(7*7)+5=54
train/91397.jpg,(3+7)+0=10
train/91398.jpg,5+7*5=40
train/91399.jpg,6*0*1=0
train/91400.jpg,8+(5*8)=48
train/91401.jpg,(4+9)-6=7
train/91402.jpg,9-7-1=1
train/91403.jpg,0*1+7=7
train/91404.jpg,6*(9-7)=12
train/91405.jpg,8*(8*2)=128
train/91406.jpg,(0-3)-1=-4
train/91407.jpg,4+(5*7)=39
train/91408.jpg,3-1+4=6
train/91409.jpg,3+(0-0)=3
train/91410.jpg,9*1-8=1
train/91411.jpg,0*4+0=0
train/91412.jpg,(8+3)*6=66
train/91413.jpg,(7-5)-5=-3
train/91414.jpg,(6+0)-2=4
train/91415.jpg,0+3*8=24
train/91416.jpg,(5-7)+3=1
train/91417.jpg,1-(7*4)=-27
train/91418.jpg,(2+6)+2=10
train/91419.jpg,4*5*9=180
train/91420.jpg,2-(1*2)=0
train/91421.jpg,3*(1-8)=-21
train/91422.jpg,0*8-4=-4
train/91423.jpg,5-(3+8)=-6
train/91424.jpg,(7-8)*8=-8
train/91425.jpg,(4*8)+6=38
train/91426.jpg,3+(3*3)=12
train/91427.jpg,1*8+8=16
train/91428.jpg,5+(1+8)=14
train/91429.jpg,0+4-2=2
train/91430.jpg,9-5*3=-6
train/91431.jpg,8*0+8=8
train/91432.jpg,7+3+5=15
train/91433.jpg,8+(5+7)=20
train/91434.jpg,(8-8)-4=-4
train/91435.jpg,7*8+5=61
train/91436.jpg,5*4*6=120
train/91437.jpg,1+(7+3)=11
train/91438.jpg,6+(8-0)=14
train/91439.jpg,2*9+5=23
train/91440.jpg,7+(5+3)=15
train/91441.jpg,1+6*9=55
train/91442.jpg,3+(1-1)=3
train/91443.jpg,(6*5)-6=24
train/91444.jpg,1-9-6=-14
train/91445.jpg,(5+0)+7=12
train/91446.jpg,(1-6)*7=-35
train/91447.jpg,(5+4)*9=81
train/91448.jpg,9*6+5=59
train/91449.jpg,4*3+2=14
train/91450.jpg,7+(7-5)=9
train/91451.jpg,9-7*5=-26
train/91452.jpg,1*4+4=8
train/91453.jpg,2*0-9=-9
train/91454.jpg,7-4+6=9
train/91455.jpg,(8+3)*5=55
train/91456.jpg,7*5-7=28
train/91457.jpg,1*(1-4)=-3
train/91458.jpg,1*(5-9)=-4
train/91459.jpg,4-2+9=11
train/91460.jpg,3*0-4=-4
train/91461.jpg,(6-7)-4=-5
train/91462.jpg,(3-4)-2=-3
train/91463.jpg,(1*7)*1=7
train/91464.jpg,8+(3*7)=29
train/91465.jpg,(1-4)*2=-6
train/91466.jpg,2+(1-5)=-2
train/91467.jpg,4+3+6=13
train/91468.jpg,2-7*8=-54
train/91469.jpg,(0+5)+0=5
train/91470.jpg,(7-5)*0=0
train/91471.jpg,(6-1)*0=0
train/91472.jpg,(3*2)-9=-3
train/91473.jpg,6-9+4=1
train/91474.jpg,(7*9)-1=62
train/91475.jpg,6-(7-4)=3
train/91476.jpg,5*7*7=245
train/91477.jpg,(5-5)*7=0
train/91478.jpg,8-(5+9)=-6
train/91479.jpg,3*(6*6)=108
train/91480.jpg,4-2+8=10
train/91481.jpg,6-(4-6)=8
train/91482.jpg,8*0*1=0
train/91483.jpg,5+(6+1)=12
train/91484.jpg,0+1-2=-1
train/91485.jpg,7+7*8=63
train/91486.jpg,4+(3+7)=14
train/91487.jpg,(9-1)+1=9
train/91488.jpg,7*3+4=25
train/91489.jpg,3+(2*0)=3
train/91490.jpg,(2+9)-8=3
train/91491.jpg,6*1+7=13
train/91492.jpg,3+7+2=12
train/91493.jpg,(8+8)*8=128
train/91494.jpg,2-(4-4)=2
train/91495.jpg,2+3*7=23
train/91496.jpg,1*9+9=18
train/91497.jpg,5*(8-5)=15
train/91498.jpg,5-(7*9)=-58
train/91499.jpg,3*(8*2)=48
train/91500.jpg,8-(4-6)=10
train/91501.jpg,0*(7*1)=0
train/91502.jpg,4-3+9=10
train/91503.jpg,(8+8)*0=0
train/91504.jpg,6+(3*2)=12
train/91505.jpg,(4*8)+0=32
train/91506.jpg,6-(7*3)=-15
train/91507.jpg,5*6-2=28
train/91508.jpg,5*9*4=180
train/91509.jpg,6+(5-2)=9
train/91510.jpg,2*5+9=19
train/91511.jpg,6*7+9=51
train/91512.jpg,(0*3)*8=0
train/91513.jpg,2+1+1=4
train/91514.jpg,8+2-3=7
train/91515.jpg,(3+6)-3=6
train/91516.jpg,9-2*4=1
train/91517.jpg,1*(8*2)=16
train/91518.jpg,3-(4-9)=8
train/91519.jpg,(9+3)*4=48
train/91520.jpg,(8*7)+7=63
train/91521.jpg,(2+7)*6=54
train/91522.jpg,(5*4)+1=21
train/91523.jpg,5*5-9=16
train/91524.jpg,8-4-8=-4
train/91525.jpg,5+(7-3)=9
train/91526.jpg,(8*4)*7=224
train/91527.jpg,8-(5+3)=0
train/91528.jpg,5-1+0=4
train/91529.jpg,6-7-6=-7
train/91530.jpg,8-(8-9)=9
train/91531.jpg,(3*1)-4=-1
train/91532.jpg,0-7*1=-7
train/91533.jpg,5*2*2=20
train/91534.jpg,(9-8)-7=-6
train/91535.jpg,(9+4)*7=91
train/91536.jpg,1+(1+7)=9
train/91537.jpg,0-8-9=-17
train/91538.jpg,2+(8+2)=12
train/91539.jpg,(1*5)*2=10
train/91540.jpg,(2*6)+4=16
train/91541.jpg,7-0*9=7
train/91542.jpg,4*(5-2)=12
train/91543.jpg,1+1-3=-1
train/91544.jpg,8-(3+7)=-2
train/91545.jpg,5+2*4=13
train/91546.jpg,(2+6)-2=6
train/91547.jpg,4+(7*5)=39
train/91548.jpg,1*4*9=36
train/91549.jpg,6+3+8=17
train/91550.jpg,(2-8)*9=-54
train/91551.jpg,4+(1+0)=5
train/91552.jpg,(0*3)*7=0
train/91553.jpg,2*(9+3)=24
train/91554.jpg,(1+3)*6=24
train/91555.jpg,(9*0)*9=0
train/91556.jpg,3+(5-5)=3
train/91557.jpg,3*7+7=28
train/91558.jpg,9+1+6=16
train/91559.jpg,0-4*1=-4
train/91560.jpg,(9+3)+2=14
train/91561.jpg,5*(6*0)=0
train/91562.jpg,1+7+7=15
train/91563.jpg,(1-1)-1=-1
train/91564.jpg,(0+8)*7=56
train/91565.jpg,3-3+0=0
train/91566.jpg,(4*2)-4=4
train/91567.jpg,(1+7)+3=11
train/91568.jpg,3*(2-2)=0
train/91569.jpg,4*(1+2)=12
train/91570.jpg,2+(4-1)=5
train/91571.jpg,(8*2)*9=144
train/91572.jpg,7+(9*6)=61
train/91573.jpg,7*(0*3)=0
train/91574.jpg,(8*5)*2=80
train/91575.jpg,1+(0*6)=1
train/91576.jpg,2-0+8=10
train/91577.jpg,5*(5-9)=-20
train/91578.jpg,2+9-3=8
train/91579.jpg,(9*7)+6=69
train/91580.jpg,5+9*9=86
train/91581.jpg,9+6*1=15
train/91582.jpg,0+(5+5)=10
train/91583.jpg,(9-4)-6=-1
train/91584.jpg,9-(0*4)=9
train/91585.jpg,(6*6)-4=32
train/91586.jpg,(5+9)*4=56
train/91587.jpg,(4-2)*1=2
train/91588.jpg,(0-8)+8=0
train/91589.jpg,1-(9-1)=-7
train/91590.jpg,0*(8+4)=0
train/91591.jpg,(0*1)-6=-6
train/91592.jpg,(1+2)*6=18
train/91593.jpg,(4+8)+4=16
train/91594.jpg,5+(5*2)=15
train/91595.jpg,8-(7*8)=-48
train/91596.jpg,(1*9)+8=17
train/91597.jpg,(6+5)*3=33
train/91598.jpg,5*8*3=120
train/91599.jpg,0+1*8=8
train/91600.jpg,2+3+9=14
train/91601.jpg,(8+5)-1=12
train/91602.jpg,9+3+3=15
train/91603.jpg,7-(5-6)=8
train/91604.jpg,0*3*5=0
train/91605.jpg,9+9-8=10
train/91606.jpg,6*9+8=62
train/91607.jpg,(2+2)-8=-4
train/91608.jpg,8-(7-9)=10
train/91609.jpg,4-(1*6)=-2
train/91610.jpg,0+(9+0)=9
train/91611.jpg,1+(9*4)=37
train/91612.jpg,(9-2)+1=8
train/91613.jpg,6*(7+5)=72
train/91614.jpg,0*(6*6)=0
train/91615.jpg,(4-5)-0=-1
train/91616.jpg,9-0-5=4
train/91617.jpg,3+(4-9)=-2
train/91618.jpg,5+(1+5)=11
train/91619.jpg,7-4+3=6
train/91620.jpg,(0+3)*1=3
train/91621.jpg,(5*7)*8=280
train/91622.jpg,4+(8+2)=14
train/91623.jpg,7-(5+1)=1
train/91624.jpg,(8*0)*6=0
train/91625.jpg,1+9+3=13
train/91626.jpg,(9-0)-0=9
train/91627.jpg,7-9+2=0
train/91628.jpg,(1-7)*2=-12
train/91629.jpg,(2-2)*7=0
train/91630.jpg,(7+6)*1=13
train/91631.jpg,5+6+8=19
train/91632.jpg,(2*8)*5=80
train/91633.jpg,0+7-2=5
train/91634.jpg,(6+3)+2=11
train/91635.jpg,7*(1-6)=-35
train/91636.jpg,(0+4)+5=9
train/91637.jpg,4-(9*6)=-50
train/91638.jpg,6*(7+2)=54
train/91639.jpg,1-0+7=8
train/91640.jpg,6*0-8=-8
train/91641.jpg,3-(1-1)=3
train/91642.jpg,(5+7)-9=3
train/91643.jpg,1*3+3=6
train/91644.jpg,2*1*1=2
train/91645.jpg,(1-3)-5=-7
train/91646.jpg,8+1+7=16
train/91647.jpg,7+3*8=31
train/91648.jpg,4+2*0=4
train/91649.jpg,1-3+3=1
train/91650.jpg,(4*6)+0=24
train/91651.jpg,6*7-4=38
train/91652.jpg,1*(0+6)=6
train/91653.jpg,2-8+9=3
train/91654.jpg,7*1*1=7
train/91655.jpg,4*(5-2)=12
train/91656.jpg,2+(6-4)=4
train/91657.jpg,1+5*0=1
train/91658.jpg,8+1*9=17
train/91659.jpg,7*(0-1)=-7
train/91660.jpg,1-(2+2)=-3
train/91661.jpg,8+(8-4)=12
train/91662.jpg,6*(5-8)=-18
train/91663.jpg,6-8*8=-58
train/91664.jpg,0+(3-3)=0
train/91665.jpg,(8-1)-2=5
train/91666.jpg,2-(8*7)=-54
train/91667.jpg,4*(8-9)=-4
train/91668.jpg,2-(9+7)=-14
train/91669.jpg,(1*3)*9=27
train/91670.jpg,7*9+6=69
train/91671.jpg,6*(4-3)=6
train/91672.jpg,(2+2)+5=9
train/91673.jpg,6*0*9=0
train/91674.jpg,(4+3)-1=6
train/91675.jpg,5+8+3=16
train/91676.jpg,3+(6*4)=27
train/91677.jpg,2*1*5=10
train/91678.jpg,1-(1*1)=0
train/91679.jpg,5+(0+4)=9
train/91680.jpg,0*(6-5)=0
train/91681.jpg,7*(5+5)=70
train/91682.jpg,(0+2)+2=4
train/91683.jpg,(9*8)+1=73
train/91684.jpg,(6-4)+6=8
train/91685.jpg,0*(0-8)=0
train/91686.jpg,0-0+7=7
train/91687.jpg,(8-3)+1=6
train/91688.jpg,4-(2+0)=2
train/91689.jpg,8-1*8=0
train/91690.jpg,(2-0)-3=-1
train/91691.jpg,0+3+8=11
train/91692.jpg,0-(4-3)=-1
train/91693.jpg,(0+6)+9=15
train/91694.jpg,7-4-7=-4
train/91695.jpg,(8-9)+5=4
train/91696.jpg,(4-3)+0=1
train/91697.jpg,(7*2)*7=98
train/91698.jpg,3*9+5=32
train/91699.jpg,0*(3*8)=0
train/91700.jpg,(4*3)+6=18
train/91701.jpg,0-8*7=-56
train/91702.jpg,(1*4)*2=8
train/91703.jpg,(5+2)*8=56
train/91704.jpg,6*(9-6)=18
train/91705.jpg,(0-6)*3=-18
train/91706.jpg,(6-5)+6=7
train/91707.jpg,6+8+2=16
train/91708.jpg,8*3-7=17
train/91709.jpg,(4*9)+6=42
train/91710.jpg,0+6-2=4
train/91711.jpg,1+9*9=82
train/91712.jpg,(1*0)+7=7
train/91713.jpg,4+(0+7)=11
train/91714.jpg,0-(0*5)=0
train/91715.jpg,2-(5+1)=-4
train/91716.jpg,7*(0+0)=0
train/91717.jpg,1+1*5=6
train/91718.jpg,5-6-3=-4
train/91719.jpg,6+(9+8)=23
train/91720.jpg,(7+1)-2=6
train/91721.jpg,6-(0-3)=9
train/91722.jpg,5-(5*2)=-5
train/91723.jpg,0+(4+2)=6
train/91724.jpg,4+(8+9)=21
train/91725.jpg,9-(3*5)=-6
train/91726.jpg,4*6*0=0
train/91727.jpg,5-2+7=10
train/91728.jpg,8*(6*1)=48
train/91729.jpg,5+(2*5)=15
train/91730.jpg,(4*4)-7=9
train/91731.jpg,0+4+0=4
train/91732.jpg,(7*9)*1=63
train/91733.jpg,4-2*2=0
train/91734.jpg,(3+9)+6=18
train/91735.jpg,7*1+2=9
train/91736.jpg,6*3+8=26
train/91737.jpg,3*(7*4)=84
train/91738.jpg,(8*6)-4=44
train/91739.jpg,(9*7)*7=441
train/91740.jpg,(6*8)*6=288
train/91741.jpg,6+(6-9)=3
train/91742.jpg,9-(8+6)=-5
train/91743.jpg,(0-6)+3=-3
train/91744.jpg,5+7+1=13
train/91745.jpg,6*(3-7)=-24
train/91746.jpg,5+8*4=37
train/91747.jpg,0-2-6=-8
train/91748.jpg,6*8+5=53
train/91749.jpg,6+(2-9)=-1
train/91750.jpg,(8-1)-0=7
train/91751.jpg,0*(7+4)=0
train/91752.jpg,0+5*8=40
train/91753.jpg,8*6-3=45
train/91754.jpg,(4-2)+4=6
train/91755.jpg,9+1+7=17
train/91756.jpg,7*9*1=63
train/91757.jpg,2+(2*0)=2
train/91758.jpg,8-(9-3)=2
train/91759.jpg,9-(0*8)=9
train/91760.jpg,4+(7+0)=11
train/91761.jpg,6-9-2=-5
train/91762.jpg,2*2+3=7
train/91763.jpg,6+(9+3)=18
train/91764.jpg,1-2-0=-1
train/91765.jpg,0*1+5=5
train/91766.jpg,2+(3-7)=-2
train/91767.jpg,(1*8)+7=15
train/91768.jpg,7*2-4=10
train/91769.jpg,0*7*8=0
train/91770.jpg,6+(1-8)=-1
train/91771.jpg,7*(3-1)=14
train/91772.jpg,5-(8*4)=-27
train/91773.jpg,7-(7+7)=-7
train/91774.jpg,6+(1*9)=15
train/91775.jpg,6+4*1=10
train/91776.jpg,9+(1-0)=10
train/91777.jpg,3-(0-5)=8
train/91778.jpg,2*(4-9)=-10
train/91779.jpg,6-(8*9)=-66
train/91780.jpg,(0+3)+6=9
train/91781.jpg,(1-7)+7=1
train/91782.jpg,9+(0*3)=9
train/91783.jpg,1-(4+5)=-8
train/91784.jpg,1+(5*6)=31
train/91785.jpg,5-(8-4)=1
train/91786.jpg,(2-5)-1=-4
train/91787.jpg,(7-3)-6=-2
train/91788.jpg,3*(7*2)=42
train/91789.jpg,7-(0+9)=-2
train/91790.jpg,(8+8)-3=13
train/91791.jpg,1-(1-1)=1
train/91792.jpg,9+(2*2)=13
train/91793.jpg,3-8*3=-21
train/91794.jpg,8-9+8=7
train/91795.jpg,3+(6*1)=9
train/91796.jpg,(0+2)*4=8
train/91797.jpg,(6*5)*2=60
train/91798.jpg,3-(2+0)=1
train/91799.jpg,9-(1-2)=10
train/91800.jpg,8-(7-1)=2
train/91801.jpg,(8-3)-6=-1
train/91802.jpg,7+7-5=9
train/91803.jpg,3*(1-5)=-12
train/91804.jpg,(8+4)+4=16
train/91805.jpg,7*0-6=-6
train/91806.jpg,1+7*5=36
train/91807.jpg,(9-3)*7=42
train/91808.jpg,3+4-0=7
train/91809.jpg,2-(7+8)=-13
train/91810.jpg,(0-3)*2=-6
train/91811.jpg,1*6+1=7
train/91812.jpg,3+(5*4)=23
train/91813.jpg,(5+9)-4=10
train/91814.jpg,0+5-9=-4
train/91815.jpg,(7+2)-9=0
train/91816.jpg,4-(9-4)=-1
train/91817.jpg,4*(6-1)=20
train/91818.jpg,1-9-8=-16
train/91819.jpg,(5*5)+7=32
train/91820.jpg,5+9*1=14
train/91821.jpg,3*(5*9)=135
train/91822.jpg,2*8-3=13
train/91823.jpg,1-(4*2)=-7
train/91824.jpg,2-(6-4)=0
train/91825.jpg,0+(1*3)=3
train/91826.jpg,3*9-7=20
train/91827.jpg,(4-7)+9=6
train/91828.jpg,(0*9)-3=-3
train/91829.jpg,1-(4-7)=4
train/91830.jpg,8*4*7=224
train/91831.jpg,5-3*4=-7
train/91832.jpg,3-4*0=3
train/91833.jpg,(7*4)+5=33
train/91834.jpg,8+7+9=24
train/91835.jpg,5-0+3=8
train/91836.jpg,(8-3)*6=30
train/91837.jpg,(8*6)*5=240
train/91838.jpg,5+(2-8)=-1
train/91839.jpg,1+(2+5)=8
train/91840.jpg,1-(8*7)=-55
train/91841.jpg,(6-5)+9=10
train/91842.jpg,(2+5)+2=9
train/91843.jpg,2+8+4=14
train/91844.jpg,5+4-1=8
train/91845.jpg,2+(1-4)=-1
train/91846.jpg,8+(3*0)=8
train/91847.jpg,6-1+3=8
train/91848.jpg,4*3-8=4
train/91849.jpg,3*4*7=84
train/91850.jpg,6-0*4=6
train/91851.jpg,(5-6)-2=-3
train/91852.jpg,9*2-1=17
train/91853.jpg,(1+0)*1=1
train/91854.jpg,2+(5+3)=10
train/91855.jpg,5-4+9=10
train/91856.jpg,0+(8+3)=11
train/91857.jpg,(3*0)-9=-9
train/91858.jpg,(4*7)*3=84
train/91859.jpg,8-(2-6)=12
train/91860.jpg,(5-9)*8=-32
train/91861.jpg,4*(7+8)=60
train/91862.jpg,5*(1-2)=-5
train/91863.jpg,5*(2+5)=35
train/91864.jpg,7+(5-6)=6
train/91865.jpg,1+6+4=11
train/91866.jpg,2*9-0=18
train/91867.jpg,4+7-4=7
train/91868.jpg,2-3+0=-1
train/91869.jpg,8+0-6=2
train/91870.jpg,8-(8+7)=-7
train/91871.jpg,(4*5)+1=21
train/91872.jpg,3-(4+0)=-1
train/91873.jpg,(8*1)+4=12
train/91874.jpg,(2+2)+2=6
train/91875.jpg,9-2-7=0
train/91876.jpg,7+(3-9)=1
train/91877.jpg,(6-4)*1=2
train/91878.jpg,1-1*1=0
train/91879.jpg,4-(2*4)=-4
train/91880.jpg,4*(1*4)=16
train/91881.jpg,4+5-7=2
train/91882.jpg,8-9*9=-73
train/91883.jpg,1*4*7=28
train/91884.jpg,4+0+1=5
train/91885.jpg,5*(6-2)=20
train/91886.jpg,1+(3*4)=13
train/91887.jpg,5-(7*3)=-16
train/91888.jpg,7*0+1=1
train/91889.jpg,5+1*3=8
train/91890.jpg,(3-6)+6=3
train/91891.jpg,8-(5+5)=-2
train/91892.jpg,2-7+2=-3
train/91893.jpg,4-(2+4)=-2
train/91894.jpg,4*7*2=56
train/91895.jpg,(4-3)*0=0
train/91896.jpg,4*(7*5)=140
train/91897.jpg,5-2+5=8
train/91898.jpg,2*(6+2)=16
train/91899.jpg,5-0*3=5
train/91900.jpg,6-7+9=8
train/91901.jpg,2+8+2=12
train/91902.jpg,(5+8)-6=7
train/91903.jpg,1-(4+5)=-8
train/91904.jpg,1*(2+4)=6
train/91905.jpg,(7*1)+1=8
train/91906.jpg,3-(5*7)=-32
train/91907.jpg,1+1-0=2
train/91908.jpg,9+4-7=6
train/91909.jpg,0*(2+9)=0
train/91910.jpg,5-6-6=-7
train/91911.jpg,(4*9)+9=45
train/91912.jpg,(8*0)+1=1
train/91913.jpg,1+(1+0)=2
train/91914.jpg,(8-7)+7=8
train/91915.jpg,3*3+3=12
train/91916.jpg,(8+6)*5=70
train/91917.jpg,(3+8)+2=13
train/91918.jpg,(8+6)*1=14
train/91919.jpg,8-(2-7)=13
train/91920.jpg,1-0-4=-3
train/91921.jpg,6+7-6=7
train/91922.jpg,2+0-5=-3
train/91923.jpg,8+8+5=21
train/91924.jpg,2*(5+0)=10
train/91925.jpg,3-(6-6)=3
train/91926.jpg,5*7+5=40
train/91927.jpg,(9-2)*0=0
train/91928.jpg,(3*5)-8=7
train/91929.jpg,(3*5)+5=20
train/91930.jpg,4*(5*3)=60
train/91931.jpg,(7-9)+2=0
train/91932.jpg,0+1*1=1
train/91933.jpg,(7*3)-6=15
train/91934.jpg,9*7-5=58
train/91935.jpg,1+3-4=0
train/91936.jpg,8*9*1=72
train/91937.jpg,2+9*3=29
train/91938.jpg,(3*5)*8=120
train/91939.jpg,7*(3+3)=42
train/91940.jpg,4-9-1=-6
train/91941.jpg,0-1-1=-2
train/91942.jpg,4+0-6=-2
train/91943.jpg,6*0*6=0
train/91944.jpg,5*9+2=47
train/91945.jpg,(3-8)+2=-3
train/91946.jpg,6+(9-9)=6
train/91947.jpg,6+(5*4)=26
train/91948.jpg,5-5+7=7
train/91949.jpg,(7-5)*3=6
train/91950.jpg,6-(8+9)=-11
train/91951.jpg,(2+7)+8=17
train/91952.jpg,(1*1)+0=1
train/91953.jpg,8-(6-3)=5
train/91954.jpg,0-7+9=2
train/91955.jpg,(0*6)+0=0
train/91956.jpg,4-(6-4)=2
train/91957.jpg,2-(6-5)=1
train/91958.jpg,(9*1)-7=2
train/91959.jpg,4*(9*9)=324
train/91960.jpg,9*(3*0)=0
train/91961.jpg,4-6+7=5
train/91962.jpg,3*(3-5)=-6
train/91963.jpg,6*(3-7)=-24
train/91964.jpg,5-(3*3)=-4
train/91965.jpg,0+(7*8)=56
train/91966.jpg,2+(3*1)=5
train/91967.jpg,6*(8*1)=48
train/91968.jpg,1+6*1=7
train/91969.jpg,(7+1)-0=8
train/91970.jpg,7*4+6=34
train/91971.jpg,9*0-2=-2
train/91972.jpg,3*(4-3)=3
train/91973.jpg,(8*4)*8=256
train/91974.jpg,7*(5+2)=49
train/91975.jpg,(2*4)*9=72
train/91976.jpg,(5-7)*0=0
train/91977.jpg,3*(8-5)=9
train/91978.jpg,(2+4)-4=2
train/91979.jpg,1*2+0=2
train/91980.jpg,1-(6-0)=-5
train/91981.jpg,4*0*1=0
train/91982.jpg,(7-9)*9=-18
train/91983.jpg,(6+3)+8=17
train/91984.jpg,9+(3*9)=36
train/91985.jpg,(9+9)-3=15
train/91986.jpg,5*3-6=9
train/91987.jpg,4-(3-2)=3
train/91988.jpg,(0-3)*7=-21
train/91989.jpg,3*2+6=12
train/91990.jpg,(8+7)-7=8
train/91991.jpg,(3+8)+3=14
train/91992.jpg,(1+1)+9=11
train/91993.jpg,(1-8)*5=-35
train/91994.jpg,3*5*8=120
train/91995.jpg,2*(0*3)=0
train/91996.jpg,4*(8+3)=44
train/91997.jpg,(7-8)+7=6
train/91998.jpg,8-9*7=-55
train/91999.jpg,(0+2)+8=10
train/92000.jpg,(4-1)-6=-3
train/92001.jpg,8-6+4=6
train/92002.jpg,(6-6)*6=0
train/92003.jpg,0-(5+9)=-14
train/92004.jpg,(2-1)+6=7
train/92005.jpg,1-(5+5)=-9
train/92006.jpg,(2+3)*2=10
train/92007.jpg,6+6-0=12
train/92008.jpg,2+5*8=42
train/92009.jpg,5*2*1=10
train/92010.jpg,4+5-2=7
train/92011.jpg,5+(0*1)=5
train/92012.jpg,(5*0)-8=-8
train/92013.jpg,3*(0+6)=18
train/92014.jpg,3+(4+1)=8
train/92015.jpg,(9*0)*2=0
train/92016.jpg,4-1*5=-1
train/92017.jpg,5*9*6=270
train/92018.jpg,7*6*5=210
train/92019.jpg,2-2*7=-12
train/92020.jpg,4+1+9=14
train/92021.jpg,(7*1)-5=2
train/92022.jpg,7*9*2=126
train/92023.jpg,1+5+4=10
train/92024.jpg,2*(6-1)=10
train/92025.jpg,2-(8-0)=-6
train/92026.jpg,7-(6-1)=2
train/92027.jpg,(4-0)-1=3
train/92028.jpg,3-1*2=1
train/92029.jpg,2+(3-8)=-3
train/92030.jpg,(0-2)-4=-6
train/92031.jpg,(9*5)-9=36
train/92032.jpg,4+(1-3)=2
train/92033.jpg,(6-3)+5=8
train/92034.jpg,5*0+2=2
train/92035.jpg,8-(4-6)=10
train/92036.jpg,(2*2)+7=11
train/92037.jpg,(8+7)*4=60
train/92038.jpg,8-(9*0)=8
train/92039.jpg,(6*8)-3=45
train/92040.jpg,0*3-3=-3
train/92041.jpg,3+(2-7)=-2
train/92042.jpg,5*(5-1)=20
train/92043.jpg,1*3+4=7
train/92044.jpg,(9+0)-2=7
train/92045.jpg,1+6-7=0
train/92046.jpg,(6+6)-1=11
train/92047.jpg,(8+4)*0=0
train/92048.jpg,7*(6+1)=49
train/92049.jpg,(4-4)*6=0
train/92050.jpg,4-1-3=0
train/92051.jpg,(9*2)*7=126
train/92052.jpg,8*6+7=55
train/92053.jpg,(7*7)-4=45
train/92054.jpg,(2-0)+0=2
train/92055.jpg,(0-7)*1=-7
train/92056.jpg,9+(3+4)=16
train/92057.jpg,3*4+0=12
train/92058.jpg,(8+7)*2=30
train/92059.jpg,4-(5*3)=-11
train/92060.jpg,4*(4+3)=28
train/92061.jpg,9+(9-0)=18
train/92062.jpg,3-8-2=-7
train/92063.jpg,6+(0+2)=8
train/92064.jpg,7+6-2=11
train/92065.jpg,(5+0)*3=15
train/92066.jpg,6*(9*3)=162
train/92067.jpg,3*6+3=21
train/92068.jpg,5*(6*2)=60
train/92069.jpg,7+(9+7)=23
train/92070.jpg,6+2*7=20
train/92071.jpg,0-1*8=-8
train/92072.jpg,3*5*4=60
train/92073.jpg,(6-1)-3=2
train/92074.jpg,5-6+4=3
train/92075.jpg,(7-3)-4=0
train/92076.jpg,7+(7-3)=11
train/92077.jpg,5*(0+1)=5
train/92078.jpg,2-(7-9)=4
train/92079.jpg,9-2*6=-3
train/92080.jpg,(7*1)*7=49
train/92081.jpg,6+(1-9)=-2
train/92082.jpg,4+(1*6)=10
train/92083.jpg,5-2+2=5
train/92084.jpg,0+(5+0)=5
train/92085.jpg,4+2-6=0
train/92086.jpg,(2+2)-8=-4
train/92087.jpg,(4+9)+0=13
train/92088.jpg,(1*6)+2=8
train/92089.jpg,2-(0*1)=2
train/92090.jpg,0-(5+2)=-7
train/92091.jpg,4+1-1=4
train/92092.jpg,1*3*2=6
train/92093.jpg,(8+9)-7=10
train/92094.jpg,5-(6-2)=1
train/92095.jpg,0+(8-0)=8
train/92096.jpg,2-4+6=4
train/92097.jpg,1-(9+2)=-10
train/92098.jpg,(7-9)-5=-7
train/92099.jpg,9-(7+1)=1
train/92100.jpg,9+7+2=18
train/92101.jpg,(6-1)+4=9
train/92102.jpg,1+(5+8)=14
train/92103.jpg,8+4*8=40
train/92104.jpg,5+2+5=12
train/92105.jpg,1*3-0=3
train/92106.jpg,8*0-8=-8
train/92107.jpg,7-(0+3)=4
train/92108.jpg,9+1*4=13
train/92109.jpg,(5*0)-5=-5
train/92110.jpg,6*(7-8)=-6
train/92111.jpg,3+(1*0)=3
train/92112.jpg,(6-6)-5=-5
train/92113.jpg,(8+4)-7=5
train/92114.jpg,(6*9)+5=59
train/92115.jpg,(3*9)*6=162
train/92116.jpg,9*(3+3)=54
train/92117.jpg,(7*3)*0=0
train/92118.jpg,4*(0*7)=0
train/92119.jpg,9*1-4=5
train/92120.jpg,7+3+3=13
train/92121.jpg,(4-2)-7=-5
train/92122.jpg,0+(8*1)=8
train/92123.jpg,3+8*4=35
train/92124.jpg,1*1-8=-7
train/92125.jpg,6+(8-6)=8
train/92126.jpg,1-(9+7)=-15
train/92127.jpg,3+3*6=21
train/92128.jpg,(0+2)-5=-3
train/92129.jpg,(2*9)+7=25
train/92130.jpg,(7*0)*3=0
train/92131.jpg,6*9+2=56
train/92132.jpg,0*(5*8)=0
train/92133.jpg,4+5-7=2
train/92134.jpg,2-1-7=-6
train/92135.jpg,7+(5*1)=12
train/92136.jpg,(7+7)-5=9
train/92137.jpg,6*(6+4)=60
train/92138.jpg,6*1-2=4
train/92139.jpg,(7+6)*6=78
train/92140.jpg,(6+4)+6=16
train/92141.jpg,5+9-8=6
train/92142.jpg,5*2*4=40
train/92143.jpg,(7-9)*1=-2
train/92144.jpg,5+5*3=20
train/92145.jpg,8*1*0=0
train/92146.jpg,(9+1)-2=8
train/92147.jpg,8-(6*3)=-10
train/92148.jpg,(2*3)+8=14
train/92149.jpg,1-2+1=0
train/92150.jpg,(9*9)+3=84
train/92151.jpg,5*(8-1)=35
train/92152.jpg,8+(1-0)=9
train/92153.jpg,0-(1+5)=-6
train/92154.jpg,(1-5)+6=2
train/92155.jpg,8*4+4=36
train/92156.jpg,9-6-6=-3
train/92157.jpg,1-0+6=7
train/92158.jpg,(5*2)-8=2
train/92159.jpg,7-(6+2)=-1
train/92160.jpg,9+(2+8)=19
train/92161.jpg,2-0+1=3
train/92162.jpg,(1+9)*1=10
train/92163.jpg,0-7-7=-14
train/92164.jpg,(8+6)+1=15
train/92165.jpg,6*3-9=9
train/92166.jpg,(7-4)+9=12
train/92167.jpg,(2*3)*9=54
train/92168.jpg,2-3*9=-25
train/92169.jpg,2*9-9=9
train/92170.jpg,8+2*0=8
train/92171.jpg,(3+5)+7=15
train/92172.jpg,6-(2+9)=-5
train/92173.jpg,7+(5+2)=14
train/92174.jpg,4-4-7=-7
train/92175.jpg,7-8-0=-1
train/92176.jpg,(7*3)+9=30
train/92177.jpg,(0+5)*2=10
train/92178.jpg,0*5+6=6
train/92179.jpg,(7-0)+0=7
train/92180.jpg,3-5-4=-6
train/92181.jpg,3*9*2=54
train/92182.jpg,8-(1+1)=6
train/92183.jpg,(7-1)*2=12
train/92184.jpg,(3-2)+6=7
train/92185.jpg,(6+5)-6=5
train/92186.jpg,4*1*3=12
train/92187.jpg,3+4+8=15
train/92188.jpg,(9-6)+6=9
train/92189.jpg,4-(2+5)=-3
train/92190.jpg,4+8*9=76
train/92191.jpg,5*4*5=100
train/92192.jpg,0-(3+1)=-4
train/92193.jpg,(4-7)*5=-15
train/92194.jpg,7-(3+8)=-4
train/92195.jpg,8*8*7=448
train/92196.jpg,(8-9)-5=-6
train/92197.jpg,9+(4*0)=9
train/92198.jpg,1*3-4=-1
train/92199.jpg,(9+5)+7=21
train/92200.jpg,1+(8+4)=13
train/92201.jpg,1-(4*3)=-11
train/92202.jpg,3-(8-5)=0
train/92203.jpg,4+1*0=4
train/92204.jpg,1-(3-6)=4
train/92205.jpg,7-(1*9)=-2
train/92206.jpg,2*9*0=0
train/92207.jpg,0+6-8=-2
train/92208.jpg,9+7+1=17
train/92209.jpg,1-(3*0)=1
train/92210.jpg,4*5+0=20
train/92211.jpg,8*6+6=54
train/92212.jpg,8+3+0=11
train/92213.jpg,9*1*3=27
train/92214.jpg,4-(6+4)=-6
train/92215.jpg,7+2-4=5
train/92216.jpg,9-(4+6)=-1
train/92217.jpg,4+(8-0)=12
train/92218.jpg,(0*8)-6=-6
train/92219.jpg,0-(4+5)=-9
train/92220.jpg,(6+4)-8=2
train/92221.jpg,7*2*1=14
train/92222.jpg,7*(6-2)=28
train/92223.jpg,6+(3+0)=9
train/92224.jpg,4+1-6=-1
train/92225.jpg,2*(5-2)=6
train/92226.jpg,(3*9)-2=25
train/92227.jpg,6-(2+7)=-3
train/92228.jpg,8*0-5=-5
train/92229.jpg,3*1-3=0
train/92230.jpg,8-(8-7)=7
train/92231.jpg,6*4*5=120
train/92232.jpg,(0+3)+8=11
train/92233.jpg,(5-6)-4=-5
train/92234.jpg,2+8-9=1
train/92235.jpg,(1-9)-1=-9
train/92236.jpg,(6+7)-2=11
train/92237.jpg,9*6+5=59
train/92238.jpg,7-(5-1)=3
train/92239.jpg,(8-7)*9=9
train/92240.jpg,7-9-0=-2
train/92241.jpg,(8+1)-8=1
train/92242.jpg,(5+5)*7=70
train/92243.jpg,7+6-3=10
train/92244.jpg,2+5+1=8
train/92245.jpg,7*(2-6)=-28
train/92246.jpg,7+(1-8)=0
train/92247.jpg,(9-4)*5=25
train/92248.jpg,9*3-5=22
train/92249.jpg,5-7+3=1
train/92250.jpg,0*3+7=7
train/92251.jpg,(9-2)*8=56
train/92252.jpg,5+7+2=14
train/92253.jpg,(9*6)-6=48
train/92254.jpg,2-1+6=7
train/92255.jpg,2+(6+2)=10
train/92256.jpg,0-(2+6)=-8
train/92257.jpg,8*(1*5)=40
train/92258.jpg,(9-0)+4=13
train/92259.jpg,(7+0)*7=49
train/92260.jpg,(4-3)+8=9
train/92261.jpg,3+4-3=4
train/92262.jpg,8*(2-1)=8
train/92263.jpg,0-(8-6)=-2
train/92264.jpg,(3*8)-6=18
train/92265.jpg,5-0*2=5
train/92266.jpg,5-(4-7)=8
train/92267.jpg,1+8*7=57
train/92268.jpg,6+1*4=10
train/92269.jpg,(0+9)-7=2
train/92270.jpg,8*(3-0)=24
train/92271.jpg,4-0-5=-1
train/92272.jpg,7-(5*1)=2
train/92273.jpg,(9+1)*0=0
train/92274.jpg,(4+2)+2=8
train/92275.jpg,(8*5)+2=42
train/92276.jpg,(2+1)-9=-6
train/92277.jpg,5*0+2=2
train/92278.jpg,6+6+4=16
train/92279.jpg,(2-5)*3=-9
train/92280.jpg,(3-0)-6=-3
train/92281.jpg,7-(8-0)=-1
train/92282.jpg,(9-4)-3=2
train/92283.jpg,5-(7-6)=4
train/92284.jpg,(2+8)*0=0
train/92285.jpg,5*2+1=11
train/92286.jpg,4-(6+2)=-4
train/92287.jpg,1+8-9=0
train/92288.jpg,6+(3-0)=9
train/92289.jpg,(8+5)+7=20
train/92290.jpg,(8*5)*8=320
train/92291.jpg,(8-7)+5=6
train/92292.jpg,(1*4)*7=28
train/92293.jpg,(0*0)*3=0
train/92294.jpg,4*(4-3)=4
train/92295.jpg,(7*5)*7=245
train/92296.jpg,6*(9+6)=90
train/92297.jpg,2-(3+0)=-1
train/92298.jpg,(7+1)-3=5
train/92299.jpg,9*1+0=9
train/92300.jpg,1+(0-6)=-5
train/92301.jpg,7*(1*6)=42
train/92302.jpg,8-(4+6)=-2
train/92303.jpg,1+4+6=11
train/92304.jpg,2*9-4=14
train/92305.jpg,(2+3)+2=7
train/92306.jpg,(0*2)*5=0
train/92307.jpg,4-(3-2)=3
train/92308.jpg,(3*8)-2=22
train/92309.jpg,(3+1)*6=24
train/92310.jpg,(5-5)*8=0
train/92311.jpg,9+5-6=8
train/92312.jpg,(8-0)*6=48
train/92313.jpg,7*(6-0)=42
train/92314.jpg,6+0-4=2
train/92315.jpg,(5*4)-9=11
train/92316.jpg,(6-6)-1=-1
train/92317.jpg,(9+5)+3=17
train/92318.jpg,8+4-1=11
train/92319.jpg,(1+2)*0=0
train/92320.jpg,0+(0+6)=6
train/92321.jpg,9+(6+2)=17
train/92322.jpg,5*(3-5)=-10
train/92323.jpg,(3-6)+9=6
train/92324.jpg,(9*5)*0=0
train/92325.jpg,(9+8)-1=16
train/92326.jpg,(2-1)+0=1
train/92327.jpg,(7*8)+5=61
train/92328.jpg,7+8*5=47
train/92329.jpg,(5-0)-7=-2
train/92330.jpg,7-(4*0)=7
train/92331.jpg,1+6*8=49
train/92332.jpg,6*7+7=49
train/92333.jpg,0*(6+2)=0
train/92334.jpg,1+(3+0)=4
train/92335.jpg,(4*1)-2=2
train/92336.jpg,7+(0+4)=11
train/92337.jpg,5*(9*4)=180
train/92338.jpg,(1+2)+0=3
train/92339.jpg,9*3+0=27
train/92340.jpg,3+2*4=11
train/92341.jpg,1-(6-2)=-3
train/92342.jpg,8-(5+0)=3
train/92343.jpg,8-(7*1)=1
train/92344.jpg,2+(2*9)=20
train/92345.jpg,7+6+3=16
train/92346.jpg,5*8-5=35
train/92347.jpg,(5+8)-9=4
train/92348.jpg,3-(4+3)=-4
train/92349.jpg,6+7*8=62
train/92350.jpg,(1-2)-2=-3
train/92351.jpg,(7-3)+5=9
train/92352.jpg,1+5+7=13
train/92353.jpg,1-3+6=4
train/92354.jpg,2*(1-6)=-10
train/92355.jpg,(5-5)+1=1
train/92356.jpg,9+5-0=14
train/92357.jpg,(0-7)-8=-15
train/92358.jpg,6*3-3=15
train/92359.jpg,5*(8+7)=75
train/92360.jpg,3*4-1=11
train/92361.jpg,(7*9)+2=65
train/92362.jpg,4+(0-0)=4
train/92363.jpg,(6*4)+8=32
train/92364.jpg,1*6+8=14
train/92365.jpg,9+(7*0)=9
train/92366.jpg,0+2+6=8
train/92367.jpg,(3*9)*4=108
train/92368.jpg,1+6+9=16
train/92369.jpg,8*(6-7)=-8
train/92370.jpg,0-5+3=-2
train/92371.jpg,8*(4*2)=64
train/92372.jpg,0*(2*6)=0
train/92373.jpg,5-8*3=-19
train/92374.jpg,(0+9)+7=16
train/92375.jpg,2*0+1=1
train/92376.jpg,1*(5*4)=20
train/92377.jpg,2+6-4=4
train/92378.jpg,9+7-9=7
train/92379.jpg,(7-1)-8=-2
train/92380.jpg,4+(4+2)=10
train/92381.jpg,(8+5)+6=19
train/92382.jpg,4-6+4=2
train/92383.jpg,(4*9)*1=36
train/92384.jpg,7+7-4=10
train/92385.jpg,7*2-7=7
train/92386.jpg,1-(0-2)=3
train/92387.jpg,8-2-6=0
train/92388.jpg,2*(1+5)=12
train/92389.jpg,3*4*8=96
train/92390.jpg,3+(0-2)=1
train/92391.jpg,7*(6*9)=378
train/92392.jpg,5+7+3=15
train/92393.jpg,(2-4)-6=-8
train/92394.jpg,9+5-6=8
train/92395.jpg,8-(9-5)=4
train/92396.jpg,(1+4)*7=35
train/92397.jpg,8+(4+7)=19
train/92398.jpg,9+7*2=23
train/92399.jpg,5+8+2=15
train/92400.jpg,3*(1+1)=6
train/92401.jpg,7+4+6=17
train/92402.jpg,(8-9)*8=-8
train/92403.jpg,(6-2)+6=10
train/92404.jpg,2*6+1=13
train/92405.jpg,(2+8)*7=70
train/92406.jpg,2*0-5=-5
train/92407.jpg,(2*0)-2=-2
train/92408.jpg,5*(3-8)=-25
train/92409.jpg,7-5-0=2
train/92410.jpg,9*(3+2)=45
train/92411.jpg,(5+2)+9=16
train/92412.jpg,(5+6)+8=19
train/92413.jpg,5*0*2=0
train/92414.jpg,(6*6)+5=41
train/92415.jpg,4-(5*8)=-36
train/92416.jpg,1*(0-2)=-2
train/92417.jpg,6-(9+8)=-11
train/92418.jpg,7-1+9=15
train/92419.jpg,7*(1*6)=42
train/92420.jpg,(3-3)*8=0
train/92421.jpg,0+(9*3)=27
train/92422.jpg,(1-6)+2=-3
train/92423.jpg,(3-2)-3=-2
train/92424.jpg,(6*6)+3=39
train/92425.jpg,(7-7)-1=-1
train/92426.jpg,2-3-5=-6
train/92427.jpg,6*(8*6)=288
train/92428.jpg,(2*5)-6=4
train/92429.jpg,0-9-7=-16
train/92430.jpg,2+(5-9)=-2
train/92431.jpg,4*(4-3)=4
train/92432.jpg,9*(1+2)=27
train/92433.jpg,(7*1)*4=28
train/92434.jpg,4-9-5=-10
train/92435.jpg,3+3*7=24
train/92436.jpg,4+4*0=4
train/92437.jpg,(9-6)*9=27
train/92438.jpg,2+(4+5)=11
train/92439.jpg,4+6+8=18
train/92440.jpg,6-2+3=7
train/92441.jpg,6*6*3=108
train/92442.jpg,0-2+7=5
train/92443.jpg,1-(7+2)=-8
train/92444.jpg,7*(8*9)=504
train/92445.jpg,4-9-6=-11
train/92446.jpg,3+(1+5)=9
train/92447.jpg,(8*0)-8=-8
train/92448.jpg,2*(7*4)=56
train/92449.jpg,(4*0)-9=-9
train/92450.jpg,4*5-8=12
train/92451.jpg,9*(5+7)=108
train/92452.jpg,1+8+3=12
train/92453.jpg,(0-1)+5=4
train/92454.jpg,9+6*3=27
train/92455.jpg,(8+6)-4=10
train/92456.jpg,5*3*4=60
train/92457.jpg,6-3*3=-3
train/92458.jpg,1+4+3=8
train/92459.jpg,2*(9*5)=90
train/92460.jpg,6*(5+8)=78
train/92461.jpg,4*(1*4)=16
train/92462.jpg,6-2-9=-5
train/92463.jpg,6-8*6=-42
train/92464.jpg,3-4*9=-33
train/92465.jpg,4-(4*8)=-28
train/92466.jpg,6+8*6=54
train/92467.jpg,5-(8-6)=3
train/92468.jpg,(2+1)-3=0
train/92469.jpg,(2*0)*6=0
train/92470.jpg,2*2*3=12
train/92471.jpg,(1-5)*3=-12
train/92472.jpg,(4-9)+7=2
train/92473.jpg,1-1*5=-4
train/92474.jpg,(4-4)*7=0
train/92475.jpg,9*5*2=90
train/92476.jpg,(3+7)+7=17
train/92477.jpg,(7*4)+8=36
train/92478.jpg,9+(7-7)=9
train/92479.jpg,3-(3*8)=-21
train/92480.jpg,(5+7)-1=11
train/92481.jpg,(7*7)*2=98
train/92482.jpg,9-6*8=-39
train/92483.jpg,6-(5-8)=9
train/92484.jpg,2-2+7=7
train/92485.jpg,8-(9+4)=-5
train/92486.jpg,5*(7-0)=35
train/92487.jpg,4*0+8=8
train/92488.jpg,8+(8+4)=20
train/92489.jpg,8*7*2=112
train/92490.jpg,9*(4+7)=99
train/92491.jpg,2-(9*6)=-52
train/92492.jpg,7+(7+4)=18
train/92493.jpg,(7-1)-6=0
train/92494.jpg,(6-7)*7=-7
train/92495.jpg,(5-1)-6=-2
train/92496.jpg,8*(0-3)=-24
train/92497.jpg,(5-2)+6=9
train/92498.jpg,(8*2)*6=96
train/92499.jpg,(1*2)-4=-2
train/92500.jpg,0+(6-6)=0
train/92501.jpg,6-6+2=2
train/92502.jpg,(4*7)-4=24
train/92503.jpg,(3+7)*4=40
train/92504.jpg,5+4-2=7
train/92505.jpg,9*(2-8)=-54
train/92506.jpg,6*(8*0)=0
train/92507.jpg,(0+6)+3=9
train/92508.jpg,2+2*3=8
train/92509.jpg,1+(8+7)=16
train/92510.jpg,(1*7)*7=49
train/92511.jpg,4*9-9=27
train/92512.jpg,5+9-9=5
train/92513.jpg,5+5+0=10
train/92514.jpg,0*(1+9)=0
train/92515.jpg,6*(7+8)=90
train/92516.jpg,0+(0-7)=-7
train/92517.jpg,4-1+7=10
train/92518.jpg,(0*3)*8=0
train/92519.jpg,(3+4)*2=14
train/92520.jpg,(9+9)+3=21
train/92521.jpg,(6+0)-1=5
train/92522.jpg,0*(8*1)=0
train/92523.jpg,8+(3-2)=9
train/92524.jpg,7+(6-2)=11
train/92525.jpg,(7-8)+1=0
train/92526.jpg,7*(8-6)=14
train/92527.jpg,8*7*1=56
train/92528.jpg,5-4-3=-2
train/92529.jpg,(9-5)+9=13
train/92530.jpg,0+0-3=-3
train/92531.jpg,8-0*4=8
train/92532.jpg,(3-2)+4=5
train/92533.jpg,4-(0+6)=-2
train/92534.jpg,2-8+5=-1
train/92535.jpg,0-1-5=-6
train/92536.jpg,6-(0*0)=6
train/92537.jpg,(7+8)-2=13
train/92538.jpg,8-5-6=-3
train/92539.jpg,9*(9+1)=90
train/92540.jpg,(6+9)-5=10
train/92541.jpg,5*7-1=34
train/92542.jpg,5+(8+1)=14
train/92543.jpg,(3+9)+5=17
train/92544.jpg,(0-1)-3=-4
train/92545.jpg,1*(4+3)=7
train/92546.jpg,9*9+8=89
train/92547.jpg,9*(8*1)=72
train/92548.jpg,6+3+1=10
train/92549.jpg,1-0+5=6
train/92550.jpg,(7-5)-1=1
train/92551.jpg,2-6-5=-9
train/92552.jpg,7+8-0=15
train/92553.jpg,0-7-0=-7
train/92554.jpg,(5-3)+4=6
train/92555.jpg,(6-0)*6=36
train/92556.jpg,8*(8-0)=64
train/92557.jpg,4*(4+3)=28
train/92558.jpg,4+6+8=18
train/92559.jpg,8*(9*6)=432
train/92560.jpg,0+4+8=12
train/92561.jpg,1-4+5=2
train/92562.jpg,8*2-8=8
train/92563.jpg,1-7-8=-14
train/92564.jpg,0*(0+3)=0
train/92565.jpg,2-(7-2)=-3
train/92566.jpg,5*5*4=100
train/92567.jpg,1-(9*4)=-35
train/92568.jpg,(2*1)*1=2
train/92569.jpg,2*7*1=14
train/92570.jpg,3+3-7=-1
train/92571.jpg,2-(7+3)=-8
train/92572.jpg,0-(2*6)=-12
train/92573.jpg,9*3-1=26
train/92574.jpg,8*1*0=0
train/92575.jpg,(6-2)+7=11
train/92576.jpg,8-(0-2)=10
train/92577.jpg,4*8+4=36
train/92578.jpg,(2*1)+6=8
train/92579.jpg,1+3+8=12
train/92580.jpg,9+(7+1)=17
train/92581.jpg,(4+5)+0=9
train/92582.jpg,(2-0)-2=0
train/92583.jpg,8+5-7=6
train/92584.jpg,(8+6)*3=42
train/92585.jpg,9-(3-9)=15
train/92586.jpg,4+(9-1)=12
train/92587.jpg,(3-7)*6=-24
train/92588.jpg,(9+0)+0=9
train/92589.jpg,4*8-8=24
train/92590.jpg,8-6+7=9
train/92591.jpg,(6+7)+6=19
train/92592.jpg,(4*3)+9=21
train/92593.jpg,3+(8+2)=13
train/92594.jpg,8+(1*9)=17
train/92595.jpg,0*0*1=0
train/92596.jpg,(6-1)*6=30
train/92597.jpg,5+(4+1)=10
train/92598.jpg,3-0-4=-1
train/92599.jpg,(6*7)-0=42
train/92600.jpg,(9+5)-1=13
train/92601.jpg,3-(4+7)=-8
train/92602.jpg,3*3*4=36
train/92603.jpg,8+(2*3)=14
train/92604.jpg,0-2*5=-10
train/92605.jpg,(6-9)+9=6
train/92606.jpg,6+1*8=14
train/92607.jpg,(4+1)-9=-4
train/92608.jpg,4+(4+6)=14
train/92609.jpg,9*2-4=14
train/92610.jpg,2-(2-9)=9
train/92611.jpg,3-(0-6)=9
train/92612.jpg,6*(2*0)=0
train/92613.jpg,(9*8)+9=81
train/92614.jpg,4-(7-3)=0
train/92615.jpg,(4*2)*1=8
train/92616.jpg,4-(3+2)=-1
train/92617.jpg,(4+2)+5=11
train/92618.jpg,9+7*1=16
train/92619.jpg,2-(4-9)=7
train/92620.jpg,(9+0)+4=13
train/92621.jpg,(5+3)+3=11
train/92622.jpg,2-2*2=-2
train/92623.jpg,3*(1-9)=-24
train/92624.jpg,8-1+5=12
train/92625.jpg,4+(8-2)=10
train/92626.jpg,(4*1)-6=-2
train/92627.jpg,9*(4-0)=36
train/92628.jpg,2-(9+1)=-8
train/92629.jpg,(8*4)*0=0
train/92630.jpg,(5*4)+6=26
train/92631.jpg,(8+9)-1=16
train/92632.jpg,0-9+3=-6
train/92633.jpg,8+(4*1)=12
train/92634.jpg,(8-6)-9=-7
train/92635.jpg,(8+1)*9=81
train/92636.jpg,(1+6)-2=5
train/92637.jpg,3-6*2=-9
train/92638.jpg,(7*2)*9=126
train/92639.jpg,2-4-6=-8
train/92640.jpg,(7+7)-3=11
train/92641.jpg,3-(1+8)=-6
train/92642.jpg,4*(7+5)=48
train/92643.jpg,7+9-7=9
train/92644.jpg,(8-8)*4=0
train/92645.jpg,(0*9)+6=6
train/92646.jpg,0*6*1=0
train/92647.jpg,(0+2)*3=6
train/92648.jpg,2+5+8=15
train/92649.jpg,9-(2+0)=7
train/92650.jpg,7*(1+4)=35
train/92651.jpg,(2+1)+6=9
train/92652.jpg,5*(7+6)=65
train/92653.jpg,4-(6-9)=7
train/92654.jpg,4*(9+4)=52
train/92655.jpg,6*(2-2)=0
train/92656.jpg,8+(6+3)=17
train/92657.jpg,(9+6)+6=21
train/92658.jpg,7-(8+6)=-7
train/92659.jpg,(2-0)*5=10
train/92660.jpg,3-1*3=0
train/92661.jpg,1+2-0=3
train/92662.jpg,0-4-6=-10
train/92663.jpg,1-1*4=-3
train/92664.jpg,(4-2)-0=2
train/92665.jpg,7-8-2=-3
train/92666.jpg,1*(6+6)=12
train/92667.jpg,4*(3-6)=-12
train/92668.jpg,3-(2+0)=1
train/92669.jpg,3*(9*5)=135
train/92670.jpg,3*(2*4)=24
train/92671.jpg,4*1+8=12
train/92672.jpg,3*1+9=12
train/92673.jpg,1+(0+5)=6
train/92674.jpg,(0*2)+1=1
train/92675.jpg,(6*8)-6=42
train/92676.jpg,1*9+8=17
train/92677.jpg,(9+9)-6=12
train/92678.jpg,0+0-4=-4
train/92679.jpg,4-(0+8)=-4
train/92680.jpg,8+9*2=26
train/92681.jpg,9+(6-7)=8
train/92682.jpg,7*1*8=56
train/92683.jpg,(1+8)*7=63
train/92684.jpg,1-5-9=-13
train/92685.jpg,8*8-2=62
train/92686.jpg,0-(2-6)=4
train/92687.jpg,(1*0)+5=5
train/92688.jpg,0*(2+6)=0
train/92689.jpg,(7*8)+9=65
train/92690.jpg,9-7-0=2
train/92691.jpg,(1-2)+4=3
train/92692.jpg,3-(3+7)=-7
train/92693.jpg,7*(0+5)=35
train/92694.jpg,1*5*3=15
train/92695.jpg,(1*2)*8=16
train/92696.jpg,(4-8)+7=3
train/92697.jpg,5-0+1=6
train/92698.jpg,1*9+5=14
train/92699.jpg,3*8+6=30
train/92700.jpg,0+5*7=35
train/92701.jpg,3*(0+9)=27
train/92702.jpg,(0*6)-2=-2
train/92703.jpg,4+3-2=5
train/92704.jpg,0+8-3=5
train/92705.jpg,1*(6*7)=42
train/92706.jpg,(9*4)-5=31
train/92707.jpg,2*2+3=7
train/92708.jpg,(7-2)+0=5
train/92709.jpg,(7-5)-3=-1
train/92710.jpg,(7-4)+1=4
train/92711.jpg,8*(4*9)=288
train/92712.jpg,2*(0-5)=-10
train/92713.jpg,5-(2+9)=-6
train/92714.jpg,8+2*5=18
train/92715.jpg,(0*6)*8=0
train/92716.jpg,8+9+3=20
train/92717.jpg,7*3+5=26
train/92718.jpg,5*5*9=225
train/92719.jpg,(6-2)+0=4
train/92720.jpg,4*7-2=26
train/92721.jpg,(6+4)-0=10
train/92722.jpg,8-(8*1)=0
train/92723.jpg,(5+5)-3=7
train/92724.jpg,8+(8+1)=17
train/92725.jpg,3-(6*7)=-39
train/92726.jpg,7+8-7=8
train/92727.jpg,9+(9*7)=72
train/92728.jpg,(3-2)+8=9
train/92729.jpg,(4*2)*5=40
train/92730.jpg,(6+0)-2=4
train/92731.jpg,6*(3-3)=0
train/92732.jpg,5+1-6=0
train/92733.jpg,5-3-7=-5
train/92734.jpg,7-(2+7)=-2
train/92735.jpg,(1+1)+7=9
train/92736.jpg,0+(2+1)=3
train/92737.jpg,4-7+7=4
train/92738.jpg,1+8+9=18
train/92739.jpg,7-(7*2)=-7
train/92740.jpg,8-(9+1)=-2
train/92741.jpg,6-(0-4)=10
train/92742.jpg,0+8*5=40
train/92743.jpg,(7*2)*7=98
train/92744.jpg,(9+3)*5=60
train/92745.jpg,(6-5)-3=-2
train/92746.jpg,1+(1*1)=2
train/92747.jpg,7+5-9=3
train/92748.jpg,(1-9)-3=-11
train/92749.jpg,(9*1)+8=17
train/92750.jpg,(4-0)*2=8
train/92751.jpg,(9*3)*4=108
train/92752.jpg,2-2+0=0
train/92753.jpg,8+1-1=8
train/92754.jpg,6*4-7=17
train/92755.jpg,9+(2+3)=14
train/92756.jpg,(0+9)+5=14
train/92757.jpg,9-(7*2)=-5
train/92758.jpg,9-(6+9)=-6
train/92759.jpg,(8+4)*8=96
train/92760.jpg,(5*3)+8=23
train/92761.jpg,(5+1)+2=8
train/92762.jpg,(0+8)-7=1
train/92763.jpg,9*(4-3)=9
train/92764.jpg,8*5*3=120
train/92765.jpg,(8+0)*1=8
train/92766.jpg,1*(3*7)=21
train/92767.jpg,(5*0)+6=6
train/92768.jpg,9+6+8=23
train/92769.jpg,7*(0-0)=0
train/92770.jpg,(0-4)-6=-10
train/92771.jpg,4+(9+8)=21
train/92772.jpg,0*(6*5)=0
train/92773.jpg,9-(9-6)=6
train/92774.jpg,9*(4-8)=-36
train/92775.jpg,2+(8+1)=11
train/92776.jpg,0*(0*1)=0
train/92777.jpg,(1*2)-2=0
train/92778.jpg,(4*2)-5=3
train/92779.jpg,(0+2)+3=5
train/92780.jpg,8*(4*8)=256
train/92781.jpg,(0-1)+0=-1
train/92782.jpg,(6-3)*9=27
train/92783.jpg,(7*4)+9=37
train/92784.jpg,(2+1)+2=5
train/92785.jpg,4*(4-3)=4
train/92786.jpg,8*5+4=44
train/92787.jpg,0+7*9=63
train/92788.jpg,(8+2)-3=7
train/92789.jpg,(8*9)*1=72
train/92790.jpg,(7+9)+9=25
train/92791.jpg,(6-2)-7=-3
train/92792.jpg,0*(0*0)=0
train/92793.jpg,1+1+6=8
train/92794.jpg,0*5+7=7
train/92795.jpg,6-(3-9)=12
train/92796.jpg,8-5*9=-37
train/92797.jpg,(4+1)+3=8
train/92798.jpg,4-(3+8)=-7
train/92799.jpg,(8+4)*7=84
train/92800.jpg,5*(9*8)=360
train/92801.jpg,0*7*4=0
train/92802.jpg,7-(8+3)=-4
train/92803.jpg,5*(7-9)=-10
train/92804.jpg,2-(3*9)=-25
train/92805.jpg,1*7+7=14
train/92806.jpg,8-4*8=-24
train/92807.jpg,(7*2)-2=12
train/92808.jpg,3-(4-1)=0
train/92809.jpg,9-(3-3)=9
train/92810.jpg,(4-0)+6=10
train/92811.jpg,9*9+3=84
train/92812.jpg,(1+0)-4=-3
train/92813.jpg,8+1-0=9
train/92814.jpg,8+0*4=8
train/92815.jpg,(6+7)-3=10
train/92816.jpg,(3-4)-6=-7
train/92817.jpg,8+0+8=16
train/92818.jpg,4-(7+2)=-5
train/92819.jpg,6*5+8=38
train/92820.jpg,(0-8)+3=-5
train/92821.jpg,6*(5+1)=36
train/92822.jpg,(2*5)*6=60
train/92823.jpg,7-(9+4)=-6
train/92824.jpg,9*4*0=0
train/92825.jpg,(5+7)-9=3
train/92826.jpg,(2+5)*7=49
train/92827.jpg,1+(1-3)=-1
train/92828.jpg,1*(0*8)=0
train/92829.jpg,(5-9)*6=-24
train/92830.jpg,0+5*0=0
train/92831.jpg,8-0-8=0
train/92832.jpg,7+(5*8)=47
train/92833.jpg,3+(8*6)=51
train/92834.jpg,4*(0+2)=8
train/92835.jpg,9+5-3=11
train/92836.jpg,(1-5)-5=-9
train/92837.jpg,6+8-5=9
train/92838.jpg,(0*9)*2=0
train/92839.jpg,0*6*9=0
train/92840.jpg,(0+7)-6=1
train/92841.jpg,(4-2)+3=5
train/92842.jpg,9*(4+0)=36
train/92843.jpg,9-(3-5)=11
train/92844.jpg,1-7*7=-48
train/92845.jpg,(3-0)+6=9
train/92846.jpg,7-8+7=6
train/92847.jpg,9*(0+0)=0
train/92848.jpg,(8*2)*0=0
train/92849.jpg,1-(7*8)=-55
train/92850.jpg,6*0*6=0
train/92851.jpg,(4-0)*4=16
train/92852.jpg,7-4+3=6
train/92853.jpg,9-1-9=-1
train/92854.jpg,5*(6-8)=-10
train/92855.jpg,8-5*1=3
train/92856.jpg,6+9*0=6
train/92857.jpg,9*7*9=567
train/92858.jpg,8*2+2=18
train/92859.jpg,1-1+9=9
train/92860.jpg,(8*8)-7=57
train/92861.jpg,(7*9)-3=60
train/92862.jpg,2-(6-7)=3
train/92863.jpg,(3*0)*6=0
train/92864.jpg,4*7+0=28
train/92865.jpg,(7+2)+5=14
train/92866.jpg,(1-3)+4=2
train/92867.jpg,(3-3)+7=7
train/92868.jpg,3-(5-8)=6
train/92869.jpg,6-0*6=6
train/92870.jpg,0*(5-4)=0
train/92871.jpg,(9+5)+7=21
train/92872.jpg,(2*5)-2=8
train/92873.jpg,(4*3)-2=10
train/92874.jpg,(7*4)+0=28
train/92875.jpg,2*(7-2)=10
train/92876.jpg,9*1-9=0
train/92877.jpg,8+1-3=6
train/92878.jpg,7+4-2=9
train/92879.jpg,(2*0)-6=-6
train/92880.jpg,4+(8+8)=20
train/92881.jpg,4+2*7=18
train/92882.jpg,3*(5*7)=105
train/92883.jpg,0*(8-0)=0
train/92884.jpg,(6+5)-5=6
train/92885.jpg,6*1-8=-2
train/92886.jpg,4-(0+8)=-4
train/92887.jpg,(8+1)-4=5
train/92888.jpg,5-(1+7)=-3
train/92889.jpg,(7*2)+0=14
train/92890.jpg,(4-5)+1=0
train/92891.jpg,2+9*1=11
train/92892.jpg,9*6-2=52
train/92893.jpg,4*6*6=144
train/92894.jpg,(3*7)*2=42
train/92895.jpg,0+7*5=35
train/92896.jpg,5-5-1=-1
train/92897.jpg,2*2-0=4
train/92898.jpg,(3*8)-5=19
train/92899.jpg,9-2*2=5
train/92900.jpg,(5+2)-1=6
train/92901.jpg,(5+9)*0=0
train/92902.jpg,(6*1)+2=8
train/92903.jpg,4-7-7=-10
train/92904.jpg,5-9-1=-5
train/92905.jpg,8*6-0=48
train/92906.jpg,6-3-3=0
train/92907.jpg,6-(0-5)=11
train/92908.jpg,0*2+2=2
train/92909.jpg,9+(0+2)=11
train/92910.jpg,(3+5)*8=64
train/92911.jpg,1-(0-1)=2
train/92912.jpg,1+1+3=5
train/92913.jpg,(7+9)*1=16
train/92914.jpg,6-3-8=-5
train/92915.jpg,(1-0)-5=-4
train/92916.jpg,6*(3+5)=48
train/92917.jpg,4-(6+8)=-10
train/92918.jpg,(0*9)-5=-5
train/92919.jpg,8-7-8=-7
train/92920.jpg,6+(7-4)=9
train/92921.jpg,2*(2*8)=32
train/92922.jpg,5-(9-5)=1
train/92923.jpg,(1*7)*1=7
train/92924.jpg,5*1*1=5
train/92925.jpg,0*5-3=-3
train/92926.jpg,0-(1+9)=-10
train/92927.jpg,4+8+8=20
train/92928.jpg,8*2+6=22
train/92929.jpg,(0*3)*8=0
train/92930.jpg,2-3-4=-5
train/92931.jpg,(8*0)-8=-8
train/92932.jpg,(7-0)-7=0
train/92933.jpg,(7*4)*6=168
train/92934.jpg,(7-3)-5=-1
train/92935.jpg,2+3+4=9
train/92936.jpg,4*2*7=56
train/92937.jpg,(2+1)-7=-4
train/92938.jpg,7+(4-5)=6
train/92939.jpg,(4+9)+4=17
train/92940.jpg,4-(3+1)=0
train/92941.jpg,(5+2)*7=49
train/92942.jpg,(2*5)-9=1
train/92943.jpg,9*(1-5)=-36
train/92944.jpg,(4+2)*0=0
train/92945.jpg,1+(6*3)=19
train/92946.jpg,2-8-3=-9
train/92947.jpg,3+8+7=18
train/92948.jpg,6-(9-0)=-3
train/92949.jpg,5-1-3=1
train/92950.jpg,0-6-8=-14
train/92951.jpg,(9-6)-5=-2
train/92952.jpg,1+3*6=19
train/92953.jpg,1+8-4=5
train/92954.jpg,0+2*8=16
train/92955.jpg,9-(3-7)=13
train/92956.jpg,8-(4*3)=-4
train/92957.jpg,1-9*9=-80
train/92958.jpg,(6-4)*2=4
train/92959.jpg,(4+2)+5=11
train/92960.jpg,4+(0-1)=3
train/92961.jpg,(5+8)*1=13
train/92962.jpg,6-(0*5)=6
train/92963.jpg,4-2*2=0
train/92964.jpg,1*0*9=0
train/92965.jpg,0-7*1=-7
train/92966.jpg,7*8-4=52
train/92967.jpg,(3-0)*1=3
train/92968.jpg,2*2+3=7
train/92969.jpg,(3*8)+8=32
train/92970.jpg,(5+5)*0=0
train/92971.jpg,8+6*3=26
train/92972.jpg,(1*3)*2=6
train/92973.jpg,3-9+2=-4
train/92974.jpg,6+0-9=-3
train/92975.jpg,(3-5)*1=-2
train/92976.jpg,3+(3*4)=15
train/92977.jpg,2*0+0=0
train/92978.jpg,7-(5*0)=7
train/92979.jpg,(6*8)+3=51
train/92980.jpg,(0*9)+0=0
train/92981.jpg,5+(8+6)=19
train/92982.jpg,(1*0)-4=-4
train/92983.jpg,1+(9*2)=19
train/92984.jpg,7*(4*9)=252
train/92985.jpg,(2*9)*4=72
train/92986.jpg,(7+9)*4=64
train/92987.jpg,4+(8*7)=60
train/92988.jpg,9*(0-5)=-45
train/92989.jpg,0+1*6=6
train/92990.jpg,(8-8)-4=-4
train/92991.jpg,1*(3-7)=-4
train/92992.jpg,1*2-5=-3
train/92993.jpg,7*(1*4)=28
train/92994.jpg,6*(3*4)=72
train/92995.jpg,2-7-9=-14
train/92996.jpg,8-(2+2)=4
train/92997.jpg,4*5-0=20
train/92998.jpg,5-1*5=0
train/92999.jpg,2+0*8=2
train/93000.jpg,3+8+5=16
train/93001.jpg,(0*8)*4=0
train/93002.jpg,7-(5-6)=8
train/93003.jpg,(7+9)+9=25
train/93004.jpg,(4+3)+5=12
train/93005.jpg,7+(4-8)=3
train/93006.jpg,(6+8)*5=70
train/93007.jpg,4*3-2=10
train/93008.jpg,(2-1)+7=8
train/93009.jpg,(8-7)*7=7
train/93010.jpg,0-1-5=-6
train/93011.jpg,(6+3)*1=9
train/93012.jpg,9*4+8=44
train/93013.jpg,1+(4-8)=-3
train/93014.jpg,3*7*9=189
train/93015.jpg,9*5*4=180
train/93016.jpg,6+(0-2)=4
train/93017.jpg,(7+0)*9=63
train/93018.jpg,(1+7)*8=64
train/93019.jpg,7+(7+1)=15
train/93020.jpg,3-(3+0)=0
train/93021.jpg,9*(4-8)=-36
train/93022.jpg,(7-8)+3=2
train/93023.jpg,(4+1)+9=14
train/93024.jpg,2+4-0=6
train/93025.jpg,5+(2-9)=-2
train/93026.jpg,2+(7+1)=10
train/93027.jpg,7-6+9=10
train/93028.jpg,7-(1*9)=-2
train/93029.jpg,(9*8)-7=65
train/93030.jpg,7-(4+8)=-5
train/93031.jpg,(4*4)-8=8
train/93032.jpg,(4*5)*2=40
train/93033.jpg,(4+4)-4=4
train/93034.jpg,(6*1)-4=2
train/93035.jpg,7-(8*8)=-57
train/93036.jpg,7+(0+7)=14
train/93037.jpg,1-(6+6)=-11
train/93038.jpg,(3+3)+5=11
train/93039.jpg,(5*5)-8=17
train/93040.jpg,(0-1)+7=6
train/93041.jpg,(9*7)+4=67
train/93042.jpg,3*0*2=0
train/93043.jpg,9*(2-7)=-45
train/93044.jpg,2-(9*5)=-43
train/93045.jpg,8+(2*2)=12
train/93046.jpg,(8+0)*1=8
train/93047.jpg,0-(6+0)=-6
train/93048.jpg,(8*2)*3=48
train/93049.jpg,8+(1*3)=11
train/93050.jpg,5*(3-8)=-25
train/93051.jpg,8+6+1=15
train/93052.jpg,3*2-1=5
train/93053.jpg,7-5-0=2
train/93054.jpg,9-(2+9)=-2
train/93055.jpg,(9+2)-2=9
train/93056.jpg,(8-9)-0=-1
train/93057.jpg,7-1*0=7
train/93058.jpg,6*8*1=48
train/93059.jpg,2+3+0=5
train/93060.jpg,(2*6)-2=10
train/93061.jpg,(1+0)+2=3
train/93062.jpg,(1-4)*9=-27
train/93063.jpg,2-8+9=3
train/93064.jpg,9+1+9=19
train/93065.jpg,(0-7)-1=-8
train/93066.jpg,6-(3+8)=-5
train/93067.jpg,4+(7*8)=60
train/93068.jpg,3+6-2=7
train/93069.jpg,(5-7)*7=-14
train/93070.jpg,5-(2+8)=-5
train/93071.jpg,6-(4+6)=-4
train/93072.jpg,(8+9)-6=11
train/93073.jpg,(7*0)*3=0
train/93074.jpg,(0+3)*4=12
train/93075.jpg,(5*5)-7=18
train/93076.jpg,(0+3)-8=-5
train/93077.jpg,8-(4+3)=1
train/93078.jpg,7+0*9=7
train/93079.jpg,6+4+3=13
train/93080.jpg,4-0-2=2
train/93081.jpg,4-2-6=-4
train/93082.jpg,1-(1-7)=7
train/93083.jpg,(1-6)+9=4
train/93084.jpg,0+6+3=9
train/93085.jpg,0+(0+7)=7
train/93086.jpg,(8*2)*8=128
train/93087.jpg,9+9*1=18
train/93088.jpg,2*(6-1)=10
train/93089.jpg,1*(5-8)=-3
train/93090.jpg,(4-8)+7=3
train/93091.jpg,9-(3-3)=9
train/93092.jpg,8-(3-4)=9
train/93093.jpg,3*(3*8)=72
train/93094.jpg,3*(8*6)=144
train/93095.jpg,(4*1)+9=13
train/93096.jpg,8+(5*7)=43
train/93097.jpg,0*(9*0)=0
train/93098.jpg,7+(1+2)=10
train/93099.jpg,6*(8+0)=48
train/93100.jpg,3-(1-0)=2
train/93101.jpg,8+(8*1)=16
train/93102.jpg,(2*1)+6=8
train/93103.jpg,2+(3-1)=4
train/93104.jpg,(7+5)+3=15
train/93105.jpg,2-(7*4)=-26
train/93106.jpg,4-8-0=-4
train/93107.jpg,0*2+7=7
train/93108.jpg,6-8+6=4
train/93109.jpg,4-4*2=-4
train/93110.jpg,8-0-2=6
train/93111.jpg,(8-9)-3=-4
train/93112.jpg,1+7*6=43
train/93113.jpg,2+(6+3)=11
train/93114.jpg,(6+8)+3=17
train/93115.jpg,5*(5*4)=100
train/93116.jpg,(6-7)+1=0
train/93117.jpg,(9+6)+3=18
train/93118.jpg,1*4*2=8
train/93119.jpg,3-9*7=-60
train/93120.jpg,5-2+2=5
train/93121.jpg,9*4-6=30
train/93122.jpg,(5*9)-0=45
train/93123.jpg,4-0+8=12
train/93124.jpg,6-1+4=9
train/93125.jpg,(7*9)-0=63
train/93126.jpg,6*(6*9)=324
train/93127.jpg,2-8+5=-1
train/93128.jpg,9*(7*3)=189
train/93129.jpg,(7-4)*8=24
train/93130.jpg,(1*2)*6=12
train/93131.jpg,(4+5)*2=18
train/93132.jpg,9+(7*5)=44
train/93133.jpg,(2*2)*7=28
train/93134.jpg,(6*6)+5=41
train/93135.jpg,5-(0-2)=7
train/93136.jpg,9*5*8=360
train/93137.jpg,8-(7+2)=-1
train/93138.jpg,8-(9*8)=-64
train/93139.jpg,(1*1)*3=3
train/93140.jpg,9+9*0=9
train/93141.jpg,7+8+8=23
train/93142.jpg,4*(4-7)=-12
train/93143.jpg,6-2*8=-10
train/93144.jpg,(2-4)*4=-8
train/93145.jpg,(0-1)+2=1
train/93146.jpg,0*(7+1)=0
train/93147.jpg,3-(2+0)=1
train/93148.jpg,4*8*0=0
train/93149.jpg,2+5+0=7
train/93150.jpg,(9*8)*8=576
train/93151.jpg,3*6+5=23
train/93152.jpg,6-0+8=14
train/93153.jpg,(0*9)*9=0
train/93154.jpg,(2+0)*7=14
train/93155.jpg,1+2+7=10
train/93156.jpg,3*(2+1)=9
train/93157.jpg,5+(0+8)=13
train/93158.jpg,8*9*3=216
train/93159.jpg,9+(6*9)=63
train/93160.jpg,9-4*6=-15
train/93161.jpg,4-8+6=2
train/93162.jpg,(9*2)-3=15
train/93163.jpg,(9*1)-5=4
train/93164.jpg,2+(4+5)=11
train/93165.jpg,8-1-1=6
train/93166.jpg,4*2-0=8
train/93167.jpg,3-4-7=-8
train/93168.jpg,5+(1-7)=-1
train/93169.jpg,(7*2)*8=112
train/93170.jpg,6+(4+4)=14
train/93171.jpg,(8+9)+6=23
train/93172.jpg,3+(5+5)=13
train/93173.jpg,8*6-7=41
train/93174.jpg,(3+7)+3=13
train/93175.jpg,1*(1-7)=-6
train/93176.jpg,(1-9)-8=-16
train/93177.jpg,7-(0*9)=7
train/93178.jpg,8*5-8=32
train/93179.jpg,1+7+2=10
train/93180.jpg,4+3+7=14
train/93181.jpg,(2-9)*2=-14
train/93182.jpg,(3-9)-2=-8
train/93183.jpg,1*(7-8)=-1
train/93184.jpg,5-(1+1)=3
train/93185.jpg,8*0+7=7
train/93186.jpg,(6-8)-0=-2
train/93187.jpg,0+(6+0)=6
train/93188.jpg,0-5*0=0
train/93189.jpg,6+3+1=10
train/93190.jpg,(1+6)+1=8
train/93191.jpg,(4+0)*3=12
train/93192.jpg,1*9*1=9
train/93193.jpg,3*(4-5)=-3
train/93194.jpg,7*(0+7)=49
train/93195.jpg,5-(5+2)=-2
train/93196.jpg,3-(3*6)=-15
train/93197.jpg,0-7+4=-3
train/93198.jpg,3+(9-5)=7
train/93199.jpg,(8+0)+1=9
train/93200.jpg,(7-0)-8=-1
train/93201.jpg,9+8-5=12
train/93202.jpg,5-2-3=0
train/93203.jpg,2+9-9=2
train/93204.jpg,(8-9)+7=6
train/93205.jpg,5*5+6=31
train/93206.jpg,9*1*1=9
train/93207.jpg,1-(3-9)=7
train/93208.jpg,8+(6-6)=8
train/93209.jpg,(4*2)-8=0
train/93210.jpg,0-(6+0)=-6
train/93211.jpg,3*(5*4)=60
train/93212.jpg,(5*0)*5=0
train/93213.jpg,0*(4+3)=0
train/93214.jpg,(6*7)-0=42
train/93215.jpg,(0*5)+9=9
train/93216.jpg,(4-5)*3=-3
train/93217.jpg,8-6+6=8
train/93218.jpg,(7*3)+0=21
train/93219.jpg,6-7+6=5
train/93220.jpg,4*2*0=0
train/93221.jpg,0+(0-5)=-5
train/93222.jpg,3+2+7=12
train/93223.jpg,(2*1)-4=-2
train/93224.jpg,(5*6)*3=90
train/93225.jpg,9-3-0=6
train/93226.jpg,(7+6)+8=21
train/93227.jpg,(1+6)*8=56
train/93228.jpg,8*(4+6)=80
train/93229.jpg,(1-3)-8=-10
train/93230.jpg,4+4+6=14
train/93231.jpg,2+0-6=-4
train/93232.jpg,6+(6+9)=21
train/93233.jpg,9*(4*8)=288
train/93234.jpg,8+(7*3)=29
train/93235.jpg,(3+4)-5=2
train/93236.jpg,7+7+1=15
train/93237.jpg,6*(1-2)=-6
train/93238.jpg,(9-2)+2=9
train/93239.jpg,7*(1-8)=-49
train/93240.jpg,4*6+8=32
train/93241.jpg,6-(3+0)=3
train/93242.jpg,1-(3-4)=2
train/93243.jpg,(1-4)+0=-3
train/93244.jpg,(0*9)-9=-9
train/93245.jpg,8-(5*7)=-27
train/93246.jpg,4-(0*9)=4
train/93247.jpg,(7*7)+7=56
train/93248.jpg,5*2+8=18
train/93249.jpg,0-4-7=-11
train/93250.jpg,1+(1*3)=4
train/93251.jpg,5*7+1=36
train/93252.jpg,(8+4)-9=3
train/93253.jpg,(7*0)+9=9
train/93254.jpg,1*(9-2)=7
train/93255.jpg,0*(4+9)=0
train/93256.jpg,(5+0)*4=20
train/93257.jpg,(9-8)-3=-2
train/93258.jpg,(9+9)-8=10
train/93259.jpg,7+(2-2)=7
train/93260.jpg,(8*4)-5=27
train/93261.jpg,5-(7-4)=2
train/93262.jpg,(3+3)-1=5
train/93263.jpg,0*8+1=1
train/93264.jpg,5-9-6=-10
train/93265.jpg,0-2-6=-8
train/93266.jpg,5-5-0=0
train/93267.jpg,9+4+8=21
train/93268.jpg,(4*6)+5=29
train/93269.jpg,(4-4)*1=0
train/93270.jpg,9+5*6=39
train/93271.jpg,2*(6*8)=96
train/93272.jpg,(1-9)+4=-4
train/93273.jpg,(4-7)+9=6
train/93274.jpg,9-(8+8)=-7
train/93275.jpg,(3*9)-4=23
train/93276.jpg,(0-1)-7=-8
train/93277.jpg,4-(7*9)=-59
train/93278.jpg,0*(2*0)=0
train/93279.jpg,(6-6)-1=-1
train/93280.jpg,3*(2+7)=27
train/93281.jpg,(3*7)+5=26
train/93282.jpg,5+2+5=12
train/93283.jpg,4*0*0=0
train/93284.jpg,0-3-7=-10
train/93285.jpg,(3-4)*7=-7
train/93286.jpg,(1+5)*7=42
train/93287.jpg,9+2+0=11
train/93288.jpg,7*(3+4)=49
train/93289.jpg,5*(7+6)=65
train/93290.jpg,0*(0-1)=0
train/93291.jpg,3+3*2=9
train/93292.jpg,0-(1-9)=8
train/93293.jpg,(0+8)+4=12
train/93294.jpg,0+7+7=14
train/93295.jpg,9*1*3=27
train/93296.jpg,8*(6*6)=288
train/93297.jpg,9*9+1=82
train/93298.jpg,8+(6-0)=14
train/93299.jpg,2+9-2=9
train/93300.jpg,2*8-1=15
train/93301.jpg,(3*8)*2=48
train/93302.jpg,3-9*6=-51
train/93303.jpg,7*(0*1)=0
train/93304.jpg,9*(0*4)=0
train/93305.jpg,2-9-0=-7
train/93306.jpg,9*0+2=2
train/93307.jpg,(5+4)*7=63
train/93308.jpg,(9*5)*4=180
train/93309.jpg,6-(7+6)=-7
train/93310.jpg,(0*7)*0=0
train/93311.jpg,5-(2*2)=1
train/93312.jpg,6*4-1=23
train/93313.jpg,(4-7)*2=-6
train/93314.jpg,1-(6*8)=-47
train/93315.jpg,(9+2)-7=4
train/93316.jpg,(2*8)-8=8
train/93317.jpg,(0+2)-7=-5
train/93318.jpg,2*(4-0)=8
train/93319.jpg,4*(5*7)=140
train/93320.jpg,2*(1+6)=14
train/93321.jpg,9+1*7=16
train/93322.jpg,(6*1)+6=12
train/93323.jpg,(7*1)*5=35
train/93324.jpg,1+8+1=10
train/93325.jpg,(2-9)-7=-14
train/93326.jpg,9-1+1=9
train/93327.jpg,9-(9+6)=-6
train/93328.jpg,2-(0*5)=2
train/93329.jpg,0+9*1=9
train/93330.jpg,2*4+7=15
train/93331.jpg,0*4*2=0
train/93332.jpg,2*(7-1)=12
train/93333.jpg,(3+0)+3=6
train/93334.jpg,6-0*5=6
train/93335.jpg,3-8*1=-5
train/93336.jpg,0*(4-7)=0
train/93337.jpg,3*4+4=16
train/93338.jpg,4+(1-2)=3
train/93339.jpg,7+0-4=3
train/93340.jpg,(9*0)-9=-9
train/93341.jpg,(8-4)-7=-3
train/93342.jpg,2*8-1=15
train/93343.jpg,8*(6-7)=-8
train/93344.jpg,(9*9)*1=81
train/93345.jpg,4*3-6=6
train/93346.jpg,(1+4)-8=-3
train/93347.jpg,9+(1+8)=18
train/93348.jpg,9+1*3=12
train/93349.jpg,4-4-0=0
train/93350.jpg,3+4*7=31
train/93351.jpg,(8+9)*8=136
train/93352.jpg,4+(0-9)=-5
train/93353.jpg,5-(2+4)=-1
train/93354.jpg,5*5*0=0
train/93355.jpg,(6*1)*5=30
train/93356.jpg,6+(1-4)=3
train/93357.jpg,3-(5*5)=-22
train/93358.jpg,4*(9+3)=48
train/93359.jpg,(7+0)+5=12
train/93360.jpg,(5*7)*3=105
train/93361.jpg,2+9+0=11
train/93362.jpg,1*(2+7)=9
train/93363.jpg,1+9*1=10
train/93364.jpg,0+(1+2)=3
train/93365.jpg,0*(5-6)=0
train/93366.jpg,(7+8)*5=75
train/93367.jpg,2+(2+5)=9
train/93368.jpg,5*(1+0)=5
train/93369.jpg,8-9-0=-1
train/93370.jpg,(1-2)-4=-5
train/93371.jpg,4+2*5=14
train/93372.jpg,5-(2+0)=3
train/93373.jpg,6*(8+5)=78
train/93374.jpg,6-1+1=6
train/93375.jpg,9+0*3=9
train/93376.jpg,3-(1+6)=-4
train/93377.jpg,5*(3-2)=5
train/93378.jpg,8+1*6=14
train/93379.jpg,(0-4)+7=3
train/93380.jpg,(9-6)*1=3
train/93381.jpg,(1*9)-4=5
train/93382.jpg,0*(0+6)=0
train/93383.jpg,(3*6)+2=20
train/93384.jpg,(5*6)-0=30
train/93385.jpg,8*(0-5)=-40
train/93386.jpg,4+(7*9)=67
train/93387.jpg,(5*4)*1=20
train/93388.jpg,1+0-0=1
train/93389.jpg,(2+8)-0=10
train/93390.jpg,4+7-1=10
train/93391.jpg,2-(2-6)=6
train/93392.jpg,9*5-4=41
train/93393.jpg,1*9*3=27
train/93394.jpg,2-1-1=0
train/93395.jpg,(9-3)-0=6
train/93396.jpg,7+(7*2)=21
train/93397.jpg,(6-9)*9=-27
train/93398.jpg,(4+0)+3=7
train/93399.jpg,(1-5)+5=1
train/93400.jpg,(9*6)-7=47
train/93401.jpg,(9-5)+0=4
train/93402.jpg,1-5+8=4
train/93403.jpg,5*(6+3)=45
train/93404.jpg,(0*8)-9=-9
train/93405.jpg,3+7*0=3
train/93406.jpg,1+9+1=11
train/93407.jpg,(3-2)-1=0
train/93408.jpg,(3-9)-9=-15
train/93409.jpg,7+(8*5)=47
train/93410.jpg,(8*0)*8=0
train/93411.jpg,(7*9)+7=70
train/93412.jpg,3+(9*3)=30
train/93413.jpg,9-(9*7)=-54
train/93414.jpg,0-(9+6)=-15
train/93415.jpg,1*(3-1)=2
train/93416.jpg,9+(6*3)=27
train/93417.jpg,(8+6)+7=21
train/93418.jpg,8*9-4=68
train/93419.jpg,8-9+5=4
train/93420.jpg,6*(2*4)=48
train/93421.jpg,8*(7+7)=112
train/93422.jpg,7*0*8=0
train/93423.jpg,0*6*7=0
train/93424.jpg,2*3*8=48
train/93425.jpg,(1+7)+9=17
train/93426.jpg,7*(0+1)=7
train/93427.jpg,(4-5)*9=-9
train/93428.jpg,9-5*7=-26
train/93429.jpg,4-(8-7)=3
train/93430.jpg,(7+7)+1=15
train/93431.jpg,(0*0)+7=7
train/93432.jpg,4-(4+8)=-8
train/93433.jpg,2+2-6=-2
train/93434.jpg,(2*7)-5=9
train/93435.jpg,1+(9-0)=10
train/93436.jpg,4-0*7=4
train/93437.jpg,9*(2-0)=18
train/93438.jpg,(4-3)*0=0
train/93439.jpg,(2+7)+5=14
train/93440.jpg,1+3-8=-4
train/93441.jpg,6*(2+0)=12
train/93442.jpg,(7+4)+3=14
train/93443.jpg,2+3*4=14
train/93444.jpg,3*(6+5)=33
train/93445.jpg,6+5-6=5
train/93446.jpg,5*(4*8)=160
train/93447.jpg,4+(3-6)=1
train/93448.jpg,(6-2)*6=24
train/93449.jpg,0-(4+9)=-13
train/93450.jpg,1*(4+3)=7
train/93451.jpg,4*9*9=324
train/93452.jpg,(3*9)+0=27
train/93453.jpg,6+(2+7)=15
train/93454.jpg,6*6+4=40
train/93455.jpg,(1+7)*6=48
train/93456.jpg,1*1+1=2
train/93457.jpg,8-9+8=7
train/93458.jpg,6-(7-2)=1
train/93459.jpg,2+9-0=11
train/93460.jpg,(2*3)+4=10
train/93461.jpg,4-7+6=3
train/93462.jpg,(6*8)+0=48
train/93463.jpg,0*(6*9)=0
train/93464.jpg,(1+0)-3=-2
train/93465.jpg,2*(6*5)=60
train/93466.jpg,6-(9-5)=2
train/93467.jpg,6*7-3=39
train/93468.jpg,8*4-8=24
train/93469.jpg,6+(3-1)=8
train/93470.jpg,8*0-8=-8
train/93471.jpg,2-0+8=10
train/93472.jpg,2*(3+3)=12
train/93473.jpg,(2-4)*5=-10
train/93474.jpg,9-(0*1)=9
train/93475.jpg,3-(6*8)=-45
train/93476.jpg,0-6-7=-13
train/93477.jpg,0*(6-7)=0
train/93478.jpg,4-6*9=-50
train/93479.jpg,1*1-3=-2
train/93480.jpg,5-(0+3)=2
train/93481.jpg,5-(1*2)=3
train/93482.jpg,(2*6)-5=7
train/93483.jpg,7+(1-0)=8
train/93484.jpg,1+(3*2)=7
train/93485.jpg,6+4+9=19
train/93486.jpg,2*(7*0)=0
train/93487.jpg,9-0+6=15
train/93488.jpg,5*0*2=0
train/93489.jpg,5-1*8=-3
train/93490.jpg,4+(3*8)=28
train/93491.jpg,6*(9+1)=60
train/93492.jpg,(3+5)*0=0
train/93493.jpg,1-3-2=-4
train/93494.jpg,1+8*3=25
train/93495.jpg,6-3+1=4
train/93496.jpg,(0+4)-8=-4
train/93497.jpg,8-(1+4)=3
train/93498.jpg,0+6+9=15
train/93499.jpg,8+(2*9)=26
train/93500.jpg,3*(8*7)=168
train/93501.jpg,(9-8)+4=5
train/93502.jpg,4*(3-3)=0
train/93503.jpg,(6-5)+6=7
train/93504.jpg,(2+3)+8=13
train/93505.jpg,3*(4*0)=0
train/93506.jpg,(5+6)+2=13
train/93507.jpg,8+(8+7)=23
train/93508.jpg,4-(6*9)=-50
train/93509.jpg,1*2+4=6
train/93510.jpg,3-0*2=3
train/93511.jpg,(9+4)*3=39
train/93512.jpg,3-(9+8)=-14
train/93513.jpg,(8-7)-9=-8
train/93514.jpg,1*(5*5)=25
train/93515.jpg,(9+2)*1=11
train/93516.jpg,5+(8-4)=9
train/93517.jpg,(6*4)-5=19
train/93518.jpg,0-(2+9)=-11
train/93519.jpg,(7*2)-9=5
train/93520.jpg,(4+4)+4=12
train/93521.jpg,(5*3)+5=20
train/93522.jpg,2-(7+7)=-12
train/93523.jpg,(6*3)*7=126
train/93524.jpg,4+(3*7)=25
train/93525.jpg,6*(7*4)=168
train/93526.jpg,9+5*3=24
train/93527.jpg,(9-6)+4=7
train/93528.jpg,(3*2)*2=12
train/93529.jpg,(6+3)+1=10
train/93530.jpg,4*(6*1)=24
train/93531.jpg,(6+4)*0=0
train/93532.jpg,0*(4*8)=0
train/93533.jpg,6-(9+1)=-4
train/93534.jpg,0-3+7=4
train/93535.jpg,7-3-9=-5
train/93536.jpg,(2-8)+1=-5
train/93537.jpg,0+9-9=0
train/93538.jpg,7-0-3=4
train/93539.jpg,2-0+8=10
train/93540.jpg,3+(2*5)=13
train/93541.jpg,(7*7)-2=47
train/93542.jpg,6*4*8=192
train/93543.jpg,3+(1-8)=-4
train/93544.jpg,3-8-8=-13
train/93545.jpg,(4+0)-9=-5
train/93546.jpg,7-(0-8)=15
train/93547.jpg,7+0+7=14
train/93548.jpg,(6+8)*0=0
train/93549.jpg,(3+7)*0=0
train/93550.jpg,6*6-9=27
train/93551.jpg,(8-0)+8=16
train/93552.jpg,4+(0-2)=2
train/93553.jpg,(9*7)+2=65
train/93554.jpg,1-2*8=-15
train/93555.jpg,(2+5)+8=15
train/93556.jpg,(5-5)-6=-6
train/93557.jpg,6-9-3=-6
train/93558.jpg,6+3-8=1
train/93559.jpg,(3*0)-7=-7
train/93560.jpg,(0+1)-0=1
train/93561.jpg,3-9+9=3
train/93562.jpg,1-3+6=4
train/93563.jpg,(5*9)-2=43
train/93564.jpg,(9+1)+6=16
train/93565.jpg,5-0*8=5
train/93566.jpg,0-4-2=-6
train/93567.jpg,(5-6)*6=-6
train/93568.jpg,8-2-9=-3
train/93569.jpg,0-1-8=-9
train/93570.jpg,0*(5-8)=0
train/93571.jpg,5*(1*8)=40
train/93572.jpg,(5-4)*2=2
train/93573.jpg,5-(3-3)=5
train/93574.jpg,6*6-0=36
train/93575.jpg,7-(6+1)=0
train/93576.jpg,8+5+8=21
train/93577.jpg,(9*4)*2=72
train/93578.jpg,7-8-0=-1
train/93579.jpg,1*6+0=6
train/93580.jpg,0+(2-8)=-6
train/93581.jpg,5+8-2=11
train/93582.jpg,0-(3-6)=3
train/93583.jpg,(0-7)*1=-7
train/93584.jpg,6-(1*5)=1
train/93585.jpg,4-6-6=-8
train/93586.jpg,(1+6)*0=0
train/93587.jpg,3+1-5=-1
train/93588.jpg,(7+6)-2=11
train/93589.jpg,5-(6-6)=5
train/93590.jpg,(6+1)+6=13
train/93591.jpg,8-5*9=-37
train/93592.jpg,5*5-4=21
train/93593.jpg,6-2-0=4
train/93594.jpg,1+6-6=1
train/93595.jpg,4*6*3=72
train/93596.jpg,8-8+6=6
train/93597.jpg,2-(4-3)=1
train/93598.jpg,4+8+2=14
train/93599.jpg,0*(6*6)=0
train/93600.jpg,3+(8+3)=14
train/93601.jpg,(0*5)-6=-6
train/93602.jpg,5*8-7=33
train/93603.jpg,4-5-1=-2
train/93604.jpg,(1+9)-3=7
train/93605.jpg,9*5+5=50
train/93606.jpg,4-7-1=-4
train/93607.jpg,(1*5)-6=-1
train/93608.jpg,5+9-2=12
train/93609.jpg,9-6*8=-39
train/93610.jpg,8+0*9=8
train/93611.jpg,6-7-3=-4
train/93612.jpg,2+8+7=17
train/93613.jpg,8+(8*8)=72
train/93614.jpg,0+(6-3)=3
train/93615.jpg,(4-4)*6=0
train/93616.jpg,3*1+6=9
train/93617.jpg,6+(0+5)=11
train/93618.jpg,(8+0)-3=5
train/93619.jpg,(0+2)+0=2
train/93620.jpg,3*2-8=-2
train/93621.jpg,(4-7)*5=-15
train/93622.jpg,(8+3)-9=2
train/93623.jpg,6*(9+3)=72
train/93624.jpg,4+3-9=-2
train/93625.jpg,1-(6*0)=1
train/93626.jpg,9*2+1=19
train/93627.jpg,3-(1+5)=-3
train/93628.jpg,1+8+3=12
train/93629.jpg,5-4-1=0
train/93630.jpg,2-9+7=0
train/93631.jpg,(5-4)-0=1
train/93632.jpg,7*3*8=168
train/93633.jpg,4-(0-2)=6
train/93634.jpg,(9*7)+5=68
train/93635.jpg,(4*2)*6=48
train/93636.jpg,4-5*6=-26
train/93637.jpg,2*1+1=3
train/93638.jpg,8+(9*3)=35
train/93639.jpg,5+(6+3)=14
train/93640.jpg,(7+0)-2=5
train/93641.jpg,6+4*7=34
train/93642.jpg,(2*0)+2=2
train/93643.jpg,5-(3+8)=-6
train/93644.jpg,5*2*8=80
train/93645.jpg,7*(1-9)=-56
train/93646.jpg,4-2*0=4
train/93647.jpg,4+(2-2)=4
train/93648.jpg,6-9+6=3
train/93649.jpg,3*6*9=162
train/93650.jpg,0-(5-1)=-4
train/93651.jpg,1+4-5=0
train/93652.jpg,(7*9)*5=315
train/93653.jpg,4*4*0=0
train/93654.jpg,3*(3-0)=9
train/93655.jpg,3+0-0=3
train/93656.jpg,6+3-2=7
train/93657.jpg,6-0-7=-1
train/93658.jpg,9*(3*9)=243
train/93659.jpg,3+(4+8)=15
train/93660.jpg,(4-1)+4=7
train/93661.jpg,1*4*2=8
train/93662.jpg,1-(9+4)=-12
train/93663.jpg,1*(2+7)=9
train/93664.jpg,3+1+8=12
train/93665.jpg,8-(0*3)=8
train/93666.jpg,5-(6+4)=-5
train/93667.jpg,1-8+9=2
train/93668.jpg,9+0-3=6
train/93669.jpg,9+(9+4)=22
train/93670.jpg,2+5+2=9
train/93671.jpg,9*(1-8)=-63
train/93672.jpg,(3-8)+9=4
train/93673.jpg,8+(3-1)=10
train/93674.jpg,2*(1+3)=8
train/93675.jpg,1-(0-8)=9
train/93676.jpg,3*7-9=12
train/93677.jpg,3-5*4=-17
train/93678.jpg,3-6*8=-45
train/93679.jpg,6*0+3=3
train/93680.jpg,0+(9-8)=1
train/93681.jpg,6+7*2=20
train/93682.jpg,2+(3-7)=-2
train/93683.jpg,1-1-4=-4
train/93684.jpg,5*(0-6)=-30
train/93685.jpg,(3+4)+7=14
train/93686.jpg,(0-1)-9=-10
train/93687.jpg,5-5+8=8
train/93688.jpg,9+5+0=14
train/93689.jpg,5-4+5=6
train/93690.jpg,(8*3)+9=33
train/93691.jpg,(0-4)+3=-1
train/93692.jpg,1*(0+2)=2
train/93693.jpg,5+8*5=45
train/93694.jpg,5*(3-3)=0
train/93695.jpg,(7-7)*5=0
train/93696.jpg,9*(7+4)=99
train/93697.jpg,4*3*6=72
train/93698.jpg,(5-9)-4=-8
train/93699.jpg,2+(2+8)=12
train/93700.jpg,(4+5)+7=16
train/93701.jpg,(8-2)-6=0
train/93702.jpg,1-0*1=1
train/93703.jpg,5+1+4=10
train/93704.jpg,4-5+0=-1
train/93705.jpg,(1-6)+5=0
train/93706.jpg,8-4*0=8
train/93707.jpg,(9+5)-0=14
train/93708.jpg,6+8-3=11
train/93709.jpg,7*(0*9)=0
train/93710.jpg,3-5-8=-10
train/93711.jpg,9-9*0=9
train/93712.jpg,8*0-8=-8
train/93713.jpg,(0+4)-0=4
train/93714.jpg,7*8*7=392
train/93715.jpg,(4*5)*8=160
train/93716.jpg,2-(2-3)=3
train/93717.jpg,(6*4)+8=32
train/93718.jpg,1+3-3=1
train/93719.jpg,4*3-4=8
train/93720.jpg,1-0+2=3
train/93721.jpg,(9*4)+2=38
train/93722.jpg,2-3+2=1
train/93723.jpg,(5+1)*4=24
train/93724.jpg,(6+3)-4=5
train/93725.jpg,9-6-0=3
train/93726.jpg,9-4+1=6
train/93727.jpg,6-0*5=6
train/93728.jpg,(1+3)+6=10
train/93729.jpg,(2*2)+2=6
train/93730.jpg,(2-1)*0=0
train/93731.jpg,(1+9)-8=2
train/93732.jpg,8*(9-3)=48
train/93733.jpg,0*(4-6)=0
train/93734.jpg,5+(4-2)=7
train/93735.jpg,8*(5+5)=80
train/93736.jpg,(8+5)+1=14
train/93737.jpg,8-4*8=-24
train/93738.jpg,9+(3-4)=8
train/93739.jpg,(1+8)-1=8
train/93740.jpg,(3-1)+9=11
train/93741.jpg,5+6+2=13
train/93742.jpg,8-7-7=-6
train/93743.jpg,(2-1)-5=-4
train/93744.jpg,8*(1*9)=72
train/93745.jpg,6+9+7=22
train/93746.jpg,4+(8+1)=13
train/93747.jpg,(2+3)+2=7
train/93748.jpg,(7-1)*0=0
train/93749.jpg,5+6+8=19
train/93750.jpg,1-(3*1)=-2
train/93751.jpg,(4+8)*4=48
train/93752.jpg,7-8*2=-9
train/93753.jpg,(9*2)+9=27
train/93754.jpg,(1*1)-3=-2
train/93755.jpg,4+5-8=1
train/93756.jpg,2*(2*7)=28
train/93757.jpg,(3-3)+9=9
train/93758.jpg,5-8-3=-6
train/93759.jpg,4-8-8=-12
train/93760.jpg,7*8-7=49
train/93761.jpg,0+(0+7)=7
train/93762.jpg,(6+1)+4=11
train/93763.jpg,5*(3*8)=120
train/93764.jpg,3+(3-8)=-2
train/93765.jpg,9-(4*4)=-7
train/93766.jpg,9+0*4=9
train/93767.jpg,0-(5+7)=-12
train/93768.jpg,2*(6-4)=4
train/93769.jpg,1*6-0=6
train/93770.jpg,(0-2)+2=0
train/93771.jpg,9-0-8=1
train/93772.jpg,(3+8)*5=55
train/93773.jpg,(9-7)-6=-4
train/93774.jpg,(8+9)-1=16
train/93775.jpg,1-(8*3)=-23
train/93776.jpg,7+(1+5)=13
train/93777.jpg,(8+3)-5=6
train/93778.jpg,(2+4)*1=6
train/93779.jpg,9-(3*2)=3
train/93780.jpg,5-(2-4)=7
train/93781.jpg,(6-8)+4=2
train/93782.jpg,5-9-5=-9
train/93783.jpg,1*7-6=1
train/93784.jpg,(5+0)+2=7
train/93785.jpg,(5+7)-4=8
train/93786.jpg,5-(1*9)=-4
train/93787.jpg,5+(3-3)=5
train/93788.jpg,7+0+6=13
train/93789.jpg,4-2+1=3
train/93790.jpg,(1*4)*0=0
train/93791.jpg,0*(5+6)=0
train/93792.jpg,(7-5)+8=10
train/93793.jpg,9*(7+4)=99
train/93794.jpg,0+0+7=7
train/93795.jpg,2-(4+6)=-8
train/93796.jpg,6+9-6=9
train/93797.jpg,4*(0*2)=0
train/93798.jpg,(6*1)-8=-2
train/93799.jpg,4+(9+1)=14
train/93800.jpg,8+8*6=56
train/93801.jpg,2+(5*1)=7
train/93802.jpg,6+(1+4)=11
train/93803.jpg,4-(7+1)=-4
train/93804.jpg,(7+7)-1=13
train/93805.jpg,8+6+4=18
train/93806.jpg,7+2-9=0
train/93807.jpg,(3-3)+2=2
train/93808.jpg,(9*1)*5=45
train/93809.jpg,8*2-4=12
train/93810.jpg,(6*1)-5=1
train/93811.jpg,3*(4+4)=24
train/93812.jpg,(1-7)+2=-4
train/93813.jpg,8+7+4=19
train/93814.jpg,(2-1)*2=2
train/93815.jpg,(0+3)+2=5
train/93816.jpg,(5*1)*5=25
train/93817.jpg,3-(3-9)=9
train/93818.jpg,7*3*3=63
train/93819.jpg,5-(3-9)=11
train/93820.jpg,2-(9+3)=-10
train/93821.jpg,9-(5*3)=-6
train/93822.jpg,2*4+6=14
train/93823.jpg,2*3+4=10
train/93824.jpg,(6*7)*3=126
train/93825.jpg,3-1+9=11
train/93826.jpg,9*(3-8)=-45
train/93827.jpg,5*(1*1)=5
train/93828.jpg,7+(3-7)=3
train/93829.jpg,(0+3)-0=3
train/93830.jpg,(9-0)*9=81
train/93831.jpg,0*(2-3)=0
train/93832.jpg,7+(2+3)=12
train/93833.jpg,5*9-1=44
train/93834.jpg,2+4*8=34
train/93835.jpg,2*3*9=54
train/93836.jpg,3-(0-3)=6
train/93837.jpg,(3-1)*2=4
train/93838.jpg,(2*4)*0=0
train/93839.jpg,9+(6*2)=21
train/93840.jpg,1+(8+3)=12
train/93841.jpg,1+(9*1)=10
train/93842.jpg,(4*2)+2=10
train/93843.jpg,(4+2)-4=2
train/93844.jpg,2+(2+0)=4
train/93845.jpg,1*0-7=-7
train/93846.jpg,0+(8-3)=5
train/93847.jpg,3+9+5=17
train/93848.jpg,9-(2-3)=10
train/93849.jpg,1*2+1=3
train/93850.jpg,3+3+4=10
train/93851.jpg,5*1-7=-2
train/93852.jpg,(5-2)+7=10
train/93853.jpg,8-3+3=8
train/93854.jpg,0*(3+3)=0
train/93855.jpg,0-7-4=-11
train/93856.jpg,9*(1-3)=-18
train/93857.jpg,3*1-3=0
train/93858.jpg,8*(7*0)=0
train/93859.jpg,1*(6+6)=12
train/93860.jpg,1*(1-4)=-3
train/93861.jpg,(0+5)-8=-3
train/93862.jpg,(1-0)*7=7
train/93863.jpg,(3*2)*4=24
train/93864.jpg,(2-4)*1=-2
train/93865.jpg,4+(1*0)=4
train/93866.jpg,3*5-1=14
train/93867.jpg,(0+1)-7=-6
train/93868.jpg,(4-5)*8=-8
train/93869.jpg,(2+0)*1=2
train/93870.jpg,(6-1)-9=-4
train/93871.jpg,0*6+7=7
train/93872.jpg,0*(2-6)=0
train/93873.jpg,(1-4)*3=-9
train/93874.jpg,(1*3)-3=0
train/93875.jpg,6-(5-5)=6
train/93876.jpg,(2+1)+6=9
train/93877.jpg,2-8*1=-6
train/93878.jpg,3*(2+6)=24
train/93879.jpg,5+(3*5)=20
train/93880.jpg,8+7-4=11
train/93881.jpg,(7*6)*4=168
train/93882.jpg,(4-1)+6=9
train/93883.jpg,6-7+6=5
train/93884.jpg,6-0*9=6
train/93885.jpg,6*4*5=120
train/93886.jpg,5-3+8=10
train/93887.jpg,(3+0)-6=-3
train/93888.jpg,6+4-8=2
train/93889.jpg,(6*1)*0=0
train/93890.jpg,5*1+2=7
train/93891.jpg,(6-5)*7=7
train/93892.jpg,(0-5)-7=-12
train/93893.jpg,7-(1+5)=1
train/93894.jpg,3-4+1=0
train/93895.jpg,7+(4-9)=2
train/93896.jpg,(6+3)+1=10
train/93897.jpg,4+6*1=10
train/93898.jpg,4+2*3=10
train/93899.jpg,(1+6)-1=6
train/93900.jpg,(3+5)-5=3
train/93901.jpg,(8*7)-9=47
train/93902.jpg,(6+0)-7=-1
train/93903.jpg,4+5*6=34
train/93904.jpg,(3+0)+4=7
train/93905.jpg,8+9*6=62
train/93906.jpg,0+(9-5)=4
train/93907.jpg,6+6+5=17
train/93908.jpg,(8-8)+6=6
train/93909.jpg,(8*7)+8=64
train/93910.jpg,(2+6)+5=13
train/93911.jpg,(3-6)*6=-18
train/93912.jpg,9+4*7=37
train/93913.jpg,8+(8*2)=24
train/93914.jpg,(6+3)-7=2
train/93915.jpg,2-(3*6)=-16
train/93916.jpg,0+8+5=13
train/93917.jpg,(2*1)+5=7
train/93918.jpg,9*(8-7)=9
train/93919.jpg,9+2+3=14
train/93920.jpg,(3+9)*5=60
train/93921.jpg,(3+1)-5=-1
train/93922.jpg,7-9-0=-2
train/93923.jpg,(2*2)*7=28
train/93924.jpg,2-(5*1)=-3
train/93925.jpg,8*(7*2)=112
train/93926.jpg,(0-2)*3=-6
train/93927.jpg,(5*8)+9=49
train/93928.jpg,(0*4)-8=-8
train/93929.jpg,8-(4*2)=0
train/93930.jpg,(0+7)+6=13
train/93931.jpg,7-(3-6)=10
train/93932.jpg,(3*9)-6=21
train/93933.jpg,(6*8)-6=42
train/93934.jpg,0-(2-9)=7
train/93935.jpg,6+6+9=21
train/93936.jpg,(9+6)*9=135
train/93937.jpg,8*8-6=58
train/93938.jpg,8-1*4=4
train/93939.jpg,5-6+8=7
train/93940.jpg,4+0*1=4
train/93941.jpg,4+(5-9)=0
train/93942.jpg,0-3+0=-3
train/93943.jpg,3+(4+5)=12
train/93944.jpg,9-(7*1)=2
train/93945.jpg,0+(9+7)=16
train/93946.jpg,0-5*6=-30
train/93947.jpg,(4-5)+8=7
train/93948.jpg,1*9*1=9
train/93949.jpg,5+(5+2)=12
train/93950.jpg,1-(9+0)=-8
train/93951.jpg,(5+1)*5=30
train/93952.jpg,1+5-2=4
train/93953.jpg,5+(2+2)=9
train/93954.jpg,5+(6*2)=17
train/93955.jpg,(4*2)-2=6
train/93956.jpg,0+5-5=0
train/93957.jpg,0-(6+8)=-14
train/93958.jpg,3*(6*3)=54
train/93959.jpg,(9+8)*9=153
train/93960.jpg,1-(6-6)=1
train/93961.jpg,3+9*6=57
train/93962.jpg,(3*8)+3=27
train/93963.jpg,5-(5-1)=1
train/93964.jpg,(5*2)-6=4
train/93965.jpg,6-(9+2)=-5
train/93966.jpg,0*8+3=3
train/93967.jpg,5-0-9=-4
train/93968.jpg,9*(0-5)=-45
train/93969.jpg,6*0-8=-8
train/93970.jpg,(0+3)-5=-2
train/93971.jpg,7*6*0=0
train/93972.jpg,(8-2)*1=6
train/93973.jpg,7+(7-8)=6
train/93974.jpg,6+1*3=9
train/93975.jpg,2*2*7=28
train/93976.jpg,6+(5-3)=8
train/93977.jpg,9*(7-4)=27
train/93978.jpg,4+(7*1)=11
train/93979.jpg,5*3+0=15
train/93980.jpg,2-(1*7)=-5
train/93981.jpg,8+5+8=21
train/93982.jpg,(0*1)*3=0
train/93983.jpg,6+8*8=70
train/93984.jpg,(2-2)*2=0
train/93985.jpg,9*(7-8)=-9
train/93986.jpg,9+7+8=24
train/93987.jpg,6+(0-1)=5
train/93988.jpg,0*(2*4)=0
train/93989.jpg,7-5+6=8
train/93990.jpg,8*1-6=2
train/93991.jpg,3+(5+6)=14
train/93992.jpg,9-2-7=0
train/93993.jpg,3*(0-7)=-21
train/93994.jpg,(3-2)*1=1
train/93995.jpg,(7+6)*7=91
train/93996.jpg,5-1*4=1
train/93997.jpg,(8+3)+1=12
train/93998.jpg,(8+2)*0=0
train/93999.jpg,(2*6)-5=7
train/94000.jpg,8*1+0=8
train/94001.jpg,(0*4)-6=-6
train/94002.jpg,(4+5)+9=18
train/94003.jpg,1*9+7=16
train/94004.jpg,(3+4)-7=0
train/94005.jpg,0+2*4=8
train/94006.jpg,(7*9)*0=0
train/94007.jpg,(5+7)*6=72
train/94008.jpg,(8*2)+3=19
train/94009.jpg,(0-1)*5=-5
train/94010.jpg,3*8*8=192
train/94011.jpg,(1+0)*7=7
train/94012.jpg,(8+4)*0=0
train/94013.jpg,4-0*1=4
train/94014.jpg,(2*0)+5=5
train/94015.jpg,(4-7)*8=-24
train/94016.jpg,5*9-5=40
train/94017.jpg,9-7*2=-5
train/94018.jpg,0-0+0=0
train/94019.jpg,8*(2-9)=-56
train/94020.jpg,9+8*9=81
train/94021.jpg,0+(5+2)=7
train/94022.jpg,2+(8-7)=3
train/94023.jpg,4-9*2=-14
train/94024.jpg,(2*7)-5=9
train/94025.jpg,4-(6-3)=1
train/94026.jpg,0+4-7=-3
train/94027.jpg,6-7-3=-4
train/94028.jpg,3+(9+2)=14
train/94029.jpg,7+7-5=9
train/94030.jpg,1-(8+1)=-8
train/94031.jpg,1+5-0=6
train/94032.jpg,(5*1)+0=5
train/94033.jpg,5+5-3=7
train/94034.jpg,0-2+1=-1
train/94035.jpg,(7*9)*1=63
train/94036.jpg,(2*6)-7=5
train/94037.jpg,(5*5)-9=16
train/94038.jpg,(1+9)*1=10
train/94039.jpg,6*6-5=31
train/94040.jpg,5*(2+5)=35
train/94041.jpg,6+7-7=6
train/94042.jpg,4*1*5=20
train/94043.jpg,(2+8)-6=4
train/94044.jpg,9+(3*5)=24
train/94045.jpg,4-(4+9)=-9
train/94046.jpg,1+5+4=10
train/94047.jpg,(3*2)-6=0
train/94048.jpg,3*(3*9)=81
train/94049.jpg,4*(4-0)=16
train/94050.jpg,2+(4+7)=13
train/94051.jpg,6-(2*3)=0
train/94052.jpg,9*4*7=252
train/94053.jpg,8+(3+5)=16
train/94054.jpg,(3+1)+1=5
train/94055.jpg,2+5+0=7
train/94056.jpg,6*(1+0)=6
train/94057.jpg,8*(9-2)=56
train/94058.jpg,6+(3-8)=1
train/94059.jpg,4+(8+8)=20
train/94060.jpg,5+(3*1)=8
train/94061.jpg,(8*0)+0=0
train/94062.jpg,5*3-3=12
train/94063.jpg,(8+7)-4=11
train/94064.jpg,3*(3-7)=-12
train/94065.jpg,(8-6)+2=4
train/94066.jpg,7*(7*0)=0
train/94067.jpg,0*(7+2)=0
train/94068.jpg,3-(2+5)=-4
train/94069.jpg,(1+3)+9=13
train/94070.jpg,0-3-8=-11
train/94071.jpg,0-(7-2)=-5
train/94072.jpg,(0-4)*2=-8
train/94073.jpg,9+(0+0)=9
train/94074.jpg,(1+9)*6=60
train/94075.jpg,6-0+8=14
train/94076.jpg,3*8+1=25
train/94077.jpg,5*4-5=15
train/94078.jpg,5*(4-7)=-15
train/94079.jpg,6*8*8=384
train/94080.jpg,6-7*7=-43
train/94081.jpg,4+(0+2)=6
train/94082.jpg,(8+3)*8=88
train/94083.jpg,7+(7+1)=15
train/94084.jpg,7-7-6=-6
train/94085.jpg,5+(6*3)=23
train/94086.jpg,(3+3)*5=30
train/94087.jpg,(2-5)*1=-3
train/94088.jpg,(5*0)-3=-3
train/94089.jpg,8-7-5=-4
train/94090.jpg,6+(3+0)=9
train/94091.jpg,(0*5)*4=0
train/94092.jpg,0-(4*8)=-32
train/94093.jpg,3-3-8=-8
train/94094.jpg,(9-5)-1=3
train/94095.jpg,2*(9-0)=18
train/94096.jpg,(0*6)+4=4
train/94097.jpg,4-4*3=-8
train/94098.jpg,5-(0*9)=5
train/94099.jpg,(7*9)*3=189
train/94100.jpg,5*7*8=280
train/94101.jpg,(2*4)*6=48
train/94102.jpg,9-5+1=5
train/94103.jpg,(6-4)+4=6
train/94104.jpg,8+(2*2)=12
train/94105.jpg,8+6*7=50
train/94106.jpg,4+(6+2)=12
train/94107.jpg,5+8+9=22
train/94108.jpg,(3+2)+0=5
train/94109.jpg,(0-2)*7=-14
train/94110.jpg,(0-2)*8=-16
train/94111.jpg,(3-3)-4=-4
train/94112.jpg,(5+8)*5=65
train/94113.jpg,(2+2)-5=-1
train/94114.jpg,1+0+2=3
train/94115.jpg,5-(3*8)=-19
train/94116.jpg,(7+3)+7=17
train/94117.jpg,(3+4)+3=10
train/94118.jpg,9+7-8=8
train/94119.jpg,1+(9+8)=18
train/94120.jpg,0-(2*2)=-4
train/94121.jpg,3+2-2=3
train/94122.jpg,1-(1+5)=-5
train/94123.jpg,9*(7*6)=378
train/94124.jpg,9-1+2=10
train/94125.jpg,2-7*4=-26
train/94126.jpg,(8*9)-9=63
train/94127.jpg,4+6+8=18
train/94128.jpg,7+(4-7)=4
train/94129.jpg,0*2-9=-9
train/94130.jpg,(9*9)*3=243
train/94131.jpg,(9+3)+8=20
train/94132.jpg,2+(1+1)=4
train/94133.jpg,(5*4)-7=13
train/94134.jpg,1+8-2=7
train/94135.jpg,6*3*9=162
train/94136.jpg,8-(9-9)=8
train/94137.jpg,(8*4)*0=0
train/94138.jpg,7-6-0=1
train/94139.jpg,(7*4)*8=224
train/94140.jpg,(5-1)+6=10
train/94141.jpg,9-(0-3)=12
train/94142.jpg,(2*6)*5=60
train/94143.jpg,5-(1+1)=3
train/94144.jpg,5-2-1=2
train/94145.jpg,4-6*8=-44
train/94146.jpg,(8-3)*4=20
train/94147.jpg,(4*4)*0=0
train/94148.jpg,4+(5+1)=10
train/94149.jpg,(9-1)+6=14
train/94150.jpg,(6*6)*6=216
train/94151.jpg,1*(4*6)=24
train/94152.jpg,4+(4*6)=28
train/94153.jpg,(6+9)*2=30
train/94154.jpg,(3+1)+2=6
train/94155.jpg,6+5+6=17
train/94156.jpg,4*7+5=33
train/94157.jpg,(1+9)-4=6
train/94158.jpg,(8*3)-4=20
train/94159.jpg,8-2*4=0
train/94160.jpg,(7*1)+7=14
train/94161.jpg,6-3-2=1
train/94162.jpg,6+3+5=14
train/94163.jpg,5-(3*8)=-19
train/94164.jpg,(4-8)*9=-36
train/94165.jpg,8-8+9=9
train/94166.jpg,9-3*9=-18
train/94167.jpg,(8+2)+3=13
train/94168.jpg,1*(1*6)=6
train/94169.jpg,(9-8)-3=-2
train/94170.jpg,9*2+4=22
train/94171.jpg,(6*0)+9=9
train/94172.jpg,7-(7*3)=-14
train/94173.jpg,2+(9*5)=47
train/94174.jpg,6-2-7=-3
train/94175.jpg,0-5-5=-10
train/94176.jpg,(8-3)*3=15
train/94177.jpg,7-(1-3)=9
train/94178.jpg,3+(6*2)=15
train/94179.jpg,(1+7)*5=40
train/94180.jpg,(0*6)-4=-4
train/94181.jpg,4+(0*7)=4
train/94182.jpg,0*(0-4)=0
train/94183.jpg,9*(3+1)=36
train/94184.jpg,0+2+1=3
train/94185.jpg,(8-9)-3=-4
train/94186.jpg,(3+1)-2=2
train/94187.jpg,6+9-4=11
train/94188.jpg,9*3*3=81
train/94189.jpg,3*(8-4)=12
train/94190.jpg,(9*3)*9=243
train/94191.jpg,7*(6*0)=0
train/94192.jpg,2-(9+7)=-14
train/94193.jpg,(1*4)*0=0
train/94194.jpg,(2-8)-0=-6
train/94195.jpg,(4-6)*6=-12
train/94196.jpg,3*1+5=8
train/94197.jpg,8+1-0=9
train/94198.jpg,(3-6)-3=-6
train/94199.jpg,8*(9*2)=144
train/94200.jpg,(4+8)+5=17
train/94201.jpg,(7*3)-4=17
train/94202.jpg,(3*7)+5=26
train/94203.jpg,7-(6+5)=-4
train/94204.jpg,1*7+5=12
train/94205.jpg,6*(5+2)=42
train/94206.jpg,(3*3)+9=18
train/94207.jpg,4-3-6=-5
train/94208.jpg,8*(8+2)=80
train/94209.jpg,9+7+7=23
train/94210.jpg,(6*9)-7=47
train/94211.jpg,(7-2)-2=3
train/94212.jpg,0+(2+0)=2
train/94213.jpg,(9*1)*0=0
train/94214.jpg,6*4-5=19
train/94215.jpg,(4-6)*6=-12
train/94216.jpg,7*(9+2)=77
train/94217.jpg,8-(4-0)=4
train/94218.jpg,(1+9)*9=90
train/94219.jpg,0+(7+7)=14
train/94220.jpg,9+3-8=4
train/94221.jpg,9-2-1=6
train/94222.jpg,5*3-7=8
train/94223.jpg,6-(9+7)=-10
train/94224.jpg,(9*4)-1=35
train/94225.jpg,8*(7*5)=280
train/94226.jpg,0-(9+3)=-12
train/94227.jpg,4+(2-1)=5
train/94228.jpg,(2+9)-4=7
train/94229.jpg,6*4+0=24
train/94230.jpg,(0-3)*1=-3
train/94231.jpg,9-4*6=-15
train/94232.jpg,(4*5)-1=19
train/94233.jpg,2*(0-6)=-12
train/94234.jpg,0-(9-8)=-1
train/94235.jpg,0*(3-6)=0
train/94236.jpg,1+(8*5)=41
train/94237.jpg,9-2+3=10
train/94238.jpg,1-9+4=-4
train/94239.jpg,(9*5)*6=270
train/94240.jpg,5*4*8=160
train/94241.jpg,7*0+0=0
train/94242.jpg,1-(3-1)=-1
train/94243.jpg,(9*2)*2=36
train/94244.jpg,5+7+3=15
train/94245.jpg,5+(1-8)=-2
train/94246.jpg,(6*9)+6=60
train/94247.jpg,9-5*5=-16
train/94248.jpg,(1+0)-0=1
train/94249.jpg,9-8+9=10
train/94250.jpg,(0+6)+4=10
train/94251.jpg,4*(5+7)=48
train/94252.jpg,0+0*9=0
train/94253.jpg,(1*9)-1=8
train/94254.jpg,(1-7)*4=-24
train/94255.jpg,(2+6)-1=7
train/94256.jpg,(5+6)*3=33
train/94257.jpg,2*(8-4)=8
train/94258.jpg,7*(1-8)=-49
train/94259.jpg,8-(6-6)=8
train/94260.jpg,2+(1+7)=10
train/94261.jpg,1+9*8=73
train/94262.jpg,0+(9*3)=27
train/94263.jpg,(3-5)+9=7
train/94264.jpg,9*(9+1)=90
train/94265.jpg,(3*1)-7=-4
train/94266.jpg,7-9+2=0
train/94267.jpg,(4*4)+7=23
train/94268.jpg,(2+4)+9=15
train/94269.jpg,4-0*5=4
train/94270.jpg,7+(5+2)=14
train/94271.jpg,2+5*9=47
train/94272.jpg,1*5-7=-2
train/94273.jpg,(9-5)-9=-5
train/94274.jpg,(7+0)+3=10
train/94275.jpg,(6*3)-2=16
train/94276.jpg,8+6*6=44
train/94277.jpg,(3-8)+9=4
train/94278.jpg,1-(8*2)=-15
train/94279.jpg,6-2+0=4
train/94280.jpg,2-(0-6)=8
train/94281.jpg,(9+2)*8=88
train/94282.jpg,9+0+4=13
train/94283.jpg,8*(9-4)=40
train/94284.jpg,3*4-9=3
train/94285.jpg,9+(4*9)=45
train/94286.jpg,(2*1)*5=10
train/94287.jpg,(5*2)*8=80
train/94288.jpg,(2+6)*7=56
train/94289.jpg,6*6-3=33
train/94290.jpg,2-5+8=5
train/94291.jpg,2*8*2=32
train/94292.jpg,3-3*6=-15
train/94293.jpg,(6-7)+8=7
train/94294.jpg,0+2-4=-2
train/94295.jpg,9-(1-0)=8
train/94296.jpg,(0*6)*2=0
train/94297.jpg,(2-4)*1=-2
train/94298.jpg,6+3+5=14
train/94299.jpg,(7+7)+5=19
train/94300.jpg,3-(0+4)=-1
train/94301.jpg,2+3*9=29
train/94302.jpg,9-(5+9)=-5
train/94303.jpg,(6*9)*9=486
train/94304.jpg,8*8-1=63
train/94305.jpg,1-3*4=-11
train/94306.jpg,0-4*8=-32
train/94307.jpg,(1-4)-2=-5
train/94308.jpg,6-4+3=5
train/94309.jpg,9+9-7=11
train/94310.jpg,0*4*9=0
train/94311.jpg,3+1*3=6
train/94312.jpg,(2*8)*7=112
train/94313.jpg,7*(7*5)=245
train/94314.jpg,9+7+0=16
train/94315.jpg,9-4+9=14
train/94316.jpg,2*(9-6)=6
train/94317.jpg,(1+1)-2=0
train/94318.jpg,2+(4*8)=34
train/94319.jpg,(6*6)*1=36
train/94320.jpg,0-8+2=-6
train/94321.jpg,8+8-0=16
train/94322.jpg,0-2-6=-8
train/94323.jpg,6*6*0=0
train/94324.jpg,9+6+8=23
train/94325.jpg,4-3-4=-3
train/94326.jpg,1*(9+5)=14
train/94327.jpg,(3-3)-7=-7
train/94328.jpg,(4-8)*0=0
train/94329.jpg,7+3-0=10
train/94330.jpg,7*0*8=0
train/94331.jpg,(1+1)+1=3
train/94332.jpg,(0-7)+3=-4
train/94333.jpg,(0-2)-5=-7
train/94334.jpg,9*6*2=108
train/94335.jpg,7-(9*8)=-65
train/94336.jpg,2+(8-0)=10
train/94337.jpg,(8*0)*3=0
train/94338.jpg,5*2*6=60
train/94339.jpg,(7*1)*9=63
train/94340.jpg,2-(0*4)=2
train/94341.jpg,(4-2)*9=18
train/94342.jpg,4+(1*9)=13
train/94343.jpg,3-(9*9)=-78
train/94344.jpg,4+(2+8)=14
train/94345.jpg,6+(1-2)=5
train/94346.jpg,1+2*5=11
train/94347.jpg,9*6-3=51
train/94348.jpg,5*(5-9)=-20
train/94349.jpg,6-4-9=-7
train/94350.jpg,3+2-1=4
train/94351.jpg,6*(0*4)=0
train/94352.jpg,(1-6)-5=-10
train/94353.jpg,4*(6*0)=0
train/94354.jpg,(6+1)-8=-1
train/94355.jpg,4*(8*5)=160
train/94356.jpg,6+0-9=-3
train/94357.jpg,(0*2)*7=0
train/94358.jpg,7*(4-2)=14
train/94359.jpg,8*(0-3)=-24
train/94360.jpg,4-3*9=-23
train/94361.jpg,8*8-8=56
train/94362.jpg,9*(8-2)=54
train/94363.jpg,(9*3)*3=81
train/94364.jpg,2*5*6=60
train/94365.jpg,8-(4+4)=0
train/94366.jpg,9*(5*1)=45
train/94367.jpg,8-(0+4)=4
train/94368.jpg,(3+6)-3=6
train/94369.jpg,(4-4)+1=1
train/94370.jpg,(8+4)*6=72
train/94371.jpg,(6-8)+8=6
train/94372.jpg,9+(7-4)=12
train/94373.jpg,0-1+7=6
train/94374.jpg,(4*4)*3=48
train/94375.jpg,(7*6)+0=42
train/94376.jpg,5-(5+1)=-1
train/94377.jpg,7+1*0=7
train/94378.jpg,1-1*2=-1
train/94379.jpg,3-2+4=5
train/94380.jpg,1+(2+1)=4
train/94381.jpg,(2*2)*6=24
train/94382.jpg,1*(1+2)=3
train/94383.jpg,1+0-7=-6
train/94384.jpg,4+(4+2)=10
train/94385.jpg,(8+6)*1=14
train/94386.jpg,(8*9)-2=70
train/94387.jpg,7+(4*8)=39
train/94388.jpg,(4*6)-7=17
train/94389.jpg,7*(2-6)=-28
train/94390.jpg,2-(6+5)=-9
train/94391.jpg,(4*2)+7=15
train/94392.jpg,3*(8-2)=18
train/94393.jpg,2-7+9=4
train/94394.jpg,(3+7)+6=16
train/94395.jpg,2*(5-4)=2
train/94396.jpg,0-6+1=-5
train/94397.jpg,6+(8-2)=12
train/94398.jpg,1*8*1=8
train/94399.jpg,5-9+7=3
train/94400.jpg,(4*8)+9=41
train/94401.jpg,0-4-1=-5
train/94402.jpg,(6*3)-3=15
train/94403.jpg,(9-7)+5=7
train/94404.jpg,(3+4)+4=11
train/94405.jpg,1-8+4=-3
train/94406.jpg,(7+3)+7=17
train/94407.jpg,7+0*3=7
train/94408.jpg,2+(2*0)=2
train/94409.jpg,(8+0)*7=56
train/94410.jpg,0-(8-1)=-7
train/94411.jpg,(8*5)-1=39
train/94412.jpg,9+3+1=13
train/94413.jpg,6+(4-8)=2
train/94414.jpg,0-9-4=-13
train/94415.jpg,9+(0*6)=9
train/94416.jpg,1*(0-4)=-4
train/94417.jpg,2-(0-1)=3
train/94418.jpg,(7*9)+0=63
train/94419.jpg,7-6*5=-23
train/94420.jpg,7-(7+7)=-7
train/94421.jpg,0+9-0=9
train/94422.jpg,1+5-1=5
train/94423.jpg,7-0+5=12
train/94424.jpg,9+(3*8)=33
train/94425.jpg,(7-1)-5=1
train/94426.jpg,(2+4)*9=54
train/94427.jpg,(0+0)*4=0
train/94428.jpg,5*(9-6)=15
train/94429.jpg,(0-9)*5=-45
train/94430.jpg,(3+3)*9=54
train/94431.jpg,1+4*7=29
train/94432.jpg,(9*2)+7=25
train/94433.jpg,8*8-5=59
train/94434.jpg,(3-4)+0=-1
train/94435.jpg,0*3+4=4
train/94436.jpg,3*(6+1)=21
train/94437.jpg,6+(8+8)=22
train/94438.jpg,1-4*4=-15
train/94439.jpg,6*0-4=-4
train/94440.jpg,(6-8)*1=-2
train/94441.jpg,(9*7)*0=0
train/94442.jpg,(8-6)-0=2
train/94443.jpg,1+(5-7)=-1
train/94444.jpg,9-(4*8)=-23
train/94445.jpg,6*(1*2)=12
train/94446.jpg,4*3+6=18
train/94447.jpg,2+(6*1)=8
train/94448.jpg,9*(9+8)=153
train/94449.jpg,2*(9*4)=72
train/94450.jpg,(6-8)+6=4
train/94451.jpg,(9-0)*3=27
train/94452.jpg,6-6+1=1
train/94453.jpg,(3*2)+7=13
train/94454.jpg,1*7-9=-2
train/94455.jpg,(7-7)-7=-7
train/94456.jpg,6-6-5=-5
train/94457.jpg,0*(2+5)=0
train/94458.jpg,9+7*7=58
train/94459.jpg,(6+2)+4=12
train/94460.jpg,1*4-5=-1
train/94461.jpg,8*(6*1)=48
train/94462.jpg,3*4-0=12
train/94463.jpg,(2-1)+6=7
train/94464.jpg,2+(6-1)=7
train/94465.jpg,1-8-4=-11
train/94466.jpg,0+(8-5)=3
train/94467.jpg,1-7-1=-7
train/94468.jpg,2+(8-6)=4
train/94469.jpg,(5*4)-4=16
train/94470.jpg,8*4+6=38
train/94471.jpg,2-3+5=4
train/94472.jpg,4-9-5=-10
train/94473.jpg,9*1*4=36
train/94474.jpg,(6-5)*0=0
train/94475.jpg,(2-1)*3=3
train/94476.jpg,(2+5)+3=10
train/94477.jpg,(5-7)-3=-5
train/94478.jpg,(9-2)-5=2
train/94479.jpg,(4+8)*2=24
train/94480.jpg,0*(0-9)=0
train/94481.jpg,1-(7-0)=-6
train/94482.jpg,7+(2-4)=5
train/94483.jpg,(4*1)+5=9
train/94484.jpg,(4*6)*9=216
train/94485.jpg,(7+7)*8=112
train/94486.jpg,8+(1+2)=11
train/94487.jpg,(3-7)-1=-5
train/94488.jpg,(5+3)+4=12
train/94489.jpg,6*2+6=18
train/94490.jpg,9*8*7=504
train/94491.jpg,1+(1+0)=2
train/94492.jpg,9-9-8=-8
train/94493.jpg,(1*2)+7=9
train/94494.jpg,7*3+3=24
train/94495.jpg,(8*8)*8=512
train/94496.jpg,(0-1)*0=0
train/94497.jpg,(0+5)-7=-2
train/94498.jpg,1-(5+5)=-9
train/94499.jpg,(5-1)+7=11
train/94500.jpg,9+8*2=25
train/94501.jpg,2*(1+5)=12
train/94502.jpg,7*6*5=210
train/94503.jpg,6*(6+4)=60
train/94504.jpg,1+(7*0)=1
train/94505.jpg,7+(3+6)=16
train/94506.jpg,2+8+9=19
train/94507.jpg,(5+1)-2=4
train/94508.jpg,(2-5)-4=-7
train/94509.jpg,(7+3)+8=18
train/94510.jpg,7*2*6=84
train/94511.jpg,(4+5)*5=45
train/94512.jpg,4-9+3=-2
train/94513.jpg,3+(4+6)=13
train/94514.jpg,8+9-4=13
train/94515.jpg,6*(5*2)=60
train/94516.jpg,2-6-7=-11
train/94517.jpg,0+1-3=-2
train/94518.jpg,3+2-9=-4
train/94519.jpg,0+(7*2)=14
train/94520.jpg,6-6+5=5
train/94521.jpg,(0*8)-0=0
train/94522.jpg,(8*3)-9=15
train/94523.jpg,7*2*8=112
train/94524.jpg,5+(4+8)=17
train/94525.jpg,9+(0+8)=17
train/94526.jpg,2*2-3=1
train/94527.jpg,5+(9*6)=59
train/94528.jpg,1-1*3=-2
train/94529.jpg,3*4-3=9
train/94530.jpg,(6*7)*5=210
train/94531.jpg,(0+7)*9=63
train/94532.jpg,(7-9)-4=-6
train/94533.jpg,3+(2+3)=8
train/94534.jpg,(9+0)*7=63
train/94535.jpg,2+2+2=6
train/94536.jpg,0+(2+6)=8
train/94537.jpg,9*1+4=13
train/94538.jpg,(4*4)*9=144
train/94539.jpg,1-(9*2)=-17
train/94540.jpg,1*1*6=6
train/94541.jpg,9*3*6=162
train/94542.jpg,1-(7-5)=-1
train/94543.jpg,0-(4*2)=-8
train/94544.jpg,(0+3)-4=-1
train/94545.jpg,(8+0)*7=56
train/94546.jpg,1+(0+5)=6
train/94547.jpg,(3-1)+5=7
train/94548.jpg,8+(8+9)=25
train/94549.jpg,9*(8*0)=0
train/94550.jpg,9+(6-0)=15
train/94551.jpg,2*7-9=5
train/94552.jpg,3+3+2=8
train/94553.jpg,2-(6+3)=-7
train/94554.jpg,(8+3)*2=22
train/94555.jpg,(5+0)+8=13
train/94556.jpg,6-1+2=7
train/94557.jpg,5+8-3=10
train/94558.jpg,6*8-3=45
train/94559.jpg,9+5*2=19
train/94560.jpg,8-(3-2)=7
train/94561.jpg,(1+3)*0=0
train/94562.jpg,1*0+5=5
train/94563.jpg,(4-1)-2=1
train/94564.jpg,8*4-4=28
train/94565.jpg,9-6+8=11
train/94566.jpg,(7*0)-9=-9
train/94567.jpg,(4+8)-5=7
train/94568.jpg,(1+6)+3=10
train/94569.jpg,6-5+9=10
train/94570.jpg,4+(0*5)=4
train/94571.jpg,4-6*8=-44
train/94572.jpg,7+1+3=11
train/94573.jpg,(6-2)+5=9
train/94574.jpg,6+0+2=8
train/94575.jpg,0-(3*7)=-21
train/94576.jpg,(2*0)*9=0
train/94577.jpg,0*2-0=0
train/94578.jpg,8+(2*3)=14
train/94579.jpg,5*(7-4)=15
train/94580.jpg,9+4*3=21
train/94581.jpg,(2-1)*0=0
train/94582.jpg,(3-6)+0=-3
train/94583.jpg,6+9*3=33
train/94584.jpg,(8-0)-1=7
train/94585.jpg,3-7*6=-39
train/94586.jpg,6*(5+9)=84
train/94587.jpg,4*(5-3)=8
train/94588.jpg,6*(1-1)=0
train/94589.jpg,5*8-3=37
train/94590.jpg,4+(1+7)=12
train/94591.jpg,7-6*2=-5
train/94592.jpg,4-6+5=3
train/94593.jpg,(5*9)+0=45
train/94594.jpg,2-(5*9)=-43
train/94595.jpg,6+6*9=60
train/94596.jpg,7*1-9=-2
train/94597.jpg,9*(2*4)=72
train/94598.jpg,7+(1-1)=7
train/94599.jpg,(3-3)*2=0
train/94600.jpg,1+0-0=1
train/94601.jpg,9*6+3=57
train/94602.jpg,3*(9*7)=189
train/94603.jpg,9+3*7=30
train/94604.jpg,4*(0-4)=-16
train/94605.jpg,0*3+9=9
train/94606.jpg,4*(4-3)=4
train/94607.jpg,6-(0+7)=-1
train/94608.jpg,8*(7+2)=72
train/94609.jpg,2*8*3=48
train/94610.jpg,5-4-2=-1
train/94611.jpg,4+4*1=8
train/94612.jpg,0+2*0=0
train/94613.jpg,1+0+1=2
train/94614.jpg,7+8+3=18
train/94615.jpg,(3+1)+8=12
train/94616.jpg,(9-0)-9=0
train/94617.jpg,(8+4)*2=24
train/94618.jpg,8*(4*1)=32
train/94619.jpg,9*(5-6)=-9
train/94620.jpg,2+(5*8)=42
train/94621.jpg,3+0-6=-3
train/94622.jpg,8+9-2=15
train/94623.jpg,7*(8*9)=504
train/94624.jpg,6-(4+7)=-5
train/94625.jpg,2*(2+3)=10
train/94626.jpg,8+(9+5)=22
train/94627.jpg,1-(6+1)=-6
train/94628.jpg,8+(5-2)=11
train/94629.jpg,(3*9)-4=23
train/94630.jpg,1+(9-4)=6
train/94631.jpg,(9-8)+0=1
train/94632.jpg,(0*2)-2=-2
train/94633.jpg,(3*7)-5=16
train/94634.jpg,5-(0*2)=5
train/94635.jpg,5-(5-3)=3
train/94636.jpg,3*(0-9)=-27
train/94637.jpg,5+4*0=5
train/94638.jpg,1*(2+6)=8
train/94639.jpg,(6+8)+4=18
train/94640.jpg,(4+7)*8=88
train/94641.jpg,6*(2-8)=-36
train/94642.jpg,7*(8*8)=448
train/94643.jpg,2-(0*7)=2
train/94644.jpg,3+1*3=6
train/94645.jpg,7+(6+6)=19
train/94646.jpg,5*4-4=16
train/94647.jpg,7*(4*0)=0
train/94648.jpg,5-4-5=-4
train/94649.jpg,0-(9-7)=-2
train/94650.jpg,6+(5*3)=21
train/94651.jpg,(3-7)+9=5
train/94652.jpg,(2-2)+8=8
train/94653.jpg,(5+7)-0=12
train/94654.jpg,(8+5)+8=21
train/94655.jpg,(5-7)*7=-14
train/94656.jpg,(3+4)-7=0
train/94657.jpg,1+(0*2)=1
train/94658.jpg,4*0-4=-4
train/94659.jpg,0*(5-9)=0
train/94660.jpg,8-(1*2)=6
train/94661.jpg,(2+9)+3=14
train/94662.jpg,(6-1)+2=7
train/94663.jpg,(9-0)+0=9
train/94664.jpg,0*6+6=6
train/94665.jpg,3+(1-7)=-3
train/94666.jpg,7*4+1=29
train/94667.jpg,1+0*2=1
train/94668.jpg,6-(5+2)=-1
train/94669.jpg,(0+3)+3=6
train/94670.jpg,(4*4)+2=18
train/94671.jpg,(2+7)-9=0
train/94672.jpg,0+(1+4)=5
train/94673.jpg,2-(6-3)=-1
train/94674.jpg,2-9*9=-79
train/94675.jpg,(8-5)*6=18
train/94676.jpg,0*6-9=-9
train/94677.jpg,6-(3-6)=9
train/94678.jpg,(3*8)*1=24
train/94679.jpg,9+(8+6)=23
train/94680.jpg,7+3-7=3
train/94681.jpg,7*5+0=35
train/94682.jpg,7+6-4=9
train/94683.jpg,3+(7-2)=8
train/94684.jpg,4-6+5=3
train/94685.jpg,(0+6)+4=10
train/94686.jpg,7+0-7=0
train/94687.jpg,7+4-9=2
train/94688.jpg,8*1-0=8
train/94689.jpg,(0+5)*1=5
train/94690.jpg,2-0*3=2
train/94691.jpg,5*(3*2)=30
train/94692.jpg,(8+7)+6=21
train/94693.jpg,6+8*6=54
train/94694.jpg,(8+0)-3=5
train/94695.jpg,4*(8-2)=24
train/94696.jpg,0+(1+2)=3
train/94697.jpg,(6*5)-1=29
train/94698.jpg,(7-5)+3=5
train/94699.jpg,6+9+3=18
train/94700.jpg,8+(7*8)=64
train/94701.jpg,(0-1)-6=-7
train/94702.jpg,8-1+8=15
train/94703.jpg,(0*1)+0=0
train/94704.jpg,9+(6*5)=39
train/94705.jpg,1+(8+1)=10
train/94706.jpg,(6*5)-1=29
train/94707.jpg,(9+4)*8=104
train/94708.jpg,4+8+3=15
train/94709.jpg,(2+3)+1=6
train/94710.jpg,7+(6+1)=14
train/94711.jpg,7*(6*6)=252
train/94712.jpg,0*(4+8)=0
train/94713.jpg,(2*5)+1=11
train/94714.jpg,5+(2*9)=23
train/94715.jpg,(7-3)-3=1
train/94716.jpg,(6*4)+9=33
train/94717.jpg,2*8*7=112
train/94718.jpg,(4+4)*5=40
train/94719.jpg,3-(0-2)=5
train/94720.jpg,(1*1)-9=-8
train/94721.jpg,(4-9)*7=-35
train/94722.jpg,(3-6)-4=-7
train/94723.jpg,0-(7-9)=2
train/94724.jpg,0-7+4=-3
train/94725.jpg,1-(9-4)=-4
train/94726.jpg,(6*2)-9=3
train/94727.jpg,4-2+6=8
train/94728.jpg,(3-3)-4=-4
train/94729.jpg,(3+6)+9=18
train/94730.jpg,1*0-1=-1
train/94731.jpg,5-(3-9)=11
train/94732.jpg,3-3+8=8
train/94733.jpg,(0+2)*4=8
train/94734.jpg,6-(4*9)=-30
train/94735.jpg,(1*0)-9=-9
train/94736.jpg,(1+4)-9=-4
train/94737.jpg,(7+9)*3=48
train/94738.jpg,(2*7)+6=20
train/94739.jpg,(2-8)*9=-54
train/94740.jpg,5*7*6=210
train/94741.jpg,(3*7)*1=21
train/94742.jpg,1+(7-8)=0
train/94743.jpg,2*0+0=0
train/94744.jpg,7*(9-3)=42
train/94745.jpg,(2-0)+8=10
train/94746.jpg,8*(4+2)=48
train/94747.jpg,(1-8)-0=-7
train/94748.jpg,(8+6)+6=20
train/94749.jpg,(7+6)-6=7
train/94750.jpg,4+(5*0)=4
train/94751.jpg,5*(0-4)=-20
train/94752.jpg,(9-4)+3=8
train/94753.jpg,1-3*2=-5
train/94754.jpg,(7+9)-0=16
train/94755.jpg,1*(7-0)=7
train/94756.jpg,1*4-4=0
train/94757.jpg,7-1-2=4
train/94758.jpg,4*7+7=35
train/94759.jpg,9+0-5=4
train/94760.jpg,1-(7+1)=-7
train/94761.jpg,(7*5)-3=32
train/94762.jpg,4-4+6=6
train/94763.jpg,8-(9+8)=-9
train/94764.jpg,9+3+9=21
train/94765.jpg,1+2-7=-4
train/94766.jpg,0+(0-6)=-6
train/94767.jpg,(4*9)*7=252
train/94768.jpg,3*(6*3)=54
train/94769.jpg,4+0-1=3
train/94770.jpg,4+2*1=6
train/94771.jpg,8-2-2=4
train/94772.jpg,(6*0)*2=0
train/94773.jpg,0-0-4=-4
train/94774.jpg,8-7*2=-6
train/94775.jpg,3+(5-8)=0
train/94776.jpg,(8+5)*1=13
train/94777.jpg,(9*3)-0=27
train/94778.jpg,7*(4-7)=-21
train/94779.jpg,8-0*2=8
train/94780.jpg,4-(1-1)=4
train/94781.jpg,6-(6+2)=-2
train/94782.jpg,3+7*2=17
train/94783.jpg,7+7-7=7
train/94784.jpg,8*(6-1)=40
train/94785.jpg,5+9-1=13
train/94786.jpg,3*2*6=36
train/94787.jpg,2-9*5=-43
train/94788.jpg,2-(8+7)=-13
train/94789.jpg,6*(0*3)=0
train/94790.jpg,(3-3)+9=9
train/94791.jpg,(0*1)-2=-2
train/94792.jpg,7+6-9=4
train/94793.jpg,(6+2)*1=8
train/94794.jpg,7-5*6=-23
train/94795.jpg,5-(0+3)=2
train/94796.jpg,0+(3*3)=9
train/94797.jpg,4-(1+1)=2
train/94798.jpg,8*(0*6)=0
train/94799.jpg,0+(7+7)=14
train/94800.jpg,(3-1)+8=10
train/94801.jpg,8*(3+9)=96
train/94802.jpg,1-6*8=-47
train/94803.jpg,(7+3)*4=40
train/94804.jpg,(4-0)+7=11
train/94805.jpg,5+5*3=20
train/94806.jpg,(6+5)-8=3
train/94807.jpg,6+4-4=6
train/94808.jpg,5-7+0=-2
train/94809.jpg,7*8+9=65
train/94810.jpg,6+5+4=15
train/94811.jpg,(4+5)*8=72
train/94812.jpg,(3-4)+1=0
train/94813.jpg,(4+1)-0=5
train/94814.jpg,9*0*5=0
train/94815.jpg,9-(2*5)=-1
train/94816.jpg,1+5-6=0
train/94817.jpg,(9+8)*8=136
train/94818.jpg,(7+1)-5=3
train/94819.jpg,3-8-2=-7
train/94820.jpg,6*7+1=43
train/94821.jpg,5+2*5=15
train/94822.jpg,2-(6-0)=-4
train/94823.jpg,(4-9)+7=2
train/94824.jpg,(3+6)*0=0
train/94825.jpg,9+(2*0)=9
train/94826.jpg,(4*5)-6=14
train/94827.jpg,8+1-9=0
train/94828.jpg,8+1+5=14
train/94829.jpg,(4-2)-6=-4
train/94830.jpg,(5+9)-9=5
train/94831.jpg,(4-2)*8=16
train/94832.jpg,8+3+2=13
train/94833.jpg,6*3-5=13
train/94834.jpg,6-(8-3)=1
train/94835.jpg,4-(2+3)=-1
train/94836.jpg,5-(1+4)=0
train/94837.jpg,4*(8-2)=24
train/94838.jpg,(4*2)-9=-1
train/94839.jpg,7+(8+5)=20
train/94840.jpg,0+8*7=56
train/94841.jpg,(3*8)+8=32
train/94842.jpg,1+(3+9)=13
train/94843.jpg,(4-6)*7=-14
train/94844.jpg,0-8+4=-4
train/94845.jpg,(5*5)*4=100
train/94846.jpg,(0-1)*8=-8
train/94847.jpg,(5+6)-8=3
train/94848.jpg,3-(9*6)=-51
train/94849.jpg,3-0+0=3
train/94850.jpg,5-(7+1)=-3
train/94851.jpg,7*4-9=19
train/94852.jpg,1*2+6=8
train/94853.jpg,(2-6)-6=-10
train/94854.jpg,9+4+4=17
train/94855.jpg,(3+6)*4=36
train/94856.jpg,5-4*3=-7
train/94857.jpg,(0*1)-2=-2
train/94858.jpg,3*9-8=19
train/94859.jpg,(0+9)+8=17
train/94860.jpg,5+(7*9)=68
train/94861.jpg,(9-2)-6=1
train/94862.jpg,8+2+7=17
train/94863.jpg,1*1+4=5
train/94864.jpg,0-2*6=-12
train/94865.jpg,0+(6*9)=54
train/94866.jpg,(7+8)*6=90
train/94867.jpg,(6*9)+1=55
train/94868.jpg,8*(0-8)=-64
train/94869.jpg,(5-2)+6=9
train/94870.jpg,1-(6+6)=-11
train/94871.jpg,4-2+5=7
train/94872.jpg,8-1+7=14
train/94873.jpg,(4+0)+8=12
train/94874.jpg,(7+1)*2=16
train/94875.jpg,(7+9)*3=48
train/94876.jpg,7-(3-0)=4
train/94877.jpg,1*8-7=1
train/94878.jpg,9*(5+1)=54
train/94879.jpg,(3+0)-2=1
train/94880.jpg,(8-3)+4=9
train/94881.jpg,1+(9+4)=14
train/94882.jpg,7*(8*2)=112
train/94883.jpg,0-(0-0)=0
train/94884.jpg,(6+4)*6=60
train/94885.jpg,2*(0+1)=2
train/94886.jpg,9+(8-6)=11
train/94887.jpg,(4-5)-6=-7
train/94888.jpg,2*4-3=5
train/94889.jpg,(1*9)*4=36
train/94890.jpg,6+(8+4)=18
train/94891.jpg,3*6*9=162
train/94892.jpg,4-0+8=12
train/94893.jpg,6+(5-3)=8
train/94894.jpg,(6*6)+9=45
train/94895.jpg,3-(1-6)=8
train/94896.jpg,(6*0)-2=-2
train/94897.jpg,4+(6-1)=9
train/94898.jpg,6-8+0=-2
train/94899.jpg,0-7+4=-3
train/94900.jpg,4+(7-9)=2
train/94901.jpg,8-8+5=5
train/94902.jpg,6*(4+8)=72
train/94903.jpg,(4+1)*1=5
train/94904.jpg,3+(4-8)=-1
train/94905.jpg,6*4+4=28
train/94906.jpg,0+(4+8)=12
train/94907.jpg,(4-2)+7=9
train/94908.jpg,9-1-8=0
train/94909.jpg,0+2*2=4
train/94910.jpg,5-(0*2)=5
train/94911.jpg,9-1*2=7
train/94912.jpg,4*1*4=16
train/94913.jpg,1*5-4=1
train/94914.jpg,7-(0*1)=7
train/94915.jpg,(8*4)+8=40
train/94916.jpg,9*(8*3)=216
train/94917.jpg,1*7-4=3
train/94918.jpg,(8+1)*7=63
train/94919.jpg,(5-9)*2=-8
train/94920.jpg,9+2-8=3
train/94921.jpg,4*(8-5)=12
train/94922.jpg,(7*6)*3=126
train/94923.jpg,2*(6+2)=16
train/94924.jpg,1*7+4=11
train/94925.jpg,5-2-2=1
train/94926.jpg,1-(3*5)=-14
train/94927.jpg,6-(9+1)=-4
train/94928.jpg,(4-2)+6=8
train/94929.jpg,6*6-4=32
train/94930.jpg,(6-6)-1=-1
train/94931.jpg,0-9+5=-4
train/94932.jpg,(7+6)-7=6
train/94933.jpg,(0-1)+7=6
train/94934.jpg,2+5*1=7
train/94935.jpg,9-(3+3)=3
train/94936.jpg,4*(7*4)=112
train/94937.jpg,9-(6*3)=-9
train/94938.jpg,6+8-4=10
train/94939.jpg,7*(3-7)=-28
train/94940.jpg,(2-0)+3=5
train/94941.jpg,(4*2)*6=48
train/94942.jpg,(7*5)*9=315
train/94943.jpg,8-(1+1)=6
train/94944.jpg,(4-3)-8=-7
train/94945.jpg,9*7*4=252
train/94946.jpg,0-(0*4)=0
train/94947.jpg,8*0*6=0
train/94948.jpg,1+7+0=8
train/94949.jpg,(6-0)*8=48
train/94950.jpg,(2-6)-5=-9
train/94951.jpg,4*1+5=9
train/94952.jpg,7+(0*7)=7
train/94953.jpg,4-(3-0)=1
train/94954.jpg,(6-7)+3=2
train/94955.jpg,9+(8+3)=20
train/94956.jpg,(6-6)*4=0
train/94957.jpg,4-(7*3)=-17
train/94958.jpg,(8+2)*5=50
train/94959.jpg,4-(5+7)=-8
train/94960.jpg,6*5*3=90
train/94961.jpg,(2*6)+2=14
train/94962.jpg,9-5-7=-3
train/94963.jpg,(3*0)-2=-2
train/94964.jpg,2-5*8=-38
train/94965.jpg,7+(7+1)=15
train/94966.jpg,(2-2)*1=0
train/94967.jpg,0-4-8=-12
train/94968.jpg,7*(6-3)=21
train/94969.jpg,4-5-8=-9
train/94970.jpg,9-(4*7)=-19
train/94971.jpg,7*5-9=26
train/94972.jpg,9*(0*8)=0
train/94973.jpg,7+(6-9)=4
train/94974.jpg,(9-6)-3=0
train/94975.jpg,(3*8)-3=21
train/94976.jpg,(7*1)+0=7
train/94977.jpg,6*0+6=6
train/94978.jpg,1*(9+7)=16
train/94979.jpg,(8*8)-4=60
train/94980.jpg,6+(1+8)=15
train/94981.jpg,2*(7*7)=98
train/94982.jpg,6*7+1=43
train/94983.jpg,8-0+6=14
train/94984.jpg,5+(1*9)=14
train/94985.jpg,(5+6)*0=0
train/94986.jpg,6*7*0=0
train/94987.jpg,(1-3)*3=-6
train/94988.jpg,(8-9)-7=-8
train/94989.jpg,(6*2)+5=17
train/94990.jpg,8+(2-8)=2
train/94991.jpg,(1*9)-8=1
train/94992.jpg,9*(2+7)=81
train/94993.jpg,(4*8)-6=26
train/94994.jpg,3+9+4=16
train/94995.jpg,5+8+7=20
train/94996.jpg,(4+5)*7=63
train/94997.jpg,(0-2)*1=-2
train/94998.jpg,4-(8*6)=-44
train/94999.jpg,(3-1)+7=9
train/95000.jpg,6-6-2=-2
train/95001.jpg,4*2+6=14
train/95002.jpg,8*2+2=18
train/95003.jpg,(2+3)*2=10
train/95004.jpg,0*9*2=0
train/95005.jpg,2*(8+2)=20
train/95006.jpg,(3*4)*3=36
train/95007.jpg,6+9*9=87
train/95008.jpg,3-(9*2)=-15
train/95009.jpg,9*9-0=81
train/95010.jpg,1+(1*1)=2
train/95011.jpg,5-5*5=-20
train/95012.jpg,9+9*6=63
train/95013.jpg,2+8-7=3
train/95014.jpg,(8*8)-4=60
train/95015.jpg,6+2-1=7
train/95016.jpg,6*(1-2)=-6
train/95017.jpg,9-4-0=5
train/95018.jpg,(1-6)-2=-7
train/95019.jpg,(1+7)*5=40
train/95020.jpg,(2-1)*3=3
train/95021.jpg,5+(1-1)=5
train/95022.jpg,6*1+6=12
train/95023.jpg,(5*2)*3=30
train/95024.jpg,3+8*6=51
train/95025.jpg,(6+1)*5=35
train/95026.jpg,(1-4)*5=-15
train/95027.jpg,1-2-6=-7
train/95028.jpg,(2+1)+7=10
train/95029.jpg,6-(9+2)=-5
train/95030.jpg,9*1-1=8
train/95031.jpg,(7+5)+8=20
train/95032.jpg,(4*7)*0=0
train/95033.jpg,0-(2*5)=-10
train/95034.jpg,0+1*2=2
train/95035.jpg,6-4-7=-5
train/95036.jpg,7-(9-5)=3
train/95037.jpg,9*(8-9)=-9
train/95038.jpg,6*(2+5)=42
train/95039.jpg,2+(3+5)=10
train/95040.jpg,0*5*5=0
train/95041.jpg,3*(1+0)=3
train/95042.jpg,(2*7)+1=15
train/95043.jpg,(9+4)-4=9
train/95044.jpg,(2+6)-9=-1
train/95045.jpg,1-7-1=-7
train/95046.jpg,2*(5+5)=20
train/95047.jpg,(1-9)*1=-8
train/95048.jpg,6-5-7=-6
train/95049.jpg,4-2*7=-10
train/95050.jpg,6-9-6=-9
train/95051.jpg,4+6-3=7
train/95052.jpg,(7+4)*8=88
train/95053.jpg,6+9-8=7
train/95054.jpg,1+(4*5)=21
train/95055.jpg,9*8-5=67
train/95056.jpg,(8-0)+2=10
train/95057.jpg,9-(4-8)=13
train/95058.jpg,8*8+4=68
train/95059.jpg,3+(5+6)=14
train/95060.jpg,6+(1*2)=8
train/95061.jpg,8*4-8=24
train/95062.jpg,(9*7)-6=57
train/95063.jpg,5*(6-9)=-15
train/95064.jpg,(3*5)+6=21
train/95065.jpg,6-4+1=3
train/95066.jpg,4-(9*4)=-32
train/95067.jpg,7-6+9=10
train/95068.jpg,6-(1-2)=7
train/95069.jpg,(9+2)*2=22
train/95070.jpg,3+(5+7)=15
train/95071.jpg,1-(8+8)=-15
train/95072.jpg,6*4*3=72
train/95073.jpg,2*8+3=19
train/95074.jpg,9+4-2=11
train/95075.jpg,(6*9)*5=270
train/95076.jpg,(3-6)*5=-15
train/95077.jpg,1*7*6=42
train/95078.jpg,(0+2)-3=-1
train/95079.jpg,(9-6)*3=9
train/95080.jpg,(4*0)+0=0
train/95081.jpg,1-6-6=-11
train/95082.jpg,(5-4)*9=9
train/95083.jpg,(3+4)*1=7
train/95084.jpg,6+(2+9)=17
train/95085.jpg,0-(9+2)=-11
train/95086.jpg,7*(4+8)=84
train/95087.jpg,2-(3-4)=3
train/95088.jpg,1-(2*4)=-7
train/95089.jpg,2*(4-1)=6
train/95090.jpg,5*(0*4)=0
train/95091.jpg,1+5+4=10
train/95092.jpg,1-6+5=0
train/95093.jpg,(9*0)+7=7
train/95094.jpg,(6+7)+1=14
train/95095.jpg,3+7*9=66
train/95096.jpg,(6-3)-1=2
train/95097.jpg,7*(3+2)=35
train/95098.jpg,7-(6*0)=7
train/95099.jpg,6-3-2=1
train/95100.jpg,5+(2*8)=21
train/95101.jpg,(5*6)-5=25
train/95102.jpg,(2-3)*8=-8
train/95103.jpg,0*9*3=0
train/95104.jpg,4-3*6=-14
train/95105.jpg,0*(5*1)=0
train/95106.jpg,8*4+3=35
train/95107.jpg,6-7*1=-1
train/95108.jpg,(6*3)-0=18
train/95109.jpg,6+(3+9)=18
train/95110.jpg,(9*0)+5=5
train/95111.jpg,(1-4)-4=-7
train/95112.jpg,(4+6)*6=60
train/95113.jpg,1-1-5=-5
train/95114.jpg,(2*6)+6=18
train/95115.jpg,3-(0+0)=3
train/95116.jpg,(9-8)+5=6
train/95117.jpg,2-(3-2)=1
train/95118.jpg,5-(9-7)=3
train/95119.jpg,4-(7+5)=-8
train/95120.jpg,3+(7*8)=59
train/95121.jpg,6+7*2=20
train/95122.jpg,(4*6)+1=25
train/95123.jpg,2*1+6=8
train/95124.jpg,0-(3*3)=-9
train/95125.jpg,(1-0)*7=7
train/95126.jpg,(6-3)-6=-3
train/95127.jpg,9-(4*9)=-27
train/95128.jpg,(1-2)+8=7
train/95129.jpg,(5*9)-1=44
train/95130.jpg,9-(9-2)=2
train/95131.jpg,(6*2)*5=60
train/95132.jpg,(0+4)-8=-4
train/95133.jpg,7+7+3=17
train/95134.jpg,5-6*3=-13
train/95135.jpg,(9+8)-1=16
train/95136.jpg,8-(7-3)=4
train/95137.jpg,(6+3)*1=9
train/95138.jpg,(1*0)+5=5
train/95139.jpg,2+9+6=17
train/95140.jpg,(3-8)-8=-13
train/95141.jpg,6-(0-3)=9
train/95142.jpg,2+9-6=5
train/95143.jpg,2+4+4=10
train/95144.jpg,4*2+1=9
train/95145.jpg,9+4-3=10
train/95146.jpg,7-(8*9)=-65
train/95147.jpg,8*(9-9)=0
train/95148.jpg,6*(6-0)=36
train/95149.jpg,1-(0*7)=1
train/95150.jpg,(4*2)+1=9
train/95151.jpg,(1*5)-3=2
train/95152.jpg,1+(8-8)=1
train/95153.jpg,8*3+7=31
train/95154.jpg,2-3+2=1
train/95155.jpg,(0-4)-0=-4
train/95156.jpg,1-2*9=-17
train/95157.jpg,(6-9)*9=-27
train/95158.jpg,9+(4-9)=4
train/95159.jpg,(3*4)*7=84
train/95160.jpg,1+7*7=50
train/95161.jpg,(9-5)-3=1
train/95162.jpg,3*(7+9)=48
train/95163.jpg,0*(0-6)=0
train/95164.jpg,4*4*7=112
train/95165.jpg,(2-1)-7=-6
train/95166.jpg,(9*4)+5=41
train/95167.jpg,(7-4)*1=3
train/95168.jpg,(4-2)-0=2
train/95169.jpg,2*(2-4)=-4
train/95170.jpg,4+(2*4)=12
train/95171.jpg,0+(8+0)=8
train/95172.jpg,(9-5)+8=12
train/95173.jpg,8-(0*3)=8
train/95174.jpg,0-(5+9)=-14
train/95175.jpg,(0*0)+8=8
train/95176.jpg,8-5-9=-6
train/95177.jpg,(2*8)-0=16
train/95178.jpg,(1+2)+8=11
train/95179.jpg,7*7+3=52
train/95180.jpg,6*(0-5)=-30
train/95181.jpg,7*6*9=378
train/95182.jpg,8+(8-8)=8
train/95183.jpg,6*(0*7)=0
train/95184.jpg,(4-3)+5=6
train/95185.jpg,(2-5)-8=-11
train/95186.jpg,(0-2)+5=3
train/95187.jpg,6-(8+3)=-5
train/95188.jpg,(3+4)-3=4
train/95189.jpg,3+(4-7)=0
train/95190.jpg,3*(5*6)=90
train/95191.jpg,3*2-2=4
train/95192.jpg,(2-8)*3=-18
train/95193.jpg,5+(1+4)=10
train/95194.jpg,9*(1+1)=18
train/95195.jpg,(3+9)*8=96
train/95196.jpg,0*5*2=0
train/95197.jpg,(6*1)+8=14
train/95198.jpg,(5+1)-7=-1
train/95199.jpg,3+(5*0)=3
train/95200.jpg,8*6-1=47
train/95201.jpg,8+2-6=4
train/95202.jpg,1+8*4=33
train/95203.jpg,(3*5)*0=0
train/95204.jpg,9*5-7=38
train/95205.jpg,2-(2-4)=4
train/95206.jpg,2*(7-5)=4
train/95207.jpg,2*2*6=24
train/95208.jpg,(4+7)+2=13
train/95209.jpg,2-(6*9)=-52
train/95210.jpg,(2+8)-6=4
train/95211.jpg,8-(1-2)=9
train/95212.jpg,5*(3+4)=35
train/95213.jpg,1+6-7=0
train/95214.jpg,7-(3-9)=13
train/95215.jpg,3-(4+4)=-5
train/95216.jpg,(0-3)-7=-10
train/95217.jpg,4*6+5=29
train/95218.jpg,(8+6)+9=23
train/95219.jpg,4-8-0=-4
train/95220.jpg,(3*8)*5=120
train/95221.jpg,8-5*5=-17
train/95222.jpg,1+(9*8)=73
train/95223.jpg,(8-6)+7=9
train/95224.jpg,1-(0+2)=-1
train/95225.jpg,0*(1+4)=0
train/95226.jpg,9*(6*8)=432
train/95227.jpg,(7+9)*5=80
train/95228.jpg,7*3-9=12
train/95229.jpg,4-(5-8)=7
train/95230.jpg,(9*5)*8=360
train/95231.jpg,1-(1+2)=-2
train/95232.jpg,1+8-5=4
train/95233.jpg,(8*5)-4=36
train/95234.jpg,7-(3+1)=3
train/95235.jpg,5+1*1=6
train/95236.jpg,2*1*4=8
train/95237.jpg,0+8-0=8
train/95238.jpg,6+(1-6)=1
train/95239.jpg,5+0+1=6
train/95240.jpg,6*(3*2)=36
train/95241.jpg,(3*3)-5=4
train/95242.jpg,1+1*8=9
train/95243.jpg,0-9+1=-8
train/95244.jpg,2*7*3=42
train/95245.jpg,(6*5)-0=30
train/95246.jpg,4-(5*3)=-11
train/95247.jpg,3+(5+1)=9
train/95248.jpg,9*6+0=54
train/95249.jpg,0*(0+0)=0
train/95250.jpg,1*3+9=12
train/95251.jpg,(9+4)*5=65
train/95252.jpg,0*7-7=-7
train/95253.jpg,(6*4)+9=33
train/95254.jpg,0*5-9=-9
train/95255.jpg,0*1-3=-3
train/95256.jpg,3+(9+3)=15
train/95257.jpg,0+(0-6)=-6
train/95258.jpg,(0+8)*4=32
train/95259.jpg,(9-9)*6=0
train/95260.jpg,9-(5+4)=0
train/95261.jpg,(8-3)+3=8
train/95262.jpg,2+9+9=20
train/95263.jpg,5+6+9=20
train/95264.jpg,0*(8+1)=0
train/95265.jpg,3+7-7=3
train/95266.jpg,(1-3)+2=0
train/95267.jpg,(6+1)-6=1
train/95268.jpg,1-4*8=-31
train/95269.jpg,1+0*2=1
train/95270.jpg,7-(8+6)=-7
train/95271.jpg,4-9*8=-68
train/95272.jpg,(8+7)*7=105
train/95273.jpg,2-2*0=2
train/95274.jpg,7*(1+9)=70
train/95275.jpg,0-(9-0)=-9
train/95276.jpg,(4*8)+5=37
train/95277.jpg,3+8*2=19
train/95278.jpg,9*(6-2)=36
train/95279.jpg,6-(0-2)=8
train/95280.jpg,2+2-5=-1
train/95281.jpg,(7*4)-4=24
train/95282.jpg,(2*3)-0=6
train/95283.jpg,(3+7)*8=80
train/95284.jpg,3+2*4=11
train/95285.jpg,(3-6)-4=-7
train/95286.jpg,(0-4)*0=0
train/95287.jpg,5+6+0=11
train/95288.jpg,5*7-7=28
train/95289.jpg,2+4+1=7
train/95290.jpg,3+(8*7)=59
train/95291.jpg,2-(8*1)=-6
train/95292.jpg,(0+7)+5=12
train/95293.jpg,(5+4)*1=9
train/95294.jpg,4-2+1=3
train/95295.jpg,4*(5+3)=32
train/95296.jpg,(0+2)*6=12
train/95297.jpg,(2+8)+8=18
train/95298.jpg,(6+4)-5=5
train/95299.jpg,0*1-3=-3
train/95300.jpg,3*(6+6)=36
train/95301.jpg,0*8*1=0
train/95302.jpg,1-(3-9)=7
train/95303.jpg,2-(0+3)=-1
train/95304.jpg,(2-0)-9=-7
train/95305.jpg,0-1-8=-9
train/95306.jpg,4-1*6=-2
train/95307.jpg,8-3-6=-1
train/95308.jpg,(2-9)*2=-14
train/95309.jpg,(6*3)-0=18
train/95310.jpg,7+0*1=7
train/95311.jpg,(6-8)-2=-4
train/95312.jpg,2*(2*5)=20
train/95313.jpg,4+6*2=16
train/95314.jpg,0+6-4=2
train/95315.jpg,(5*6)-7=23
train/95316.jpg,(0-5)*6=-30
train/95317.jpg,(5+6)-1=10
train/95318.jpg,7*(3-7)=-28
train/95319.jpg,3-6-1=-4
train/95320.jpg,(7-7)*5=0
train/95321.jpg,(4+1)*7=35
train/95322.jpg,7*6-0=42
train/95323.jpg,4-0+6=10
train/95324.jpg,3+(5-7)=1
train/95325.jpg,(8*1)+8=16
train/95326.jpg,(8*6)*8=384
train/95327.jpg,(1+4)-3=2
train/95328.jpg,9*0*6=0
train/95329.jpg,(7+1)+5=13
train/95330.jpg,5+(3+0)=8
train/95331.jpg,(3*6)-0=18
train/95332.jpg,0*7+6=6
train/95333.jpg,3*(4-8)=-12
train/95334.jpg,4-7-4=-7
train/95335.jpg,0+(2+2)=4
train/95336.jpg,5*(9*5)=225
train/95337.jpg,8+4*5=28
train/95338.jpg,6*(9*4)=216
train/95339.jpg,(1*4)*9=36
train/95340.jpg,0*(0+7)=0
train/95341.jpg,8*(4+7)=88
train/95342.jpg,4+(0*4)=4
train/95343.jpg,(1-7)+2=-4
train/95344.jpg,2+2-6=-2
train/95345.jpg,4+6+8=18
train/95346.jpg,(6*7)*8=336
train/95347.jpg,2-0+3=5
train/95348.jpg,6*6-8=28
train/95349.jpg,1-1-4=-4
train/95350.jpg,5*6-5=25
train/95351.jpg,8+(9-6)=11
train/95352.jpg,6+(1*4)=10
train/95353.jpg,9+5*6=39
train/95354.jpg,1+0*2=1
train/95355.jpg,(4+0)+9=13
train/95356.jpg,4+6-5=5
train/95357.jpg,(7-1)*6=36
train/95358.jpg,(0+3)+3=6
train/95359.jpg,8-(0*3)=8
train/95360.jpg,5+5+9=19
train/95361.jpg,(3+7)*5=50
train/95362.jpg,(5+2)*1=7
train/95363.jpg,4*(1+7)=32
train/95364.jpg,(0+0)-2=-2
train/95365.jpg,(3-1)+8=10
train/95366.jpg,9-(8+9)=-8
train/95367.jpg,(9+8)*6=102
train/95368.jpg,(6-8)+5=3
train/95369.jpg,(7*4)*6=168
train/95370.jpg,5+(8*3)=29
train/95371.jpg,2*2-4=0
train/95372.jpg,(1-1)+3=3
train/95373.jpg,7+(4+9)=20
train/95374.jpg,9-7+9=11
train/95375.jpg,4+(0-6)=-2
train/95376.jpg,8-(3+7)=-2
train/95377.jpg,4-(6+6)=-8
train/95378.jpg,9*(8+2)=90
train/95379.jpg,2+(3-1)=4
train/95380.jpg,(1-4)*5=-15
train/95381.jpg,9-(5-8)=12
train/95382.jpg,8*(0+9)=72
train/95383.jpg,8*7+2=58
train/95384.jpg,2+(6*1)=8
train/95385.jpg,0*6+3=3
train/95386.jpg,8-(1-3)=10
train/95387.jpg,6+1+0=7
train/95388.jpg,(6-1)+3=8
train/95389.jpg,(6-5)*7=7
train/95390.jpg,3+(4-6)=1
train/95391.jpg,5-(1+9)=-5
train/95392.jpg,8-9*5=-37
train/95393.jpg,0+(3-7)=-4
train/95394.jpg,(3*9)*8=216
train/95395.jpg,(5-0)*5=25
train/95396.jpg,(4+7)+5=16
train/95397.jpg,(0+5)-0=5
train/95398.jpg,4-(9*3)=-23
train/95399.jpg,4*(0-6)=-24
train/95400.jpg,(4+2)*6=36
train/95401.jpg,3-2-5=-4
train/95402.jpg,6+9-6=9
train/95403.jpg,0-(8*0)=0
train/95404.jpg,3*2-5=1
train/95405.jpg,7-8*2=-9
train/95406.jpg,3-1*6=-3
train/95407.jpg,8+0*7=8
train/95408.jpg,4+(3*4)=16
train/95409.jpg,3-(5-7)=5
train/95410.jpg,(4*8)-7=25
train/95411.jpg,3*4-8=4
train/95412.jpg,8+(7+2)=17
train/95413.jpg,1+(0+8)=9
train/95414.jpg,(6+9)+8=23
train/95415.jpg,4+(8-9)=3
train/95416.jpg,5*(3-5)=-10
train/95417.jpg,(6-0)-3=3
train/95418.jpg,(8-4)+7=11
train/95419.jpg,3+4+3=10
train/95420.jpg,2+7*2=16
train/95421.jpg,9+9-3=15
train/95422.jpg,(8+1)*7=63
train/95423.jpg,4-0+3=7
train/95424.jpg,(4*0)+4=4
train/95425.jpg,8+7-4=11
train/95426.jpg,7+2-5=4
train/95427.jpg,9+6+9=24
train/95428.jpg,(4-7)*3=-9
train/95429.jpg,1*(2+8)=10
train/95430.jpg,1-8*7=-55
train/95431.jpg,4*(8+4)=48
train/95432.jpg,(3-6)+2=-1
train/95433.jpg,(6-1)*2=10
train/95434.jpg,(0*3)-0=0
train/95435.jpg,(0+9)*4=36
train/95436.jpg,5-0*3=5
train/95437.jpg,(8-8)-8=-8
train/95438.jpg,2*9+1=19
train/95439.jpg,4-9-5=-10
train/95440.jpg,(9*3)-4=23
train/95441.jpg,5*(4-2)=10
train/95442.jpg,(6+8)+2=16
train/95443.jpg,(0*2)*0=0
train/95444.jpg,1+8+8=17
train/95445.jpg,4+(0+3)=7
train/95446.jpg,1-0-0=1
train/95447.jpg,5*(5+2)=35
train/95448.jpg,(4+2)-9=-3
train/95449.jpg,9*8+3=75
train/95450.jpg,5*(0*0)=0
train/95451.jpg,(5*7)*2=70
train/95452.jpg,0+(5+9)=14
train/95453.jpg,(6+9)*6=90
train/95454.jpg,7*7-7=42
train/95455.jpg,5+(8+1)=14
train/95456.jpg,8*(9*6)=432
train/95457.jpg,5*(9+5)=70
train/95458.jpg,(3*1)+9=12
train/95459.jpg,(0*2)*4=0
train/95460.jpg,2+(9-4)=7
train/95461.jpg,(6-4)+7=9
train/95462.jpg,1*5*1=5
train/95463.jpg,0-8-6=-14
train/95464.jpg,4+4+3=11
train/95465.jpg,(4+2)*1=6
train/95466.jpg,(1*3)+1=4
train/95467.jpg,4*(1*8)=32
train/95468.jpg,1*4+9=13
train/95469.jpg,2+9+9=20
train/95470.jpg,7*(9+9)=126
train/95471.jpg,3*(0+7)=21
train/95472.jpg,8-(6*7)=-34
train/95473.jpg,7*(8*0)=0
train/95474.jpg,3-7+5=1
train/95475.jpg,0+6*4=24
train/95476.jpg,8+1-6=3
train/95477.jpg,9+(4-8)=5
train/95478.jpg,(0-2)*5=-10
train/95479.jpg,9-(9-3)=3
train/95480.jpg,5-8*8=-59
train/95481.jpg,6-2-1=3
train/95482.jpg,1-0*0=1
train/95483.jpg,6-(1-8)=13
train/95484.jpg,0+1*9=9
train/95485.jpg,8*3+3=27
train/95486.jpg,0+4+0=4
train/95487.jpg,1+5*7=36
train/95488.jpg,0+(8*0)=0
train/95489.jpg,(1-1)-6=-6
train/95490.jpg,3*(5+2)=21
train/95491.jpg,8+6+1=15
train/95492.jpg,8*(2+1)=24
train/95493.jpg,6*(1*7)=42
train/95494.jpg,8-5+5=8
train/95495.jpg,(7-8)-6=-7
train/95496.jpg,(3-1)-0=2
train/95497.jpg,0*0-1=-1
train/95498.jpg,8+5*7=43
train/95499.jpg,1*(6-4)=2
train/95500.jpg,5-(0-5)=10
train/95501.jpg,(0-8)+1=-7
train/95502.jpg,4*(7*9)=252
train/95503.jpg,(5+1)*1=6
train/95504.jpg,8*(5-3)=16
train/95505.jpg,6+(0*1)=6
train/95506.jpg,8+0-1=7
train/95507.jpg,2*6*5=60
train/95508.jpg,(5+8)*0=0
train/95509.jpg,(4*5)+0=20
train/95510.jpg,2-(8*3)=-22
train/95511.jpg,7-(0-8)=15
train/95512.jpg,(9-2)+3=10
train/95513.jpg,(4+8)+6=18
train/95514.jpg,2+8+2=12
train/95515.jpg,4+4+5=13
train/95516.jpg,2+4*0=2
train/95517.jpg,(9*5)*5=225
train/95518.jpg,2*2*6=24
train/95519.jpg,8+(7-0)=15
train/95520.jpg,2-(5*3)=-13
train/95521.jpg,0+(4+3)=7
train/95522.jpg,(7*2)*2=28
train/95523.jpg,(0+3)+5=8
train/95524.jpg,0+7*7=49
train/95525.jpg,1-6+8=3
train/95526.jpg,6*(0-1)=-6
train/95527.jpg,3+8-6=5
train/95528.jpg,9-6*1=3
train/95529.jpg,5*(7-1)=30
train/95530.jpg,0+(4+3)=7
train/95531.jpg,7+1*5=12
train/95532.jpg,6-5+2=3
train/95533.jpg,(9*5)+9=54
train/95534.jpg,2+6+7=15
train/95535.jpg,(8+4)-3=9
train/95536.jpg,(8-1)-7=0
train/95537.jpg,3+(1*7)=10
train/95538.jpg,6+(9*0)=6
train/95539.jpg,0-8+0=-8
train/95540.jpg,(0*4)-1=-1
train/95541.jpg,1-2-7=-8
train/95542.jpg,3*5-8=7
train/95543.jpg,9*5-2=43
train/95544.jpg,(5+3)+2=10
train/95545.jpg,3*(4-7)=-9
train/95546.jpg,7-(3-4)=8
train/95547.jpg,8*(4+9)=104
train/95548.jpg,(8+9)-2=15
train/95549.jpg,(7*0)*3=0
train/95550.jpg,6-(1+3)=2
train/95551.jpg,(8*9)*3=216
train/95552.jpg,2-7-9=-14
train/95553.jpg,0-3*5=-15
train/95554.jpg,9*(2+4)=54
train/95555.jpg,1-(1*2)=-1
train/95556.jpg,6+2-2=6
train/95557.jpg,(8*6)+0=48
train/95558.jpg,(3*2)+3=9
train/95559.jpg,2-0*9=2
train/95560.jpg,4+(5*1)=9
train/95561.jpg,(9-7)*7=14
train/95562.jpg,9-(9*7)=-54
train/95563.jpg,5+(8*3)=29
train/95564.jpg,1+(3*6)=19
train/95565.jpg,3+(8+5)=16
train/95566.jpg,6-5-0=1
train/95567.jpg,9+4*0=9
train/95568.jpg,1+4*6=25
train/95569.jpg,9-4-4=1
train/95570.jpg,3+(8+3)=14
train/95571.jpg,4*1-3=1
train/95572.jpg,8*(9*2)=144
train/95573.jpg,(5-4)*5=5
train/95574.jpg,(8*6)+0=48
train/95575.jpg,3+5*4=23
train/95576.jpg,(1*6)*6=36
train/95577.jpg,(3-8)+6=1
train/95578.jpg,8*(9*2)=144
train/95579.jpg,(1*0)-5=-5
train/95580.jpg,0*1-1=-1
train/95581.jpg,5+(9+3)=17
train/95582.jpg,0-(5*6)=-30
train/95583.jpg,7+(7-3)=11
train/95584.jpg,5+(1*1)=6
train/95585.jpg,2+(7+6)=15
train/95586.jpg,8+1*5=13
train/95587.jpg,4-(7*4)=-24
train/95588.jpg,7*(4*7)=196
train/95589.jpg,5+(7-1)=11
train/95590.jpg,0*(0-9)=0
train/95591.jpg,(3-8)+6=1
train/95592.jpg,6+(9*0)=6
train/95593.jpg,0+8-4=4
train/95594.jpg,3*4*5=60
train/95595.jpg,0-(9*5)=-45
train/95596.jpg,5*(6-9)=-15
train/95597.jpg,(2*5)+7=17
train/95598.jpg,1-8+3=-4
train/95599.jpg,5-1*4=1
train/95600.jpg,2-7+9=4
train/95601.jpg,0-(5-0)=-5
train/95602.jpg,7*9*1=63
train/95603.jpg,7+8*9=79
train/95604.jpg,3-8*8=-61
train/95605.jpg,(0*0)+6=6
train/95606.jpg,2+6-4=4
train/95607.jpg,4*9-0=36
train/95608.jpg,(1-6)*8=-40
train/95609.jpg,(6*5)*9=270
train/95610.jpg,(1+4)+5=10
train/95611.jpg,1-(0*0)=1
train/95612.jpg,(2-5)-9=-12
train/95613.jpg,0+0-0=0
train/95614.jpg,9-(7-6)=8
train/95615.jpg,(7-3)*7=28
train/95616.jpg,9-2-4=3
train/95617.jpg,5-0*1=5
train/95618.jpg,(3-0)+9=12
train/95619.jpg,(5+2)-9=-2
train/95620.jpg,2-(9+2)=-9
train/95621.jpg,5*8*8=320
train/95622.jpg,(0+0)*5=0
train/95623.jpg,1*(4-4)=0
train/95624.jpg,1*4-8=-4
train/95625.jpg,(2-8)+4=-2
train/95626.jpg,(7-7)-6=-6
train/95627.jpg,1*2*9=18
train/95628.jpg,4-(6-4)=2
train/95629.jpg,7-4-1=2
train/95630.jpg,6-(4*6)=-18
train/95631.jpg,4+(6*3)=22
train/95632.jpg,1*9-6=3
train/95633.jpg,6+6+0=12
train/95634.jpg,(0*9)*0=0
train/95635.jpg,0*6+6=6
train/95636.jpg,(5+3)*2=16
train/95637.jpg,7*3+3=24
train/95638.jpg,(9-3)*5=30
train/95639.jpg,9*5-2=43
train/95640.jpg,(8*5)*5=200
train/95641.jpg,9*3-3=24
train/95642.jpg,5-9*7=-58
train/95643.jpg,1-2-1=-2
train/95644.jpg,(5+3)+5=13
train/95645.jpg,(1-8)-8=-15
train/95646.jpg,5*4+3=23
train/95647.jpg,3*7-2=19
train/95648.jpg,(4+9)*5=65
train/95649.jpg,(9+3)-3=9
train/95650.jpg,4+(8-5)=7
train/95651.jpg,9-(1*2)=7
train/95652.jpg,3*(1*9)=27
train/95653.jpg,6-(6+6)=-6
train/95654.jpg,8*(8+2)=80
train/95655.jpg,(6*3)-5=13
train/95656.jpg,(7-3)*3=12
train/95657.jpg,8+9+1=18
train/95658.jpg,(8-9)+1=0
train/95659.jpg,(4+8)-0=12
train/95660.jpg,(1+9)-7=3
train/95661.jpg,7*4*4=112
train/95662.jpg,1+(7-4)=4
train/95663.jpg,8+3+3=14
train/95664.jpg,2*5-1=9
train/95665.jpg,2-(0+1)=1
train/95666.jpg,2+9+2=13
train/95667.jpg,1*(5-0)=5
train/95668.jpg,1*(1-8)=-7
train/95669.jpg,9-(0+8)=1
train/95670.jpg,7-(0-6)=13
train/95671.jpg,(9-9)-8=-8
train/95672.jpg,(4*1)*0=0
train/95673.jpg,0*(2-9)=0
train/95674.jpg,8+0*7=8
train/95675.jpg,(2-9)-4=-11
train/95676.jpg,7*2*6=84
train/95677.jpg,3+7-3=7
train/95678.jpg,8+3*1=11
train/95679.jpg,8*2*3=48
train/95680.jpg,8+0+0=8
train/95681.jpg,6+0-4=2
train/95682.jpg,3*(7+0)=21
train/95683.jpg,2-8+4=-2
train/95684.jpg,9*(2+8)=90
train/95685.jpg,2+(8+8)=18
train/95686.jpg,6-(5-5)=6
train/95687.jpg,(4+2)+2=8
train/95688.jpg,3+9+2=14
train/95689.jpg,(9*2)-5=13
train/95690.jpg,8+2-2=8
train/95691.jpg,(8+7)*4=60
train/95692.jpg,(0*9)+8=8
train/95693.jpg,7-9+1=-1
train/95694.jpg,0-9*7=-63
train/95695.jpg,7*6+8=50
train/95696.jpg,1-2*7=-13
train/95697.jpg,7-(3+3)=1
train/95698.jpg,1-5+2=-2
train/95699.jpg,6+6-8=4
train/95700.jpg,(4*6)*3=72
train/95701.jpg,(0+3)+1=4
train/95702.jpg,1*(5-7)=-2
train/95703.jpg,2*(4*0)=0
train/95704.jpg,4+9*5=49
train/95705.jpg,8*(6-4)=16
train/95706.jpg,5-8*2=-11
train/95707.jpg,8-9-3=-4
train/95708.jpg,(5*4)-5=15
train/95709.jpg,9+(5-7)=7
train/95710.jpg,(9*7)+3=66
train/95711.jpg,6*3+0=18
train/95712.jpg,7+(8*6)=55
train/95713.jpg,(0+3)*2=6
train/95714.jpg,(9*6)-8=46
train/95715.jpg,4-4+1=1
train/95716.jpg,3*(1*3)=9
train/95717.jpg,(7-0)*9=63
train/95718.jpg,1+(9*8)=73
train/95719.jpg,7+(4*7)=35
train/95720.jpg,(4*5)-6=14
train/95721.jpg,2-(4+7)=-9
train/95722.jpg,(7*3)*0=0
train/95723.jpg,0-(7*9)=-63
train/95724.jpg,4-7*9=-59
train/95725.jpg,8-(4-8)=12
train/95726.jpg,3-9+2=-4
train/95727.jpg,(1+7)-4=4
train/95728.jpg,(5*3)+9=24
train/95729.jpg,2+(5+1)=8
train/95730.jpg,5-5-7=-7
train/95731.jpg,(9-4)+1=6
train/95732.jpg,9*9*2=162
train/95733.jpg,6-(3*1)=3
train/95734.jpg,2-4*8=-30
train/95735.jpg,(6*7)-6=36
train/95736.jpg,7-(6*5)=-23
train/95737.jpg,(5-7)*0=0
train/95738.jpg,7+3-6=4
train/95739.jpg,4*(9-8)=4
train/95740.jpg,6-(6+5)=-5
train/95741.jpg,3+1*4=7
train/95742.jpg,0*6*3=0
train/95743.jpg,5*2+9=19
train/95744.jpg,(4-6)*2=-4
train/95745.jpg,9*(0*8)=0
train/95746.jpg,8+(1*1)=9
train/95747.jpg,4+(5*8)=44
train/95748.jpg,9*9*7=567
train/95749.jpg,2+(0-4)=-2
train/95750.jpg,5*8*9=360
train/95751.jpg,(9+3)*3=36
train/95752.jpg,0-1+7=6
train/95753.jpg,6+9-0=15
train/95754.jpg,7+(0*8)=7
train/95755.jpg,2-(2+0)=0
train/95756.jpg,(7+0)-8=-1
train/95757.jpg,9-8*3=-15
train/95758.jpg,5*4+2=22
train/95759.jpg,9-(4*9)=-27
train/95760.jpg,3*4-9=3
train/95761.jpg,(3-2)+6=7
train/95762.jpg,(0+6)*9=54
train/95763.jpg,8*(3+2)=40
train/95764.jpg,(8-2)-3=3
train/95765.jpg,(5+0)-9=-4
train/95766.jpg,9-7+1=3
train/95767.jpg,(8+3)*3=33
train/95768.jpg,(7*9)*0=0
train/95769.jpg,(6-3)+0=3
train/95770.jpg,7*(9+8)=119
train/95771.jpg,9+8*8=73
train/95772.jpg,5*(1-3)=-10
train/95773.jpg,3-(0*4)=3
train/95774.jpg,1-3*5=-14
train/95775.jpg,5+(0-6)=-1
train/95776.jpg,8*0-2=-2
train/95777.jpg,5-(2+7)=-4
train/95778.jpg,4*9-6=30
train/95779.jpg,(0*6)-2=-2
train/95780.jpg,(1*5)*3=15
train/95781.jpg,(9-5)*2=8
train/95782.jpg,1+(5-5)=1
train/95783.jpg,3*7+0=21
train/95784.jpg,8-(3-3)=8
train/95785.jpg,3-6-0=-3
train/95786.jpg,(3+1)+9=13
train/95787.jpg,6-(6+2)=-2
train/95788.jpg,(3*2)-3=3
train/95789.jpg,6-(0*2)=6
train/95790.jpg,6*7-0=42
train/95791.jpg,0+4-4=0
train/95792.jpg,0-3-1=-4
train/95793.jpg,0-(9+6)=-15
train/95794.jpg,(2-1)*7=7
train/95795.jpg,1*(0*1)=0
train/95796.jpg,0*1-6=-6
train/95797.jpg,6-2+2=6
train/95798.jpg,(5-2)-4=-1
train/95799.jpg,(8-4)*7=28
train/95800.jpg,0-(0*4)=0
train/95801.jpg,8*6+9=57
train/95802.jpg,(2+4)*4=24
train/95803.jpg,4-(4+0)=0
train/95804.jpg,5*(1*4)=20
train/95805.jpg,(0-9)+3=-6
train/95806.jpg,(3*9)+3=30
train/95807.jpg,1*6+9=15
train/95808.jpg,(5*5)-9=16
train/95809.jpg,2+(7*0)=2
train/95810.jpg,4*(9*0)=0
train/95811.jpg,(0*9)+7=7
train/95812.jpg,9-9+8=8
train/95813.jpg,(8-0)+5=13
train/95814.jpg,(3-4)-8=-9
train/95815.jpg,2-(5*1)=-3
train/95816.jpg,8*(0+6)=48
train/95817.jpg,7-(1-3)=9
train/95818.jpg,0-(1-5)=4
train/95819.jpg,(3+7)*5=50
train/95820.jpg,7+(8+3)=18
train/95821.jpg,7-(9+7)=-9
train/95822.jpg,7*(0-1)=-7
train/95823.jpg,4*0*8=0
train/95824.jpg,5-2+5=8
train/95825.jpg,(5-9)-1=-5
train/95826.jpg,8-(6+4)=-2
train/95827.jpg,9+6*4=33
train/95828.jpg,2*(2+2)=8
train/95829.jpg,9-(3*9)=-18
train/95830.jpg,9+(5-7)=7
train/95831.jpg,4+(7+7)=18
train/95832.jpg,2-4-0=-2
train/95833.jpg,3-(0+7)=-4
train/95834.jpg,8+1+7=16
train/95835.jpg,1*7+1=8
train/95836.jpg,7+(9*5)=52
train/95837.jpg,7+(7+4)=18
train/95838.jpg,5+7*8=61
train/95839.jpg,(9*6)-8=46
train/95840.jpg,(1*8)-8=0
train/95841.jpg,(1*5)-0=5
train/95842.jpg,(5*9)-5=40
train/95843.jpg,4+0+3=7
train/95844.jpg,0-0+9=9
train/95845.jpg,(3*5)*3=45
train/95846.jpg,0-1+5=4
train/95847.jpg,9*(1+3)=36
train/95848.jpg,7-0*1=7
train/95849.jpg,6*(4*8)=192
train/95850.jpg,9-3*4=-3
train/95851.jpg,3*5*9=135
train/95852.jpg,3*(7-4)=9
train/95853.jpg,2*7*2=28
train/95854.jpg,(3-3)*0=0
train/95855.jpg,7*(9+9)=126
train/95856.jpg,(1-8)-1=-8
train/95857.jpg,1+(0*1)=1
train/95858.jpg,7*6*6=252
train/95859.jpg,8-1*7=1
train/95860.jpg,7-0-2=5
train/95861.jpg,4+(7+9)=20
train/95862.jpg,4*9*1=36
train/95863.jpg,6-8*8=-58
train/95864.jpg,(8+5)*1=13
train/95865.jpg,1*4+3=7
train/95866.jpg,(6+1)*4=28
train/95867.jpg,2-(0+9)=-7
train/95868.jpg,4-0+0=4
train/95869.jpg,9*(6*5)=270
train/95870.jpg,8+(7-9)=6
train/95871.jpg,(2-2)+0=0
train/95872.jpg,(6-9)-2=-5
train/95873.jpg,4-5-4=-5
train/95874.jpg,5*5*8=200
train/95875.jpg,6*9*2=108
train/95876.jpg,(9+3)+8=20
train/95877.jpg,5+0-5=0
train/95878.jpg,8+(5*9)=53
train/95879.jpg,8*(7+3)=80
train/95880.jpg,(3+4)*2=14
train/95881.jpg,8*5+8=48
train/95882.jpg,9*0+9=9
train/95883.jpg,(8*1)*7=56
train/95884.jpg,(2+7)-0=9
train/95885.jpg,8*(6+3)=72
train/95886.jpg,(8-1)*8=56
train/95887.jpg,(8+8)+4=20
train/95888.jpg,5+2+9=16
train/95889.jpg,(3-3)-8=-8
train/95890.jpg,7*8*4=224
train/95891.jpg,4+2+2=8
train/95892.jpg,(1-7)*4=-24
train/95893.jpg,6*6+0=36
train/95894.jpg,9+(1+3)=13
train/95895.jpg,(5*9)+6=51
train/95896.jpg,(2-9)+8=1
train/95897.jpg,(9*2)-2=16
train/95898.jpg,5-(3*6)=-13
train/95899.jpg,(6-5)+9=10
train/95900.jpg,(5+6)*9=99
train/95901.jpg,3-6-3=-6
train/95902.jpg,4-2*0=4
train/95903.jpg,7+3*5=22
train/95904.jpg,7*3+3=24
train/95905.jpg,0+(5-2)=3
train/95906.jpg,9-(9-5)=5
train/95907.jpg,3*6*4=72
train/95908.jpg,6+(4-1)=9
train/95909.jpg,2*(8-8)=0
train/95910.jpg,(6-9)*4=-12
train/95911.jpg,(8+1)+4=13
train/95912.jpg,5*4*0=0
train/95913.jpg,(0*6)+7=7
train/95914.jpg,1*(0*3)=0
train/95915.jpg,9*(1*7)=63
train/95916.jpg,1*3*6=18
train/95917.jpg,(1-7)-4=-10
train/95918.jpg,3+(7-4)=6
train/95919.jpg,4*2-7=1
train/95920.jpg,(8+9)*5=85
train/95921.jpg,2*(3-6)=-6
train/95922.jpg,2-7+4=-1
train/95923.jpg,2+3+0=5
train/95924.jpg,8+0+4=12
train/95925.jpg,9*(4*8)=288
train/95926.jpg,(6*3)*8=144
train/95927.jpg,(4*0)-3=-3
train/95928.jpg,1+(1*3)=4
train/95929.jpg,5-(8-4)=1
train/95930.jpg,8*0*4=0
train/95931.jpg,(0+6)*0=0
train/95932.jpg,3*(6*0)=0
train/95933.jpg,(8*3)-5=19
train/95934.jpg,(5*3)+2=17
train/95935.jpg,(0-0)+4=4
train/95936.jpg,2+(7-3)=6
train/95937.jpg,9*0-6=-6
train/95938.jpg,5+6+5=16
train/95939.jpg,0+(8+2)=10
train/95940.jpg,2*9*2=36
train/95941.jpg,(3*0)+8=8
train/95942.jpg,(5*6)*6=180
train/95943.jpg,(0+0)*1=0
train/95944.jpg,(3*5)-7=8
train/95945.jpg,(5*6)*3=90
train/95946.jpg,5+(1+7)=13
train/95947.jpg,(0*1)+7=7
train/95948.jpg,(4-4)-8=-8
train/95949.jpg,7*(1-4)=-21
train/95950.jpg,7-1-4=2
train/95951.jpg,(3+6)-0=9
train/95952.jpg,3*(1-2)=-3
train/95953.jpg,3+7*2=17
train/95954.jpg,2-5*5=-23
train/95955.jpg,4*4-4=12
train/95956.jpg,8+1-2=7
train/95957.jpg,7+2+9=18
train/95958.jpg,7+1+7=15
train/95959.jpg,1-(4-9)=6
train/95960.jpg,5+8*9=77
train/95961.jpg,4+(6+5)=15
train/95962.jpg,0*6-4=-4
train/95963.jpg,(5-5)*5=0
train/95964.jpg,0-(6+5)=-11
train/95965.jpg,7+(3*5)=22
train/95966.jpg,(4+1)*7=35
train/95967.jpg,9*9+3=84
train/95968.jpg,(7+1)+5=13
train/95969.jpg,(8+8)-5=11
train/95970.jpg,3+(8+5)=16
train/95971.jpg,3*7*5=105
train/95972.jpg,1+(5+2)=8
train/95973.jpg,5-6*2=-7
train/95974.jpg,2*(8*0)=0
train/95975.jpg,(3-0)+0=3
train/95976.jpg,3*2+5=11
train/95977.jpg,(2+3)+2=7
train/95978.jpg,8-8-1=-1
train/95979.jpg,5+(7*7)=54
train/95980.jpg,5*5+4=29
train/95981.jpg,(4+2)+2=8
train/95982.jpg,(4+7)+6=17
train/95983.jpg,9*6-7=47
train/95984.jpg,(6*6)+8=44
train/95985.jpg,5*(9*8)=360
train/95986.jpg,(7*2)+9=23
train/95987.jpg,0-(1-0)=-1
train/95988.jpg,6+9*5=51
train/95989.jpg,9*(4*6)=216
train/95990.jpg,6*(5-6)=-6
train/95991.jpg,8-3+1=6
train/95992.jpg,1+(9*6)=55
train/95993.jpg,9*(8*0)=0
train/95994.jpg,3*(4+9)=39
train/95995.jpg,(3-1)+1=3
train/95996.jpg,(8+5)*2=26
train/95997.jpg,3*(8+4)=36
train/95998.jpg,(4-0)-9=-5
train/95999.jpg,3-(4+5)=-6
train/96000.jpg,0+9+7=16
train/96001.jpg,8*2-5=11
train/96002.jpg,4+(2*3)=10
train/96003.jpg,(9-0)+8=17
train/96004.jpg,8*(3+5)=64
train/96005.jpg,1+(5*5)=26
train/96006.jpg,9+(1-1)=9
train/96007.jpg,0-(4+4)=-8
train/96008.jpg,7+5-3=9
train/96009.jpg,3*(1*5)=15
train/96010.jpg,7*(3-5)=-14
train/96011.jpg,4-(2+5)=-3
train/96012.jpg,3-4+7=6
train/96013.jpg,(6*3)*5=90
train/96014.jpg,(1-1)-1=-1
train/96015.jpg,(9+6)+9=24
train/96016.jpg,2+5*0=2
train/96017.jpg,5+2*2=9
train/96018.jpg,5-(0+4)=1
train/96019.jpg,8*(0*9)=0
train/96020.jpg,7-(3+3)=1
train/96021.jpg,(7-6)*5=5
train/96022.jpg,0*(3+0)=0
train/96023.jpg,8*(4+8)=96
train/96024.jpg,7*6-8=34
train/96025.jpg,5-(3-0)=2
train/96026.jpg,2-(4+2)=-4
train/96027.jpg,(9-4)+8=13
train/96028.jpg,0-9*3=-27
train/96029.jpg,3*(3+8)=33
train/96030.jpg,3+4+2=9
train/96031.jpg,(1+5)-7=-1
train/96032.jpg,(6-6)+9=9
train/96033.jpg,4+(6*5)=34
train/96034.jpg,4+8-7=5
train/96035.jpg,1-2-9=-10
train/96036.jpg,0+0+1=1
train/96037.jpg,(6*9)-3=51
train/96038.jpg,5+(0-6)=-1
train/96039.jpg,(1-5)-2=-6
train/96040.jpg,7-(8*9)=-65
train/96041.jpg,8*(8+7)=120
train/96042.jpg,(4+9)-5=8
train/96043.jpg,(8-6)-6=-4
train/96044.jpg,1*4+7=11
train/96045.jpg,5+5*2=15
train/96046.jpg,(9+0)+8=17
train/96047.jpg,(8-0)+2=10
train/96048.jpg,(1*0)+2=2
train/96049.jpg,(8-7)-1=0
train/96050.jpg,6*(4-5)=-6
train/96051.jpg,0*2-1=-1
train/96052.jpg,4-5-9=-10
train/96053.jpg,6-(0+4)=2
train/96054.jpg,6-9-9=-12
train/96055.jpg,8+3-5=6
train/96056.jpg,8+(0-3)=5
train/96057.jpg,(4+6)-8=2
train/96058.jpg,6*2*6=72
train/96059.jpg,1-7+1=-5
train/96060.jpg,(4*0)*9=0
train/96061.jpg,3+(9*5)=48
train/96062.jpg,0*9+6=6
train/96063.jpg,5-(0+0)=5
train/96064.jpg,(0+0)+8=8
train/96065.jpg,1-(0-8)=9
train/96066.jpg,8+0*5=8
train/96067.jpg,0*(0*6)=0
train/96068.jpg,1-6+5=0
train/96069.jpg,(2*4)-7=1
train/96070.jpg,(0+8)-3=5
train/96071.jpg,0*(5+8)=0
train/96072.jpg,6-(8-4)=2
train/96073.jpg,(6*4)+1=25
train/96074.jpg,(2+6)+5=13
train/96075.jpg,5-4*0=5
train/96076.jpg,4+1+7=12
train/96077.jpg,4-7*3=-17
train/96078.jpg,0-(9-5)=-4
train/96079.jpg,4+7+7=18
train/96080.jpg,(8*6)+2=50
train/96081.jpg,(7-3)*6=24
train/96082.jpg,(3-0)+2=5
train/96083.jpg,8*6*4=192
train/96084.jpg,9-(3-7)=13
train/96085.jpg,5-(2+1)=2
train/96086.jpg,8+(7*2)=22
train/96087.jpg,(0+4)-6=-2
train/96088.jpg,(5-6)-8=-9
train/96089.jpg,5+(7-8)=4
train/96090.jpg,1-6+2=-3
train/96091.jpg,2*(4+7)=22
train/96092.jpg,(0*2)+5=5
train/96093.jpg,0-(1+7)=-8
train/96094.jpg,(2+3)*5=25
train/96095.jpg,(3-7)*4=-16
train/96096.jpg,(8*6)*3=144
train/96097.jpg,(4+7)+2=13
train/96098.jpg,(9*1)+8=17
train/96099.jpg,(5*3)-4=11
train/96100.jpg,8+(2*8)=24
train/96101.jpg,5+9-7=7
train/96102.jpg,3*5-9=6
train/96103.jpg,0-(6*8)=-48
train/96104.jpg,4*9+3=39
train/96105.jpg,3*3-5=4
train/96106.jpg,9-(2*0)=9
train/96107.jpg,2-(2+4)=-4
train/96108.jpg,(5+5)+0=10
train/96109.jpg,0*(1+0)=0
train/96110.jpg,(9-2)*6=42
train/96111.jpg,4*(9+0)=36
train/96112.jpg,3-5*5=-22
train/96113.jpg,(6+5)-2=9
train/96114.jpg,3+1*2=5
train/96115.jpg,(9*9)*9=729
train/96116.jpg,1-(2+1)=-2
train/96117.jpg,0+(6-5)=1
train/96118.jpg,(0-6)-3=-9
train/96119.jpg,(9-5)+6=10
train/96120.jpg,5+(0*0)=5
train/96121.jpg,2+7*7=51
train/96122.jpg,7*(1*0)=0
train/96123.jpg,6*9+6=60
train/96124.jpg,8*(8*1)=64
train/96125.jpg,8-(8+9)=-9
train/96126.jpg,0*5-1=-1
train/96127.jpg,1*(0+3)=3
train/96128.jpg,(0+6)-7=-1
train/96129.jpg,(0*0)+6=6
train/96130.jpg,4+2-9=-3
train/96131.jpg,2+4-0=6
train/96132.jpg,(3*6)*2=36
train/96133.jpg,8*1*1=8
train/96134.jpg,2-(2*4)=-6
train/96135.jpg,5-(1+8)=-4
train/96136.jpg,1+7*9=64
train/96137.jpg,7+(6-9)=4
train/96138.jpg,6*6-9=27
train/96139.jpg,(0-4)+5=1
train/96140.jpg,1-7*8=-55
train/96141.jpg,(4-4)-1=-1
train/96142.jpg,(4*8)*5=160
train/96143.jpg,7*0+4=4
train/96144.jpg,(0*3)-7=-7
train/96145.jpg,8+0+0=8
train/96146.jpg,(5-3)+9=11
train/96147.jpg,(0*8)+7=7
train/96148.jpg,8+5+7=20
train/96149.jpg,(1+0)+8=9
train/96150.jpg,0-(3+6)=-9
train/96151.jpg,(0-7)-8=-15
train/96152.jpg,5*2*6=60
train/96153.jpg,1+3*1=4
train/96154.jpg,(0*3)-0=0
train/96155.jpg,3*6-5=13
train/96156.jpg,2*(1+8)=18
train/96157.jpg,(2+1)+6=9
train/96158.jpg,7+6-7=6
train/96159.jpg,(5+2)+7=14
train/96160.jpg,4-(0*1)=4
train/96161.jpg,2+(7+2)=11
train/96162.jpg,3-7-6=-10
train/96163.jpg,(0*3)*1=0
train/96164.jpg,(6-3)-8=-5
train/96165.jpg,1+2+4=7
train/96166.jpg,(9+3)+7=19
train/96167.jpg,4+(2-0)=6
train/96168.jpg,5+(9-8)=6
train/96169.jpg,6+(2+0)=8
train/96170.jpg,(1*2)*7=14
train/96171.jpg,(1*6)+6=12
train/96172.jpg,(2*5)*8=80
train/96173.jpg,(1+1)-8=-6
train/96174.jpg,7*(5*2)=70
train/96175.jpg,(0*4)-9=-9
train/96176.jpg,7-(7-6)=6
train/96177.jpg,8*4+1=33
train/96178.jpg,(1+4)+2=7
train/96179.jpg,(7*2)+0=14
train/96180.jpg,(0+2)-7=-5
train/96181.jpg,(4*0)-6=-6
train/96182.jpg,9*6*9=486
train/96183.jpg,1-0+6=7
train/96184.jpg,7*6+9=51
train/96185.jpg,6-4+4=6
train/96186.jpg,(8-6)*1=2
train/96187.jpg,1+(2+5)=8
train/96188.jpg,4*(8+1)=36
train/96189.jpg,0*(5+6)=0
train/96190.jpg,1+(4*3)=13
train/96191.jpg,6+7+0=13
train/96192.jpg,5*(7-3)=20
train/96193.jpg,(7-6)+6=7
train/96194.jpg,2+0+2=4
train/96195.jpg,1*5+3=8
train/96196.jpg,(6+1)*6=42
train/96197.jpg,2+(9+3)=14
train/96198.jpg,(3-7)+4=0
train/96199.jpg,3-(2-5)=6
train/96200.jpg,(7+7)*2=28
train/96201.jpg,3-5-5=-7
train/96202.jpg,3+(1-5)=-1
train/96203.jpg,9*8-3=69
train/96204.jpg,(5*5)*2=50
train/96205.jpg,(3+4)*2=14
train/96206.jpg,9-(2*9)=-9
train/96207.jpg,4*(2-1)=4
train/96208.jpg,(7*2)*7=98
train/96209.jpg,6+(9+4)=19
train/96210.jpg,(7*8)-0=56
train/96211.jpg,(0+2)+0=2
train/96212.jpg,1+8-1=8
train/96213.jpg,(4+6)+3=13
train/96214.jpg,8-(4-9)=13
train/96215.jpg,4*1+3=7
train/96216.jpg,4-5+4=3
train/96217.jpg,(3*7)+9=30
train/96218.jpg,(1-1)-1=-1
train/96219.jpg,7*3-1=20
train/96220.jpg,(6-9)*1=-3
train/96221.jpg,4*7+8=36
train/96222.jpg,(6+5)-7=4
train/96223.jpg,2*6-5=7
train/96224.jpg,2+3*3=11
train/96225.jpg,5-2-8=-5
train/96226.jpg,6+(2-2)=6
train/96227.jpg,9-(4+2)=3
train/96228.jpg,(6-1)*9=45
train/96229.jpg,4*3-1=11
train/96230.jpg,(7-9)-1=-3
train/96231.jpg,(9-3)*2=12
train/96232.jpg,7-(1*7)=0
train/96233.jpg,1*(5-4)=1
train/96234.jpg,(3*2)*6=36
train/96235.jpg,(2-8)*9=-54
train/96236.jpg,1-8+0=-7
train/96237.jpg,(5+6)+3=14
train/96238.jpg,(0*6)+0=0
train/96239.jpg,9-2+5=12
train/96240.jpg,4*6-0=24
train/96241.jpg,8+(1*7)=15
train/96242.jpg,(0+8)+5=13
train/96243.jpg,(4-6)*1=-2
train/96244.jpg,(5-7)+2=0
train/96245.jpg,(3-9)*1=-6
train/96246.jpg,8*(7-4)=24
train/96247.jpg,(6+4)-6=4
train/96248.jpg,1*(8+8)=16
train/96249.jpg,4*6*4=96
train/96250.jpg,4*(9+7)=64
train/96251.jpg,1-(7+0)=-6
train/96252.jpg,(4-5)*0=0
train/96253.jpg,(6-5)-3=-2
train/96254.jpg,(6*2)-8=4
train/96255.jpg,5*(1-1)=0
train/96256.jpg,(1+4)*3=15
train/96257.jpg,(9-0)+9=18
train/96258.jpg,8+0-2=6
train/96259.jpg,2*9*0=0
train/96260.jpg,(5-9)+8=4
train/96261.jpg,8-9*8=-64
train/96262.jpg,7-(0*2)=7
train/96263.jpg,8+6*2=20
train/96264.jpg,2+0-8=-6
train/96265.jpg,(1*7)-5=2
train/96266.jpg,2-(3+7)=-8
train/96267.jpg,(5+2)+5=12
train/96268.jpg,2*(6+3)=18
train/96269.jpg,(4*4)*2=32
train/96270.jpg,7-(6-9)=10
train/96271.jpg,8+(4+1)=13
train/96272.jpg,(7-8)+3=2
train/96273.jpg,6+7*6=48
train/96274.jpg,9+(6*8)=57
train/96275.jpg,1-5*1=-4
train/96276.jpg,1*0*4=0
train/96277.jpg,4-1*4=0
train/96278.jpg,2*8+4=20
train/96279.jpg,(4-6)+5=3
train/96280.jpg,4-6-4=-6
train/96281.jpg,0*7+0=0
train/96282.jpg,(6-3)-7=-4
train/96283.jpg,1+(2+3)=6
train/96284.jpg,6+5*2=16
train/96285.jpg,(7*9)-2=61
train/96286.jpg,(4*2)-2=6
train/96287.jpg,6-(2*8)=-10
train/96288.jpg,(4-9)+2=-3
train/96289.jpg,9*8-2=70
train/96290.jpg,7*(0-5)=-35
train/96291.jpg,5-4-0=1
train/96292.jpg,(5+9)-4=10
train/96293.jpg,(8-2)-8=-2
train/96294.jpg,2+6-8=0
train/96295.jpg,4+(8*7)=60
train/96296.jpg,3+5+4=12
train/96297.jpg,(0*8)+9=9
train/96298.jpg,(9+6)*2=30
train/96299.jpg,7+(3*3)=16
train/96300.jpg,6*(4*4)=96
train/96301.jpg,(6*1)*9=54
train/96302.jpg,(7*9)+4=67
train/96303.jpg,0+7*8=56
train/96304.jpg,(0-9)-1=-10
train/96305.jpg,0*2+5=5
train/96306.jpg,0-8-3=-11
train/96307.jpg,3-7*1=-4
train/96308.jpg,1+(1+3)=5
train/96309.jpg,3-(7*0)=3
train/96310.jpg,(7+9)-7=9
train/96311.jpg,7+(6-9)=4
train/96312.jpg,1*(3+3)=6
train/96313.jpg,3+(5+4)=12
train/96314.jpg,5-1-6=-2
train/96315.jpg,1+(0*4)=1
train/96316.jpg,9+7*5=44
train/96317.jpg,(9+1)*7=70
train/96318.jpg,2-(2+8)=-8
train/96319.jpg,1-2*3=-5
train/96320.jpg,9*(1+3)=36
train/96321.jpg,3*(1*8)=24
train/96322.jpg,9+4-1=12
train/96323.jpg,0-0+8=8
train/96324.jpg,(3+6)+7=16
train/96325.jpg,8+9+6=23
train/96326.jpg,(6-7)-1=-2
train/96327.jpg,(2*9)*9=162
train/96328.jpg,5-(3+3)=-1
train/96329.jpg,(0+4)+1=5
train/96330.jpg,(9-7)*9=18
train/96331.jpg,7-(0-5)=12
train/96332.jpg,5+0+4=9
train/96333.jpg,(7*0)*6=0
train/96334.jpg,4*5+7=27
train/96335.jpg,5*6*3=90
train/96336.jpg,9*8*6=432
train/96337.jpg,6*6*9=324
train/96338.jpg,(8*5)+3=43
train/96339.jpg,9+8*6=57
train/96340.jpg,(5*8)*6=240
train/96341.jpg,(4-8)+2=-2
train/96342.jpg,6-7+8=7
train/96343.jpg,5+6+8=19
train/96344.jpg,5+(7-6)=6
train/96345.jpg,9*(7*5)=315
train/96346.jpg,(8+6)*6=84
train/96347.jpg,(8*7)-9=47
train/96348.jpg,2-3-6=-7
train/96349.jpg,5-(4*8)=-27
train/96350.jpg,(9*1)*4=36
train/96351.jpg,9-3-2=4
train/96352.jpg,7+(6-4)=9
train/96353.jpg,8+(7+5)=20
train/96354.jpg,2*(7+0)=14
train/96355.jpg,6+1+7=14
train/96356.jpg,1-2-5=-6
train/96357.jpg,(4*1)-5=-1
train/96358.jpg,1*(2-5)=-3
train/96359.jpg,(6+1)-9=-2
train/96360.jpg,7+(4+8)=19
train/96361.jpg,(4+8)+5=17
train/96362.jpg,(4+0)*9=36
train/96363.jpg,7*(1+4)=35
train/96364.jpg,7*(8-4)=28
train/96365.jpg,1*(8*3)=24
train/96366.jpg,3+(3+0)=6
train/96367.jpg,(8+2)*0=0
train/96368.jpg,3-(7-2)=-2
train/96369.jpg,9*(8+1)=81
train/96370.jpg,7+(5-9)=3
train/96371.jpg,2-1-4=-3
train/96372.jpg,5+(4*9)=41
train/96373.jpg,(3*8)-9=15
train/96374.jpg,(5+8)*5=65
train/96375.jpg,(3-1)-2=0
train/96376.jpg,1+1-9=-7
train/96377.jpg,(5-9)-2=-6
train/96378.jpg,8*1-4=4
train/96379.jpg,(9+3)-5=7
train/96380.jpg,(9*5)-2=43
train/96381.jpg,3+1*3=6
train/96382.jpg,1-(5-7)=3
train/96383.jpg,5+2-1=6
train/96384.jpg,9-(6-8)=11
train/96385.jpg,(4*5)*4=80
train/96386.jpg,(9+7)*8=128
train/96387.jpg,0+0-2=-2
train/96388.jpg,7+7+6=20
train/96389.jpg,3-4-7=-8
train/96390.jpg,(9+7)+5=21
train/96391.jpg,8*(4*2)=64
train/96392.jpg,(3*3)-6=3
train/96393.jpg,(5*6)*4=120
train/96394.jpg,5-(5*6)=-25
train/96395.jpg,5-(6*1)=-1
train/96396.jpg,3-4*2=-5
train/96397.jpg,(0*0)-4=-4
train/96398.jpg,7-(3*3)=-2
train/96399.jpg,9-3-9=-3
train/96400.jpg,1-(7*3)=-20
train/96401.jpg,(7*5)*4=140
train/96402.jpg,5-4-2=-1
train/96403.jpg,1+(5*4)=21
train/96404.jpg,7*(7+0)=49
train/96405.jpg,5-(4-7)=8
train/96406.jpg,(1-5)-0=-4
train/96407.jpg,(9*0)*3=0
train/96408.jpg,3*4+6=18
train/96409.jpg,1-5*9=-44
train/96410.jpg,7+(6-7)=6
train/96411.jpg,8*4*0=0
train/96412.jpg,(6-8)*7=-14
train/96413.jpg,4-2-4=-2
train/96414.jpg,(3*7)+4=25
train/96415.jpg,(5*2)*7=70
train/96416.jpg,4*3+0=12
train/96417.jpg,9*(6+4)=90
train/96418.jpg,4*(7+6)=52
train/96419.jpg,(8+3)-4=7
train/96420.jpg,(1+0)+4=5
train/96421.jpg,6+(8+6)=20
train/96422.jpg,(4*1)+7=11
train/96423.jpg,5-(4-0)=1
train/96424.jpg,(8*6)*1=48
train/96425.jpg,7+(0*7)=7
train/96426.jpg,9+1+4=14
train/96427.jpg,(0-3)+6=3
train/96428.jpg,(0*3)+4=4
train/96429.jpg,5-4+3=4
train/96430.jpg,7-(6*5)=-23
train/96431.jpg,2*1*9=18
train/96432.jpg,8*(2+3)=40
train/96433.jpg,4*(1-0)=4
train/96434.jpg,(8*1)-2=6
train/96435.jpg,(9+8)-0=17
train/96436.jpg,(7-2)-9=-4
train/96437.jpg,2+7-0=9
train/96438.jpg,7+(6-1)=12
train/96439.jpg,6*0-5=-5
train/96440.jpg,3-9-5=-11
train/96441.jpg,9+9+1=19
train/96442.jpg,0+0-3=-3
train/96443.jpg,(7+5)*7=84
train/96444.jpg,3-(9-0)=-6
train/96445.jpg,(2*8)-2=14
train/96446.jpg,4*(1+1)=8
train/96447.jpg,1+3-6=-2
train/96448.jpg,(9*0)*3=0
train/96449.jpg,(1-1)-2=-2
train/96450.jpg,0+(0-1)=-1
train/96451.jpg,7-(5-3)=5
train/96452.jpg,0+1*6=6
train/96453.jpg,(9-4)*3=15
train/96454.jpg,6+6-4=8
train/96455.jpg,(7+0)-1=6
train/96456.jpg,7-(1*1)=6
train/96457.jpg,(3*2)+7=13
train/96458.jpg,5+(6+9)=20
train/96459.jpg,7-4-3=0
train/96460.jpg,(1*2)*0=0
train/96461.jpg,8+(2*8)=24
train/96462.jpg,6+8*0=6
train/96463.jpg,9*(1*9)=81
train/96464.jpg,9-8+2=3
train/96465.jpg,3*(3+1)=12
train/96466.jpg,(4+6)+4=14
train/96467.jpg,5-(7*1)=-2
train/96468.jpg,(2+7)*0=0
train/96469.jpg,6*2*4=48
train/96470.jpg,5+(6+3)=14
train/96471.jpg,(9*2)*4=72
train/96472.jpg,2+9+9=20
train/96473.jpg,3-7-1=-5
train/96474.jpg,(7-1)+5=11
train/96475.jpg,(1+1)-1=1
train/96476.jpg,0*(0+7)=0
train/96477.jpg,9-(1-7)=15
train/96478.jpg,5*9*6=270
train/96479.jpg,(2*5)+1=11
train/96480.jpg,0-4*4=-16
train/96481.jpg,(1+6)+2=9
train/96482.jpg,3*(6-2)=12
train/96483.jpg,(4-3)-0=1
train/96484.jpg,0*8-3=-3
train/96485.jpg,7*8*6=336
train/96486.jpg,0-1-5=-6
train/96487.jpg,(0-1)+9=8
train/96488.jpg,(9-2)*8=56
train/96489.jpg,1-(9-8)=0
train/96490.jpg,8-(4*9)=-28
train/96491.jpg,7-4+1=4
train/96492.jpg,(1+7)*2=16
train/96493.jpg,8*(8*4)=256
train/96494.jpg,5*9+0=45
train/96495.jpg,9+5-5=9
train/96496.jpg,2-(6*3)=-16
train/96497.jpg,6-7+1=0
train/96498.jpg,(2-8)+7=1
train/96499.jpg,1*(0+7)=7
train/96500.jpg,(3*9)*4=108
train/96501.jpg,2-(2-1)=1
train/96502.jpg,9*(7+3)=90
train/96503.jpg,9+(7*5)=44
train/96504.jpg,(7-1)+8=14
train/96505.jpg,4*7+1=29
train/96506.jpg,9-(9*2)=-9
train/96507.jpg,8+0*7=8
train/96508.jpg,3-(8-8)=3
train/96509.jpg,(9+4)+7=20
train/96510.jpg,9*7*4=252
train/96511.jpg,4*(1*8)=32
train/96512.jpg,6*5*9=270
train/96513.jpg,(1*1)-0=1
train/96514.jpg,0+(6-6)=0
train/96515.jpg,4-7*1=-3
train/96516.jpg,(6*7)-3=39
train/96517.jpg,6+(7*1)=13
train/96518.jpg,0-2*9=-18
train/96519.jpg,2+(1-1)=2
train/96520.jpg,1+(0-1)=0
train/96521.jpg,5*(4+7)=55
train/96522.jpg,2+0*3=2
train/96523.jpg,4*(7*0)=0
train/96524.jpg,(0-7)-6=-13
train/96525.jpg,1-2*6=-11
train/96526.jpg,2*(6*9)=108
train/96527.jpg,(5*5)+9=34
train/96528.jpg,8+(4*0)=8
train/96529.jpg,6*(0+5)=30
train/96530.jpg,(9+9)+5=23
train/96531.jpg,1-0*0=1
train/96532.jpg,(0*9)-1=-1
train/96533.jpg,7-(9+0)=-2
train/96534.jpg,1-(0*8)=1
train/96535.jpg,(1-3)+3=1
train/96536.jpg,(6-7)-5=-6
train/96537.jpg,3-(4-4)=3
train/96538.jpg,(8+3)-2=9
train/96539.jpg,6*(5+8)=78
train/96540.jpg,(3*6)+9=27
train/96541.jpg,(3-8)*1=-5
train/96542.jpg,(2-1)+8=9
train/96543.jpg,(8-7)-8=-7
train/96544.jpg,0*0*1=0
train/96545.jpg,1*2+9=11
train/96546.jpg,(7-3)-0=4
train/96547.jpg,(7+7)*1=14
train/96548.jpg,0-(5*7)=-35
train/96549.jpg,7+2*1=9
train/96550.jpg,9-(0*0)=9
train/96551.jpg,1-(5*6)=-29
train/96552.jpg,2-(6+3)=-7
train/96553.jpg,(5*2)-8=2
train/96554.jpg,(2+5)+6=13
train/96555.jpg,2+0-2=0
train/96556.jpg,(7+1)*3=24
train/96557.jpg,9*4*7=252
train/96558.jpg,2-6+8=4
train/96559.jpg,5-0+7=12
train/96560.jpg,4-(2*8)=-12
train/96561.jpg,4-5+4=3
train/96562.jpg,(9*9)*7=567
train/96563.jpg,(5+3)+3=11
train/96564.jpg,(7+9)-7=9
train/96565.jpg,3+7-3=7
train/96566.jpg,5-4+5=6
train/96567.jpg,0*(3-7)=0
train/96568.jpg,1+8-1=8
train/96569.jpg,6+1-5=2
train/96570.jpg,9+5+1=15
train/96571.jpg,4*8+6=38
train/96572.jpg,6-9+5=2
train/96573.jpg,(1-9)*2=-16
train/96574.jpg,1*(9-5)=4
train/96575.jpg,0*(2-6)=0
train/96576.jpg,4-9-4=-9
train/96577.jpg,4+(2*5)=14
train/96578.jpg,(6+4)+9=19
train/96579.jpg,6+6-9=3
train/96580.jpg,(1+0)+2=3
train/96581.jpg,3*(0+2)=6
train/96582.jpg,(1*0)+9=9
train/96583.jpg,3+(5-1)=7
train/96584.jpg,1-(5+3)=-7
train/96585.jpg,9-(3*1)=6
train/96586.jpg,1-(2-0)=-1
train/96587.jpg,2*2*7=28
train/96588.jpg,9-(5+1)=3
train/96589.jpg,(7+7)-7=7
train/96590.jpg,1*7-7=0
train/96591.jpg,(9*8)*9=648
train/96592.jpg,7*(3+3)=42
train/96593.jpg,(5-5)+1=1
train/96594.jpg,(8+6)-4=10
train/96595.jpg,(8-3)*6=30
train/96596.jpg,8-(0*0)=8
train/96597.jpg,0+9-0=9
train/96598.jpg,(8*0)+0=0
train/96599.jpg,1+0+1=2
train/96600.jpg,5+1-4=2
train/96601.jpg,3-(0*5)=3
train/96602.jpg,5*(9-1)=40
train/96603.jpg,0-(5*9)=-45
train/96604.jpg,1-(2*7)=-13
train/96605.jpg,(4*9)-3=33
train/96606.jpg,(2-5)*8=-24
train/96607.jpg,2-(5*0)=2
train/96608.jpg,7-(5+7)=-5
train/96609.jpg,2+(0+5)=7
train/96610.jpg,8+(1*6)=14
train/96611.jpg,7+4-4=7
train/96612.jpg,3+(9*0)=3
train/96613.jpg,5-4+9=10
train/96614.jpg,(9*3)*4=108
train/96615.jpg,(4+6)*1=10
train/96616.jpg,1*7-1=6
train/96617.jpg,8-1*7=1
train/96618.jpg,7+(4+3)=14
train/96619.jpg,9+(2*8)=25
train/96620.jpg,0*7-6=-6
train/96621.jpg,(3*1)*8=24
train/96622.jpg,0+5*8=40
train/96623.jpg,7*9-8=55
train/96624.jpg,9-7-7=-5
train/96625.jpg,0+2-2=0
train/96626.jpg,(1+2)+8=11
train/96627.jpg,1-7-9=-15
train/96628.jpg,8+(9*2)=26
train/96629.jpg,(5*8)*0=0
train/96630.jpg,6*(4-9)=-30
train/96631.jpg,2*(6-8)=-4
train/96632.jpg,1+(5*6)=31
train/96633.jpg,(9*6)*4=216
train/96634.jpg,2+9+0=11
train/96635.jpg,1*1-8=-7
train/96636.jpg,(4*4)*2=32
train/96637.jpg,1*3-3=0
train/96638.jpg,7-3-8=-4
train/96639.jpg,5-5+0=0
train/96640.jpg,3*3*0=0
train/96641.jpg,2-7*6=-40
train/96642.jpg,4*0+8=8
train/96643.jpg,9*(6+4)=90
train/96644.jpg,9+(0-7)=2
train/96645.jpg,3*(5-1)=12
train/96646.jpg,8+0*1=8
train/96647.jpg,5*(2-5)=-15
train/96648.jpg,0+3*1=3
train/96649.jpg,9*2-3=15
train/96650.jpg,(6*5)-2=28
train/96651.jpg,(9+7)*3=48
train/96652.jpg,5-7-1=-3
train/96653.jpg,3-1+8=10
train/96654.jpg,3-2+9=10
train/96655.jpg,1-4*8=-31
train/96656.jpg,0*(0+1)=0
train/96657.jpg,8*6+5=53
train/96658.jpg,6-5*8=-34
train/96659.jpg,2*(9+8)=34
train/96660.jpg,3+0+1=4
train/96661.jpg,5*(9+7)=80
train/96662.jpg,(3-2)+1=2
train/96663.jpg,(7-4)+8=11
train/96664.jpg,0+4-1=3
train/96665.jpg,4*(5*5)=100
train/96666.jpg,1-(7-9)=3
train/96667.jpg,(0-7)*6=-42
train/96668.jpg,(2*6)+2=14
train/96669.jpg,3*7-9=12
train/96670.jpg,4-(4+5)=-5
train/96671.jpg,8*7-5=51
train/96672.jpg,0+2-5=-3
train/96673.jpg,9-9-6=-6
train/96674.jpg,(7*5)-1=34
train/96675.jpg,3+(6*7)=45
train/96676.jpg,(4*6)*6=144
train/96677.jpg,0+3+0=3
train/96678.jpg,1-(8-0)=-7
train/96679.jpg,4*(5-4)=4
train/96680.jpg,(6*9)*1=54
train/96681.jpg,9+(3*3)=18
train/96682.jpg,4-7-3=-6
train/96683.jpg,2*(1*5)=10
train/96684.jpg,8*4*2=64
train/96685.jpg,(7*6)+1=43
train/96686.jpg,6*4+9=33
train/96687.jpg,8+1*0=8
train/96688.jpg,5-1+9=13
train/96689.jpg,2+1*5=7
train/96690.jpg,6-4-9=-7
train/96691.jpg,8-(9+2)=-3
train/96692.jpg,3+4+2=9
train/96693.jpg,(9+3)+1=13
train/96694.jpg,6+8+6=20
train/96695.jpg,(2*1)*6=12
train/96696.jpg,8*(5-1)=32
train/96697.jpg,(5-1)-9=-5
train/96698.jpg,5+(9+8)=22
train/96699.jpg,(7*0)*1=0
train/96700.jpg,6*(7*8)=336
train/96701.jpg,(6+6)+2=14
train/96702.jpg,6*8+6=54
train/96703.jpg,7-3-1=3
train/96704.jpg,7+(4*4)=23
train/96705.jpg,1+(5*7)=36
train/96706.jpg,(1-5)+1=-3
train/96707.jpg,(9+0)+0=9
train/96708.jpg,(5+3)*7=56
train/96709.jpg,7*0*1=0
train/96710.jpg,1+(2-1)=2
train/96711.jpg,(4-9)-4=-9
train/96712.jpg,6-(7-2)=1
train/96713.jpg,(9+0)-5=4
train/96714.jpg,(3*6)+3=21
train/96715.jpg,(6-3)+8=11
train/96716.jpg,7+(7*1)=14
train/96717.jpg,3-(6-7)=4
train/96718.jpg,1+(5*3)=16
train/96719.jpg,2*9+5=23
train/96720.jpg,6*(9*7)=378
train/96721.jpg,8+8+9=25
train/96722.jpg,(6+2)-5=3
train/96723.jpg,1+7-9=-1
train/96724.jpg,9-(3*5)=-6
train/96725.jpg,2+7-1=8
train/96726.jpg,3-(5-1)=-1
train/96727.jpg,5*(5-3)=10
train/96728.jpg,6+(3*2)=12
train/96729.jpg,(3*2)+5=11
train/96730.jpg,6*(1+7)=48
train/96731.jpg,3*1-8=-5
train/96732.jpg,5*(5+8)=65
train/96733.jpg,(7*4)-5=23
train/96734.jpg,2*2-5=-1
train/96735.jpg,5*(5-3)=10
train/96736.jpg,5-2-6=-3
train/96737.jpg,3-1-0=2
train/96738.jpg,8*(1+0)=8
train/96739.jpg,5+4-7=2
train/96740.jpg,4*(6-7)=-4
train/96741.jpg,0+0+9=9
train/96742.jpg,(6*6)-1=35
train/96743.jpg,6*1*1=6
train/96744.jpg,(6*3)*5=90
train/96745.jpg,9*(5+3)=72
train/96746.jpg,2-(9-6)=-1
train/96747.jpg,(7+3)-1=9
train/96748.jpg,(5*6)-8=22
train/96749.jpg,4+5*4=24
train/96750.jpg,5*3+8=23
train/96751.jpg,0+9-8=1
train/96752.jpg,5+2-5=2
train/96753.jpg,9*2*6=108
train/96754.jpg,5-(7*7)=-44
train/96755.jpg,(1-3)-7=-9
train/96756.jpg,(9+8)-8=9
train/96757.jpg,9-2-1=6
train/96758.jpg,2-(7*6)=-40
train/96759.jpg,(9+9)-8=10
train/96760.jpg,4+(7+5)=16
train/96761.jpg,7-(5+4)=-2
train/96762.jpg,9*(3-1)=18
train/96763.jpg,(4-5)-9=-10
train/96764.jpg,5-7+0=-2
train/96765.jpg,6+3+7=16
train/96766.jpg,7*(3-7)=-28
train/96767.jpg,9-3-5=1
train/96768.jpg,8*1*5=40
train/96769.jpg,5-8*7=-51
train/96770.jpg,4+(3*6)=22
train/96771.jpg,(2+5)+4=11
train/96772.jpg,1-1-4=-4
train/96773.jpg,4+2+9=15
train/96774.jpg,(8*1)*8=64
train/96775.jpg,(1*8)+8=16
train/96776.jpg,7+5*8=47
train/96777.jpg,4+2+7=13
train/96778.jpg,(9-5)*8=32
train/96779.jpg,8-8*1=0
train/96780.jpg,1+(0*8)=1
train/96781.jpg,5+0*7=5
train/96782.jpg,(4*0)-5=-5
train/96783.jpg,1+(7*8)=57
train/96784.jpg,(4-9)-3=-8
train/96785.jpg,7*1-5=2
train/96786.jpg,5-(3*6)=-13
train/96787.jpg,0+(2*8)=16
train/96788.jpg,1+6+9=16
train/96789.jpg,5*3-9=6
train/96790.jpg,1*4*1=4
train/96791.jpg,8*(4+1)=40
train/96792.jpg,0+6+1=7
train/96793.jpg,(4*0)*0=0
train/96794.jpg,0+(8*9)=72
train/96795.jpg,9+(7+5)=21
train/96796.jpg,(7-8)-7=-8
train/96797.jpg,(2*0)*2=0
train/96798.jpg,(7+2)*2=18
train/96799.jpg,3*(4-6)=-6
train/96800.jpg,8+(2-7)=3
train/96801.jpg,6*(6-1)=30
train/96802.jpg,(9+9)*3=54
train/96803.jpg,0*(9+7)=0
train/96804.jpg,(6+4)*3=30
train/96805.jpg,(1*9)+3=12
train/96806.jpg,7-1-7=-1
train/96807.jpg,4-4*5=-16
train/96808.jpg,(4*2)-9=-1
train/96809.jpg,(4+0)*0=0
train/96810.jpg,(2*8)+0=16
train/96811.jpg,2+(0-2)=0
train/96812.jpg,2-(5+4)=-7
train/96813.jpg,7*3-0=21
train/96814.jpg,7+1*1=8
train/96815.jpg,6*5*8=240
train/96816.jpg,(5*8)*1=40
train/96817.jpg,2+0-7=-5
train/96818.jpg,(5+9)-4=10
train/96819.jpg,4*7+3=31
train/96820.jpg,2+7*0=2
train/96821.jpg,(2+9)+1=12
train/96822.jpg,(8*2)-1=15
train/96823.jpg,1*(2-7)=-5
train/96824.jpg,(3+5)*9=72
train/96825.jpg,7*(9-2)=49
train/96826.jpg,8-(0*9)=8
train/96827.jpg,1-9*6=-53
train/96828.jpg,(1*2)+9=11
train/96829.jpg,1+5+6=12
train/96830.jpg,(9+6)-9=6
train/96831.jpg,7-9*3=-20
train/96832.jpg,6*7*2=84
train/96833.jpg,1-9+5=-3
train/96834.jpg,(2-1)+3=4
train/96835.jpg,(6+9)*6=90
train/96836.jpg,2+(7*7)=51
train/96837.jpg,0*(7-9)=0
train/96838.jpg,2-(9-3)=-4
train/96839.jpg,5*(2-1)=5
train/96840.jpg,5+(6-3)=8
train/96841.jpg,2+(9-5)=6
train/96842.jpg,4-(7-8)=5
train/96843.jpg,0-(2-4)=2
train/96844.jpg,1-6-8=-13
train/96845.jpg,(2*5)*2=20
train/96846.jpg,8-4-8=-4
train/96847.jpg,2-1-6=-5
train/96848.jpg,2-(6-1)=-3
train/96849.jpg,(8*7)*3=168
train/96850.jpg,6+6*6=42
train/96851.jpg,(2-4)*6=-12
train/96852.jpg,0-3-5=-8
train/96853.jpg,5+1+7=13
train/96854.jpg,8*(7-6)=8
train/96855.jpg,5+4-5=4
train/96856.jpg,7+(1-5)=3
train/96857.jpg,(9*3)*1=27
train/96858.jpg,(6+9)*7=105
train/96859.jpg,(4+3)-9=-2
train/96860.jpg,8+3-2=9
train/96861.jpg,0*7+5=5
train/96862.jpg,2+(9-8)=3
train/96863.jpg,3+8-8=3
train/96864.jpg,(8-7)+7=8
train/96865.jpg,4+(9*8)=76
train/96866.jpg,(5-8)+4=1
train/96867.jpg,4+(0*0)=4
train/96868.jpg,3*(3*1)=9
train/96869.jpg,(7-3)*7=28
train/96870.jpg,9-(2+6)=1
train/96871.jpg,(1*9)-9=0
train/96872.jpg,3-8*5=-37
train/96873.jpg,(6-8)-5=-7
train/96874.jpg,1+1+6=8
train/96875.jpg,3+(1-1)=3
train/96876.jpg,(2+4)*5=30
train/96877.jpg,9*(8*6)=432
train/96878.jpg,4-5+9=8
train/96879.jpg,(8*2)+7=23
train/96880.jpg,7-0*9=7
train/96881.jpg,6+5-6=5
train/96882.jpg,9-8*6=-39
train/96883.jpg,4-(9+5)=-10
train/96884.jpg,2+0*5=2
train/96885.jpg,8*(4-1)=24
train/96886.jpg,(9*4)+3=39
train/96887.jpg,(4*6)*0=0
train/96888.jpg,0+(2*3)=6
train/96889.jpg,(7*5)*4=140
train/96890.jpg,1-(6+2)=-7
train/96891.jpg,7-(1+0)=6
train/96892.jpg,(7+0)*6=42
train/96893.jpg,8+2+6=16
train/96894.jpg,5-(7+9)=-11
train/96895.jpg,3*2*7=42
train/96896.jpg,3*9-5=22
train/96897.jpg,(0+8)*9=72
train/96898.jpg,4-(3+8)=-7
train/96899.jpg,5+0*2=5
train/96900.jpg,1*3*5=15
train/96901.jpg,1-8+7=0
train/96902.jpg,0*(7-5)=0
train/96903.jpg,0-7+0=-7
train/96904.jpg,2*(7+5)=24
train/96905.jpg,8*(6+9)=120
train/96906.jpg,9+(9-0)=18
train/96907.jpg,4-8+8=4
train/96908.jpg,3*2*4=24
train/96909.jpg,9*2*4=72
train/96910.jpg,(6+8)+0=14
train/96911.jpg,8+(7-1)=14
train/96912.jpg,(0*1)*5=0
train/96913.jpg,5-(5*6)=-25
train/96914.jpg,(5+8)*5=65
train/96915.jpg,(2+3)*6=30
train/96916.jpg,6-1+6=11
train/96917.jpg,0*(6+6)=0
train/96918.jpg,3-0+5=8
train/96919.jpg,(5+6)*1=11
train/96920.jpg,(6*6)+0=36
train/96921.jpg,(0+5)+9=14
train/96922.jpg,2+5+0=7
train/96923.jpg,2*(1*8)=16
train/96924.jpg,7+7+6=20
train/96925.jpg,8+1-8=1
train/96926.jpg,(0+0)+3=3
train/96927.jpg,6-(7*7)=-43
train/96928.jpg,6-0+1=7
train/96929.jpg,9-(8*5)=-31
train/96930.jpg,(7+4)+7=18
train/96931.jpg,(2+6)-9=-1
train/96932.jpg,3*(8*5)=120
train/96933.jpg,2+5-4=3
train/96934.jpg,7+9*1=16
train/96935.jpg,5-(3+3)=-1
train/96936.jpg,(0*6)+1=1
train/96937.jpg,5*4-6=14
train/96938.jpg,3*3*0=0
train/96939.jpg,6*(7+4)=66
train/96940.jpg,9*1+7=16
train/96941.jpg,(9+3)+4=16
train/96942.jpg,(1-7)-4=-10
train/96943.jpg,(7*7)+3=52
train/96944.jpg,(2+6)*5=40
train/96945.jpg,6*0+2=2
train/96946.jpg,7*(7*9)=441
train/96947.jpg,(2-2)-1=-1
train/96948.jpg,6*(8*6)=288
train/96949.jpg,2*(5+2)=14
train/96950.jpg,7-(2*8)=-9
train/96951.jpg,(9+5)+9=23
train/96952.jpg,5+0-7=-2
train/96953.jpg,0-(1*3)=-3
train/96954.jpg,(3*2)-7=-1
train/96955.jpg,7-(2*6)=-5
train/96956.jpg,(0+3)+6=9
train/96957.jpg,8+1*7=15
train/96958.jpg,0-7*0=0
train/96959.jpg,4+5*8=44
train/96960.jpg,(5-3)+2=4
train/96961.jpg,(2*8)*1=16
train/96962.jpg,5+1*0=5
train/96963.jpg,0-7-8=-15
train/96964.jpg,8-(6+2)=0
train/96965.jpg,(4*8)-0=32
train/96966.jpg,8*(2-1)=8
train/96967.jpg,(7*3)+4=25
train/96968.jpg,5*4*8=160
train/96969.jpg,7*4-9=19
train/96970.jpg,5*4-6=14
train/96971.jpg,0-7+3=-4
train/96972.jpg,(0-8)+6=-2
train/96973.jpg,1+(9-5)=5
train/96974.jpg,(5+7)-5=7
train/96975.jpg,(9-7)-0=2
train/96976.jpg,6*(8+2)=60
train/96977.jpg,5-(4-4)=5
train/96978.jpg,(9-7)*6=12
train/96979.jpg,5+(5*0)=5
train/96980.jpg,5*(1*1)=5
train/96981.jpg,(1*0)*6=0
train/96982.jpg,7*(5+2)=49
train/96983.jpg,9*(0-1)=-9
train/96984.jpg,8-2+0=6
train/96985.jpg,8*2-6=10
train/96986.jpg,0*4-7=-7
train/96987.jpg,0-0+3=3
train/96988.jpg,9+0-0=9
train/96989.jpg,1-(3*7)=-20
train/96990.jpg,3*(7-0)=21
train/96991.jpg,7-4-2=1
train/96992.jpg,(3-0)-0=3
train/96993.jpg,8*1-1=7
train/96994.jpg,3-3-5=-5
train/96995.jpg,7*(5-5)=0
train/96996.jpg,(6-3)*9=27
train/96997.jpg,8+2-2=8
train/96998.jpg,(6*6)-7=29
train/96999.jpg,0+(2-0)=2
train/97000.jpg,(5+8)*4=52
train/97001.jpg,(2+0)-1=1
train/97002.jpg,8*0+5=5
train/97003.jpg,3-(3-4)=4
train/97004.jpg,1-(8-5)=-2
train/97005.jpg,(8+5)*6=78
train/97006.jpg,(8*2)+8=24
train/97007.jpg,(5+1)-9=-3
train/97008.jpg,7-9+3=1
train/97009.jpg,3+(2+5)=10
train/97010.jpg,3+1*7=10
train/97011.jpg,(6+4)*7=70
train/97012.jpg,1+(3-7)=-3
train/97013.jpg,1*(4+5)=9
train/97014.jpg,(2+3)*9=45
train/97015.jpg,(8*6)+0=48
train/97016.jpg,5+(6+9)=20
train/97017.jpg,5+(5*1)=10
train/97018.jpg,(9*8)-9=63
train/97019.jpg,1*2-0=2
train/97020.jpg,1*(0*7)=0
train/97021.jpg,(3+5)+4=12
train/97022.jpg,(1*4)*4=16
train/97023.jpg,2*4-2=6
train/97024.jpg,(5+7)*5=60
train/97025.jpg,2+(4*2)=10
train/97026.jpg,1-(7*6)=-41
train/97027.jpg,3+8-8=3
train/97028.jpg,3+(1-9)=-5
train/97029.jpg,(4+9)-7=6
train/97030.jpg,6*(1+5)=36
train/97031.jpg,5+(2-6)=1
train/97032.jpg,9*1-4=5
train/97033.jpg,0+0*7=0
train/97034.jpg,7*9-0=63
train/97035.jpg,9-(3-6)=12
train/97036.jpg,4*0+0=0
train/97037.jpg,6+(3+1)=10
train/97038.jpg,7+(5*7)=42
train/97039.jpg,9+1+4=14
train/97040.jpg,9+(5-6)=8
train/97041.jpg,(1+2)+1=4
train/97042.jpg,8+(5+5)=18
train/97043.jpg,7+(4*5)=27
train/97044.jpg,(8-6)+6=8
train/97045.jpg,8+5-2=11
train/97046.jpg,2*(5-5)=0
train/97047.jpg,(9+1)-4=6
train/97048.jpg,(8-5)*9=27
train/97049.jpg,(7*6)*0=0
train/97050.jpg,8-(5*0)=8
train/97051.jpg,(3-9)+8=2
train/97052.jpg,(0-3)+6=3
train/97053.jpg,9-1*1=8
train/97054.jpg,4-(5*9)=-41
train/97055.jpg,0-4*1=-4
train/97056.jpg,(8+7)*7=105
train/97057.jpg,4-(0*4)=4
train/97058.jpg,2*(2*9)=36
train/97059.jpg,2+(7+2)=11
train/97060.jpg,7*(5*4)=140
train/97061.jpg,6*0-9=-9
train/97062.jpg,(8+9)*0=0
train/97063.jpg,6+(5-5)=6
train/97064.jpg,2*4*2=16
train/97065.jpg,7+(0-2)=5
train/97066.jpg,0-(8-7)=-1
train/97067.jpg,0+4-3=1
train/97068.jpg,(5-6)-1=-2
train/97069.jpg,2*9+8=26
train/97070.jpg,(8*6)-3=45
train/97071.jpg,(0-5)+3=-2
train/97072.jpg,(4+6)-0=10
train/97073.jpg,(7+0)-2=5
train/97074.jpg,8-(3-3)=8
train/97075.jpg,(9*9)*9=729
train/97076.jpg,(5+5)-9=1
train/97077.jpg,5*(9+4)=65
train/97078.jpg,8+(1-4)=5
train/97079.jpg,5*(9+3)=60
train/97080.jpg,(4-6)*0=0
train/97081.jpg,(7*4)-2=26
train/97082.jpg,(1+7)*6=48
train/97083.jpg,(9-9)+8=8
train/97084.jpg,(0-4)-9=-13
train/97085.jpg,(9+8)*5=85
train/97086.jpg,(4*2)-7=1
train/97087.jpg,(2+0)-1=1
train/97088.jpg,(6+7)+8=21
train/97089.jpg,8*(7-3)=32
train/97090.jpg,6*(0*3)=0
train/97091.jpg,2-(3+8)=-9
train/97092.jpg,(1+2)-0=3
train/97093.jpg,2-(6+2)=-6
train/97094.jpg,5*(1+8)=45
train/97095.jpg,7+6*9=61
train/97096.jpg,2*(6*4)=48
train/97097.jpg,(1+8)*1=9
train/97098.jpg,(8+5)+9=22
train/97099.jpg,1-2-6=-7
train/97100.jpg,(1+5)-3=3
train/97101.jpg,8*9+9=81
train/97102.jpg,4*6+7=31
train/97103.jpg,0-1-4=-5
train/97104.jpg,(5*4)+7=27
train/97105.jpg,5-5+5=5
train/97106.jpg,4-(4*1)=0
train/97107.jpg,4*9*0=0
train/97108.jpg,3*9-7=20
train/97109.jpg,4*(9+6)=60
train/97110.jpg,(0-0)+5=5
train/97111.jpg,6*(8*9)=432
train/97112.jpg,7-(0-5)=12
train/97113.jpg,0+4+5=9
train/97114.jpg,1*(7*6)=42
train/97115.jpg,5*(9*8)=360
train/97116.jpg,6-(8+1)=-3
train/97117.jpg,(8-8)+6=6
train/97118.jpg,(1+5)*1=6
train/97119.jpg,(6*1)*4=24
train/97120.jpg,0*1+2=2
train/97121.jpg,0*(0*5)=0
train/97122.jpg,(3+6)+4=13
train/97123.jpg,(0-8)-7=-15
train/97124.jpg,7*6-8=34
train/97125.jpg,5-0-2=3
train/97126.jpg,7-(5*5)=-18
train/97127.jpg,(7*8)-0=56
train/97128.jpg,1*(7-9)=-2
train/97129.jpg,(3-2)+1=2
train/97130.jpg,(2*3)+4=10
train/97131.jpg,(4+4)-4=4
train/97132.jpg,(3-1)-4=-2
train/97133.jpg,(6-0)*7=42
train/97134.jpg,8+(8-0)=16
train/97135.jpg,(8*2)*0=0
train/97136.jpg,(7*7)+0=49
train/97137.jpg,(3-0)+4=7
train/97138.jpg,6-(1*1)=5
train/97139.jpg,7+3*2=13
train/97140.jpg,(7+3)-5=5
train/97141.jpg,0*3+6=6
train/97142.jpg,(2-1)-3=-2
train/97143.jpg,(2+7)-9=0
train/97144.jpg,5-(5-5)=5
train/97145.jpg,(2+0)*2=4
train/97146.jpg,6+(4+1)=11
train/97147.jpg,(3-9)-6=-12
train/97148.jpg,(4+5)-5=4
train/97149.jpg,6*0*7=0
train/97150.jpg,9-9+8=8
train/97151.jpg,(6-4)*4=8
train/97152.jpg,(2+5)-9=-2
train/97153.jpg,0-(0*7)=0
train/97154.jpg,(9+3)+3=15
train/97155.jpg,(1*4)-3=1
train/97156.jpg,(3*3)-8=1
train/97157.jpg,8*1-7=1
train/97158.jpg,1*9*3=27
train/97159.jpg,8+(8*9)=80
train/97160.jpg,2-(5-1)=-2
train/97161.jpg,4+4+6=14
train/97162.jpg,(9*2)-2=16
train/97163.jpg,8*(3-2)=8
train/97164.jpg,5*6*1=30
train/97165.jpg,5+(0*6)=5
train/97166.jpg,5+(7+5)=17
train/97167.jpg,5*(5+7)=60
train/97168.jpg,7-8*9=-65
train/97169.jpg,(8+8)+8=24
train/97170.jpg,4+0-2=2
train/97171.jpg,1-5-9=-13
train/97172.jpg,(3+9)*3=36
train/97173.jpg,(3-1)-1=1
train/97174.jpg,3+(4*6)=27
train/97175.jpg,2*(5*8)=80
train/97176.jpg,(0-3)-4=-7
train/97177.jpg,(2*0)-0=0
train/97178.jpg,4-(3*5)=-11
train/97179.jpg,4-9*4=-32
train/97180.jpg,1*7-8=-1
train/97181.jpg,(4*6)*2=48
train/97182.jpg,3*4-4=8
train/97183.jpg,6+1+2=9
train/97184.jpg,8*(4+0)=32
train/97185.jpg,(9-5)-2=2
train/97186.jpg,5-3-1=1
train/97187.jpg,5+(1-3)=3
train/97188.jpg,(2*9)*2=36
train/97189.jpg,9-4+9=14
train/97190.jpg,(0-6)*6=-36
train/97191.jpg,2-4+1=-1
train/97192.jpg,7+1+7=15
train/97193.jpg,7*4-3=25
train/97194.jpg,(6-3)+8=11
train/97195.jpg,(6+3)-7=2
train/97196.jpg,4-(2*8)=-12
train/97197.jpg,9-(2-8)=15
train/97198.jpg,7*8*1=56
train/97199.jpg,4*1*4=16
train/97200.jpg,9-(6*9)=-45
train/97201.jpg,(4+4)+9=17
train/97202.jpg,0*(0*6)=0
train/97203.jpg,2-(1-5)=6
train/97204.jpg,5*(3-1)=10
train/97205.jpg,(7*9)+4=67
train/97206.jpg,3*5-3=12
train/97207.jpg,3-(2*8)=-13
train/97208.jpg,(4*2)+8=16
train/97209.jpg,5+(0*5)=5
train/97210.jpg,6+1+2=9
train/97211.jpg,1*0-2=-2
train/97212.jpg,8*5-1=39
train/97213.jpg,1+8-4=5
train/97214.jpg,4-1-0=3
train/97215.jpg,1*(6*3)=18
train/97216.jpg,(0-5)-2=-7
train/97217.jpg,2+(7-7)=2
train/97218.jpg,4-0+9=13
train/97219.jpg,2*9*8=144
train/97220.jpg,8+(4+1)=13
train/97221.jpg,1+(1*6)=7
train/97222.jpg,(5-4)-8=-7
train/97223.jpg,1-4+5=2
train/97224.jpg,0+(3-8)=-5
train/97225.jpg,(1*6)+3=9
train/97226.jpg,4-(7-4)=1
train/97227.jpg,3-(2*8)=-13
train/97228.jpg,8*(3-0)=24
train/97229.jpg,(8+9)-1=16
train/97230.jpg,4*(5*1)=20
train/97231.jpg,(0-0)+1=1
train/97232.jpg,(7-0)+0=7
train/97233.jpg,(2*2)*0=0
train/97234.jpg,(8-1)+7=14
train/97235.jpg,(4+1)-4=1
train/97236.jpg,(4*5)*7=140
train/97237.jpg,(2-7)+8=3
train/97238.jpg,(4+9)-5=8
train/97239.jpg,0-(5+2)=-7
train/97240.jpg,(1-2)+5=4
train/97241.jpg,(2-8)+5=-1
train/97242.jpg,4-3+5=6
train/97243.jpg,1-(5*2)=-9
train/97244.jpg,3+(5-0)=8
train/97245.jpg,(6*2)*9=108
train/97246.jpg,9-(1-6)=14
train/97247.jpg,2+(3-1)=4
train/97248.jpg,(1*1)-6=-5
train/97249.jpg,5-5+3=3
train/97250.jpg,(8-0)-5=3
train/97251.jpg,6+5-4=7
train/97252.jpg,7*(1*1)=7
train/97253.jpg,7*9+0=63
train/97254.jpg,5*(0*4)=0
train/97255.jpg,6-4*4=-10
train/97256.jpg,9+4-5=8
train/97257.jpg,9*(1-9)=-72
train/97258.jpg,8-(0-1)=9
train/97259.jpg,4-4+2=2
train/97260.jpg,8+5-3=10
train/97261.jpg,(2+1)-5=-2
train/97262.jpg,2*3*9=54
train/97263.jpg,2*(7-7)=0
train/97264.jpg,9+7+0=16
train/97265.jpg,6*0-3=-3
train/97266.jpg,9+(4-1)=12
train/97267.jpg,4*(6*0)=0
train/97268.jpg,1-(1*2)=-1
train/97269.jpg,8*(1+1)=16
train/97270.jpg,2+(8*3)=26
train/97271.jpg,(3+9)-6=6
train/97272.jpg,6+5+2=13
train/97273.jpg,3+(1-4)=0
train/97274.jpg,3*(8+9)=51
train/97275.jpg,3+(8+0)=11
train/97276.jpg,(2*8)*4=64
train/97277.jpg,5+(3+8)=16
train/97278.jpg,7*(4+4)=56
train/97279.jpg,7+2+3=12
train/97280.jpg,2+(2+3)=7
train/97281.jpg,(9*7)+1=64
train/97282.jpg,(3-6)*8=-24
train/97283.jpg,8*1*7=56
train/97284.jpg,4+4-3=5
train/97285.jpg,(7*5)-4=31
train/97286.jpg,2*(4*0)=0
train/97287.jpg,9-(2*7)=-5
train/97288.jpg,3+(6-4)=5
train/97289.jpg,(3-8)-9=-14
train/97290.jpg,9-7+2=4
train/97291.jpg,5*7*2=70
train/97292.jpg,(3*8)+1=25
train/97293.jpg,0-3-6=-9
train/97294.jpg,2*5-4=6
train/97295.jpg,1*(2+2)=4
train/97296.jpg,(7+5)*8=96
train/97297.jpg,6-(2-5)=9
train/97298.jpg,(9+0)-2=7
train/97299.jpg,0+(1+5)=6
train/97300.jpg,3-(8+8)=-13
train/97301.jpg,1-(5-2)=-2
train/97302.jpg,2*(1+0)=2
train/97303.jpg,(9*2)*6=108
train/97304.jpg,(7-7)+9=9
train/97305.jpg,5-(3*6)=-13
train/97306.jpg,8*7-7=49
train/97307.jpg,(4+0)*8=32
train/97308.jpg,8+(6*8)=56
train/97309.jpg,8+(1+6)=15
train/97310.jpg,(7-3)-4=0
train/97311.jpg,8*(7-2)=40
train/97312.jpg,0*2*6=0
train/97313.jpg,(8*7)*6=336
train/97314.jpg,3-(9+6)=-12
train/97315.jpg,(1*2)+8=10
train/97316.jpg,7*4*1=28
train/97317.jpg,7+(1-2)=6
train/97318.jpg,8-9+0=-1
train/97319.jpg,(3+0)+0=3
train/97320.jpg,7*(7*0)=0
train/97321.jpg,6-9+1=-2
train/97322.jpg,(5*1)-2=3
train/97323.jpg,0*(0+5)=0
train/97324.jpg,8-(9+4)=-5
train/97325.jpg,6+1*0=6
train/97326.jpg,9*4*9=324
train/97327.jpg,(9+9)-3=15
train/97328.jpg,(1-5)+4=0
train/97329.jpg,8+6+7=21
train/97330.jpg,4+(1-4)=1
train/97331.jpg,5-5+9=9
train/97332.jpg,8*(3*9)=216
train/97333.jpg,(7*0)*7=0
train/97334.jpg,(2+4)-6=0
train/97335.jpg,2*1*5=10
train/97336.jpg,5*8-7=33
train/97337.jpg,(5-7)*7=-14
train/97338.jpg,(5-4)-7=-6
train/97339.jpg,(8+9)+8=25
train/97340.jpg,(7+3)-3=7
train/97341.jpg,4*(6*9)=216
train/97342.jpg,0*9*0=0
train/97343.jpg,3*6+8=26
train/97344.jpg,0-(8*4)=-32
train/97345.jpg,5+(2+2)=9
train/97346.jpg,7*(5-5)=0
train/97347.jpg,3*(5*7)=105
train/97348.jpg,2*(8+9)=34
train/97349.jpg,1-6+6=1
train/97350.jpg,2+0-5=-3
train/97351.jpg,0*4*7=0
train/97352.jpg,(4-3)-0=1
train/97353.jpg,(1*8)-7=1
train/97354.jpg,(8+1)-8=1
train/97355.jpg,4*(5-6)=-4
train/97356.jpg,(1*6)-7=-1
train/97357.jpg,1-0*3=1
train/97358.jpg,7*9*4=252
train/97359.jpg,2*2-2=2
train/97360.jpg,(9*6)-5=49
train/97361.jpg,8-(9-5)=4
train/97362.jpg,(4*7)+5=33
train/97363.jpg,(7+6)-0=13
train/97364.jpg,(9*4)*6=216
train/97365.jpg,9+8+8=25
train/97366.jpg,(4-8)-4=-8
train/97367.jpg,4*6*4=96
train/97368.jpg,3*6+3=21
train/97369.jpg,6+(5+6)=17
train/97370.jpg,4-(5*7)=-31
train/97371.jpg,9-4-1=4
train/97372.jpg,6-9*9=-75
train/97373.jpg,(3*7)*0=0
train/97374.jpg,3-6*4=-21
train/97375.jpg,7*8*9=504
train/97376.jpg,2*(1*3)=6
train/97377.jpg,(4*7)-2=26
train/97378.jpg,(6-9)+9=6
train/97379.jpg,(5+4)-8=1
train/97380.jpg,7-5*1=2
train/97381.jpg,0-(0+5)=-5
train/97382.jpg,7+7+9=23
train/97383.jpg,3-0+5=8
train/97384.jpg,(1*8)-8=0
train/97385.jpg,5-5*7=-30
train/97386.jpg,0*4*4=0
train/97387.jpg,4*5-1=19
train/97388.jpg,(1+0)*5=5
train/97389.jpg,(3+2)+1=6
train/97390.jpg,1+3-2=2
train/97391.jpg,9-6-5=-2
train/97392.jpg,(4*8)*9=288
train/97393.jpg,9-9-8=-8
train/97394.jpg,(6*0)+0=0
train/97395.jpg,6*0-6=-6
train/97396.jpg,1*5*3=15
train/97397.jpg,(0+5)-5=0
train/97398.jpg,(2*1)+0=2
train/97399.jpg,(5+7)-9=3
train/97400.jpg,5+7-4=8
train/97401.jpg,3+0+6=9
train/97402.jpg,5-1+5=9
train/97403.jpg,3-5-9=-11
train/97404.jpg,(3*9)-0=27
train/97405.jpg,0-(3+8)=-11
train/97406.jpg,5-(6+4)=-5
train/97407.jpg,(2+5)+3=10
train/97408.jpg,2-5*9=-43
train/97409.jpg,(9*3)-2=25
train/97410.jpg,7+(7*2)=21
train/97411.jpg,(8-3)-8=-3
train/97412.jpg,(8-4)*6=24
train/97413.jpg,(1+8)-8=1
train/97414.jpg,3-(6-7)=4
train/97415.jpg,2*9+7=25
train/97416.jpg,5*9+6=51
train/97417.jpg,(2-4)-5=-7
train/97418.jpg,6-6*0=6
train/97419.jpg,7-7+0=0
train/97420.jpg,(6-6)-9=-9
train/97421.jpg,2+4-2=4
train/97422.jpg,(5+1)-3=3
train/97423.jpg,4-5-6=-7
train/97424.jpg,(2*5)+2=12
train/97425.jpg,8-8+0=0
train/97426.jpg,5-(0-6)=11
train/97427.jpg,(9+2)*9=99
train/97428.jpg,(3+5)*4=32
train/97429.jpg,4-(0*8)=4
train/97430.jpg,0-(8-4)=-4
train/97431.jpg,8-2-0=6
train/97432.jpg,3*(6*8)=144
train/97433.jpg,4*(9-0)=36
train/97434.jpg,8-6*2=-4
train/97435.jpg,6*6-9=27
train/97436.jpg,4+7-6=5
train/97437.jpg,(2-2)-4=-4
train/97438.jpg,6-5-1=0
train/97439.jpg,0-(8-6)=-2
train/97440.jpg,0+(3-9)=-6
train/97441.jpg,(3-9)*2=-12
train/97442.jpg,6+(5-8)=3
train/97443.jpg,3+7-8=2
train/97444.jpg,0*8+1=1
train/97445.jpg,9-(0-0)=9
train/97446.jpg,0-(3*5)=-15
train/97447.jpg,(2+5)-5=2
train/97448.jpg,4+(6+7)=17
train/97449.jpg,0-6-1=-7
train/97450.jpg,(5-6)-9=-10
train/97451.jpg,(0*1)+4=4
train/97452.jpg,2-1-5=-4
train/97453.jpg,2-9*2=-16
train/97454.jpg,7+0*7=7
train/97455.jpg,(7*2)+9=23
train/97456.jpg,4*4+3=19
train/97457.jpg,0+5+7=12
train/97458.jpg,8-3-4=1
train/97459.jpg,3+9-9=3
train/97460.jpg,(3-3)-3=-3
train/97461.jpg,9*(5*4)=180
train/97462.jpg,7-1-0=6
train/97463.jpg,8*8-8=56
train/97464.jpg,(5+7)-7=5
train/97465.jpg,(7+2)-0=9
train/97466.jpg,(0-0)-6=-6
train/97467.jpg,7-(3-4)=8
train/97468.jpg,(3-8)*1=-5
train/97469.jpg,0-(1+8)=-9
train/97470.jpg,2*6+7=19
train/97471.jpg,(1-7)+8=2
train/97472.jpg,(6+0)*0=0
train/97473.jpg,0+4*7=28
train/97474.jpg,1+0-1=0
train/97475.jpg,0-(8-8)=0
train/97476.jpg,5*7-5=30
train/97477.jpg,6+(3*7)=27
train/97478.jpg,3*(5*1)=15
train/97479.jpg,0+(2-5)=-3
train/97480.jpg,(7*1)-9=-2
train/97481.jpg,8+2*3=14
train/97482.jpg,(7*2)*2=28
train/97483.jpg,(6+5)*3=33
train/97484.jpg,4+9+2=15
train/97485.jpg,0*(3+9)=0
train/97486.jpg,9-(7-5)=7
train/97487.jpg,(7+2)-8=1
train/97488.jpg,5*2-0=10
train/97489.jpg,(1+1)-9=-7
train/97490.jpg,0-(5*0)=0
train/97491.jpg,(4-1)-3=0
train/97492.jpg,(4+0)-2=2
train/97493.jpg,(6-2)*6=24
train/97494.jpg,(8-8)-9=-9
train/97495.jpg,6+2*9=24
train/97496.jpg,4-6-9=-11
train/97497.jpg,5+(1*0)=5
train/97498.jpg,0*7*2=0
train/97499.jpg,(0-9)*7=-63
train/97500.jpg,7*(1*5)=35
train/97501.jpg,7+7+5=19
train/97502.jpg,5+1-4=2
train/97503.jpg,(3-3)+4=4
train/97504.jpg,(8*0)-6=-6
train/97505.jpg,2-7*9=-61
train/97506.jpg,(6+5)+9=20
train/97507.jpg,9+8+5=22
train/97508.jpg,7+4+8=19
train/97509.jpg,3+(7+2)=12
train/97510.jpg,(0+1)*7=7
train/97511.jpg,0*8*0=0
train/97512.jpg,(2-1)+0=1
train/97513.jpg,7+9*6=61
train/97514.jpg,7-5*9=-38
train/97515.jpg,(7+9)-2=14
train/97516.jpg,7*1-8=-1
train/97517.jpg,2+(4-0)=6
train/97518.jpg,6*(2+3)=30
train/97519.jpg,9+5+8=22
train/97520.jpg,9*3+7=34
train/97521.jpg,2-(8*2)=-14
train/97522.jpg,1*(9*0)=0
train/97523.jpg,7-(7-5)=5
train/97524.jpg,(0-8)-1=-9
train/97525.jpg,1-1-8=-8
train/97526.jpg,0*(9-0)=0
train/97527.jpg,(3-0)-2=1
train/97528.jpg,4-(8-2)=-2
train/97529.jpg,2-4-6=-8
train/97530.jpg,2*(9-8)=2
train/97531.jpg,5-5-3=-3
train/97532.jpg,(1*3)+4=7
train/97533.jpg,5+2*6=17
train/97534.jpg,8*8+4=68
train/97535.jpg,(7-5)+3=5
train/97536.jpg,6+3*5=21
train/97537.jpg,3*(9-1)=24
train/97538.jpg,3*(6+8)=42
train/97539.jpg,0*(5+4)=0
train/97540.jpg,(0-8)*7=-56
train/97541.jpg,6+(8*5)=46
train/97542.jpg,9*1*0=0
train/97543.jpg,(8+1)-2=7
train/97544.jpg,1+0-0=1
train/97545.jpg,7-1+8=14
train/97546.jpg,8*8+3=67
train/97547.jpg,5+6-4=7
train/97548.jpg,(3*3)-9=0
train/97549.jpg,8+(1*5)=13
train/97550.jpg,4*8*3=96
train/97551.jpg,(0-6)+2=-4
train/97552.jpg,(5-5)+8=8
train/97553.jpg,(3+3)+5=11
train/97554.jpg,(4*0)-3=-3
train/97555.jpg,5-3-7=-5
train/97556.jpg,(5+9)*9=126
train/97557.jpg,(3*4)-1=11
train/97558.jpg,5*7+5=40
train/97559.jpg,(5-8)+3=0
train/97560.jpg,0*(2*1)=0
train/97561.jpg,5*(0+5)=25
train/97562.jpg,9*(1-0)=9
train/97563.jpg,(9*8)-6=66
train/97564.jpg,8+(7*6)=50
train/97565.jpg,(3-5)+9=7
train/97566.jpg,2-(3-1)=0
train/97567.jpg,7-(3-7)=11
train/97568.jpg,(3-3)-4=-4
train/97569.jpg,1*(4*0)=0
train/97570.jpg,7+(5*0)=7
train/97571.jpg,8+(7+2)=17
train/97572.jpg,9*(8*0)=0
train/97573.jpg,1-(1*6)=-5
train/97574.jpg,(0*8)+2=2
train/97575.jpg,(7-5)-9=-7
train/97576.jpg,(6+2)-8=0
train/97577.jpg,2+4-5=1
train/97578.jpg,9-3-6=0
train/97579.jpg,3-(8+0)=-5
train/97580.jpg,2+(4-7)=-1
train/97581.jpg,(4+6)+0=10
train/97582.jpg,4*(2*3)=24
train/97583.jpg,1-0+9=10
train/97584.jpg,(6+3)*6=54
train/97585.jpg,3+0*5=3
train/97586.jpg,(6+0)+1=7
train/97587.jpg,(0+0)*7=0
train/97588.jpg,(8*1)*8=64
train/97589.jpg,(8+0)-1=7
train/97590.jpg,6-(3*0)=6
train/97591.jpg,3*5+8=23
train/97592.jpg,0-8+7=-1
train/97593.jpg,(4+6)+0=10
train/97594.jpg,1*2-5=-3
train/97595.jpg,(6-0)*5=30
train/97596.jpg,(6*0)-8=-8
train/97597.jpg,(7-3)+2=6
train/97598.jpg,(6-3)+0=3
train/97599.jpg,(4+7)*4=44
train/97600.jpg,9-2*2=5
train/97601.jpg,4+(6-4)=6
train/97602.jpg,2*3*7=42
train/97603.jpg,6+7-6=7
train/97604.jpg,5-5-2=-2
train/97605.jpg,6*5-1=29
train/97606.jpg,0-(2*0)=0
train/97607.jpg,(2+2)+7=11
train/97608.jpg,5+(4-3)=6
train/97609.jpg,5-(3-8)=10
train/97610.jpg,0+8-7=1
train/97611.jpg,3-(5+3)=-5
train/97612.jpg,9+(4-4)=9
train/97613.jpg,(0+7)+1=8
train/97614.jpg,(0-7)*3=-21
train/97615.jpg,1*6+7=13
train/97616.jpg,0-(5+0)=-5
train/97617.jpg,1-(3+6)=-8
train/97618.jpg,(8*6)*5=240
train/97619.jpg,(4-9)*2=-10
train/97620.jpg,(3*6)-7=11
train/97621.jpg,6-(7*0)=6
train/97622.jpg,0*9+1=1
train/97623.jpg,9-(8-8)=9
train/97624.jpg,7+1-0=8
train/97625.jpg,9+(0*6)=9
train/97626.jpg,7*5-1=34
train/97627.jpg,7+(3*2)=13
train/97628.jpg,(0*3)+9=9
train/97629.jpg,5+(3*6)=23
train/97630.jpg,(5+5)+9=19
train/97631.jpg,1*(2-9)=-7
train/97632.jpg,(9-4)*7=35
train/97633.jpg,6*(6*8)=288
train/97634.jpg,(7+4)-2=9
train/97635.jpg,(4-4)*3=0
train/97636.jpg,(4*6)*2=48
train/97637.jpg,1*2*7=14
train/97638.jpg,5*8-8=32
train/97639.jpg,5+8*4=37
train/97640.jpg,(2-9)-1=-8
train/97641.jpg,3-(6+2)=-5
train/97642.jpg,(1+4)*1=5
train/97643.jpg,(7*8)*9=504
train/97644.jpg,1*0*5=0
train/97645.jpg,(7-9)+2=0
train/97646.jpg,5-5-6=-6
train/97647.jpg,1*(9+9)=18
train/97648.jpg,(3-1)-4=-2
train/97649.jpg,8-8+7=7
train/97650.jpg,3*2*9=54
train/97651.jpg,6*(8-5)=18
train/97652.jpg,7-0-0=7
train/97653.jpg,(7*3)-9=12
train/97654.jpg,7+(6-5)=8
train/97655.jpg,4-(1-6)=9
train/97656.jpg,5*7+7=42
train/97657.jpg,8*9+7=79
train/97658.jpg,4+(0-7)=-3
train/97659.jpg,9+(4+3)=16
train/97660.jpg,(1+5)+6=12
train/97661.jpg,7-1+1=7
train/97662.jpg,4+(2-1)=5
train/97663.jpg,(4+4)*6=48
train/97664.jpg,(4*5)*9=180
train/97665.jpg,8-(0+7)=1
train/97666.jpg,4+(5*4)=24
train/97667.jpg,(6+8)+7=21
train/97668.jpg,0+(6+4)=10
train/97669.jpg,5+(5-8)=2
train/97670.jpg,0+9-8=1
train/97671.jpg,(1+5)*6=36
train/97672.jpg,1+(4+8)=13
train/97673.jpg,(0+7)-5=2
train/97674.jpg,(5*7)+8=43
train/97675.jpg,(0-2)*0=0
train/97676.jpg,8+7+1=16
train/97677.jpg,6-4*6=-18
train/97678.jpg,9-8*8=-55
train/97679.jpg,8*5-2=38
train/97680.jpg,2-6-7=-11
train/97681.jpg,7*(9+6)=105
train/97682.jpg,0+(8-1)=7
train/97683.jpg,8+8+6=22
train/97684.jpg,0-0*0=0
train/97685.jpg,3+(9-6)=6
train/97686.jpg,0-(6*9)=-54
train/97687.jpg,1-(1+8)=-8
train/97688.jpg,(2-6)-5=-9
train/97689.jpg,7+0-2=5
train/97690.jpg,1*1-6=-5
train/97691.jpg,4-(9-6)=1
train/97692.jpg,(4*3)-1=11
train/97693.jpg,6*0+0=0
train/97694.jpg,(4-4)+4=4
train/97695.jpg,(7*8)*3=168
train/97696.jpg,4+(1-1)=4
train/97697.jpg,3-(6-8)=5
train/97698.jpg,4+(7+6)=17
train/97699.jpg,6*(9+9)=108
train/97700.jpg,(7-2)-7=-2
train/97701.jpg,(2+3)*4=20
train/97702.jpg,6-2-2=2
train/97703.jpg,0*8-0=0
train/97704.jpg,(0-0)-5=-5
train/97705.jpg,(5*5)-1=24
train/97706.jpg,(9-1)+7=15
train/97707.jpg,(8*9)-8=64
train/97708.jpg,(3-4)-2=-3
train/97709.jpg,8-3+7=12
train/97710.jpg,1-(1-3)=3
train/97711.jpg,(6*9)-6=48
train/97712.jpg,(8+9)+1=18
train/97713.jpg,(8+4)-5=7
train/97714.jpg,0-(5+2)=-7
train/97715.jpg,3-(5-6)=4
train/97716.jpg,(5+5)+2=12
train/97717.jpg,7-(3-1)=5
train/97718.jpg,1*7-2=5
train/97719.jpg,8-(9+4)=-5
train/97720.jpg,2+(3-6)=-1
train/97721.jpg,3*8-2=22
train/97722.jpg,(0*5)-4=-4
train/97723.jpg,(7+3)*7=70
train/97724.jpg,8+(5-7)=6
train/97725.jpg,8-(3-7)=12
train/97726.jpg,2+0+0=2
train/97727.jpg,(4*1)-4=0
train/97728.jpg,2*(3*6)=36
train/97729.jpg,3+0*8=3
train/97730.jpg,(8-1)+1=8
train/97731.jpg,(9+5)+4=18
train/97732.jpg,0+(1-5)=-4
train/97733.jpg,(1+7)+4=12
train/97734.jpg,(1*4)*1=4
train/97735.jpg,0*(4-9)=0
train/97736.jpg,4-0-3=1
train/97737.jpg,7-1-4=2
train/97738.jpg,2*2-1=3
train/97739.jpg,(4-7)-1=-4
train/97740.jpg,1*(0+9)=9
train/97741.jpg,(7-5)-6=-4
train/97742.jpg,6+(9-6)=9
train/97743.jpg,(4+9)+8=21
train/97744.jpg,0-(9+9)=-18
train/97745.jpg,0+(8+4)=12
train/97746.jpg,3-6+0=-3
train/97747.jpg,2-3+8=7
train/97748.jpg,0+9+2=11
train/97749.jpg,(3-6)*5=-15
train/97750.jpg,9*1+2=11
train/97751.jpg,(6+0)-9=-3
train/97752.jpg,2*(3*0)=0
train/97753.jpg,(0-8)+9=1
train/97754.jpg,4+1*3=7
train/97755.jpg,7-(0-8)=15
train/97756.jpg,(0+6)+7=13
train/97757.jpg,(8*4)-3=29
train/97758.jpg,8+3+6=17
train/97759.jpg,0+(6-5)=1
train/97760.jpg,7-(2-4)=9
train/97761.jpg,(5+0)*3=15
train/97762.jpg,8*2+4=20
train/97763.jpg,5+8*8=69
train/97764.jpg,(3-4)-6=-7
train/97765.jpg,9-0+6=15
train/97766.jpg,7+(0-5)=2
train/97767.jpg,4*(0-5)=-20
train/97768.jpg,(7+7)+1=15
train/97769.jpg,1-4+5=2
train/97770.jpg,2*2-4=0
train/97771.jpg,8*(3-3)=0
train/97772.jpg,8-(3*5)=-7
train/97773.jpg,(4+0)-5=-1
train/97774.jpg,2-(4-5)=3
train/97775.jpg,9*7+3=66
train/97776.jpg,(3-3)+2=2
train/97777.jpg,0*(8-2)=0
train/97778.jpg,(0-6)+0=-6
train/97779.jpg,7+1+6=14
train/97780.jpg,3+(6+0)=9
train/97781.jpg,2*(0-3)=-6
train/97782.jpg,9-1*8=1
train/97783.jpg,4+(8+6)=18
train/97784.jpg,1+2*3=7
train/97785.jpg,(4+1)*6=30
train/97786.jpg,4+(1-7)=-2
train/97787.jpg,6*(6*6)=216
train/97788.jpg,1+(5+3)=9
train/97789.jpg,1+2+6=9
train/97790.jpg,5-(6-2)=1
train/97791.jpg,(3*3)*1=9
train/97792.jpg,(3*2)*6=36
train/97793.jpg,4+(1*8)=12
train/97794.jpg,(6-8)+0=-2
train/97795.jpg,8-6-0=2
train/97796.jpg,0*(4+2)=0
train/97797.jpg,7*3-8=13
train/97798.jpg,7-(1*3)=4
train/97799.jpg,(9+2)+0=11
train/97800.jpg,(5*8)+3=43
train/97801.jpg,(1+3)*2=8
train/97802.jpg,8-(9-1)=0
train/97803.jpg,2-(9+3)=-10
train/97804.jpg,8+3+2=13
train/97805.jpg,1-4*5=-19
train/97806.jpg,2+(2*3)=8
train/97807.jpg,(8+7)*2=30
train/97808.jpg,2-(4+6)=-8
train/97809.jpg,4-(0-1)=5
train/97810.jpg,6*(5+0)=30
train/97811.jpg,0*(1-2)=0
train/97812.jpg,(1+0)*4=4
train/97813.jpg,(5-9)-2=-6
train/97814.jpg,8-8+5=5
train/97815.jpg,6+5+2=13
train/97816.jpg,8+6+4=18
train/97817.jpg,7*0+5=5
train/97818.jpg,7*6-9=33
train/97819.jpg,7-4+1=4
train/97820.jpg,(3-4)+6=5
train/97821.jpg,0-2+7=5
train/97822.jpg,(4+1)-7=-2
train/97823.jpg,1+7+8=16
train/97824.jpg,0*1+4=4
train/97825.jpg,9+9*1=18
train/97826.jpg,(1+5)-4=2
train/97827.jpg,8+(8+4)=20
train/97828.jpg,3+4-4=3
train/97829.jpg,(9-7)-1=1
train/97830.jpg,4*(2-7)=-20
train/97831.jpg,(4+3)*7=49
train/97832.jpg,(6+3)+2=11
train/97833.jpg,4-(7-9)=6
train/97834.jpg,4*(2-8)=-24
train/97835.jpg,0+8-1=7
train/97836.jpg,3*9*8=216
train/97837.jpg,(2*7)-9=5
train/97838.jpg,6-7+3=2
train/97839.jpg,0*1-9=-9
train/97840.jpg,7-(8+9)=-10
train/97841.jpg,2+(5-0)=7
train/97842.jpg,6*(0+2)=12
train/97843.jpg,7*8*9=504
train/97844.jpg,(9*5)+5=50
train/97845.jpg,5*(8*5)=200
train/97846.jpg,8+(6-8)=6
train/97847.jpg,5+(8-5)=8
train/97848.jpg,(2-0)*0=0
train/97849.jpg,0-5*6=-30
train/97850.jpg,(6*1)*8=48
train/97851.jpg,3+(9+1)=13
train/97852.jpg,3*(6+5)=33
train/97853.jpg,(1+3)+0=4
train/97854.jpg,1+1+0=2
train/97855.jpg,(9*1)-8=1
train/97856.jpg,4-(0*9)=4
train/97857.jpg,(5-0)*0=0
train/97858.jpg,8-(4-3)=7
train/97859.jpg,3*(8+4)=36
train/97860.jpg,(7+8)-7=8
train/97861.jpg,4+(1-2)=3
train/97862.jpg,5*(5-8)=-15
train/97863.jpg,(6+0)-8=-2
train/97864.jpg,(0-9)-3=-12
train/97865.jpg,2+9*9=83
train/97866.jpg,(6+3)-8=1
train/97867.jpg,(3+6)-3=6
train/97868.jpg,(5*0)+6=6
train/97869.jpg,2-0+0=2
train/97870.jpg,(9-4)-3=2
train/97871.jpg,(1+8)+5=14
train/97872.jpg,2+(3-3)=2
train/97873.jpg,4*7*5=140
train/97874.jpg,(7*9)*6=378
train/97875.jpg,(1*6)*8=48
train/97876.jpg,7*(2*3)=42
train/97877.jpg,2-1*9=-7
train/97878.jpg,5*(8*6)=240
train/97879.jpg,3*6-8=10
train/97880.jpg,9*8*0=0
train/97881.jpg,5*(8-9)=-5
train/97882.jpg,9*5*7=315
train/97883.jpg,6*4*6=144
train/97884.jpg,4*(0+7)=28
train/97885.jpg,2-4-9=-11
train/97886.jpg,(5-2)+1=4
train/97887.jpg,3*(7-8)=-3
train/97888.jpg,(0*4)-1=-1
train/97889.jpg,(3-5)*7=-14
train/97890.jpg,3+(7*7)=52
train/97891.jpg,8*0+5=5
train/97892.jpg,5*(7+5)=60
train/97893.jpg,4*6+4=28
train/97894.jpg,(4-7)-5=-8
train/97895.jpg,(2*3)-7=-1
train/97896.jpg,9+0*0=9
train/97897.jpg,8-(0-7)=15
train/97898.jpg,0*7-0=0
train/97899.jpg,1-6+5=0
train/97900.jpg,4*9-6=30
train/97901.jpg,(5+8)-2=11
train/97902.jpg,0-7-5=-12
train/97903.jpg,5+8*6=53
train/97904.jpg,7+1+3=11
train/97905.jpg,9*(8-2)=54
train/97906.jpg,4-(1-7)=10
train/97907.jpg,5*1-8=-3
train/97908.jpg,(9*4)-7=29
train/97909.jpg,4+(1*6)=10
train/97910.jpg,1+(2+5)=8
train/97911.jpg,0-(1-7)=6
train/97912.jpg,3*(9*7)=189
train/97913.jpg,(0*1)*1=0
train/97914.jpg,(5-5)+8=8
train/97915.jpg,1-(3*4)=-11
train/97916.jpg,(5-5)*2=0
train/97917.jpg,6-8-4=-6
train/97918.jpg,0+2*3=6
train/97919.jpg,(3*9)-4=23
train/97920.jpg,1+(6+7)=14
train/97921.jpg,9*(7+5)=108
train/97922.jpg,0-0-4=-4
train/97923.jpg,1+8*6=49
train/97924.jpg,9*9*2=162
train/97925.jpg,9*5-2=43
train/97926.jpg,5+9*5=50
train/97927.jpg,1*(8-0)=8
train/97928.jpg,8+3-6=5
train/97929.jpg,(3*4)*7=84
train/97930.jpg,(5*3)+2=17
train/97931.jpg,4+(0-7)=-3
train/97932.jpg,(6-8)*1=-2
train/97933.jpg,5*2-5=5
train/97934.jpg,5+0+2=7
train/97935.jpg,8+1*6=14
train/97936.jpg,7+5-9=3
train/97937.jpg,4*8*8=256
train/97938.jpg,0-(8+1)=-9
train/97939.jpg,(8+0)*1=8
train/97940.jpg,4-(5-6)=5
train/97941.jpg,6+(7*3)=27
train/97942.jpg,6*9*5=270
train/97943.jpg,4-8+7=3
train/97944.jpg,1-1*6=-5
train/97945.jpg,8+(9*3)=35
train/97946.jpg,4-(4-8)=8
train/97947.jpg,0-1*7=-7
train/97948.jpg,6-5*5=-19
train/97949.jpg,4+4-2=6
train/97950.jpg,8+0-8=0
train/97951.jpg,3+(3+3)=9
train/97952.jpg,(7-5)+7=9
train/97953.jpg,1*9*5=45
train/97954.jpg,(7*2)+4=18
train/97955.jpg,8-7-4=-3
train/97956.jpg,(9*5)+8=53
train/97957.jpg,(6+9)*0=0
train/97958.jpg,2*6*5=60
train/97959.jpg,0+4+7=11
train/97960.jpg,(4*9)+1=37
train/97961.jpg,9-(6-9)=12
train/97962.jpg,(2*2)*6=24
train/97963.jpg,9-(5*9)=-36
train/97964.jpg,0-(8-9)=1
train/97965.jpg,2*(2+1)=6
train/97966.jpg,2*(3*2)=12
train/97967.jpg,8+4-0=12
train/97968.jpg,(6*3)-1=17
train/97969.jpg,7*4-9=19
train/97970.jpg,5-8-9=-12
train/97971.jpg,(0+1)-1=0
train/97972.jpg,(6-4)*7=14
train/97973.jpg,7-5+7=9
train/97974.jpg,3+6-8=1
train/97975.jpg,1-(5-6)=2
train/97976.jpg,(3+2)*9=45
train/97977.jpg,5-1-7=-3
train/97978.jpg,1+7*5=36
train/97979.jpg,(7*1)-2=5
train/97980.jpg,1+0+7=8
train/97981.jpg,8-0-8=0
train/97982.jpg,0-(0-6)=6
train/97983.jpg,5+(8-3)=10
train/97984.jpg,6+(8*0)=6
train/97985.jpg,(1*7)+6=13
train/97986.jpg,6-(1+0)=5
train/97987.jpg,7*6+8=50
train/97988.jpg,3-(5*5)=-22
train/97989.jpg,4+5+0=9
train/97990.jpg,(5-6)-9=-10
train/97991.jpg,9-(4+1)=4
train/97992.jpg,6*(4*0)=0
train/97993.jpg,2+(2*0)=2
train/97994.jpg,(1+2)+5=8
train/97995.jpg,8+1-2=7
train/97996.jpg,2+(8*5)=42
train/97997.jpg,0*3+5=5
train/97998.jpg,(1-5)+1=-3
train/97999.jpg,0*(2*4)=0
train/98000.jpg,1*(8*6)=48
train/98001.jpg,9-0+3=12
train/98002.jpg,(3+9)+8=20
train/98003.jpg,(5-2)+3=6
train/98004.jpg,7+7-5=9
train/98005.jpg,9*(4-8)=-36
train/98006.jpg,5+5-3=7
train/98007.jpg,2*1*0=0
train/98008.jpg,(9+6)*9=135
train/98009.jpg,(1+5)-4=2
train/98010.jpg,7+7*3=28
train/98011.jpg,(2+0)-7=-5
train/98012.jpg,(0*0)+8=8
train/98013.jpg,0+(0*5)=0
train/98014.jpg,2+(7-3)=6
train/98015.jpg,6*(4-0)=24
train/98016.jpg,(9+8)*3=51
train/98017.jpg,(1*6)-1=5
train/98018.jpg,8-7+2=3
train/98019.jpg,0-(5-5)=0
train/98020.jpg,5-(9-6)=2
train/98021.jpg,4*2+2=10
train/98022.jpg,3*(2*1)=6
train/98023.jpg,(8-5)+7=10
train/98024.jpg,5+(7+7)=19
train/98025.jpg,5*(8-1)=35
train/98026.jpg,6+8+9=23
train/98027.jpg,(0*1)+2=2
train/98028.jpg,8+7+5=20
train/98029.jpg,(7*1)-8=-1
train/98030.jpg,(8-7)-4=-3
train/98031.jpg,(9+8)*7=119
train/98032.jpg,(1+0)*9=9
train/98033.jpg,(9*5)-1=44
train/98034.jpg,3+(7-1)=9
train/98035.jpg,7-1+8=14
train/98036.jpg,2+8-0=10
train/98037.jpg,(6*5)*2=60
train/98038.jpg,3*(2+7)=27
train/98039.jpg,4*1*3=12
train/98040.jpg,(8+8)+7=23
train/98041.jpg,9*(6-4)=18
train/98042.jpg,6-6+4=4
train/98043.jpg,0*7*0=0
train/98044.jpg,1+9*9=82
train/98045.jpg,7*1-3=4
train/98046.jpg,3+(6+6)=15
train/98047.jpg,(9-4)*8=40
train/98048.jpg,1-4-0=-3
train/98049.jpg,(2*3)*7=42
train/98050.jpg,(8+2)*9=90
train/98051.jpg,2*(1+4)=10
train/98052.jpg,(1+4)+2=7
train/98053.jpg,(8+5)*1=13
train/98054.jpg,2*(7+5)=24
train/98055.jpg,5+4+7=16
train/98056.jpg,(9+2)+2=13
train/98057.jpg,(7*8)-0=56
train/98058.jpg,9+2+6=17
train/98059.jpg,8-3-3=2
train/98060.jpg,(5-2)*4=12
train/98061.jpg,(4-9)+3=-2
train/98062.jpg,(4+4)*2=16
train/98063.jpg,4+4*3=16
train/98064.jpg,3+(1+0)=4
train/98065.jpg,4-(5*3)=-11
train/98066.jpg,1+(9-2)=8
train/98067.jpg,0+0+3=3
train/98068.jpg,0+(2*7)=14
train/98069.jpg,(4-6)+7=5
train/98070.jpg,6*4+4=28
train/98071.jpg,2+(3*1)=5
train/98072.jpg,(2-9)*4=-28
train/98073.jpg,3*0+5=5
train/98074.jpg,(4-7)-4=-7
train/98075.jpg,4-(4-4)=4
train/98076.jpg,3+(7-9)=1
train/98077.jpg,5*6*3=90
train/98078.jpg,9*4*6=216
train/98079.jpg,4*(8-6)=8
train/98080.jpg,6-(8-7)=5
train/98081.jpg,3+8*1=11
train/98082.jpg,(0*2)*8=0
train/98083.jpg,5*(6-3)=15
train/98084.jpg,0*4+2=2
train/98085.jpg,(8-9)-4=-5
train/98086.jpg,(9+6)-0=15
train/98087.jpg,5*(2-4)=-10
train/98088.jpg,6-(6*4)=-18
train/98089.jpg,0+1*1=1
train/98090.jpg,(9-8)*7=7
train/98091.jpg,4+(7*9)=67
train/98092.jpg,8+(4-5)=7
train/98093.jpg,3-4+9=8
train/98094.jpg,4+6+5=15
train/98095.jpg,8-9-4=-5
train/98096.jpg,6*0-6=-6
train/98097.jpg,(6+9)+3=18
train/98098.jpg,(3*7)+9=30
train/98099.jpg,1-(7+3)=-9
train/98100.jpg,4+5*8=44
train/98101.jpg,2-(6+8)=-12
train/98102.jpg,0+(3-6)=-3
train/98103.jpg,7*(9+6)=105
train/98104.jpg,2-1-6=-5
train/98105.jpg,(9*2)-4=14
train/98106.jpg,(9+0)*3=27
train/98107.jpg,(7+6)+5=18
train/98108.jpg,1*(3+4)=7
train/98109.jpg,(9+9)-4=14
train/98110.jpg,(9+6)*1=15
train/98111.jpg,(3+4)+8=15
train/98112.jpg,7+(9*6)=61
train/98113.jpg,7-6-9=-8
train/98114.jpg,0-7-8=-15
train/98115.jpg,(9-9)+9=9
train/98116.jpg,(7*0)-4=-4
train/98117.jpg,9-6+1=4
train/98118.jpg,4+8+8=20
train/98119.jpg,(3*7)*2=42
train/98120.jpg,1*5*6=30
train/98121.jpg,(4-3)+1=2
train/98122.jpg,5-1-0=4
train/98123.jpg,9+(9*2)=27
train/98124.jpg,(3+5)*6=48
train/98125.jpg,7+(7*9)=70
train/98126.jpg,(4+1)+2=7
train/98127.jpg,(1*7)-8=-1
train/98128.jpg,(7*8)+3=59
train/98129.jpg,2+(8+6)=16
train/98130.jpg,7-(7-2)=2
train/98131.jpg,(7*9)+1=64
train/98132.jpg,3+(9*5)=48
train/98133.jpg,(1*0)+3=3
train/98134.jpg,8*(2-8)=-48
train/98135.jpg,8+1+9=18
train/98136.jpg,7+3-9=1
train/98137.jpg,1*(4-1)=3
train/98138.jpg,7*1+9=16
train/98139.jpg,(7-3)-6=-2
train/98140.jpg,9*9*6=486
train/98141.jpg,8+1+6=15
train/98142.jpg,6+(3-9)=0
train/98143.jpg,(0*7)+3=3
train/98144.jpg,3+8+4=15
train/98145.jpg,(0-8)-0=-8
train/98146.jpg,(3-6)+4=1
train/98147.jpg,(0-7)+0=-7
train/98148.jpg,4+2*9=22
train/98149.jpg,2*(7+2)=18
train/98150.jpg,(5-7)+8=6
train/98151.jpg,8-(9-3)=2
train/98152.jpg,(6-1)+7=12
train/98153.jpg,(7-3)-9=-5
train/98154.jpg,(3+3)+0=6
train/98155.jpg,(2*0)*2=0
train/98156.jpg,0+9*0=0
train/98157.jpg,4+(7-3)=8
train/98158.jpg,7*(2*3)=42
train/98159.jpg,7-3-3=1
train/98160.jpg,3*(4-5)=-3
train/98161.jpg,(9-9)+2=2
train/98162.jpg,2-(8+2)=-8
train/98163.jpg,1+6-8=-1
train/98164.jpg,0+5*8=40
train/98165.jpg,(0*5)+4=4
train/98166.jpg,4-(0-4)=8
train/98167.jpg,(4*7)+1=29
train/98168.jpg,(5*2)-4=6
train/98169.jpg,3+6+7=16
train/98170.jpg,1+2*5=11
train/98171.jpg,6-4+0=2
train/98172.jpg,(7*8)-2=54
train/98173.jpg,4*(3*8)=96
train/98174.jpg,4*(4*2)=32
train/98175.jpg,1-(8*4)=-31
train/98176.jpg,9-1*8=1
train/98177.jpg,3-9+6=0
train/98178.jpg,(3*1)-4=-1
train/98179.jpg,7*(0*6)=0
train/98180.jpg,4+4*1=8
train/98181.jpg,(8*8)-9=55
train/98182.jpg,3*(8*7)=168
train/98183.jpg,5+(4-0)=9
train/98184.jpg,0*(9*7)=0
train/98185.jpg,(2*0)*9=0
train/98186.jpg,3+(9*1)=12
train/98187.jpg,(2-5)-7=-10
train/98188.jpg,3+(1-2)=2
train/98189.jpg,(2+7)-0=9
train/98190.jpg,1*3-0=3
train/98191.jpg,(4*3)+6=18
train/98192.jpg,2+(9-7)=4
train/98193.jpg,3*3*9=81
train/98194.jpg,7+9-1=15
train/98195.jpg,7+4*3=19
train/98196.jpg,6*(8*8)=384
train/98197.jpg,1+(6*0)=1
train/98198.jpg,9+3*5=24
train/98199.jpg,1*3*4=12
train/98200.jpg,(1*4)+0=4
train/98201.jpg,8*4-9=23
train/98202.jpg,5-(6+0)=-1
train/98203.jpg,7-7-2=-2
train/98204.jpg,9+3*7=30
train/98205.jpg,1+(3*8)=25
train/98206.jpg,1-9-1=-9
train/98207.jpg,3-(1+6)=-4
train/98208.jpg,5-(6*6)=-31
train/98209.jpg,0-6-4=-10
train/98210.jpg,(9*6)+6=60
train/98211.jpg,(2*1)-0=2
train/98212.jpg,(3*9)*1=27
train/98213.jpg,(9+9)-2=16
train/98214.jpg,0-(5+0)=-5
train/98215.jpg,(9*2)-3=15
train/98216.jpg,(0-4)-8=-12
train/98217.jpg,(9*4)+9=45
train/98218.jpg,(7+1)+2=10
train/98219.jpg,4-5-0=-1
train/98220.jpg,0+6+5=11
train/98221.jpg,(2-4)*3=-6
train/98222.jpg,5*2-8=2
train/98223.jpg,0+2*2=4
train/98224.jpg,6*(2+4)=36
train/98225.jpg,9*(6*6)=324
train/98226.jpg,(1-9)-4=-12
train/98227.jpg,1-1-3=-3
train/98228.jpg,0-5*2=-10
train/98229.jpg,3+(4*0)=3
train/98230.jpg,9-5*6=-21
train/98231.jpg,6*(2*1)=12
train/98232.jpg,8+0*7=8
train/98233.jpg,(3-9)-3=-9
train/98234.jpg,3-9-9=-15
train/98235.jpg,8+4+3=15
train/98236.jpg,3+(7*3)=24
train/98237.jpg,0-(3-4)=1
train/98238.jpg,6*(6*1)=36
train/98239.jpg,3*(5-7)=-6
train/98240.jpg,1*5*2=10
train/98241.jpg,6*5*1=30
train/98242.jpg,(6*1)*2=12
train/98243.jpg,1*7+2=9
train/98244.jpg,6+7-6=7
train/98245.jpg,(8+5)+0=13
train/98246.jpg,8+2+9=19
train/98247.jpg,1-6*2=-11
train/98248.jpg,(7*7)-3=46
train/98249.jpg,6-(9+7)=-10
train/98250.jpg,4-(9+6)=-11
train/98251.jpg,1+(7+8)=16
train/98252.jpg,3*8+9=33
train/98253.jpg,(0*6)*4=0
train/98254.jpg,(5+4)*9=81
train/98255.jpg,5*2*0=0
train/98256.jpg,2-3*7=-19
train/98257.jpg,4*(5-8)=-12
train/98258.jpg,4+5*7=39
train/98259.jpg,3+(3*9)=30
train/98260.jpg,5+6+3=14
train/98261.jpg,6-8-6=-8
train/98262.jpg,(8-3)*2=10
train/98263.jpg,4-1*0=4
train/98264.jpg,4+(2-1)=5
train/98265.jpg,(2-6)-3=-7
train/98266.jpg,8+8*2=24
train/98267.jpg,2+0*9=2
train/98268.jpg,5*1*3=15
train/98269.jpg,1*(4-1)=3
train/98270.jpg,9-0-7=2
train/98271.jpg,1-4+3=0
train/98272.jpg,6*(7+6)=78
train/98273.jpg,6-6-0=0
train/98274.jpg,(1+8)+7=16
train/98275.jpg,(3*9)*1=27
train/98276.jpg,8-(6+0)=2
train/98277.jpg,2+0+5=7
train/98278.jpg,3*8-0=24
train/98279.jpg,(2*3)-6=0
train/98280.jpg,(0-3)*8=-24
train/98281.jpg,6*1+4=10
train/98282.jpg,0-(5*4)=-20
train/98283.jpg,6*3-2=16
train/98284.jpg,(5-2)-8=-5
train/98285.jpg,(3-4)+6=5
train/98286.jpg,2+1+5=8
train/98287.jpg,(5*1)+3=8
train/98288.jpg,0+6+7=13
train/98289.jpg,5+(5*4)=25
train/98290.jpg,8-(7+6)=-5
train/98291.jpg,4*5+4=24
train/98292.jpg,9*(6+0)=54
train/98293.jpg,7-5*3=-8
train/98294.jpg,9-(7-4)=6
train/98295.jpg,(9-5)*8=32
train/98296.jpg,7+(4*1)=11
train/98297.jpg,9*(7+5)=108
train/98298.jpg,2+(7+7)=16
train/98299.jpg,(6*8)-2=46
train/98300.jpg,7+(1+7)=15
train/98301.jpg,(8-9)+7=6
train/98302.jpg,9+(6*6)=45
train/98303.jpg,(9-1)*1=8
train/98304.jpg,6-(1+0)=5
train/98305.jpg,5*(4+9)=65
train/98306.jpg,2+3*5=17
train/98307.jpg,3*(3*9)=81
train/98308.jpg,9-1+7=15
train/98309.jpg,(1*0)*5=0
train/98310.jpg,1+4+3=8
train/98311.jpg,(9-8)+2=3
train/98312.jpg,3+5+2=10
train/98313.jpg,6+(8-3)=11
train/98314.jpg,0+2*5=10
train/98315.jpg,(7*5)-1=34
train/98316.jpg,6-(7+0)=-1
train/98317.jpg,8*4+2=34
train/98318.jpg,9-(7*7)=-40
train/98319.jpg,8-(8-8)=8
train/98320.jpg,6+(9+1)=16
train/98321.jpg,(9*0)*7=0
train/98322.jpg,4+(3+1)=8
train/98323.jpg,2*1-6=-4
train/98324.jpg,7*8-1=55
train/98325.jpg,6-(3*9)=-21
train/98326.jpg,2-(9+8)=-15
train/98327.jpg,8-2*6=-4
train/98328.jpg,(0+9)*1=9
train/98329.jpg,9-3*4=-3
train/98330.jpg,(0+0)+4=4
train/98331.jpg,(0-7)-4=-11
train/98332.jpg,(2*0)+3=3
train/98333.jpg,5+9+3=17
train/98334.jpg,(1*4)*9=36
train/98335.jpg,5-(4-3)=4
train/98336.jpg,0+(6+8)=14
train/98337.jpg,(1+8)-5=4
train/98338.jpg,1*(2*1)=2
train/98339.jpg,5*3*9=135
train/98340.jpg,(6*8)*0=0
train/98341.jpg,6+(8*0)=6
train/98342.jpg,(2+5)-6=1
train/98343.jpg,3-1*8=-5
train/98344.jpg,(3-2)*8=8
train/98345.jpg,(6*7)*2=84
train/98346.jpg,(7+7)+4=18
train/98347.jpg,2+(8+1)=11
train/98348.jpg,(6+4)+3=13
train/98349.jpg,(8-7)-4=-3
train/98350.jpg,9-9*7=-54
train/98351.jpg,7+(1-3)=5
train/98352.jpg,0+6-6=0
train/98353.jpg,(0*0)-2=-2
train/98354.jpg,5+9*1=14
train/98355.jpg,(6*3)*6=108
train/98356.jpg,(9+7)+3=19
train/98357.jpg,5+5-0=10
train/98358.jpg,3+3-6=0
train/98359.jpg,5+(0*1)=5
train/98360.jpg,(4*7)-5=23
train/98361.jpg,5*(4-8)=-20
train/98362.jpg,6*(1+4)=30
train/98363.jpg,(8*9)*1=72
train/98364.jpg,4*(4*2)=32
train/98365.jpg,5*(4*8)=160
train/98366.jpg,6+4*0=6
train/98367.jpg,0+6-3=3
train/98368.jpg,6*(0-3)=-18
train/98369.jpg,4*3-6=6
train/98370.jpg,9*3-8=19
train/98371.jpg,8+(1*8)=16
train/98372.jpg,5+(8+6)=19
train/98373.jpg,(7-7)*1=0
train/98374.jpg,8+7*8=64
train/98375.jpg,(8-5)-9=-6
train/98376.jpg,5+0*9=5
train/98377.jpg,(1+0)+4=5
train/98378.jpg,(0*0)*0=0
train/98379.jpg,3*1+1=4
train/98380.jpg,9-(7-6)=8
train/98381.jpg,7*5+9=44
train/98382.jpg,0-1*6=-6
train/98383.jpg,0*(5*6)=0
train/98384.jpg,9*1*5=45
train/98385.jpg,(1+6)-0=7
train/98386.jpg,9*(5+1)=54
train/98387.jpg,0+4-1=3
train/98388.jpg,2+(5-2)=5
train/98389.jpg,9-(2+4)=3
train/98390.jpg,(9+1)+4=14
train/98391.jpg,1+0*6=1
train/98392.jpg,0-(4-8)=4
train/98393.jpg,3*(3+6)=27
train/98394.jpg,3-8*1=-5
train/98395.jpg,(8-3)+5=10
train/98396.jpg,5*(5*3)=75
train/98397.jpg,6+(7-8)=5
train/98398.jpg,(7+8)+6=21
train/98399.jpg,6-(1*4)=2
train/98400.jpg,3*(2+2)=12
train/98401.jpg,(6-4)*3=6
train/98402.jpg,(4*1)-6=-2
train/98403.jpg,5*6*9=270
train/98404.jpg,6*4-5=19
train/98405.jpg,1+(6+4)=11
train/98406.jpg,(7*5)-7=28
train/98407.jpg,(9+8)+2=19
train/98408.jpg,5*(6*9)=270
train/98409.jpg,8*(5+8)=104
train/98410.jpg,6+(8-4)=10
train/98411.jpg,6-5-9=-8
train/98412.jpg,2*(2+2)=8
train/98413.jpg,(1-6)+7=2
train/98414.jpg,5*7-7=28
train/98415.jpg,7*(9-6)=21
train/98416.jpg,0-(2-0)=-2
train/98417.jpg,0*(8*8)=0
train/98418.jpg,6*(0*1)=0
train/98419.jpg,2+(6+7)=15
train/98420.jpg,5-8*1=-3
train/98421.jpg,6+(8*3)=30
train/98422.jpg,1*(4-5)=-1
train/98423.jpg,0*(7+4)=0
train/98424.jpg,(1+8)+3=12
train/98425.jpg,5-(7*1)=-2
train/98426.jpg,(5*8)+1=41
train/98427.jpg,4+(4-3)=5
train/98428.jpg,(3+7)+2=12
train/98429.jpg,(0-3)-5=-8
train/98430.jpg,(6+8)+3=17
train/98431.jpg,(5*4)*0=0
train/98432.jpg,4-(4+0)=0
train/98433.jpg,7*(2-0)=14
train/98434.jpg,4-7+5=2
train/98435.jpg,5*(0*2)=0
train/98436.jpg,5*(7-5)=10
train/98437.jpg,1*(9-1)=8
train/98438.jpg,(5-4)+0=1
train/98439.jpg,(8*2)+4=20
train/98440.jpg,0*6-8=-8
train/98441.jpg,(1+4)*7=35
train/98442.jpg,5-(1*6)=-1
train/98443.jpg,4-8-9=-13
train/98444.jpg,(8*6)*3=144
train/98445.jpg,4-4*6=-20
train/98446.jpg,(1*0)-1=-1
train/98447.jpg,(3-5)-0=-2
train/98448.jpg,6*(8+4)=72
train/98449.jpg,(0-5)-7=-12
train/98450.jpg,8*8-8=56
train/98451.jpg,(9+9)-1=17
train/98452.jpg,(7-3)-2=2
train/98453.jpg,6*(7+8)=90
train/98454.jpg,1-(4+5)=-8
train/98455.jpg,4*(2-6)=-16
train/98456.jpg,6*6+7=43
train/98457.jpg,(4*3)*1=12
train/98458.jpg,(6+3)+6=15
train/98459.jpg,3-(5-9)=7
train/98460.jpg,(5-6)+4=3
train/98461.jpg,0-2+4=2
train/98462.jpg,0-(3+9)=-12
train/98463.jpg,1-6-7=-12
train/98464.jpg,9+(7*4)=37
train/98465.jpg,(0-4)+2=-2
train/98466.jpg,(8*0)-1=-1
train/98467.jpg,7-(1*5)=2
train/98468.jpg,5-3+4=6
train/98469.jpg,5+(0-8)=-3
train/98470.jpg,8*(2-9)=-56
train/98471.jpg,(2*9)*6=108
train/98472.jpg,(0*7)-6=-6
train/98473.jpg,1-6*3=-17
train/98474.jpg,(2-7)+9=4
train/98475.jpg,1*(7+5)=12
train/98476.jpg,3-(2*8)=-13
train/98477.jpg,0-3-7=-10
train/98478.jpg,(4+7)+4=15
train/98479.jpg,7*6+0=42
train/98480.jpg,(3*9)*5=135
train/98481.jpg,(7-5)+1=3
train/98482.jpg,(2-1)*5=5
train/98483.jpg,8-(0-6)=14
train/98484.jpg,9-(8*3)=-15
train/98485.jpg,0-2*1=-2
train/98486.jpg,(2-5)*5=-15
train/98487.jpg,(1+9)*8=80
train/98488.jpg,(7*8)-6=50
train/98489.jpg,4-1*9=-5
train/98490.jpg,2*7*0=0
train/98491.jpg,7*(3*9)=189
train/98492.jpg,(7-0)-9=-2
train/98493.jpg,8*(6-1)=40
train/98494.jpg,(6*5)-4=26
train/98495.jpg,(1*8)*1=8
train/98496.jpg,1*3+7=10
train/98497.jpg,(4-9)*0=0
train/98498.jpg,5-1-8=-4
train/98499.jpg,5*(8*7)=280
train/98500.jpg,(2+4)*2=12
train/98501.jpg,8*5-9=31
train/98502.jpg,(7+1)+3=11
train/98503.jpg,(4-3)-9=-8
train/98504.jpg,(1+0)*1=1
train/98505.jpg,(8-7)*1=1
train/98506.jpg,4-(4+5)=-5
train/98507.jpg,1-(1+3)=-3
train/98508.jpg,0+7*0=0
train/98509.jpg,(7*0)*8=0
train/98510.jpg,0-2-8=-10
train/98511.jpg,(2*1)+3=5
train/98512.jpg,3-(2-4)=5
train/98513.jpg,4*(2+4)=24
train/98514.jpg,0+5*8=40
train/98515.jpg,6+8*9=78
train/98516.jpg,(3-4)+5=4
train/98517.jpg,(7+8)+2=17
train/98518.jpg,8-(8+9)=-9
train/98519.jpg,(5-7)*6=-12
train/98520.jpg,5-2*7=-9
train/98521.jpg,9-(8*2)=-7
train/98522.jpg,(4+7)+5=16
train/98523.jpg,(2-5)+7=4
train/98524.jpg,4*(3+9)=48
train/98525.jpg,7-(3-5)=9
train/98526.jpg,(0*8)-2=-2
train/98527.jpg,(4+5)*4=36
train/98528.jpg,(2-4)+0=-2
train/98529.jpg,(0*5)+2=2
train/98530.jpg,1+(0+3)=4
train/98531.jpg,3+5+4=12
train/98532.jpg,3*(1*7)=21
train/98533.jpg,4+3*7=25
train/98534.jpg,2*2+2=6
train/98535.jpg,(3+5)-6=2
train/98536.jpg,2-(3-1)=0
train/98537.jpg,(9-3)+2=8
train/98538.jpg,(1+8)*2=18
train/98539.jpg,0+7*0=0
train/98540.jpg,0+(0+4)=4
train/98541.jpg,4+1+2=7
train/98542.jpg,2*(7+8)=30
train/98543.jpg,(0-2)*2=-4
train/98544.jpg,4+(7+6)=17
train/98545.jpg,(7*2)+5=19
train/98546.jpg,0*(6*6)=0
train/98547.jpg,4-(1+2)=1
train/98548.jpg,0-7-7=-14
train/98549.jpg,2+5-8=-1
train/98550.jpg,(7*0)+1=1
train/98551.jpg,1*(9+1)=10
train/98552.jpg,8*(1*2)=16
train/98553.jpg,(7+5)-8=4
train/98554.jpg,(9-8)-2=-1
train/98555.jpg,1*0-2=-2
train/98556.jpg,9*(5-4)=9
train/98557.jpg,1-(0-9)=10
train/98558.jpg,6+(3+1)=10
train/98559.jpg,9*5*4=180
train/98560.jpg,8+3+1=12
train/98561.jpg,4+(8*0)=4
train/98562.jpg,3+9-1=11
train/98563.jpg,8*2+5=21
train/98564.jpg,8-(1*2)=6
train/98565.jpg,5+(7+9)=21
train/98566.jpg,(5-5)-5=-5
train/98567.jpg,(7-4)*6=18
train/98568.jpg,6-(7*6)=-36
train/98569.jpg,4+(8-3)=9
train/98570.jpg,3*(4-7)=-9
train/98571.jpg,(8+3)+7=18
train/98572.jpg,(6+4)-1=9
train/98573.jpg,6+0+4=10
train/98574.jpg,3*3-5=4
train/98575.jpg,0-(9-1)=-8
train/98576.jpg,(6-9)-8=-11
train/98577.jpg,(1+4)+8=13
train/98578.jpg,(1-9)+2=-6
train/98579.jpg,0+2-1=1
train/98580.jpg,0*5+3=3
train/98581.jpg,(3-3)+1=1
train/98582.jpg,(9+5)-9=5
train/98583.jpg,(4-2)+7=9
train/98584.jpg,0-(4-5)=1
train/98585.jpg,(5*0)*3=0
train/98586.jpg,(5*2)+1=11
train/98587.jpg,5+(6+8)=19
train/98588.jpg,(2+5)-4=3
train/98589.jpg,6-(0*5)=6
train/98590.jpg,(3+9)*9=108
train/98591.jpg,8+(4*6)=32
train/98592.jpg,0*3-0=0
train/98593.jpg,7*(4+9)=91
train/98594.jpg,2*6*9=108
train/98595.jpg,(6-3)-7=-4
train/98596.jpg,7-6+8=9
train/98597.jpg,(6+5)*3=33
train/98598.jpg,9-1+1=9
train/98599.jpg,(0*0)-5=-5
train/98600.jpg,3+(4*8)=35
train/98601.jpg,3+4-6=1
train/98602.jpg,6-(3*5)=-9
train/98603.jpg,(3+1)*6=24
train/98604.jpg,8*(2*4)=64
train/98605.jpg,3-(7-7)=3
train/98606.jpg,9+0-4=5
train/98607.jpg,4+9+2=15
train/98608.jpg,(8+5)+3=16
train/98609.jpg,(1-3)*0=0
train/98610.jpg,9+4-7=6
train/98611.jpg,(9+3)*0=0
train/98612.jpg,0*7*8=0
train/98613.jpg,8+(3-1)=10
train/98614.jpg,6+5*6=36
train/98615.jpg,1*0*8=0
train/98616.jpg,5+(7*8)=61
train/98617.jpg,6-4-5=-3
train/98618.jpg,3*7+8=29
train/98619.jpg,6*(5-3)=12
train/98620.jpg,9*(5*6)=270
train/98621.jpg,1+6-3=4
train/98622.jpg,4+(4-6)=2
train/98623.jpg,5*9+2=47
train/98624.jpg,(9+6)+5=20
train/98625.jpg,(0*2)+5=5
train/98626.jpg,9-0*5=9
train/98627.jpg,5-(0+6)=-1
train/98628.jpg,5+3+4=12
train/98629.jpg,2-(7+2)=-7
train/98630.jpg,(7-7)*3=0
train/98631.jpg,6+(4+8)=18
train/98632.jpg,8+(7-7)=8
train/98633.jpg,9+(6-7)=8
train/98634.jpg,9+(2+6)=17
train/98635.jpg,9+(4-6)=7
train/98636.jpg,1*(0*1)=0
train/98637.jpg,9*0*6=0
train/98638.jpg,(5-6)-7=-8
train/98639.jpg,(6+3)+1=10
train/98640.jpg,(9*4)+3=39
train/98641.jpg,(1*7)*7=49
train/98642.jpg,(9*3)*9=243
train/98643.jpg,1+6-9=-2
train/98644.jpg,(0+3)-5=-2
train/98645.jpg,(9+7)+2=18
train/98646.jpg,(8+7)+2=17
train/98647.jpg,(0-8)+0=-8
train/98648.jpg,(4*8)-5=27
train/98649.jpg,2-5-0=-3
train/98650.jpg,5-8*4=-27
train/98651.jpg,(7+3)+4=14
train/98652.jpg,(9+3)-5=7
train/98653.jpg,(2+3)+2=7
train/98654.jpg,(4-9)*6=-30
train/98655.jpg,(5*5)*1=25
train/98656.jpg,4-(7*1)=-3
train/98657.jpg,(8+9)*9=153
train/98658.jpg,8*(5+6)=88
train/98659.jpg,(7-0)+0=7
train/98660.jpg,9*(7*0)=0
train/98661.jpg,5+1-4=2
train/98662.jpg,6*(1+8)=54
train/98663.jpg,(7*1)+6=13
train/98664.jpg,8-9-8=-9
train/98665.jpg,2*4*1=8
train/98666.jpg,0+2-2=0
train/98667.jpg,0-(6-8)=2
train/98668.jpg,7+6-3=10
train/98669.jpg,8+3-5=6
train/98670.jpg,6-8*4=-26
train/98671.jpg,0+(0+7)=7
train/98672.jpg,1*(2-0)=2
train/98673.jpg,4*(3+8)=44
train/98674.jpg,1*(3+3)=6
train/98675.jpg,(5-8)*8=-24
train/98676.jpg,4+9-1=12
train/98677.jpg,(7-3)-7=-3
train/98678.jpg,8-7-7=-6
train/98679.jpg,1+9-8=2
train/98680.jpg,(0-3)-2=-5
train/98681.jpg,2-3-7=-8
train/98682.jpg,(1-8)-0=-7
train/98683.jpg,1+8-9=0
train/98684.jpg,4*6*6=144
train/98685.jpg,0+(4-5)=-1
train/98686.jpg,2-(3+3)=-4
train/98687.jpg,8*(2-5)=-24
train/98688.jpg,9+0+2=11
train/98689.jpg,2-(3-8)=7
train/98690.jpg,1-4-0=-3
train/98691.jpg,(8-0)*0=0
train/98692.jpg,0+(4+9)=13
train/98693.jpg,3*7*1=21
train/98694.jpg,9+(3+2)=14
train/98695.jpg,(4+1)+8=13
train/98696.jpg,0+(3+9)=12
train/98697.jpg,6*(5*6)=180
train/98698.jpg,0*(2-5)=0
train/98699.jpg,(0*1)+5=5
train/98700.jpg,7-(3+3)=1
train/98701.jpg,9+(3+9)=21
train/98702.jpg,5+(1-0)=6
train/98703.jpg,(1*1)+6=7
train/98704.jpg,5+(7*2)=19
train/98705.jpg,0-4-0=-4
train/98706.jpg,6+(1-9)=-2
train/98707.jpg,3*7-8=13
train/98708.jpg,(3*9)-6=21
train/98709.jpg,6*(8*7)=336
train/98710.jpg,5-0*4=5
train/98711.jpg,(5+0)-4=1
train/98712.jpg,8*5*0=0
train/98713.jpg,8*7+0=56
train/98714.jpg,3+(7-6)=4
train/98715.jpg,8-3-9=-4
train/98716.jpg,(8*4)+4=36
train/98717.jpg,(9+5)+1=15
train/98718.jpg,7-(6+4)=-3
train/98719.jpg,2+(4+0)=6
train/98720.jpg,2-6*1=-4
train/98721.jpg,1-(0+9)=-8
train/98722.jpg,1+(0*8)=1
train/98723.jpg,(7+7)*1=14
train/98724.jpg,(3+1)+2=6
train/98725.jpg,2*4-0=8
train/98726.jpg,9*(2+3)=45
train/98727.jpg,(2-2)+0=0
train/98728.jpg,1*2+7=9
train/98729.jpg,(6*1)*9=54
train/98730.jpg,0+(8+6)=14
train/98731.jpg,4-(1-3)=6
train/98732.jpg,3-2*1=1
train/98733.jpg,(5*2)-1=9
train/98734.jpg,1+6*2=13
train/98735.jpg,8-(7+6)=-5
train/98736.jpg,(8+9)+7=24
train/98737.jpg,(3-7)-4=-8
train/98738.jpg,7+3-7=3
train/98739.jpg,4*(9-6)=12
train/98740.jpg,2*9-1=17
train/98741.jpg,(9+0)-9=0
train/98742.jpg,6*(5*1)=30
train/98743.jpg,5*(1-3)=-10
train/98744.jpg,2+1+6=9
train/98745.jpg,(8*3)-9=15
train/98746.jpg,(2+6)*4=32
train/98747.jpg,0-(4-3)=-1
train/98748.jpg,6*1+0=6
train/98749.jpg,8-(8*4)=-24
train/98750.jpg,4-8-9=-13
train/98751.jpg,(9+2)+5=16
train/98752.jpg,(0*5)*6=0
train/98753.jpg,(6-0)+1=7
train/98754.jpg,9-7+3=5
train/98755.jpg,6+9-3=12
train/98756.jpg,(1+9)-9=1
train/98757.jpg,(6*7)*3=126
train/98758.jpg,0*5-0=0
train/98759.jpg,8*(4-9)=-40
train/98760.jpg,5-2+0=3
train/98761.jpg,7*(8+4)=84
train/98762.jpg,7+(7*0)=7
train/98763.jpg,2+1-5=-2
train/98764.jpg,0+9+8=17
train/98765.jpg,7+1*7=14
train/98766.jpg,(8*1)-6=2
train/98767.jpg,2-(3-6)=5
train/98768.jpg,7-(2+9)=-4
train/98769.jpg,7*8-4=52
train/98770.jpg,1+(3-2)=2
train/98771.jpg,(9-1)+6=14
train/98772.jpg,(7+2)+6=15
train/98773.jpg,2-9-7=-14
train/98774.jpg,9*(8+2)=90
train/98775.jpg,1-3*7=-20
train/98776.jpg,8+3+0=11
train/98777.jpg,4-(3-7)=8
train/98778.jpg,0*7-9=-9
train/98779.jpg,(4-7)+0=-3
train/98780.jpg,4+8-9=3
train/98781.jpg,(0-6)+7=1
train/98782.jpg,(7-4)+3=6
train/98783.jpg,(6+6)+4=16
train/98784.jpg,7-1-9=-3
train/98785.jpg,7*(2-2)=0
train/98786.jpg,8-4*1=4
train/98787.jpg,3*(6+1)=21
train/98788.jpg,(6-1)*7=35
train/98789.jpg,(7-9)+2=0
train/98790.jpg,1+4-7=-2
train/98791.jpg,8+2-7=3
train/98792.jpg,3*3-7=2
train/98793.jpg,(1+8)+3=12
train/98794.jpg,(0+9)-0=9
train/98795.jpg,9*8+0=72
train/98796.jpg,(1-1)*0=0
train/98797.jpg,3-(4*4)=-13
train/98798.jpg,(2-2)-9=-9
train/98799.jpg,5+(6+2)=13
train/98800.jpg,7*(2*1)=14
train/98801.jpg,(3*2)-8=-2
train/98802.jpg,1+(4+9)=14
train/98803.jpg,(1-2)+0=-1
train/98804.jpg,(2*3)-8=-2
train/98805.jpg,0+(7+6)=13
train/98806.jpg,(7+8)+8=23
train/98807.jpg,(4+6)+2=12
train/98808.jpg,(0+6)*0=0
train/98809.jpg,(5+2)*8=56
train/98810.jpg,8+(3-2)=9
train/98811.jpg,(0*9)-7=-7
train/98812.jpg,3+(9+3)=15
train/98813.jpg,5-6-3=-4
train/98814.jpg,8-(8-6)=6
train/98815.jpg,4+(9-7)=6
train/98816.jpg,2-1*3=-1
train/98817.jpg,7*(7-5)=14
train/98818.jpg,0*2+5=5
train/98819.jpg,(3+1)-2=2
train/98820.jpg,(0-6)*5=-30
train/98821.jpg,2-(5+3)=-6
train/98822.jpg,3*(2+6)=24
train/98823.jpg,5+(4*6)=29
train/98824.jpg,0-(2+8)=-10
train/98825.jpg,7+(1-2)=6
train/98826.jpg,(6-8)+8=6
train/98827.jpg,0*8+7=7
train/98828.jpg,4*(2-0)=8
train/98829.jpg,2-4+5=3
train/98830.jpg,6-5-6=-5
train/98831.jpg,(3+4)-4=3
train/98832.jpg,5*8+7=47
train/98833.jpg,4-7*8=-52
train/98834.jpg,6*2-8=4
train/98835.jpg,(0-5)-0=-5
train/98836.jpg,(1-4)*0=0
train/98837.jpg,9*0-3=-3
train/98838.jpg,3+(7+4)=14
train/98839.jpg,9+3-5=7
train/98840.jpg,9*(7+4)=99
train/98841.jpg,1-7-2=-8
train/98842.jpg,2*3-3=3
train/98843.jpg,(9*0)+0=0
train/98844.jpg,4-(6*5)=-26
train/98845.jpg,7+3-4=6
train/98846.jpg,9-(0*0)=9
train/98847.jpg,8*(4-9)=-40
train/98848.jpg,(8-6)-3=-1
train/98849.jpg,6-(6-4)=4
train/98850.jpg,1-7-0=-6
train/98851.jpg,(0+6)+0=6
train/98852.jpg,9*5*7=315
train/98853.jpg,(7+4)*6=66
train/98854.jpg,3*(0-8)=-24
train/98855.jpg,9*(0-1)=-9
train/98856.jpg,1*(2*6)=12
train/98857.jpg,5+5*6=35
train/98858.jpg,(7+8)-6=9
train/98859.jpg,6-(6+6)=-6
train/98860.jpg,2-7+5=0
train/98861.jpg,9+0-5=4
train/98862.jpg,(1*5)-5=0
train/98863.jpg,7+(6+8)=21
train/98864.jpg,7+(8+1)=16
train/98865.jpg,(4+7)+6=17
train/98866.jpg,6*(3*7)=126
train/98867.jpg,8-(0*3)=8
train/98868.jpg,9+(3+4)=16
train/98869.jpg,8-(1+9)=-2
train/98870.jpg,4*(3+3)=24
train/98871.jpg,7*0-6=-6
train/98872.jpg,(3+7)-8=2
train/98873.jpg,0+8+5=13
train/98874.jpg,9*(3*4)=108
train/98875.jpg,(8-8)*7=0
train/98876.jpg,4+4+3=11
train/98877.jpg,8*3+3=27
train/98878.jpg,1+(8+6)=15
train/98879.jpg,6*(5*6)=180
train/98880.jpg,(3*1)*2=6
train/98881.jpg,(1+9)+9=19
train/98882.jpg,0+(7+5)=12
train/98883.jpg,6*2+4=16
train/98884.jpg,(9-3)*8=48
train/98885.jpg,1-9+8=0
train/98886.jpg,(7+4)*1=11
train/98887.jpg,1+(5*4)=21
train/98888.jpg,8-(8*0)=8
train/98889.jpg,(8-5)-9=-6
train/98890.jpg,6+2+3=11
train/98891.jpg,2-9*9=-79
train/98892.jpg,3*(5-9)=-12
train/98893.jpg,8+9-6=11
train/98894.jpg,8+(1+3)=12
train/98895.jpg,8-(1*4)=4
train/98896.jpg,0-(7+2)=-9
train/98897.jpg,7+(9+9)=25
train/98898.jpg,(0+3)*3=9
train/98899.jpg,(4*1)-3=1
train/98900.jpg,0-3+1=-2
train/98901.jpg,(3-5)+3=1
train/98902.jpg,(8*8)+2=66
train/98903.jpg,0*(2-2)=0
train/98904.jpg,3*5+3=18
train/98905.jpg,9+(7-0)=16
train/98906.jpg,6-(7-6)=5
train/98907.jpg,(6+4)+1=11
train/98908.jpg,5-(9+3)=-7
train/98909.jpg,(3+3)-9=-3
train/98910.jpg,8*8*2=128
train/98911.jpg,9-(6+5)=-2
train/98912.jpg,(7+1)-0=8
train/98913.jpg,5-4*6=-19
train/98914.jpg,7+1-1=7
train/98915.jpg,(5+9)-1=13
train/98916.jpg,(5*7)-5=30
train/98917.jpg,0+(5+6)=11
train/98918.jpg,6*7+4=46
train/98919.jpg,6+(8-6)=8
train/98920.jpg,(3+4)-4=3
train/98921.jpg,5+7+3=15
train/98922.jpg,5-2*9=-13
train/98923.jpg,2-8*8=-62
train/98924.jpg,(9-4)*4=20
train/98925.jpg,(2*2)-2=2
train/98926.jpg,1*6*2=12
train/98927.jpg,6*(1+0)=6
train/98928.jpg,5-(7*2)=-9
train/98929.jpg,5*5-9=16
train/98930.jpg,6*1*3=18
train/98931.jpg,0*(4*0)=0
train/98932.jpg,(5*3)+5=20
train/98933.jpg,7+2-3=6
train/98934.jpg,4-2-9=-7
train/98935.jpg,7*3*1=21
train/98936.jpg,7*(5+8)=91
train/98937.jpg,(3-1)*8=16
train/98938.jpg,4+1+5=10
train/98939.jpg,(8*0)-7=-7
train/98940.jpg,2*(0*2)=0
train/98941.jpg,9+7*0=9
train/98942.jpg,(7-1)+0=6
train/98943.jpg,(6*1)*3=18
train/98944.jpg,2-7*2=-12
train/98945.jpg,(9*6)*1=54
train/98946.jpg,0*5-5=-5
train/98947.jpg,9+4+6=19
train/98948.jpg,2-9+6=-1
train/98949.jpg,0-(4+0)=-4
train/98950.jpg,8+(8-9)=7
train/98951.jpg,2*(3+3)=12
train/98952.jpg,7*(8*6)=336
train/98953.jpg,(4+0)*9=36
train/98954.jpg,0+4-7=-3
train/98955.jpg,1*(8-0)=8
train/98956.jpg,3-(2*1)=1
train/98957.jpg,2*7-1=13
train/98958.jpg,1*2*9=18
train/98959.jpg,1-7*2=-13
train/98960.jpg,6-8*6=-42
train/98961.jpg,2*8+7=23
train/98962.jpg,(6-4)*5=10
train/98963.jpg,2+7*7=51
train/98964.jpg,6+8+0=14
train/98965.jpg,3+(1+6)=10
train/98966.jpg,(0*5)*4=0
train/98967.jpg,4+(7+9)=20
train/98968.jpg,5-1+2=6
train/98969.jpg,6+5*4=26
train/98970.jpg,(9-2)+6=13
train/98971.jpg,9+7-5=11
train/98972.jpg,6+(0-7)=-1
train/98973.jpg,0*1*5=0
train/98974.jpg,1*7*3=21
train/98975.jpg,(9+0)*1=9
train/98976.jpg,(2*4)*1=8
train/98977.jpg,(8*7)+9=65
train/98978.jpg,(6+1)*9=63
train/98979.jpg,(6*5)+0=30
train/98980.jpg,(0-6)+4=-2
train/98981.jpg,(2-4)*9=-18
train/98982.jpg,(4*9)+6=42
train/98983.jpg,6-(0+0)=6
train/98984.jpg,(5*7)-7=28
train/98985.jpg,(1-4)*6=-18
train/98986.jpg,8*0-2=-2
train/98987.jpg,1*3-2=1
train/98988.jpg,(9*0)*1=0
train/98989.jpg,0-7-4=-11
train/98990.jpg,9-8-2=-1
train/98991.jpg,4*(3*9)=108
train/98992.jpg,(3*9)*0=0
train/98993.jpg,8-(6+6)=-4
train/98994.jpg,(7*5)+9=44
train/98995.jpg,9-(3-9)=15
train/98996.jpg,(8+7)*4=60
train/98997.jpg,(8-1)-7=0
train/98998.jpg,3*(7+4)=33
train/98999.jpg,(3*5)*4=60
train/99000.jpg,(6*3)+1=19
train/99001.jpg,2+2*5=12
train/99002.jpg,(4-8)-7=-11
train/99003.jpg,(7*4)*9=252
train/99004.jpg,(1*0)*2=0
train/99005.jpg,2*2*0=0
train/99006.jpg,6+(5*3)=21
train/99007.jpg,0*(1*0)=0
train/99008.jpg,2-(7+6)=-11
train/99009.jpg,0-(8+4)=-12
train/99010.jpg,9*(6-3)=27
train/99011.jpg,5+0+4=9
train/99012.jpg,7+3+8=18
train/99013.jpg,(7*8)*7=392
train/99014.jpg,(0-2)*7=-14
train/99015.jpg,2-9-4=-11
train/99016.jpg,2-7*4=-26
train/99017.jpg,9+2-4=7
train/99018.jpg,(1-7)-9=-15
train/99019.jpg,(3-0)*4=12
train/99020.jpg,5+2+8=15
train/99021.jpg,3*(1-8)=-21
train/99022.jpg,3*(4+2)=18
train/99023.jpg,0-8+7=-1
train/99024.jpg,7-6-9=-8
train/99025.jpg,(2*8)-4=12
train/99026.jpg,(5*8)*6=240
train/99027.jpg,3+(1-8)=-4
train/99028.jpg,(4-1)-5=-2
train/99029.jpg,0*2-0=0
train/99030.jpg,(5-0)+7=12
train/99031.jpg,3*1-0=3
train/99032.jpg,4+7+2=13
train/99033.jpg,5-2+1=4
train/99034.jpg,6*(1-2)=-6
train/99035.jpg,6+(2-3)=5
train/99036.jpg,2-(6+8)=-12
train/99037.jpg,1*6*9=54
train/99038.jpg,9+7*5=44
train/99039.jpg,(7-6)*2=2
train/99040.jpg,7-0+4=11
train/99041.jpg,7+0+5=12
train/99042.jpg,7+(9+6)=22
train/99043.jpg,3*1*6=18
train/99044.jpg,8-5*6=-22
train/99045.jpg,1-(6+2)=-7
train/99046.jpg,3*(4*0)=0
train/99047.jpg,5*(7*5)=175
train/99048.jpg,(3+0)*0=0
train/99049.jpg,3*(0+3)=9
train/99050.jpg,7*5+0=35
train/99051.jpg,6*8+6=54
train/99052.jpg,(1*3)*7=21
train/99053.jpg,6*(3-4)=-6
train/99054.jpg,1*(2+2)=4
train/99055.jpg,7-6+3=4
train/99056.jpg,(4-6)*1=-2
train/99057.jpg,(4*4)*2=32
train/99058.jpg,(3+1)+6=10
train/99059.jpg,5-6-2=-3
train/99060.jpg,(2*0)+2=2
train/99061.jpg,6-4*7=-22
train/99062.jpg,5+(0+9)=14
train/99063.jpg,5-(2*8)=-11
train/99064.jpg,1*(5-4)=1
train/99065.jpg,0+0*1=0
train/99066.jpg,8-(7+0)=1
train/99067.jpg,0+6+1=7
train/99068.jpg,4+(9+9)=22
train/99069.jpg,8-3*0=8
train/99070.jpg,0-(5+9)=-14
train/99071.jpg,8*4*3=96
train/99072.jpg,(6*1)*5=30
train/99073.jpg,9*6-1=53
train/99074.jpg,(5*5)*9=225
train/99075.jpg,5+(7+3)=15
train/99076.jpg,(1*7)+7=14
train/99077.jpg,(8+9)-4=13
train/99078.jpg,(8+3)+6=17
train/99079.jpg,6*(6+0)=36
train/99080.jpg,1*(3*3)=9
train/99081.jpg,(9-5)*0=0
train/99082.jpg,7+(1+0)=8
train/99083.jpg,5*9-7=38
train/99084.jpg,(2*3)*1=6
train/99085.jpg,0+7-0=7
train/99086.jpg,3*(8*3)=72
train/99087.jpg,3+(9*5)=48
train/99088.jpg,7+(6+5)=18
train/99089.jpg,4*6+9=33
train/99090.jpg,7-0+0=7
train/99091.jpg,(3*0)+3=3
train/99092.jpg,0+4*1=4
train/99093.jpg,(0*1)+9=9
train/99094.jpg,4-7+1=-2
train/99095.jpg,(0-1)+9=8
train/99096.jpg,8-8-3=-3
train/99097.jpg,6+(5+1)=12
train/99098.jpg,2+5-8=-1
train/99099.jpg,(1+9)*8=80
train/99100.jpg,1+(1+2)=4
train/99101.jpg,(9*6)+5=59
train/99102.jpg,(9*4)+8=44
train/99103.jpg,1*5-9=-4
train/99104.jpg,5+7+4=16
train/99105.jpg,9+2-4=7
train/99106.jpg,(7*1)-1=6
train/99107.jpg,3*2+3=9
train/99108.jpg,(5-0)-4=1
train/99109.jpg,(6-5)*6=6
train/99110.jpg,0+(1*2)=2
train/99111.jpg,5+3-2=6
train/99112.jpg,3+5*7=38
train/99113.jpg,0+1-7=-6
train/99114.jpg,4-(2+6)=-4
train/99115.jpg,9+(9*9)=90
train/99116.jpg,7*(2+7)=63
train/99117.jpg,2+0+0=2
train/99118.jpg,9+(0+1)=10
train/99119.jpg,5-(3-6)=8
train/99120.jpg,5-9+5=1
train/99121.jpg,7+6-2=11
train/99122.jpg,9*(9+7)=144
train/99123.jpg,(2+6)+0=8
train/99124.jpg,1+3+2=6
train/99125.jpg,2-8+0=-6
train/99126.jpg,0+9*1=9
train/99127.jpg,0*(5+2)=0
train/99128.jpg,9*3+1=28
train/99129.jpg,(6-3)*5=15
train/99130.jpg,(6*1)+9=15
train/99131.jpg,2+1-9=-6
train/99132.jpg,(1+8)*8=72
train/99133.jpg,1*(1-7)=-6
train/99134.jpg,9+(5-7)=7
train/99135.jpg,(0*2)-3=-3
train/99136.jpg,6-2*3=0
train/99137.jpg,5-5*5=-20
train/99138.jpg,3*(5*1)=15
train/99139.jpg,7*4*0=0
train/99140.jpg,(8-4)*6=24
train/99141.jpg,(3-8)-4=-9
train/99142.jpg,3-(3-3)=3
train/99143.jpg,3-2-7=-6
train/99144.jpg,0+(9*2)=18
train/99145.jpg,1+5-6=0
train/99146.jpg,7*7*7=343
train/99147.jpg,1+5+7=13
train/99148.jpg,6+4-7=3
train/99149.jpg,(0+7)*0=0
train/99150.jpg,7*8+8=64
train/99151.jpg,1*(1*4)=4
train/99152.jpg,9*4+4=40
train/99153.jpg,(6-3)*9=27
train/99154.jpg,2*3+6=12
train/99155.jpg,0+(2+0)=2
train/99156.jpg,1+2-6=-3
train/99157.jpg,(9+5)+7=21
train/99158.jpg,3*5+9=24
train/99159.jpg,(7-1)+8=14
train/99160.jpg,(0-5)*8=-40
train/99161.jpg,1-(6-0)=-5
train/99162.jpg,2-6-5=-9
train/99163.jpg,5*2-4=6
train/99164.jpg,4+8*9=76
train/99165.jpg,7*(9+1)=70
train/99166.jpg,4-(1-8)=11
train/99167.jpg,4-6*4=-20
train/99168.jpg,(4+8)*1=12
train/99169.jpg,9-(0-9)=18
train/99170.jpg,2*(0*5)=0
train/99171.jpg,(1*9)*2=18
train/99172.jpg,(0-9)-0=-9
train/99173.jpg,7*1-2=5
train/99174.jpg,7*7*7=343
train/99175.jpg,(5-8)-9=-12
train/99176.jpg,9+(6-4)=11
train/99177.jpg,4*(2+1)=12
train/99178.jpg,(0-4)*4=-16
train/99179.jpg,7-3+4=8
train/99180.jpg,(3+0)+9=12
train/99181.jpg,9-7-2=0
train/99182.jpg,4-(8*7)=-52
train/99183.jpg,8+4*9=44
train/99184.jpg,5-7+3=1
train/99185.jpg,3-(4+2)=-3
train/99186.jpg,2+(9-4)=7
train/99187.jpg,1-(2+0)=-1
train/99188.jpg,(3*7)-4=17
train/99189.jpg,(1-3)+8=6
train/99190.jpg,6-3-6=-3
train/99191.jpg,5*2+6=16
train/99192.jpg,2+(7+4)=13
train/99193.jpg,6+2*6=18
train/99194.jpg,(9*1)+0=9
train/99195.jpg,5*(9*1)=45
train/99196.jpg,(5*2)+2=12
train/99197.jpg,6-(4+5)=-3
train/99198.jpg,5-4+4=5
train/99199.jpg,2-6+7=3
train/99200.jpg,9+4*3=21
train/99201.jpg,8*3*4=96
train/99202.jpg,7-(8*9)=-65
train/99203.jpg,8*(4+1)=40
train/99204.jpg,(4+6)+3=13
train/99205.jpg,8+6+3=17
train/99206.jpg,2-6*0=2
train/99207.jpg,8*(9*6)=432
train/99208.jpg,4-(0-5)=9
train/99209.jpg,(4*4)+0=16
train/99210.jpg,6+(8*2)=22
train/99211.jpg,6-(2*3)=0
train/99212.jpg,5-4*9=-31
train/99213.jpg,5+7*1=12
train/99214.jpg,6-4*3=-6
train/99215.jpg,9+4-9=4
train/99216.jpg,8-4+7=11
train/99217.jpg,3*9+2=29
train/99218.jpg,9*5-6=39
train/99219.jpg,3+(7-1)=9
train/99220.jpg,8+1*0=8
train/99221.jpg,(1-9)-9=-17
train/99222.jpg,7*(6+2)=56
train/99223.jpg,(6-3)*5=15
train/99224.jpg,4*8-9=23
train/99225.jpg,(8*1)*0=0
train/99226.jpg,0+1+9=10
train/99227.jpg,(0*9)-0=0
train/99228.jpg,4+8-4=8
train/99229.jpg,(8-3)-5=0
train/99230.jpg,8-(9-1)=0
train/99231.jpg,(7*4)+7=35
train/99232.jpg,6+(4*3)=18
train/99233.jpg,6-(5-4)=5
train/99234.jpg,(0*3)-9=-9
train/99235.jpg,7-(4-1)=4
train/99236.jpg,(5-1)+1=5
train/99237.jpg,4+(3-5)=2
train/99238.jpg,(2-2)-3=-3
train/99239.jpg,0*(2-8)=0
train/99240.jpg,0+1*2=2
train/99241.jpg,3*7*0=0
train/99242.jpg,(9*1)*4=36
train/99243.jpg,8+6+6=20
train/99244.jpg,7+(7*6)=49
train/99245.jpg,1*(3*7)=21
train/99246.jpg,(6+0)+1=7
train/99247.jpg,3-(0-9)=12
train/99248.jpg,8-(7+8)=-7
train/99249.jpg,(0+5)-9=-4
train/99250.jpg,(4+3)+3=10
train/99251.jpg,7+9+5=21
train/99252.jpg,8+(9-0)=17
train/99253.jpg,(2+9)*1=11
train/99254.jpg,4*(9+2)=44
train/99255.jpg,1*3*1=3
train/99256.jpg,(0*4)*9=0
train/99257.jpg,4*(1-9)=-32
train/99258.jpg,3+(7-6)=4
train/99259.jpg,2-(0-8)=10
train/99260.jpg,(6+5)+9=20
train/99261.jpg,(2*9)-6=12
train/99262.jpg,1*(0*5)=0
train/99263.jpg,1*(6-2)=4
train/99264.jpg,(2*5)-8=2
train/99265.jpg,(7-3)-9=-5
train/99266.jpg,7-0-3=4
train/99267.jpg,(7*7)+5=54
train/99268.jpg,0*0+1=1
train/99269.jpg,8*(1*0)=0
train/99270.jpg,(6+9)-2=13
train/99271.jpg,3*6*5=90
train/99272.jpg,9-(8*5)=-31
train/99273.jpg,5*0-4=-4
train/99274.jpg,8+(7-5)=10
train/99275.jpg,4+8-6=6
train/99276.jpg,(0+2)*9=18
train/99277.jpg,(1*3)-1=2
train/99278.jpg,8*(8+4)=96
train/99279.jpg,7-(4+0)=3
train/99280.jpg,6+(9+4)=19
train/99281.jpg,(8+2)*0=0
train/99282.jpg,7-(5-3)=5
train/99283.jpg,2+(0*4)=2
train/99284.jpg,7-4*7=-21
train/99285.jpg,9*(3-3)=0
train/99286.jpg,(9+1)+8=18
train/99287.jpg,3*8*1=24
train/99288.jpg,(7-7)-2=-2
train/99289.jpg,(8*4)+7=39
train/99290.jpg,(1-2)*4=-4
train/99291.jpg,(7*1)-4=3
train/99292.jpg,0*3*1=0
train/99293.jpg,3-(1-0)=2
train/99294.jpg,3*3-8=1
train/99295.jpg,(4-8)-7=-11
train/99296.jpg,0-(5*2)=-10
train/99297.jpg,(2+1)-2=1
train/99298.jpg,(2+0)-9=-7
train/99299.jpg,9*9+3=84
train/99300.jpg,(5-3)-4=-2
train/99301.jpg,(3+4)-1=6
train/99302.jpg,1-(8-1)=-6
train/99303.jpg,5+2+4=11
train/99304.jpg,2+4-7=-1
train/99305.jpg,0+(9*5)=45
train/99306.jpg,(7*8)-0=56
train/99307.jpg,4*8*1=32
train/99308.jpg,(4+2)+2=8
train/99309.jpg,(1+2)*5=15
train/99310.jpg,9*(5-0)=45
train/99311.jpg,(6*5)*9=270
train/99312.jpg,(9+3)-5=7
train/99313.jpg,4*(4*8)=128
train/99314.jpg,1*(0+8)=8
train/99315.jpg,9-(2+9)=-2
train/99316.jpg,(4-5)-0=-1
train/99317.jpg,1*(8+2)=10
train/99318.jpg,5+5+5=15
train/99319.jpg,(0-1)+3=2
train/99320.jpg,6+(5+7)=18
train/99321.jpg,(4+5)*1=9
train/99322.jpg,9+8+8=25
train/99323.jpg,(8-2)-6=0
train/99324.jpg,0*9*8=0
train/99325.jpg,7-(4*4)=-9
train/99326.jpg,2*(7+4)=22
train/99327.jpg,1*7-7=0
train/99328.jpg,1*(3-4)=-1
train/99329.jpg,(3-8)-3=-8
train/99330.jpg,4+(1*1)=5
train/99331.jpg,8*(7-8)=-8
train/99332.jpg,(5-6)+7=6
train/99333.jpg,6-(6-7)=7
train/99334.jpg,0-8*4=-32
train/99335.jpg,5+(1*2)=7
train/99336.jpg,4+0+5=9
train/99337.jpg,2+1+3=6
train/99338.jpg,(7+3)-5=5
train/99339.jpg,(7+3)-4=6
train/99340.jpg,(6+1)-4=3
train/99341.jpg,1-6-8=-13
train/99342.jpg,(4*3)*5=60
train/99343.jpg,(6+6)*8=96
train/99344.jpg,(3*2)+4=10
train/99345.jpg,(5*7)+7=42
train/99346.jpg,(1*8)*8=64
train/99347.jpg,2+(3*8)=26
train/99348.jpg,(6*6)+8=44
train/99349.jpg,(9+5)*9=126
train/99350.jpg,(4-7)-0=-3
train/99351.jpg,3+9*6=57
train/99352.jpg,4-(5-5)=4
train/99353.jpg,7+(6*8)=55
train/99354.jpg,1+7+5=13
train/99355.jpg,(8-1)*1=7
train/99356.jpg,(0-0)-6=-6
train/99357.jpg,(3-8)-9=-14
train/99358.jpg,(0*7)+9=9
train/99359.jpg,6-(5-1)=2
train/99360.jpg,1+1-5=-3
train/99361.jpg,3+(4*3)=15
train/99362.jpg,1*(3+8)=11
train/99363.jpg,6*2*6=72
train/99364.jpg,(8+0)+4=12
train/99365.jpg,(2-4)+9=7
train/99366.jpg,7*9*7=441
train/99367.jpg,8+(0*3)=8
train/99368.jpg,2+(4-3)=3
train/99369.jpg,5-1+9=13
train/99370.jpg,3-(1-8)=10
train/99371.jpg,2+2+3=7
train/99372.jpg,4+(6*2)=16
train/99373.jpg,(0-2)-0=-2
train/99374.jpg,(6*9)*5=270
train/99375.jpg,(3+3)*8=48
train/99376.jpg,(6*8)-9=39
train/99377.jpg,4-(0-4)=8
train/99378.jpg,(1-3)+8=6
train/99379.jpg,(0-3)*7=-21
train/99380.jpg,(1-2)*1=-1
train/99381.jpg,4*(2-4)=-8
train/99382.jpg,(6+7)+0=13
train/99383.jpg,1*(6*0)=0
train/99384.jpg,2*(6*5)=60
train/99385.jpg,1*4*2=8
train/99386.jpg,3*9+5=32
train/99387.jpg,(6*8)-5=43
train/99388.jpg,0*(5+2)=0
train/99389.jpg,(0*4)*2=0
train/99390.jpg,2*4-0=8
train/99391.jpg,7*5*7=245
train/99392.jpg,(7-3)-6=-2
train/99393.jpg,0+7*4=28
train/99394.jpg,6-7*4=-22
train/99395.jpg,(8+5)+6=19
train/99396.jpg,5*9-9=36
train/99397.jpg,7+(7*2)=21
train/99398.jpg,8+(9+0)=17
train/99399.jpg,2*4-5=3
train/99400.jpg,9-7+5=7
train/99401.jpg,4-2-8=-6
train/99402.jpg,2-(1+0)=1
train/99403.jpg,3-2+5=6
train/99404.jpg,3-5-8=-10
train/99405.jpg,(4*9)+5=41
train/99406.jpg,5-(6*0)=5
train/99407.jpg,(7*2)-3=11
train/99408.jpg,9*3-5=22
train/99409.jpg,3+(2+9)=14
train/99410.jpg,9+6+6=21
train/99411.jpg,5+(7+1)=13
train/99412.jpg,3-(3+7)=-7
train/99413.jpg,5+(2+0)=7
train/99414.jpg,(9*8)*0=0
train/99415.jpg,2+(7-0)=9
train/99416.jpg,3+(9*5)=48
train/99417.jpg,2+(5-1)=6
train/99418.jpg,3*(5-6)=-3
train/99419.jpg,0+7*4=28
train/99420.jpg,1*(8-6)=2
train/99421.jpg,6+2-2=6
train/99422.jpg,5-(4-5)=6
train/99423.jpg,7-(7+9)=-9
train/99424.jpg,6*(4+9)=78
train/99425.jpg,9+(3-7)=5
train/99426.jpg,9-(9+4)=-4
train/99427.jpg,4+(0+6)=10
train/99428.jpg,0-(3+1)=-4
train/99429.jpg,8-(8+8)=-8
train/99430.jpg,(5+7)-0=12
train/99431.jpg,2-(8+8)=-14
train/99432.jpg,8-(8*0)=8
train/99433.jpg,2-(2*0)=2
train/99434.jpg,6-(2+8)=-4
train/99435.jpg,3-(7-4)=0
train/99436.jpg,0-(4+5)=-9
train/99437.jpg,(0*2)*1=0
train/99438.jpg,4+7*4=32
train/99439.jpg,9*(1+1)=18
train/99440.jpg,3-2+0=1
train/99441.jpg,0-3+3=0
train/99442.jpg,9+1+4=14
train/99443.jpg,5-6*2=-7
train/99444.jpg,3*(0-1)=-3
train/99445.jpg,2+9+0=11
train/99446.jpg,2*2+1=5
train/99447.jpg,(4*4)*0=0
train/99448.jpg,(6+6)-1=11
train/99449.jpg,3+1+6=10
train/99450.jpg,6-(6*6)=-30
train/99451.jpg,3*(8*0)=0
train/99452.jpg,8+(5-5)=8
train/99453.jpg,9-(5*7)=-26
train/99454.jpg,(5*5)*8=200
train/99455.jpg,7-(7+2)=-2
train/99456.jpg,7*(6*7)=294
train/99457.jpg,(0*2)*4=0
train/99458.jpg,0+8-7=1
train/99459.jpg,(3*7)-2=19
train/99460.jpg,(7+7)*1=14
train/99461.jpg,(5+9)-9=5
train/99462.jpg,9+0+5=14
train/99463.jpg,(0*6)*9=0
train/99464.jpg,(1+9)*1=10
train/99465.jpg,7+(2-3)=6
train/99466.jpg,2+(1*7)=9
train/99467.jpg,3-2-4=-3
train/99468.jpg,7*7-2=47
train/99469.jpg,0+9*3=27
train/99470.jpg,(0-8)-1=-9
train/99471.jpg,5+(9*4)=41
train/99472.jpg,4*(9-3)=24
train/99473.jpg,6-0*1=6
train/99474.jpg,6+(8-3)=11
train/99475.jpg,2-6-3=-7
train/99476.jpg,7*(9-6)=21
train/99477.jpg,5+5-6=4
train/99478.jpg,5-(0*0)=5
train/99479.jpg,4-5-9=-10
train/99480.jpg,(4+3)-9=-2
train/99481.jpg,0*0*4=0
train/99482.jpg,0*0-8=-8
train/99483.jpg,(4-9)-6=-11
train/99484.jpg,5-3*8=-19
train/99485.jpg,(1-7)+9=3
train/99486.jpg,2-1-1=0
train/99487.jpg,3+(8*5)=43
train/99488.jpg,5+(8-8)=5
train/99489.jpg,(1+6)*0=0
train/99490.jpg,(5+8)+5=18
train/99491.jpg,8*(3*3)=72
train/99492.jpg,3*(3*9)=81
train/99493.jpg,(8+5)-5=8
train/99494.jpg,0*8*1=0
train/99495.jpg,3+(5+5)=13
train/99496.jpg,5-7-1=-3
train/99497.jpg,7+(5*5)=32
train/99498.jpg,(0-8)+8=0
train/99499.jpg,(5+9)+5=19
train/99500.jpg,(3-3)-6=-6
train/99501.jpg,(3-6)+9=6
train/99502.jpg,(1*3)*7=21
train/99503.jpg,9*(0-3)=-27
train/99504.jpg,0+4*7=28
train/99505.jpg,(2-5)-6=-9
train/99506.jpg,(1-5)-6=-10
train/99507.jpg,(8-9)*2=-2
train/99508.jpg,8-9*9=-73
train/99509.jpg,(1+9)*1=10
train/99510.jpg,(3-7)*5=-20
train/99511.jpg,1-(0+5)=-4
train/99512.jpg,(5-3)+3=5
train/99513.jpg,8+4*9=44
train/99514.jpg,5*5+5=30
train/99515.jpg,3+2*1=5
train/99516.jpg,3*3*7=63
train/99517.jpg,6+7-4=9
train/99518.jpg,6*(5+7)=72
train/99519.jpg,8+(1+4)=13
train/99520.jpg,(2-8)*9=-54
train/99521.jpg,(0+9)-3=6
train/99522.jpg,7+9+7=23
train/99523.jpg,(2+6)*8=64
train/99524.jpg,0+8-0=8
train/99525.jpg,5*9-9=36
train/99526.jpg,(1-1)+0=0
train/99527.jpg,(1*9)-1=8
train/99528.jpg,(6+9)-3=12
train/99529.jpg,(8-1)+1=8
train/99530.jpg,4-(2+5)=-3
train/99531.jpg,(3-0)-1=2
train/99532.jpg,1*(8*2)=16
train/99533.jpg,(1+3)+0=4
train/99534.jpg,3*(1-2)=-3
train/99535.jpg,(9*2)+8=26
train/99536.jpg,7-1-1=5
train/99537.jpg,4-(4-3)=3
train/99538.jpg,4+(5+5)=14
train/99539.jpg,(6+9)*4=60
train/99540.jpg,8*(7-6)=8
train/99541.jpg,3-(8+3)=-8
train/99542.jpg,(5*6)+6=36
train/99543.jpg,5-(6-9)=8
train/99544.jpg,1-(5+8)=-12
train/99545.jpg,(0+5)+7=12
train/99546.jpg,(2-6)*6=-24
train/99547.jpg,8-7+2=3
train/99548.jpg,3+(5-8)=0
train/99549.jpg,(8-3)+5=10
train/99550.jpg,1+5-1=5
train/99551.jpg,5+5*8=45
train/99552.jpg,(3+8)-0=11
train/99553.jpg,0*(1-3)=0
train/99554.jpg,2*(9*7)=126
train/99555.jpg,0+(3+3)=6
train/99556.jpg,7-(0*1)=7
train/99557.jpg,(6+3)*5=45
train/99558.jpg,1-(8-9)=2
train/99559.jpg,6*(7*4)=168
train/99560.jpg,(3*2)-7=-1
train/99561.jpg,7+7+7=21
train/99562.jpg,(1*1)-6=-5
train/99563.jpg,(3*9)-0=27
train/99564.jpg,(1+6)-0=7
train/99565.jpg,(4-0)*4=16
train/99566.jpg,(4*9)*7=252
train/99567.jpg,9+2-4=7
train/99568.jpg,7*0*4=0
train/99569.jpg,3-5-4=-6
train/99570.jpg,3*(3*1)=9
train/99571.jpg,8+7+7=22
train/99572.jpg,3-8+9=4
train/99573.jpg,(2*0)+1=1
train/99574.jpg,8-1*6=2
train/99575.jpg,1*(6+7)=13
train/99576.jpg,(3-6)-0=-3
train/99577.jpg,(9+6)*5=75
train/99578.jpg,4*0-7=-7
train/99579.jpg,3+3-3=3
train/99580.jpg,(4-6)*0=0
train/99581.jpg,(1+1)-4=-2
train/99582.jpg,(1-2)+6=5
train/99583.jpg,0+(7+6)=13
train/99584.jpg,9-(4-4)=9
train/99585.jpg,1+(0-9)=-8
train/99586.jpg,5*6+8=38
train/99587.jpg,6*(6+5)=66
train/99588.jpg,7-1*4=3
train/99589.jpg,7-(9*8)=-65
train/99590.jpg,8-(0+4)=4
train/99591.jpg,(4-7)+4=1
train/99592.jpg,2-3-2=-3
train/99593.jpg,2+(1+5)=8
train/99594.jpg,3*8-3=21
train/99595.jpg,1*(3-6)=-3
train/99596.jpg,9-(6-0)=3
train/99597.jpg,2*0*3=0
train/99598.jpg,1-2*3=-5
train/99599.jpg,(6-6)+4=4
train/99600.jpg,1+(3-9)=-5
train/99601.jpg,7-(7-7)=7
train/99602.jpg,0+(7*7)=49
train/99603.jpg,3+(8+6)=17
train/99604.jpg,(8-9)*9=-9
train/99605.jpg,1*0*9=0
train/99606.jpg,(3*4)+5=17
train/99607.jpg,(2*3)-3=3
train/99608.jpg,(8*4)*7=224
train/99609.jpg,1-(6+0)=-5
train/99610.jpg,7-(3*0)=7
train/99611.jpg,0+2*6=12
train/99612.jpg,6*9-6=48
train/99613.jpg,4-(0+9)=-5
train/99614.jpg,4-(4*2)=-4
train/99615.jpg,(1*3)+2=5
train/99616.jpg,1*3*1=3
train/99617.jpg,5*(8-1)=35
train/99618.jpg,(4*5)+9=29
train/99619.jpg,2-3*2=-4
train/99620.jpg,3-(1*7)=-4
train/99621.jpg,6-6*2=-6
train/99622.jpg,3*3*7=63
train/99623.jpg,4-4*1=0
train/99624.jpg,0-5+5=0
train/99625.jpg,7+(3-5)=5
train/99626.jpg,(5*5)*0=0
train/99627.jpg,7-(4-2)=5
train/99628.jpg,7+(9*4)=43
train/99629.jpg,(1-5)*6=-24
train/99630.jpg,(1*3)+8=11
train/99631.jpg,2+(1+1)=4
train/99632.jpg,7+5*3=22
train/99633.jpg,(0-7)*2=-14
train/99634.jpg,9-(3-2)=8
train/99635.jpg,(2+6)-5=3
train/99636.jpg,(3*0)-7=-7
train/99637.jpg,4-2-4=-2
train/99638.jpg,3-(5-0)=-2
train/99639.jpg,7*1-7=0
train/99640.jpg,(5*6)*7=210
train/99641.jpg,(3+3)*7=42
train/99642.jpg,1-4+6=3
train/99643.jpg,(8-8)-6=-6
train/99644.jpg,(0*9)+6=6
train/99645.jpg,(9-1)-0=8
train/99646.jpg,(2-5)-2=-5
train/99647.jpg,(0+7)+1=8
train/99648.jpg,5-8*9=-67
train/99649.jpg,(3+5)+6=14
train/99650.jpg,2-6+6=2
train/99651.jpg,(8*6)+5=53
train/99652.jpg,1-(5+0)=-4
train/99653.jpg,(5+4)-5=4
train/99654.jpg,6-(8-0)=-2
train/99655.jpg,(4*0)+8=8
train/99656.jpg,0-1+6=5
train/99657.jpg,1*4-5=-1
train/99658.jpg,3-3+5=5
train/99659.jpg,6*(6*2)=72
train/99660.jpg,8-2-6=0
train/99661.jpg,8+4-0=12
train/99662.jpg,5+5-3=7
train/99663.jpg,(1*3)*4=12
train/99664.jpg,8-4+3=7
train/99665.jpg,1+(6*6)=37
train/99666.jpg,6+4-9=1
train/99667.jpg,7-5+3=5
train/99668.jpg,(5*1)+7=12
train/99669.jpg,(8*7)-1=55
train/99670.jpg,5-(0+9)=-4
train/99671.jpg,1*7*5=35
train/99672.jpg,(4-3)*2=2
train/99673.jpg,(1*6)+1=7
train/99674.jpg,9+(0+5)=14
train/99675.jpg,6*(7-2)=30
train/99676.jpg,2-3-6=-7
train/99677.jpg,0-(2+5)=-7
train/99678.jpg,4+1+3=8
train/99679.jpg,9*4-5=31
train/99680.jpg,2+8*0=2
train/99681.jpg,5-4-4=-3
train/99682.jpg,7+3*9=34
train/99683.jpg,(9*4)-1=35
train/99684.jpg,8-0+5=13
train/99685.jpg,(0*6)-0=0
train/99686.jpg,(3-7)+2=-2
train/99687.jpg,5-2+0=3
train/99688.jpg,(5+5)+6=16
train/99689.jpg,4-0+3=7
train/99690.jpg,9-2+5=12
train/99691.jpg,(4*4)*1=16
train/99692.jpg,(0+8)-4=4
train/99693.jpg,(9+0)+3=12
train/99694.jpg,1+8*0=1
train/99695.jpg,(4+3)*3=21
train/99696.jpg,6*(6+9)=90
train/99697.jpg,3+4*2=11
train/99698.jpg,(8-3)-6=-1
train/99699.jpg,5+5-3=7
train/99700.jpg,9+(4*9)=45
train/99701.jpg,5*(1+7)=40
train/99702.jpg,6-1+8=13
train/99703.jpg,8*6*5=240
train/99704.jpg,2-(0+7)=-5
train/99705.jpg,1-(2+9)=-10
train/99706.jpg,8*1-8=0
train/99707.jpg,9+8+1=18
train/99708.jpg,6-(7-6)=5
train/99709.jpg,(7-1)-1=5
train/99710.jpg,(2-2)*6=0
train/99711.jpg,(8+1)+8=17
train/99712.jpg,1+(1*5)=6
train/99713.jpg,6-9*7=-57
train/99714.jpg,(7*9)-9=54
train/99715.jpg,6+(3+7)=16
train/99716.jpg,(8+9)+9=26
train/99717.jpg,(1-3)*3=-6
train/99718.jpg,7-(6-5)=6
train/99719.jpg,4+9+4=17
train/99720.jpg,1*(9+4)=13
train/99721.jpg,4+(3-6)=1
train/99722.jpg,(4-2)-0=2
train/99723.jpg,(5+1)*5=30
train/99724.jpg,6*(8+0)=48
train/99725.jpg,2-9+7=0
train/99726.jpg,(6+8)+3=17
train/99727.jpg,6+5*9=51
train/99728.jpg,(0*2)*8=0
train/99729.jpg,2+(2-8)=-4
train/99730.jpg,7*7*4=196
train/99731.jpg,5+1*9=14
train/99732.jpg,(1-0)-4=-3
train/99733.jpg,0-1*8=-8
train/99734.jpg,8+(4-6)=6
train/99735.jpg,6-1*6=0
train/99736.jpg,3+(0-8)=-5
train/99737.jpg,(5*9)-4=41
train/99738.jpg,1+(4+0)=5
train/99739.jpg,(1-9)-4=-12
train/99740.jpg,(6*6)*4=144
train/99741.jpg,5-(2+8)=-5
train/99742.jpg,(9+6)-1=14
train/99743.jpg,5-5*1=0
train/99744.jpg,9*6-8=46
train/99745.jpg,(1-8)+1=-6
train/99746.jpg,(7+6)+8=21
train/99747.jpg,(4*1)-6=-2
train/99748.jpg,5-(3-6)=8
train/99749.jpg,(9-8)+8=9
train/99750.jpg,9*(3+8)=99
train/99751.jpg,5*9-5=40
train/99752.jpg,1-(2+5)=-6
train/99753.jpg,(3*0)+8=8
train/99754.jpg,(8*4)-6=26
train/99755.jpg,8*2-4=12
train/99756.jpg,(2*8)-9=7
train/99757.jpg,0*(0-0)=0
train/99758.jpg,9-(3-7)=13
train/99759.jpg,4+5+3=12
train/99760.jpg,3*6-9=9
train/99761.jpg,5*8*6=240
train/99762.jpg,(7-2)+4=9
train/99763.jpg,(1+0)*2=2
train/99764.jpg,6*9+1=55
train/99765.jpg,(6*5)*1=30
train/99766.jpg,0+(5*7)=35
train/99767.jpg,(2*5)-4=6
train/99768.jpg,(6*3)-9=9
train/99769.jpg,2-2-3=-3
train/99770.jpg,(2*7)*6=84
train/99771.jpg,0*(6-3)=0
train/99772.jpg,7-(8+3)=-4
train/99773.jpg,5+(0-7)=-2
train/99774.jpg,9*1+3=12
train/99775.jpg,(5+9)-9=5
train/99776.jpg,7+7*5=42
train/99777.jpg,0+5-6=-1
train/99778.jpg,(9-6)-3=0
train/99779.jpg,4+(6+3)=13
train/99780.jpg,1+(7*3)=22
train/99781.jpg,2+3-7=-2
train/99782.jpg,7*(5-9)=-28
train/99783.jpg,0+2*0=0
train/99784.jpg,(9+0)*7=63
train/99785.jpg,3+1*7=10
train/99786.jpg,8-7-9=-8
train/99787.jpg,0-(8*2)=-16
train/99788.jpg,1*(2*7)=14
train/99789.jpg,(6*5)-4=26
train/99790.jpg,4-8*4=-28
train/99791.jpg,5*8-0=40
train/99792.jpg,0*(7+7)=0
train/99793.jpg,(3*5)+3=18
train/99794.jpg,(4+8)-9=3
train/99795.jpg,5*(6+5)=55
train/99796.jpg,(9-8)-5=-4
train/99797.jpg,5-3+9=11
train/99798.jpg,3+(2-4)=1
train/99799.jpg,9*0+2=2
train/99800.jpg,9+0*4=9
train/99801.jpg,(2-0)-8=-6
train/99802.jpg,7*(4*4)=112
train/99803.jpg,(2-0)+2=4
train/99804.jpg,(1-5)-5=-9
train/99805.jpg,3*4-9=3
train/99806.jpg,4*6*5=120
train/99807.jpg,1-(4+8)=-11
train/99808.jpg,(1-7)-8=-14
train/99809.jpg,5*5+7=32
train/99810.jpg,5+1*6=11
train/99811.jpg,1*(7*3)=21
train/99812.jpg,(8*9)*5=360
train/99813.jpg,(6-6)+5=5
train/99814.jpg,(2+2)-0=4
train/99815.jpg,(4-9)*0=0
train/99816.jpg,5+5+0=10
train/99817.jpg,(6-8)*6=-12
train/99818.jpg,9-3-0=6
train/99819.jpg,5*1+3=8
train/99820.jpg,(0+6)*4=24
train/99821.jpg,6+9+8=23
train/99822.jpg,8+1*8=16
train/99823.jpg,6*6+1=37
train/99824.jpg,(3-8)-9=-14
train/99825.jpg,5-(9+1)=-5
train/99826.jpg,2-(0-1)=3
train/99827.jpg,(6+1)+4=11
train/99828.jpg,(2+0)-8=-6
train/99829.jpg,9+2+0=11
train/99830.jpg,9-(8-8)=9
train/99831.jpg,6*2-9=3
train/99832.jpg,(3-0)+7=10
train/99833.jpg,1+0+7=8
train/99834.jpg,(7*2)-6=8
train/99835.jpg,(7*5)*5=175
train/99836.jpg,3*(0*0)=0
train/99837.jpg,(9+4)*8=104
train/99838.jpg,2-(2+5)=-5
train/99839.jpg,8+(6*8)=56
train/99840.jpg,5+(2+1)=8
train/99841.jpg,8+(1+3)=12
train/99842.jpg,8+(0+3)=11
train/99843.jpg,9*(1+4)=45
train/99844.jpg,4*5-0=20
train/99845.jpg,4+(7*1)=11
train/99846.jpg,1+(6*4)=25
train/99847.jpg,3+(1*7)=10
train/99848.jpg,(6*8)*1=48
train/99849.jpg,5*0+4=4
train/99850.jpg,4-(3-1)=2
train/99851.jpg,9*(7+9)=144
train/99852.jpg,(4*4)+6=22
train/99853.jpg,9*7*2=126
train/99854.jpg,(8*8)*0=0
train/99855.jpg,7*(5+1)=42
train/99856.jpg,4*5+9=29
train/99857.jpg,(5-3)*3=6
train/99858.jpg,7+(4*8)=39
train/99859.jpg,(9+5)+6=20
train/99860.jpg,(2-1)*9=9
train/99861.jpg,(4+3)*1=7
train/99862.jpg,(2*2)*8=32
train/99863.jpg,2-8*3=-22
train/99864.jpg,(9*3)+0=27
train/99865.jpg,(7*6)+8=50
train/99866.jpg,(8*4)+1=33
train/99867.jpg,(6*8)-9=39
train/99868.jpg,1*(6*8)=48
train/99869.jpg,5-3*9=-22
train/99870.jpg,(6-9)-1=-4
train/99871.jpg,(7*7)*3=147
train/99872.jpg,(8*4)+7=39
train/99873.jpg,(8+2)*6=60
train/99874.jpg,6-3-5=-2
train/99875.jpg,3-(0-1)=4
train/99876.jpg,(2*8)-8=8
train/99877.jpg,2-1-9=-8
train/99878.jpg,(2+3)*3=15
train/99879.jpg,8+(5-6)=7
train/99880.jpg,(5-2)*4=12
train/99881.jpg,(6*8)*1=48
train/99882.jpg,9+(5*6)=39
train/99883.jpg,7-3-5=-1
train/99884.jpg,3*(9-9)=0
train/99885.jpg,(7+0)*5=35
train/99886.jpg,1*4+5=9
train/99887.jpg,1-(3*2)=-5
train/99888.jpg,(9+5)-6=8
train/99889.jpg,4-0-4=0
train/99890.jpg,2*6-5=7
train/99891.jpg,5*(5*3)=75
train/99892.jpg,(3*2)-1=5
train/99893.jpg,(0*5)+1=1
train/99894.jpg,6-(6+0)=0
train/99895.jpg,4+3-3=4
train/99896.jpg,(0+3)*2=6
train/99897.jpg,7-(6-2)=3
train/99898.jpg,(4+5)*2=18
train/99899.jpg,2-(1-9)=10
train/99900.jpg,7+(4*6)=31
train/99901.jpg,7*9*0=0
train/99902.jpg,6+0*5=6
train/99903.jpg,(0*5)*9=0
train/99904.jpg,4-(6*7)=-38
train/99905.jpg,1*(8-9)=-1
train/99906.jpg,2+9+5=16
train/99907.jpg,9+7-5=11
train/99908.jpg,7-4-6=-3
train/99909.jpg,8-(5-3)=6
train/99910.jpg,4*9*9=324
train/99911.jpg,(9*1)-0=9
train/99912.jpg,(3+7)-0=10
train/99913.jpg,1-(7*9)=-62
train/99914.jpg,(2+8)+2=12
train/99915.jpg,(5*7)-8=27
train/99916.jpg,5+(1+0)=6
train/99917.jpg,(2-8)+1=-5
train/99918.jpg,5*5+5=30
train/99919.jpg,(2*5)-0=10
train/99920.jpg,(8*3)-3=21
train/99921.jpg,7*1*2=14
train/99922.jpg,6*(7+6)=78
train/99923.jpg,0*(3-5)=0
train/99924.jpg,5*(8+7)=75
train/99925.jpg,8-(1+6)=1
train/99926.jpg,4-(6*4)=-20
train/99927.jpg,(7+0)+4=11
train/99928.jpg,(7+2)*1=9
train/99929.jpg,6-(1+6)=-1
train/99930.jpg,0+(8*6)=48
train/99931.jpg,(7+8)*5=75
train/99932.jpg,2-(1+0)=1
train/99933.jpg,3*7*5=105
train/99934.jpg,4+(0-4)=0
train/99935.jpg,1*(2-5)=-3
train/99936.jpg,1*8+4=12
train/99937.jpg,(5*2)-7=3
train/99938.jpg,6*6+1=37
train/99939.jpg,9-2*7=-5
train/99940.jpg,2+9+4=15
train/99941.jpg,9+6+2=17
train/99942.jpg,9+1+8=18
train/99943.jpg,7+(9+5)=21
train/99944.jpg,2-7*6=-40
train/99945.jpg,(1-5)+7=3
train/99946.jpg,4*9+8=44
train/99947.jpg,5*(3+0)=15
train/99948.jpg,3+5+7=15
train/99949.jpg,3+1+3=7
train/99950.jpg,(1-0)-3=-2
train/99951.jpg,7+1+7=15
train/99952.jpg,(0+2)*2=4
train/99953.jpg,(5-7)+2=0
train/99954.jpg,(6+1)+3=10
train/99955.jpg,2*9+0=18
train/99956.jpg,1+3+7=11
train/99957.jpg,6-6+0=0
train/99958.jpg,2+9+9=20
train/99959.jpg,5*4-4=16
train/99960.jpg,9+(3-9)=3
train/99961.jpg,8*4*2=64
train/99962.jpg,5-(6*9)=-49
train/99963.jpg,9+4-1=12
train/99964.jpg,2+(0+7)=9
train/99965.jpg,3+7+7=17
train/99966.jpg,7+(0-4)=3
train/99967.jpg,(7+9)*0=0
train/99968.jpg,9*1-2=7
train/99969.jpg,(8*4)-5=27
train/99970.jpg,(3*4)-3=9
train/99971.jpg,9+(5-8)=6
train/99972.jpg,(6*7)+9=51
train/99973.jpg,(3*5)-7=8
train/99974.jpg,4+5+9=18
train/99975.jpg,9-5*8=-31
train/99976.jpg,8-1+4=11
train/99977.jpg,5*0*8=0
train/99978.jpg,6-9*4=-30
train/99979.jpg,(4+9)*1=13
train/99980.jpg,4+4*5=24
train/99981.jpg,4+1-3=2
train/99982.jpg,9+(4-7)=6
train/99983.jpg,9+(6*7)=51
train/99984.jpg,1+(8*8)=65
train/99985.jpg,4*3-0=12
train/99986.jpg,1*7-0=7
train/99987.jpg,0-(3-3)=0
train/99988.jpg,2+(9-3)=8
train/99989.jpg,4-5+7=6
train/99990.jpg,0+0*9=0
train/99991.jpg,(3*2)*8=48
train/99992.jpg,(8*7)-3=53
train/99993.jpg,(2-7)-3=-8
train/99994.jpg,0+1+6=7
train/99995.jpg,(8-4)-0=4
train/99996.jpg,(2-6)*2=-8
train/99997.jpg,0+(9-6)=3
train/99998.jpg,(2*9)-6=12
train/99999.jpg,1-(1+0)=0
